%time,field.header.seq,field.header.stamp,field.header.frame_id,field.status.status,field.status.service,field.latitude,field.longitude,field.altitude,field.position_covariance0,field.position_covariance1,field.position_covariance2,field.position_covariance3,field.position_covariance4,field.position_covariance5,field.position_covariance6,field.position_covariance7,field.position_covariance8,field.position_covariance_type
1480323647236425481,113,1480323647233274758,,0,0,25.9899997711,37.2900009155,48.5900001526,1.0,0.0,0.0,0.0,1.0,0.0,0.0,0.0,1.0,0
1480323647337438302,114,1480323647333209560,,0,0,26.2199993134,37.6199989319,49.0200004578,1.0,0.0,0.0,0.0,1.0,0.0,0.0,0.0,1.0,0
1480323647436298315,115,1480323647433243685,,0,0,26.4500007629,37.9500007629,49.4500007629,1.0,0.0,0.0,0.0,1.0,0.0,0.0,0.0,1.0,0
1480323647536461346,116,1480323647534309944,,0,0,26.6800003052,38.2799987793,49.8800010681,1.0,0.0,0.0,0.0,1.0,0.0,0.0,0.0,1.0,0
1480323647635254328,117,1480323647633205373,,0,0,26.9099998474,38.6100006104,50.3100013733,1.0,0.0,0.0,0.0,1.0,0.0,0.0,0.0,1.0,0
1480323647737233501,118,1480323647733302832,,0,0,27.1399993896,38.9399986267,50.7400016785,1.0,0.0,0.0,0.0,1.0,0.0,0.0,0.0,1.0,0
1480323647837280907,119,1480323647833272426,,0,0,27.3700008392,39.2700004578,51.1699981689,1.0,0.0,0.0,0.0,1.0,0.0,0.0,0.0,1.0,0
1480323647939605913,120,1480323647936575919,,0,0,27.6000003815,39.5999984741,51.5999984741,1.0,0.0,0.0,0.0,1.0,0.0,0.0,0.0,1.0,0
1480323648037483688,121,1480323648033542134,,0,0,27.8299999237,39.9300003052,52.0299987793,1.0,0.0,0.0,0.0,1.0,0.0,0.0,0.0,1.0,0
1480323648137113804,122,1480323648133540269,,0,0,28.0599994659,40.2599983215,52.4599990845,1.0,0.0,0.0,0.0,1.0,0.0,0.0,0.0,1.0,0
1480323648236728919,123,1480323648233238614,,0,0,28.2900009155,40.5900001526,52.8899993896,1.0,0.0,0.0,0.0,1.0,0.0,0.0,0.0,1.0,0
1480323648337509397,124,1480323648333555290,,0,0,28.5200004578,40.9199981689,53.3199996948,1.0,0.0,0.0,0.0,1.0,0.0,0.0,0.0,1.0,0
1480323648437122846,125,1480323648433230093,,0,0,28.75,41.25,53.75,1.0,0.0,0.0,0.0,1.0,0.0,0.0,0.0,1.0,0
1480323648536810826,126,1480323648533753800,,0,0,28.9799995422,41.5800018311,54.1800003052,1.0,0.0,0.0,0.0,1.0,0.0,0.0,0.0,1.0,0
1480323648636492295,127,1480323648633223968,,0,0,29.2099990845,41.9099998474,54.6100006104,1.0,0.0,0.0,0.0,1.0,0.0,0.0,0.0,1.0,0
1480323648736898919,128,1480323648733244916,,0,0,29.4400005341,42.2400016785,55.0400009155,1.0,0.0,0.0,0.0,1.0,0.0,0.0,0.0,1.0,0
1480323648836152317,129,1480323648833207479,,0,0,29.6700000763,42.5699996948,55.4700012207,1.0,0.0,0.0,0.0,1.0,0.0,0.0,0.0,1.0,0
1480323648936888316,130,1480323648933219625,,0,0,29.8999996185,42.9000015259,55.9000015259,1.0,0.0,0.0,0.0,1.0,0.0,0.0,0.0,1.0,0
1480323649038595146,131,1480323649033225208,,0,0,30.1299991608,43.2299995422,56.3300018311,1.0,0.0,0.0,0.0,1.0,0.0,0.0,0.0,1.0,0
1480323649137073388,132,1480323649133207719,,0,0,30.3600006104,43.5600013733,56.7599983215,1.0,0.0,0.0,0.0,1.0,0.0,0.0,0.0,1.0,0
1480323649236784337,133,1480323649233207521,,0,0,30.5900001526,43.8899993896,57.1899986267,1.0,0.0,0.0,0.0,1.0,0.0,0.0,0.0,1.0,0
1480323649336558879,134,1480323649333222115,,0,0,30.8199996948,44.2200012207,57.6199989319,1.0,0.0,0.0,0.0,1.0,0.0,0.0,0.0,1.0,0
1480323649438202324,135,1480323649433219417,,0,0,31.0499992371,44.5499992371,58.0499992371,1.0,0.0,0.0,0.0,1.0,0.0,0.0,0.0,1.0,0
1480323649537160305,136,1480323649533217084,,0,0,31.2800006866,44.8800010681,58.4799995422,1.0,0.0,0.0,0.0,1.0,0.0,0.0,0.0,1.0,0
1480323649638532761,137,1480323649633222771,,0,0,31.5100002289,45.2099990845,58.9099998474,1.0,0.0,0.0,0.0,1.0,0.0,0.0,0.0,1.0,0
1480323649737335430,138,1480323649733224188,,0,0,31.7399997711,45.5400009155,59.3400001526,1.0,0.0,0.0,0.0,1.0,0.0,0.0,0.0,1.0,0
1480323649837073305,139,1480323649833217792,,0,0,31.9699993134,45.8699989319,59.7700004578,1.0,0.0,0.0,0.0,1.0,0.0,0.0,0.0,1.0,0
1480323649936235869,140,1480323649933211865,,0,0,32.2000007629,46.2000007629,60.2000007629,1.0,0.0,0.0,0.0,1.0,0.0,0.0,0.0,1.0,0
1480323650035247288,141,1480323650033216302,,0,0,32.4300003052,46.5299987793,60.6300010681,1.0,0.0,0.0,0.0,1.0,0.0,0.0,0.0,1.0,0
1480323650134657456,142,1480323650133220948,,0,0,32.6599998474,46.8600006104,61.0600013733,1.0,0.0,0.0,0.0,1.0,0.0,0.0,0.0,1.0,0
1480323650234837205,143,1480323650233211323,,0,0,32.8899993896,47.1899986267,61.4900016785,1.0,0.0,0.0,0.0,1.0,0.0,0.0,0.0,1.0,0
1480323650336406171,144,1480323650333209302,,0,0,33.1199989319,47.5200004578,61.9199981689,1.0,0.0,0.0,0.0,1.0,0.0,0.0,0.0,1.0,0
1480323650439349821,145,1480323650433321656,,0,0,33.3499984741,47.8499984741,62.3499984741,1.0,0.0,0.0,0.0,1.0,0.0,0.0,0.0,1.0,0
1480323650536705254,146,1480323650533511354,,0,0,33.5800018311,48.1800003052,62.7799987793,1.0,0.0,0.0,0.0,1.0,0.0,0.0,0.0,1.0,0
1480323650636247452,147,1480323650633205583,,0,0,33.8100013733,48.5099983215,63.2099990845,1.0,0.0,0.0,0.0,1.0,0.0,0.0,0.0,1.0,0
1480323650736954180,148,1480323650733318562,,0,0,34.0400009155,48.8400001526,63.6399993896,1.0,0.0,0.0,0.0,1.0,0.0,0.0,0.0,1.0,0
1480323650837632835,149,1480323650833856540,,0,0,34.2700004578,49.1699981689,64.0699996948,1.0,0.0,0.0,0.0,1.0,0.0,0.0,0.0,1.0,0
1480323650936734254,150,1480323650933213896,,0,0,34.5,49.5,64.5,1.0,0.0,0.0,0.0,1.0,0.0,0.0,0.0,1.0,0
1480323651036303327,151,1480323651033259271,,0,0,34.7299995422,49.8300018311,64.9300003052,1.0,0.0,0.0,0.0,1.0,0.0,0.0,0.0,1.0,0
1480323651137571148,152,1480323651133234594,,0,0,34.9599990845,50.1599998474,65.3600006104,1.0,0.0,0.0,0.0,1.0,0.0,0.0,0.0,1.0,0
1480323651236456993,153,1480323651233410229,,0,0,35.1899986267,50.4900016785,65.7900009155,1.0,0.0,0.0,0.0,1.0,0.0,0.0,0.0,1.0,0
1480323651336305129,154,1480323651333237375,,0,0,35.4199981689,50.8199996948,66.2200012207,1.0,0.0,0.0,0.0,1.0,0.0,0.0,0.0,1.0,0
1480323651435492016,155,1480323651433241656,,0,0,35.6500015259,51.1500015259,66.6500015259,1.0,0.0,0.0,0.0,1.0,0.0,0.0,0.0,1.0,0
1480323651535664422,156,1480323651533234114,,0,0,35.8800010681,51.4799995422,67.0800018311,1.0,0.0,0.0,0.0,1.0,0.0,0.0,0.0,1.0,0
1480323651636041358,157,1480323651633215010,,0,0,36.1100006104,51.8100013733,67.5100021362,1.0,0.0,0.0,0.0,1.0,0.0,0.0,0.0,1.0,0
1480323651736697982,158,1480323651733228041,,0,0,36.3400001526,52.1399993896,67.9400024414,1.0,0.0,0.0,0.0,1.0,0.0,0.0,0.0,1.0,0
1480323651836170598,159,1480323651833207843,,0,0,36.5699996948,52.4700012207,68.3700027466,1.0,0.0,0.0,0.0,1.0,0.0,0.0,0.0,1.0,0
1480323651937547324,160,1480323651933242957,,0,0,36.7999992371,52.7999992371,68.8000030518,1.0,0.0,0.0,0.0,1.0,0.0,0.0,0.0,1.0,0
1480323652053377407,161,1480323652033238176,,0,0,37.0299987793,53.1300010681,69.2300033569,1.0,0.0,0.0,0.0,1.0,0.0,0.0,0.0,1.0,0
1480323652136225524,162,1480323652133213499,,0,0,37.2599983215,53.4599990845,69.6600036621,1.0,0.0,0.0,0.0,1.0,0.0,0.0,0.0,1.0,0
1480323652236596680,163,1480323652233214811,,0,0,37.4900016785,53.7900009155,70.0899963379,1.0,0.0,0.0,0.0,1.0,0.0,0.0,0.0,1.0,0
1480323652335687108,164,1480323652333224301,,0,0,37.7200012207,54.1199989319,70.5199966431,1.0,0.0,0.0,0.0,1.0,0.0,0.0,0.0,1.0,0
1480323652435961180,165,1480323652433206707,,0,0,37.9500007629,54.4500007629,70.9499969482,1.0,0.0,0.0,0.0,1.0,0.0,0.0,0.0,1.0,0
1480323652536176867,166,1480323652533571300,,0,0,38.1800003052,54.7799987793,71.3799972534,1.0,0.0,0.0,0.0,1.0,0.0,0.0,0.0,1.0,0
1480323652637457865,167,1480323652633180269,,0,0,38.4099998474,55.1100006104,71.8099975586,1.0,0.0,0.0,0.0,1.0,0.0,0.0,0.0,1.0,0
1480323652736963084,168,1480323652733240540,,0,0,38.6399993896,55.4399986267,72.2399978638,1.0,0.0,0.0,0.0,1.0,0.0,0.0,0.0,1.0,0
1480323652836628928,169,1480323652833210654,,0,0,38.8699989319,55.7700004578,72.6699981689,1.0,0.0,0.0,0.0,1.0,0.0,0.0,0.0,1.0,0
1480323652935778472,170,1480323652933221914,,0,0,39.0999984741,56.0999984741,73.0999984741,1.0,0.0,0.0,0.0,1.0,0.0,0.0,0.0,1.0,0
1480323653035403326,171,1480323653033235102,,0,0,39.3300018311,56.4300003052,73.5299987793,1.0,0.0,0.0,0.0,1.0,0.0,0.0,0.0,1.0,0
1480323653136103075,172,1480323653133220789,,0,0,39.5600013733,56.7599983215,73.9599990845,1.0,0.0,0.0,0.0,1.0,0.0,0.0,0.0,1.0,0
1480323653236571001,173,1480323653233228351,,0,0,39.7900009155,57.0900001526,74.3899993896,1.0,0.0,0.0,0.0,1.0,0.0,0.0,0.0,1.0,0
1480323653337147833,174,1480323653333237788,,0,0,40.0200004578,57.4199981689,74.8199996948,1.0,0.0,0.0,0.0,1.0,0.0,0.0,0.0,1.0,0
1480323653438324663,175,1480323653433231392,,0,0,40.25,57.75,75.25,1.0,0.0,0.0,0.0,1.0,0.0,0.0,0.0,1.0,0
1480323653536310303,176,1480323653533218017,,0,0,40.4799995422,58.0800018311,75.6800003052,1.0,0.0,0.0,0.0,1.0,0.0,0.0,0.0,1.0,0
1480323653638543485,177,1480323653633207350,,0,0,40.7099990845,58.4099998474,76.1100006104,1.0,0.0,0.0,0.0,1.0,0.0,0.0,0.0,1.0,0
1480323653737475217,178,1480323653733207308,,0,0,40.9399986267,58.7400016785,76.5400009155,1.0,0.0,0.0,0.0,1.0,0.0,0.0,0.0,1.0,0
1480323653840752876,179,1480323653834244973,,0,0,41.1699981689,59.0699996948,76.9700012207,1.0,0.0,0.0,0.0,1.0,0.0,0.0,0.0,1.0,0
1480323653939167681,180,1480323653933282537,,0,0,41.4000015259,59.4000015259,77.4000015259,1.0,0.0,0.0,0.0,1.0,0.0,0.0,0.0,1.0,0
1480323654039296962,181,1480323654033233537,,0,0,41.6300010681,59.7299995422,77.8300018311,1.0,0.0,0.0,0.0,1.0,0.0,0.0,0.0,1.0,0
1480323654138087756,182,1480323654133222974,,0,0,41.8600006104,60.0600013733,78.2600021362,1.0,0.0,0.0,0.0,1.0,0.0,0.0,0.0,1.0,0
1480323654236844696,183,1480323654233221526,,0,0,42.0900001526,60.3899993896,78.6900024414,1.0,0.0,0.0,0.0,1.0,0.0,0.0,0.0,1.0,0
1480323654336239082,184,1480323654333218828,,0,0,42.3199996948,60.7200012207,79.1200027466,1.0,0.0,0.0,0.0,1.0,0.0,0.0,0.0,1.0,0
1480323654437362215,185,1480323654433208838,,0,0,42.5499992371,61.0499992371,79.5500030518,1.0,0.0,0.0,0.0,1.0,0.0,0.0,0.0,1.0,0
1480323654537098111,186,1480323654533220410,,0,0,42.7799987793,61.3800010681,79.9800033569,1.0,0.0,0.0,0.0,1.0,0.0,0.0,0.0,1.0,0
1480323654635830936,187,1480323654633210368,,0,0,43.0099983215,61.7099990845,80.4100036621,1.0,0.0,0.0,0.0,1.0,0.0,0.0,0.0,1.0,0
1480323654737920682,188,1480323654733759232,,0,0,43.2400016785,62.0400009155,80.8399963379,1.0,0.0,0.0,0.0,1.0,0.0,0.0,0.0,1.0,0
1480323654835907727,189,1480323654833209607,,0,0,43.4700012207,62.3699989319,81.2699966431,1.0,0.0,0.0,0.0,1.0,0.0,0.0,0.0,1.0,0
1480323654936110914,190,1480323654933214253,,0,0,43.7000007629,62.7000007629,81.6999969482,1.0,0.0,0.0,0.0,1.0,0.0,0.0,0.0,1.0,0
1480323655036183163,191,1480323655033209628,,0,0,43.9300003052,63.0299987793,82.1299972534,1.0,0.0,0.0,0.0,1.0,0.0,0.0,0.0,1.0,0
1480323655137222859,192,1480323655133235471,,0,0,44.1599998474,63.3600006104,82.5599975586,1.0,0.0,0.0,0.0,1.0,0.0,0.0,0.0,1.0,0
1480323655236050580,193,1480323655233231054,,0,0,44.3899993896,63.6899986267,82.9899978638,1.0,0.0,0.0,0.0,1.0,0.0,0.0,0.0,1.0,0
1480323655335238820,194,1480323655333231793,,0,0,44.6199989319,64.0199966431,83.4199981689,1.0,0.0,0.0,0.0,1.0,0.0,0.0,0.0,1.0,0
1480323655436646276,195,1480323655433225189,,0,0,44.8499984741,64.3499984741,83.8499984741,1.0,0.0,0.0,0.0,1.0,0.0,0.0,0.0,1.0,0
1480323655536284463,196,1480323655533251240,,0,0,45.0800018311,64.6800003052,84.2799987793,1.0,0.0,0.0,0.0,1.0,0.0,0.0,0.0,1.0,0
1480323655636305203,197,1480323655633351927,,0,0,45.3100013733,65.0100021362,84.7099990845,1.0,0.0,0.0,0.0,1.0,0.0,0.0,0.0,1.0,0
1480323655736105005,198,1480323655733214229,,0,0,45.5400009155,65.3399963379,85.1399993896,1.0,0.0,0.0,0.0,1.0,0.0,0.0,0.0,1.0,0
1480323655837010117,199,1480323655833254552,,0,0,45.7700004578,65.6699981689,85.5699996948,1.0,0.0,0.0,0.0,1.0,0.0,0.0,0.0,1.0,0
1480323655937147575,200,1480323655933237426,,0,0,46.0,66.0,86.0,1.0,0.0,0.0,0.0,1.0,0.0,0.0,0.0,1.0,0
1480323656037382949,201,1480323656033380874,,0,0,46.2299995422,66.3300018311,86.4300003052,1.0,0.0,0.0,0.0,1.0,0.0,0.0,0.0,1.0,0
1480323656137364990,202,1480323656133216821,,0,0,46.4599990845,66.6600036621,86.8600006104,1.0,0.0,0.0,0.0,1.0,0.0,0.0,0.0,1.0,0
1480323656238479373,203,1480323656233207821,,0,0,46.6899986267,66.9899978638,87.2900009155,1.0,0.0,0.0,0.0,1.0,0.0,0.0,0.0,1.0,0
1480323656338247821,204,1480323656334047934,,0,0,46.9199981689,67.3199996948,87.7200012207,1.0,0.0,0.0,0.0,1.0,0.0,0.0,0.0,1.0,0
1480323656436914344,205,1480323656433217633,,0,0,47.1500015259,67.6500015259,88.1500015259,1.0,0.0,0.0,0.0,1.0,0.0,0.0,0.0,1.0,0
1480323656537146177,206,1480323656533221236,,0,0,47.3800010681,67.9800033569,88.5800018311,1.0,0.0,0.0,0.0,1.0,0.0,0.0,0.0,1.0,0
1480323656639325870,207,1480323656633225986,,0,0,47.6100006104,68.3099975586,89.0100021362,1.0,0.0,0.0,0.0,1.0,0.0,0.0,0.0,1.0,0
1480323656738365413,208,1480323656733278392,,0,0,47.8400001526,68.6399993896,89.4400024414,1.0,0.0,0.0,0.0,1.0,0.0,0.0,0.0,1.0,0
1480323656838316933,209,1480323656833222516,,0,0,48.0699996948,68.9700012207,89.8700027466,1.0,0.0,0.0,0.0,1.0,0.0,0.0,0.0,1.0,0
1480323656936937154,210,1480323656933224766,,0,0,48.2999992371,69.3000030518,90.3000030518,1.0,0.0,0.0,0.0,1.0,0.0,0.0,0.0,1.0,0
1480323657037045133,211,1480323657033225557,,0,0,48.5299987793,69.6299972534,90.7300033569,1.0,0.0,0.0,0.0,1.0,0.0,0.0,0.0,1.0,0
1480323657139106389,212,1480323657133229682,,0,0,48.7599983215,69.9599990845,91.1600036621,1.0,0.0,0.0,0.0,1.0,0.0,0.0,0.0,1.0,0
1480323657237943745,213,1480323657233223962,,0,0,48.9900016785,70.2900009155,91.5899963379,1.0,0.0,0.0,0.0,1.0,0.0,0.0,0.0,1.0,0
1480323657336985163,214,1480323657333217358,,0,0,49.2200012207,70.6200027466,92.0199966431,1.0,0.0,0.0,0.0,1.0,0.0,0.0,0.0,1.0,0
1480323657438665221,215,1480323657433216743,,0,0,49.4500007629,70.9499969482,92.4499969482,1.0,0.0,0.0,0.0,1.0,0.0,0.0,0.0,1.0,0
1480323657540118978,216,1480323657534111386,,0,0,49.6800003052,71.2799987793,92.8799972534,1.0,0.0,0.0,0.0,1.0,0.0,0.0,0.0,1.0,0
1480323657639652739,217,1480323657634145511,,0,0,49.9099998474,71.6100006104,93.3099975586,1.0,0.0,0.0,0.0,1.0,0.0,0.0,0.0,1.0,0
1480323657738621293,218,1480323657733220731,,0,0,50.1399993896,71.9400024414,93.7399978638,1.0,0.0,0.0,0.0,1.0,0.0,0.0,0.0,1.0,0
1480323657838189168,219,1480323657833217720,,0,0,50.3699989319,72.2699966431,94.1699981689,1.0,0.0,0.0,0.0,1.0,0.0,0.0,0.0,1.0,0
1480323657938003033,220,1480323657933814395,,0,0,50.5999984741,72.5999984741,94.5999984741,1.0,0.0,0.0,0.0,1.0,0.0,0.0,0.0,1.0,0
1480323658036707160,221,1480323658033701801,,0,0,50.8300018311,72.9300003052,95.0299987793,1.0,0.0,0.0,0.0,1.0,0.0,0.0,0.0,1.0,0
1480323658137971178,222,1480323658133216395,,0,0,51.0600013733,73.2600021362,95.4599990845,1.0,0.0,0.0,0.0,1.0,0.0,0.0,0.0,1.0,0
1480323658236559836,223,1480323658233222812,,0,0,51.2900009155,73.5899963379,95.8899993896,1.0,0.0,0.0,0.0,1.0,0.0,0.0,0.0,1.0,0
1480323658336383805,224,1480323658333218707,,0,0,51.5200004578,73.9199981689,96.3199996948,1.0,0.0,0.0,0.0,1.0,0.0,0.0,0.0,1.0,0
1480323658438038343,225,1480323658433216008,,0,0,51.75,74.25,96.75,1.0,0.0,0.0,0.0,1.0,0.0,0.0,0.0,1.0,0
1480323658540114442,226,1480323658534169350,,0,0,51.9799995422,74.5800018311,97.1800003052,1.0,0.0,0.0,0.0,1.0,0.0,0.0,0.0,1.0,0
1480323658635699096,227,1480323658633215663,,0,0,52.2099990845,74.9100036621,97.6100006104,1.0,0.0,0.0,0.0,1.0,0.0,0.0,0.0,1.0,0
1480323658737246238,228,1480323658733231767,,0,0,52.4399986267,75.2399978638,98.0400009155,1.0,0.0,0.0,0.0,1.0,0.0,0.0,0.0,1.0,0
1480323658836939738,229,1480323658833215735,,0,0,52.6699981689,75.5699996948,98.4700012207,1.0,0.0,0.0,0.0,1.0,0.0,0.0,0.0,1.0,0
1480323658936995113,230,1480323658935103658,,0,0,52.9000015259,75.9000015259,98.9000015259,1.0,0.0,0.0,0.0,1.0,0.0,0.0,0.0,1.0,0
1480323659037084237,231,1480323659034742679,,0,0,53.1300010681,76.2300033569,99.3300018311,1.0,0.0,0.0,0.0,1.0,0.0,0.0,0.0,1.0,0
1480323659135854405,232,1480323659133227692,,0,0,53.3600006104,76.5599975586,99.7600021362,1.0,0.0,0.0,0.0,1.0,0.0,0.0,0.0,1.0,0
1480323659236060456,233,1480323659233233170,,0,0,53.5900001526,76.8899993896,100.190002441,1.0,0.0,0.0,0.0,1.0,0.0,0.0,0.0,1.0,0
1480323659337342495,234,1480323659333216618,,0,0,53.8199996948,77.2200012207,100.620002747,1.0,0.0,0.0,0.0,1.0,0.0,0.0,0.0,1.0,0
1480323659435264696,235,1480323659433221523,,0,0,54.0499992371,77.5500030518,101.050003052,1.0,0.0,0.0,0.0,1.0,0.0,0.0,0.0,1.0,0
1480323659535775070,236,1480323659533221116,,0,0,54.2799987793,77.8799972534,101.480003357,1.0,0.0,0.0,0.0,1.0,0.0,0.0,0.0,1.0,0
1480323659635684819,237,1480323659633226439,,0,0,54.5099983215,78.2099990845,101.910003662,1.0,0.0,0.0,0.0,1.0,0.0,0.0,0.0,1.0,0
1480323659735635246,238,1480323659733227386,,0,0,54.7400016785,78.5400009155,102.339996338,1.0,0.0,0.0,0.0,1.0,0.0,0.0,0.0,1.0,0
1480323659836549941,239,1480323659833214844,,0,0,54.9700012207,78.8700027466,102.769996643,1.0,0.0,0.0,0.0,1.0,0.0,0.0,0.0,1.0,0
1480323659936166879,240,1480323659933243603,,0,0,55.2000007629,79.1999969482,103.199996948,1.0,0.0,0.0,0.0,1.0,0.0,0.0,0.0,1.0,0
1480323660039029175,241,1480323660033215540,,0,0,55.4300003052,79.5299987793,103.629997253,1.0,0.0,0.0,0.0,1.0,0.0,0.0,0.0,1.0,0
1480323660134955234,242,1480323660133212581,,0,0,55.6599998474,79.8600006104,104.059997559,1.0,0.0,0.0,0.0,1.0,0.0,0.0,0.0,1.0,0
1480323660237131802,243,1480323660233219154,,0,0,55.8899993896,80.1900024414,104.489997864,1.0,0.0,0.0,0.0,1.0,0.0,0.0,0.0,1.0,0
1480323660336482230,244,1480323660333237236,,0,0,56.1199989319,80.5199966431,104.919998169,1.0,0.0,0.0,0.0,1.0,0.0,0.0,0.0,1.0,0
1480323660436162917,245,1480323660433220527,,0,0,56.3499984741,80.8499984741,105.349998474,1.0,0.0,0.0,0.0,1.0,0.0,0.0,0.0,1.0,0
1480323660535641053,246,1480323660533212308,,0,0,56.5800018311,81.1800003052,105.779998779,1.0,0.0,0.0,0.0,1.0,0.0,0.0,0.0,1.0,0
1480323660635672052,247,1480323660633219974,,0,0,56.8100013733,81.5100021362,106.209999084,1.0,0.0,0.0,0.0,1.0,0.0,0.0,0.0,1.0,0
1480323660735859562,248,1480323660733229098,,0,0,57.0400009155,81.8399963379,106.63999939,1.0,0.0,0.0,0.0,1.0,0.0,0.0,0.0,1.0,0
1480323660836864882,249,1480323660833230566,,0,0,57.2700004578,82.1699981689,107.069999695,1.0,0.0,0.0,0.0,1.0,0.0,0.0,0.0,1.0,0
1480323660937118537,250,1480323660933244378,,0,0,57.5,82.5,107.5,1.0,0.0,0.0,0.0,1.0,0.0,0.0,0.0,1.0,0
1480323661035778601,251,1480323661033235065,,0,0,57.7299995422,82.8300018311,107.930000305,1.0,0.0,0.0,0.0,1.0,0.0,0.0,0.0,1.0,0
1480323661136134183,252,1480323661133209085,,0,0,57.9599990845,83.1600036621,108.36000061,1.0,0.0,0.0,0.0,1.0,0.0,0.0,0.0,1.0,0
1480323661236197422,253,1480323661233215553,,0,0,58.1899986267,83.4899978638,108.790000916,1.0,0.0,0.0,0.0,1.0,0.0,0.0,0.0,1.0,0
1480323661336765139,254,1480323661333217490,,0,0,58.4199981689,83.8199996948,109.220001221,1.0,0.0,0.0,0.0,1.0,0.0,0.0,0.0,1.0,0
1480323661436587701,255,1480323661433219739,,0,0,58.6500015259,84.1500015259,109.650001526,1.0,0.0,0.0,0.0,1.0,0.0,0.0,0.0,1.0,0
1480323661537118387,256,1480323661534252559,,0,0,58.8800010681,84.4800033569,110.080001831,1.0,0.0,0.0,0.0,1.0,0.0,0.0,0.0,1.0,0
1480323661640164015,257,1480323661633230279,,0,0,59.1100006104,84.8099975586,110.510002136,1.0,0.0,0.0,0.0,1.0,0.0,0.0,0.0,1.0,0
1480323661738100175,258,1480323661733214559,,0,0,59.3400001526,85.1399993896,110.940002441,1.0,0.0,0.0,0.0,1.0,0.0,0.0,0.0,1.0,0
1480323661837564925,259,1480323661833207538,,0,0,59.5699996948,85.4700012207,111.370002747,1.0,0.0,0.0,0.0,1.0,0.0,0.0,0.0,1.0,0
1480323661938065455,260,1480323661933218068,,0,0,59.7999992371,85.8000030518,111.800003052,1.0,0.0,0.0,0.0,1.0,0.0,0.0,0.0,1.0,0
1480323662044532274,261,1480323662033220474,,0,0,60.0299987793,86.1299972534,112.230003357,1.0,0.0,0.0,0.0,1.0,0.0,0.0,0.0,1.0,0
1480323662136712299,262,1480323662133225067,,0,0,60.2599983215,86.4599990845,112.660003662,1.0,0.0,0.0,0.0,1.0,0.0,0.0,0.0,1.0,0
1480323662237560797,263,1480323662233226483,,0,0,60.4900016785,86.7900009155,113.089996338,1.0,0.0,0.0,0.0,1.0,0.0,0.0,0.0,1.0,0
1480323662337333567,264,1480323662333240242,,0,0,60.7200012207,87.1200027466,113.519996643,1.0,0.0,0.0,0.0,1.0,0.0,0.0,0.0,1.0,0
1480323662436274725,265,1480323662433218793,,0,0,60.9500007629,87.4499969482,113.949996948,1.0,0.0,0.0,0.0,1.0,0.0,0.0,0.0,1.0,0
1480323662546473516,266,1480323662533205574,,0,0,61.1800003052,87.7799987793,114.379997253,1.0,0.0,0.0,0.0,1.0,0.0,0.0,0.0,1.0,0
1480323662636822608,267,1480323662633235167,,0,0,61.4099998474,88.1100006104,114.809997559,1.0,0.0,0.0,0.0,1.0,0.0,0.0,0.0,1.0,0
1480323662737256106,268,1480323662733215437,,0,0,61.6399993896,88.4400024414,115.239997864,1.0,0.0,0.0,0.0,1.0,0.0,0.0,0.0,1.0,0
1480323662841162149,269,1480323662833224092,,0,0,61.8699989319,88.7699966431,115.669998169,1.0,0.0,0.0,0.0,1.0,0.0,0.0,0.0,1.0,0
1480323662937250031,270,1480323662933223216,,0,0,62.0999984741,89.0999984741,116.099998474,1.0,0.0,0.0,0.0,1.0,0.0,0.0,0.0,1.0,0
1480323663036738844,271,1480323663033205934,,0,0,62.3300018311,89.4300003052,116.529998779,1.0,0.0,0.0,0.0,1.0,0.0,0.0,0.0,1.0,0
1480323663136181875,272,1480323663133226725,,0,0,62.5600013733,89.7600021362,116.959999084,1.0,0.0,0.0,0.0,1.0,0.0,0.0,0.0,1.0,0
1480323663238682922,273,1480323663233226735,,0,0,62.7900009155,90.0899963379,117.38999939,1.0,0.0,0.0,0.0,1.0,0.0,0.0,0.0,1.0,0
1480323663335468979,274,1480323663333218775,,0,0,63.0200004578,90.4199981689,117.819999695,1.0,0.0,0.0,0.0,1.0,0.0,0.0,0.0,1.0,0
1480323663436560185,275,1480323663433226129,,0,0,63.25,90.75,118.25,1.0,0.0,0.0,0.0,1.0,0.0,0.0,0.0,1.0,0
1480323663536520455,276,1480323663533427596,,0,0,63.4799995422,91.0800018311,118.680000305,1.0,0.0,0.0,0.0,1.0,0.0,0.0,0.0,1.0,0
1480323663635383331,277,1480323663633223023,,0,0,63.7099990845,91.4100036621,119.11000061,1.0,0.0,0.0,0.0,1.0,0.0,0.0,0.0,1.0,0
1480323663736636671,278,1480323663733213918,,0,0,63.9399986267,91.7399978638,119.540000916,1.0,0.0,0.0,0.0,1.0,0.0,0.0,0.0,1.0,0
1480323663836350119,279,1480323663833632572,,0,0,64.1699981689,92.0699996948,119.970001221,1.0,0.0,0.0,0.0,1.0,0.0,0.0,0.0,1.0,0
1480323663935587370,280,1480323663933372061,,0,0,64.4000015259,92.4000015259,120.400001526,1.0,0.0,0.0,0.0,1.0,0.0,0.0,0.0,1.0,0
1480323664036863002,281,1480323664033219207,,0,0,64.6299972534,92.7300033569,120.830001831,1.0,0.0,0.0,0.0,1.0,0.0,0.0,0.0,1.0,0
1480323664136767803,282,1480323664133209997,,0,0,64.8600006104,93.0599975586,121.260002136,1.0,0.0,0.0,0.0,1.0,0.0,0.0,0.0,1.0,0
1480323664235160263,283,1480323664233209434,,0,0,65.0899963379,93.3899993896,121.690002441,1.0,0.0,0.0,0.0,1.0,0.0,0.0,0.0,1.0,0
1480323664336587405,284,1480323664334135535,,0,0,65.3199996948,93.7200012207,122.120002747,1.0,0.0,0.0,0.0,1.0,0.0,0.0,0.0,1.0,0
1480323664435473980,285,1480323664433398932,,0,0,65.5500030518,94.0500030518,122.550003052,1.0,0.0,0.0,0.0,1.0,0.0,0.0,0.0,1.0,0
1480323664535835655,286,1480323664533218733,,0,0,65.7799987793,94.3799972534,122.980003357,1.0,0.0,0.0,0.0,1.0,0.0,0.0,0.0,1.0,0
1480323664635906966,287,1480323664633236243,,0,0,66.0100021362,94.7099990845,123.410003662,1.0,0.0,0.0,0.0,1.0,0.0,0.0,0.0,1.0,0
1480323664736527548,288,1480323664733241356,,0,0,66.2399978638,95.0400009155,123.839996338,1.0,0.0,0.0,0.0,1.0,0.0,0.0,0.0,1.0,0
1480323664836926983,289,1480323664833247824,,0,0,66.4700012207,95.3700027466,124.269996643,1.0,0.0,0.0,0.0,1.0,0.0,0.0,0.0,1.0,0
1480323664937768866,290,1480323664933213042,,0,0,66.6999969482,95.6999969482,124.699996948,1.0,0.0,0.0,0.0,1.0,0.0,0.0,0.0,1.0,0
1480323665036551013,291,1480323665033206697,,0,0,66.9300003052,96.0299987793,125.129997253,1.0,0.0,0.0,0.0,1.0,0.0,0.0,0.0,1.0,0
1480323665136413627,292,1480323665133209832,,0,0,67.1600036621,96.3600006104,125.559997559,1.0,0.0,0.0,0.0,1.0,0.0,0.0,0.0,1.0,0
1480323665238063373,293,1480323665234761609,,0,0,67.3899993896,96.6900024414,125.989997864,1.0,0.0,0.0,0.0,1.0,0.0,0.0,0.0,1.0,0
1480323665336452552,294,1480323665333217455,,0,0,67.6200027466,97.0199966431,126.419998169,1.0,0.0,0.0,0.0,1.0,0.0,0.0,0.0,1.0,0
1480323665436340166,295,1480323665433213401,,0,0,67.8499984741,97.3499984741,126.849998474,1.0,0.0,0.0,0.0,1.0,0.0,0.0,0.0,1.0,0
1480323665539693294,296,1480323665533472004,,0,0,68.0800018311,97.6800003052,127.279998779,1.0,0.0,0.0,0.0,1.0,0.0,0.0,0.0,1.0,0
1480323665635830394,297,1480323665633218941,,0,0,68.3099975586,98.0100021362,127.709999084,1.0,0.0,0.0,0.0,1.0,0.0,0.0,0.0,1.0,0
1480323665736121132,298,1480323665733218273,,0,0,68.5400009155,98.3399963379,128.13999939,1.0,0.0,0.0,0.0,1.0,0.0,0.0,0.0,1.0,0
1480323665835585622,299,1480323665833223127,,0,0,68.7699966431,98.6699981689,128.570007324,1.0,0.0,0.0,0.0,1.0,0.0,0.0,0.0,1.0,0
1480323665935361778,300,1480323665933212042,,0,0,69.0,99.0,129.0,1.0,0.0,0.0,0.0,1.0,0.0,0.0,0.0,1.0,0
1480323666035875275,301,1480323666033208666,,0,0,69.2300033569,99.3300018311,129.429992676,1.0,0.0,0.0,0.0,1.0,0.0,0.0,0.0,1.0,0
1480323666135648202,302,1480323666133220811,,0,0,69.4599990845,99.6600036621,129.86000061,1.0,0.0,0.0,0.0,1.0,0.0,0.0,0.0,1.0,0
1480323666235637170,303,1480323666233227487,,0,0,69.6900024414,99.9899978638,130.289993286,1.0,0.0,0.0,0.0,1.0,0.0,0.0,0.0,1.0,0
1480323666335742543,304,1480323666333216975,,0,0,69.9199981689,100.319999695,130.720001221,1.0,0.0,0.0,0.0,1.0,0.0,0.0,0.0,1.0,0
1480323666436283281,305,1480323666433228547,,0,0,70.1500015259,100.650001526,131.149993896,1.0,0.0,0.0,0.0,1.0,0.0,0.0,0.0,1.0,0
1480323666537546933,306,1480323666533233452,,0,0,70.3799972534,100.980003357,131.580001831,1.0,0.0,0.0,0.0,1.0,0.0,0.0,0.0,1.0,0
1480323666637219287,307,1480323666633629138,,0,0,70.6100006104,101.309997559,132.009994507,1.0,0.0,0.0,0.0,1.0,0.0,0.0,0.0,1.0,0
1480323666736283934,308,1480323666733215867,,0,0,70.8399963379,101.63999939,132.440002441,1.0,0.0,0.0,0.0,1.0,0.0,0.0,0.0,1.0,0
1480323666836554411,309,1480323666833220251,,0,0,71.0699996948,101.970001221,132.869995117,1.0,0.0,0.0,0.0,1.0,0.0,0.0,0.0,1.0,0
1480323666936557233,310,1480323666933224323,,0,0,71.3000030518,102.300003052,133.300003052,1.0,0.0,0.0,0.0,1.0,0.0,0.0,0.0,1.0,0
1480323667037528022,311,1480323667033245947,,0,0,71.5299987793,102.629997253,133.729995728,1.0,0.0,0.0,0.0,1.0,0.0,0.0,0.0,1.0,0
1480323667135659806,312,1480323667133261269,,0,0,71.7600021362,102.959999084,134.160003662,1.0,0.0,0.0,0.0,1.0,0.0,0.0,0.0,1.0,0
1480323667236569865,313,1480323667233228101,,0,0,71.9899978638,103.290000916,134.589996338,1.0,0.0,0.0,0.0,1.0,0.0,0.0,0.0,1.0,0
1480323667336236021,314,1480323667333223891,,0,0,72.2200012207,103.620002747,135.020004272,1.0,0.0,0.0,0.0,1.0,0.0,0.0,0.0,1.0,0
1480323667436216864,315,1480323667434063482,,0,0,72.4499969482,103.949996948,135.449996948,1.0,0.0,0.0,0.0,1.0,0.0,0.0,0.0,1.0,0
1480323667535141927,316,1480323667533221931,,0,0,72.6800003052,104.279998779,135.880004883,1.0,0.0,0.0,0.0,1.0,0.0,0.0,0.0,1.0,0
1480323667636118393,317,1480323667633232044,,0,0,72.9100036621,104.61000061,136.309997559,1.0,0.0,0.0,0.0,1.0,0.0,0.0,0.0,1.0,0
1480323667738577512,318,1480323667734016583,,0,0,73.1399993896,104.940002441,136.740005493,1.0,0.0,0.0,0.0,1.0,0.0,0.0,0.0,1.0,0
1480323667835737110,319,1480323667833219823,,0,0,73.3700027466,105.269996643,137.169998169,1.0,0.0,0.0,0.0,1.0,0.0,0.0,0.0,1.0,0
1480323667935401287,320,1480323667933233166,,0,0,73.5999984741,105.599998474,137.600006104,1.0,0.0,0.0,0.0,1.0,0.0,0.0,0.0,1.0,0
1480323668036466554,321,1480323668033215883,,0,0,73.8300018311,105.930000305,138.029998779,1.0,0.0,0.0,0.0,1.0,0.0,0.0,0.0,1.0,0
1480323668135598127,322,1480323668133221205,,0,0,74.0599975586,106.260002136,138.460006714,1.0,0.0,0.0,0.0,1.0,0.0,0.0,0.0,1.0,0
1480323668239416202,323,1480323668234413243,,0,0,74.2900009155,106.589996338,138.88999939,1.0,0.0,0.0,0.0,1.0,0.0,0.0,0.0,1.0,0
1480323668336357780,324,1480323668333209296,,0,0,74.5199966431,106.919998169,139.320007324,1.0,0.0,0.0,0.0,1.0,0.0,0.0,0.0,1.0,0
1480323668437309870,325,1480323668433210712,,0,0,74.75,107.25,139.75,1.0,0.0,0.0,0.0,1.0,0.0,0.0,0.0,1.0,0
1480323668536263632,326,1480323668533234367,,0,0,74.9800033569,107.580001831,140.179992676,1.0,0.0,0.0,0.0,1.0,0.0,0.0,0.0,1.0,0
1480323668637408587,327,1480323668633231980,,0,0,75.2099990845,107.910003662,140.61000061,1.0,0.0,0.0,0.0,1.0,0.0,0.0,0.0,1.0,0
1480323668736086046,328,1480323668733220844,,0,0,75.4400024414,108.239997864,141.039993286,1.0,0.0,0.0,0.0,1.0,0.0,0.0,0.0,1.0,0
1480323668835890743,329,1480323668833214759,,0,0,75.6699981689,108.569999695,141.470001221,1.0,0.0,0.0,0.0,1.0,0.0,0.0,0.0,1.0,0
1480323668935490233,330,1480323668933220237,,0,0,75.9000015259,108.900001526,141.899993896,1.0,0.0,0.0,0.0,1.0,0.0,0.0,0.0,1.0,0
1480323669036591854,331,1480323669033338006,,0,0,76.1299972534,109.230003357,142.330001831,1.0,0.0,0.0,0.0,1.0,0.0,0.0,0.0,1.0,0
1480323669136039677,332,1480323669133214266,,0,0,76.3600006104,109.559997559,142.759994507,1.0,0.0,0.0,0.0,1.0,0.0,0.0,0.0,1.0,0
1480323669236509268,333,1480323669233209015,,0,0,76.5899963379,109.88999939,143.190002441,1.0,0.0,0.0,0.0,1.0,0.0,0.0,0.0,1.0,0
1480323669337139693,334,1480323669333399492,,0,0,76.8199996948,110.220001221,143.619995117,1.0,0.0,0.0,0.0,1.0,0.0,0.0,0.0,1.0,0
1480323669437192462,335,1480323669433239970,,0,0,77.0500030518,110.550003052,144.050003052,1.0,0.0,0.0,0.0,1.0,0.0,0.0,0.0,1.0,0
1480323669536436588,336,1480323669533218157,,0,0,77.2799987793,110.879997253,144.479995728,1.0,0.0,0.0,0.0,1.0,0.0,0.0,0.0,1.0,0
1480323669637938000,337,1480323669633419415,,0,0,77.5100021362,111.209999084,144.910003662,1.0,0.0,0.0,0.0,1.0,0.0,0.0,0.0,1.0,0
1480323669736205044,338,1480323669733213956,,0,0,77.7399978638,111.540000916,145.339996338,1.0,0.0,0.0,0.0,1.0,0.0,0.0,0.0,1.0,0
1480323669836223751,339,1480323669833480579,,0,0,77.9700012207,111.870002747,145.770004272,1.0,0.0,0.0,0.0,1.0,0.0,0.0,0.0,1.0,0
1480323669939186983,340,1480323669933224860,,0,0,78.1999969482,112.199996948,146.199996948,1.0,0.0,0.0,0.0,1.0,0.0,0.0,0.0,1.0,0
1480323670037356684,341,1480323670033228411,,0,0,78.4300003052,112.529998779,146.630004883,1.0,0.0,0.0,0.0,1.0,0.0,0.0,0.0,1.0,0
1480323670137466172,342,1480323670133272847,,0,0,78.6600036621,112.86000061,147.059997559,1.0,0.0,0.0,0.0,1.0,0.0,0.0,0.0,1.0,0
1480323670238272169,343,1480323670233253481,,0,0,78.8899993896,113.190002441,147.490005493,1.0,0.0,0.0,0.0,1.0,0.0,0.0,0.0,1.0,0
1480323670338846968,344,1480323670334949632,,0,0,79.1200027466,113.519996643,147.919998169,1.0,0.0,0.0,0.0,1.0,0.0,0.0,0.0,1.0,0
1480323670438131458,345,1480323670433223239,,0,0,79.3499984741,113.849998474,148.350006104,1.0,0.0,0.0,0.0,1.0,0.0,0.0,0.0,1.0,0
1480323670536026888,346,1480323670533359133,,0,0,79.5800018311,114.180000305,148.779998779,1.0,0.0,0.0,0.0,1.0,0.0,0.0,0.0,1.0,0
1480323670637646112,347,1480323670634363359,,0,0,79.8099975586,114.510002136,149.210006714,1.0,0.0,0.0,0.0,1.0,0.0,0.0,0.0,1.0,0
1480323670739892002,348,1480323670733280922,,0,0,80.0400009155,114.839996338,149.63999939,1.0,0.0,0.0,0.0,1.0,0.0,0.0,0.0,1.0,0
1480323670837593474,349,1480323670833294785,,0,0,80.2699966431,115.169998169,150.070007324,1.0,0.0,0.0,0.0,1.0,0.0,0.0,0.0,1.0,0
1480323670936522965,350,1480323670933674481,,0,0,80.5,115.5,150.5,1.0,0.0,0.0,0.0,1.0,0.0,0.0,0.0,1.0,0
1480323671044544885,351,1480323671035995787,,0,0,80.7300033569,115.830001831,150.929992676,1.0,0.0,0.0,0.0,1.0,0.0,0.0,0.0,1.0,0
1480323671137327565,352,1480323671133226219,,0,0,80.9599990845,116.160003662,151.36000061,1.0,0.0,0.0,0.0,1.0,0.0,0.0,0.0,1.0,0
1480323671237784291,353,1480323671233300967,,0,0,81.1900024414,116.489997864,151.789993286,1.0,0.0,0.0,0.0,1.0,0.0,0.0,0.0,1.0,0
1480323671338711382,354,1480323671333243060,,0,0,81.4199981689,116.819999695,152.220001221,1.0,0.0,0.0,0.0,1.0,0.0,0.0,0.0,1.0,0
1480323671438498475,355,1480323671433216298,,0,0,81.6500015259,117.150001526,152.649993896,1.0,0.0,0.0,0.0,1.0,0.0,0.0,0.0,1.0,0
1480323671536276144,356,1480323671533294327,,0,0,81.8799972534,117.480003357,153.080001831,1.0,0.0,0.0,0.0,1.0,0.0,0.0,0.0,1.0,0
1480323671635904644,357,1480323671633241420,,0,0,82.1100006104,117.809997559,153.509994507,1.0,0.0,0.0,0.0,1.0,0.0,0.0,0.0,1.0,0
1480323671740649018,358,1480323671735412466,,0,0,82.3399963379,118.13999939,153.940002441,1.0,0.0,0.0,0.0,1.0,0.0,0.0,0.0,1.0,0
1480323671837636898,359,1480323671833372271,,0,0,82.5699996948,118.470001221,154.369995117,1.0,0.0,0.0,0.0,1.0,0.0,0.0,0.0,1.0,0
1480323671942174085,360,1480323671933233843,,0,0,82.8000030518,118.800003052,154.800003052,1.0,0.0,0.0,0.0,1.0,0.0,0.0,0.0,1.0,0
1480323672037348010,361,1480323672033224060,,0,0,83.0299987793,119.129997253,155.229995728,1.0,0.0,0.0,0.0,1.0,0.0,0.0,0.0,1.0,0
1480323672136339636,362,1480323672133278131,,0,0,83.2600021362,119.459999084,155.660003662,1.0,0.0,0.0,0.0,1.0,0.0,0.0,0.0,1.0,0
1480323672236632561,363,1480323672233246630,,0,0,83.4899978638,119.790000916,156.089996338,1.0,0.0,0.0,0.0,1.0,0.0,0.0,0.0,1.0,0
1480323672338700482,364,1480323672333594503,,0,0,83.7200012207,120.120002747,156.520004272,1.0,0.0,0.0,0.0,1.0,0.0,0.0,0.0,1.0,0
1480323672438101534,365,1480323672433214773,,0,0,83.9499969482,120.449996948,156.949996948,1.0,0.0,0.0,0.0,1.0,0.0,0.0,0.0,1.0,0
1480323672537249722,366,1480323672533210772,,0,0,84.1800003052,120.779998779,157.380004883,1.0,0.0,0.0,0.0,1.0,0.0,0.0,0.0,1.0,0
1480323672637349001,367,1480323672633421509,,0,0,84.4100036621,121.11000061,157.809997559,1.0,0.0,0.0,0.0,1.0,0.0,0.0,0.0,1.0,0
1480323672736407502,368,1480323672733219539,,0,0,84.6399993896,121.440002441,158.240005493,1.0,0.0,0.0,0.0,1.0,0.0,0.0,0.0,1.0,0
1480323672838086726,369,1480323672833256111,,0,0,84.8700027466,121.769996643,158.669998169,1.0,0.0,0.0,0.0,1.0,0.0,0.0,0.0,1.0,0
1480323672935979396,370,1480323672933209453,,0,0,85.0999984741,122.099998474,159.100006104,1.0,0.0,0.0,0.0,1.0,0.0,0.0,0.0,1.0,0
1480323673037167163,371,1480323673033215556,,0,0,85.3300018311,122.430000305,159.529998779,1.0,0.0,0.0,0.0,1.0,0.0,0.0,0.0,1.0,0
1480323673138653575,372,1480323673133238533,,0,0,85.5599975586,122.760002136,159.960006714,1.0,0.0,0.0,0.0,1.0,0.0,0.0,0.0,1.0,0
1480323673238263741,373,1480323673233228074,,0,0,85.7900009155,123.089996338,160.38999939,1.0,0.0,0.0,0.0,1.0,0.0,0.0,0.0,1.0,0
1480323673337996615,374,1480323673333482926,,0,0,86.0199966431,123.419998169,160.820007324,1.0,0.0,0.0,0.0,1.0,0.0,0.0,0.0,1.0,0
1480323673439490371,375,1480323673433228977,,0,0,86.25,123.75,161.25,1.0,0.0,0.0,0.0,1.0,0.0,0.0,0.0,1.0,0
1480323673536422052,376,1480323673533487527,,0,0,86.4800033569,124.080001831,161.679992676,1.0,0.0,0.0,0.0,1.0,0.0,0.0,0.0,1.0,0
1480323673637132372,377,1480323673633223265,,0,0,86.7099990845,124.410003662,162.11000061,1.0,0.0,0.0,0.0,1.0,0.0,0.0,0.0,1.0,0
1480323673737224673,378,1480323673733232337,,0,0,86.9400024414,124.739997864,162.539993286,1.0,0.0,0.0,0.0,1.0,0.0,0.0,0.0,1.0,0
1480323673837557285,379,1480323673833213439,,0,0,87.1699981689,125.069999695,162.970001221,1.0,0.0,0.0,0.0,1.0,0.0,0.0,0.0,1.0,0
1480323673935282455,380,1480323673933217302,,0,0,87.4000015259,125.400001526,163.399993896,1.0,0.0,0.0,0.0,1.0,0.0,0.0,0.0,1.0,0
1480323674037323189,381,1480323674033215332,,0,0,87.6299972534,125.730003357,163.830001831,1.0,0.0,0.0,0.0,1.0,0.0,0.0,0.0,1.0,0
1480323674138911007,382,1480323674133218362,,0,0,87.8600006104,126.059997559,164.259994507,1.0,0.0,0.0,0.0,1.0,0.0,0.0,0.0,1.0,0
1480323674237023207,383,1480323674233237277,,0,0,88.0899963379,126.38999939,164.690002441,1.0,0.0,0.0,0.0,1.0,0.0,0.0,0.0,1.0,0
1480323674336712800,384,1480323674333207702,,0,0,88.3199996948,126.720001221,165.119995117,1.0,0.0,0.0,0.0,1.0,0.0,0.0,0.0,1.0,0
1480323674436086143,385,1480323674433225419,,0,0,88.5500030518,127.050003052,165.550003052,1.0,0.0,0.0,0.0,1.0,0.0,0.0,0.0,1.0,0
1480323674537786617,386,1480323674533219178,,0,0,88.7799987793,127.379997253,165.979995728,1.0,0.0,0.0,0.0,1.0,0.0,0.0,0.0,1.0,0
1480323674637035325,387,1480323674633212885,,0,0,89.0100021362,127.709999084,166.410003662,1.0,0.0,0.0,0.0,1.0,0.0,0.0,0.0,1.0,0
1480323674739296944,388,1480323674733233310,,0,0,89.2399978638,128.039993286,166.839996338,1.0,0.0,0.0,0.0,1.0,0.0,0.0,0.0,1.0,0
1480323674836014980,389,1480323674833228423,,0,0,89.4700012207,128.369995117,167.270004272,1.0,0.0,0.0,0.0,1.0,0.0,0.0,0.0,1.0,0
1480323674937063320,390,1480323674933253693,,0,0,89.6999969482,128.699996948,167.699996948,1.0,0.0,0.0,0.0,1.0,0.0,0.0,0.0,1.0,0
1480323675037893796,391,1480323675033253806,,0,0,89.9300003052,129.029998779,168.130004883,1.0,0.0,0.0,0.0,1.0,0.0,0.0,0.0,1.0,0
1480323675135499435,392,1480323675133240377,,0,0,90.1600036621,129.36000061,168.559997559,1.0,0.0,0.0,0.0,1.0,0.0,0.0,0.0,1.0,0
1480323675236493556,393,1480323675233230750,,0,0,90.3899993896,129.690002441,168.990005493,1.0,0.0,0.0,0.0,1.0,0.0,0.0,0.0,1.0,0
1480323675338968352,394,1480323675333220186,,0,0,90.6200027466,130.020004272,169.419998169,1.0,0.0,0.0,0.0,1.0,0.0,0.0,0.0,1.0,0
1480323675438560913,395,1480323675433217487,,0,0,90.8499984741,130.350006104,169.850006104,1.0,0.0,0.0,0.0,1.0,0.0,0.0,0.0,1.0,0
1480323675538770765,396,1480323675533220360,,0,0,91.0800018311,130.679992676,170.279998779,1.0,0.0,0.0,0.0,1.0,0.0,0.0,0.0,1.0,0
1480323675641880612,397,1480323675633255108,,0,0,91.3099975586,131.009994507,170.710006714,1.0,0.0,0.0,0.0,1.0,0.0,0.0,0.0,1.0,0
1480323675735140686,398,1480323675733261315,,0,0,91.5400009155,131.339996338,171.13999939,1.0,0.0,0.0,0.0,1.0,0.0,0.0,0.0,1.0,0
1480323675837241107,399,1480323675833310282,,0,0,91.7699966431,131.669998169,171.570007324,1.0,0.0,0.0,0.0,1.0,0.0,0.0,0.0,1.0,0
1480323675938543040,400,1480323675933227114,,0,0,92.0,132.0,172.0,1.0,0.0,0.0,0.0,1.0,0.0,0.0,0.0,1.0,0
1480323676042382677,401,1480323676033209466,,0,0,92.2300033569,132.330001831,172.429992676,1.0,0.0,0.0,0.0,1.0,0.0,0.0,0.0,1.0,0
1480323676138818162,402,1480323676133234735,,0,0,92.4599990845,132.660003662,172.86000061,1.0,0.0,0.0,0.0,1.0,0.0,0.0,0.0,1.0,0
1480323676237327340,403,1480323676233215838,,0,0,92.6900024414,132.990005493,173.289993286,1.0,0.0,0.0,0.0,1.0,0.0,0.0,0.0,1.0,0
1480323676337999014,404,1480323676333216784,,0,0,92.9199981689,133.320007324,173.720001221,1.0,0.0,0.0,0.0,1.0,0.0,0.0,0.0,1.0,0
1480323676436247099,405,1480323676433221845,,0,0,93.1500015259,133.649993896,174.149993896,1.0,0.0,0.0,0.0,1.0,0.0,0.0,0.0,1.0,0
1480323676536321482,406,1480323676533228780,,0,0,93.3799972534,133.979995728,174.580001831,1.0,0.0,0.0,0.0,1.0,0.0,0.0,0.0,1.0,0
1480323676637752113,407,1480323676633351810,,0,0,93.6100006104,134.309997559,175.009994507,1.0,0.0,0.0,0.0,1.0,0.0,0.0,0.0,1.0,0
1480323676735703845,408,1480323676733211871,,0,0,93.8399963379,134.63999939,175.440002441,1.0,0.0,0.0,0.0,1.0,0.0,0.0,0.0,1.0,0
1480323676835586823,409,1480323676833204067,,0,0,94.0699996948,134.970001221,175.869995117,1.0,0.0,0.0,0.0,1.0,0.0,0.0,0.0,1.0,0
1480323676936555215,410,1480323676933217617,,0,0,94.3000030518,135.300003052,176.300003052,1.0,0.0,0.0,0.0,1.0,0.0,0.0,0.0,1.0,0
1480323677036778869,411,1480323677033232157,,0,0,94.5299987793,135.630004883,176.729995728,1.0,0.0,0.0,0.0,1.0,0.0,0.0,0.0,1.0,0
1480323677136895023,412,1480323677133232218,,0,0,94.7600021362,135.960006714,177.160003662,1.0,0.0,0.0,0.0,1.0,0.0,0.0,0.0,1.0,0
1480323677236387168,413,1480323677233213737,,0,0,94.9899978638,136.289993286,177.589996338,1.0,0.0,0.0,0.0,1.0,0.0,0.0,0.0,1.0,0
1480323677335729834,414,1480323677333210725,,0,0,95.2200012207,136.619995117,178.020004272,1.0,0.0,0.0,0.0,1.0,0.0,0.0,0.0,1.0,0
1480323677437872339,415,1480323677433229848,,0,0,95.4499969482,136.949996948,178.449996948,1.0,0.0,0.0,0.0,1.0,0.0,0.0,0.0,1.0,0
1480323677536337975,416,1480323677533211471,,0,0,95.6800003052,137.279998779,178.880004883,1.0,0.0,0.0,0.0,1.0,0.0,0.0,0.0,1.0,0
1480323677635873818,417,1480323677633210126,,0,0,95.9100036621,137.61000061,179.309997559,1.0,0.0,0.0,0.0,1.0,0.0,0.0,0.0,1.0,0
1480323677735880077,418,1480323677733225030,,0,0,96.1399993896,137.940002441,179.740005493,1.0,0.0,0.0,0.0,1.0,0.0,0.0,0.0,1.0,0
1480323677838009717,419,1480323677833226705,,0,0,96.3700027466,138.270004272,180.169998169,1.0,0.0,0.0,0.0,1.0,0.0,0.0,0.0,1.0,0
1480323677937969204,420,1480323677933202703,,0,0,96.5999984741,138.600006104,180.600006104,1.0,0.0,0.0,0.0,1.0,0.0,0.0,0.0,1.0,0
1480323678035695363,421,1480323678033234535,,0,0,96.8300018311,138.929992676,181.029998779,1.0,0.0,0.0,0.0,1.0,0.0,0.0,0.0,1.0,0
1480323678136346516,422,1480323678133222981,,0,0,97.0599975586,139.259994507,181.460006714,1.0,0.0,0.0,0.0,1.0,0.0,0.0,0.0,1.0,0
1480323678236862618,423,1480323678233231792,,0,0,97.2900009155,139.589996338,181.88999939,1.0,0.0,0.0,0.0,1.0,0.0,0.0,0.0,1.0,0
1480323678341977251,424,1480323678333200706,,0,0,97.5199966431,139.919998169,182.320007324,1.0,0.0,0.0,0.0,1.0,0.0,0.0,0.0,1.0,0
1480323678435721075,425,1480323678433221288,,0,0,97.75,140.25,182.75,1.0,0.0,0.0,0.0,1.0,0.0,0.0,0.0,1.0,0
1480323678537139049,426,1480323678533210672,,0,0,97.9800033569,140.580001831,183.179992676,1.0,0.0,0.0,0.0,1.0,0.0,0.0,0.0,1.0,0
1480323678636956141,427,1480323678633214170,,0,0,98.2099990845,140.910003662,183.61000061,1.0,0.0,0.0,0.0,1.0,0.0,0.0,0.0,1.0,0
1480323678738527813,428,1480323678733207303,,0,0,98.4400024414,141.240005493,184.039993286,1.0,0.0,0.0,0.0,1.0,0.0,0.0,0.0,1.0,0
1480323678837925792,429,1480323678833224551,,0,0,98.6699981689,141.570007324,184.470001221,1.0,0.0,0.0,0.0,1.0,0.0,0.0,0.0,1.0,0
1480323678937167677,430,1480323678933220758,,0,0,98.9000015259,141.899993896,184.899993896,1.0,0.0,0.0,0.0,1.0,0.0,0.0,0.0,1.0,0
1480323679036578780,431,1480323679033216652,,0,0,99.1299972534,142.229995728,185.330001831,1.0,0.0,0.0,0.0,1.0,0.0,0.0,0.0,1.0,0
1480323679135892905,432,1480323679133227650,,0,0,99.3600006104,142.559997559,185.759994507,1.0,0.0,0.0,0.0,1.0,0.0,0.0,0.0,1.0,0
1480323679239982905,433,1480323679233220367,,0,0,99.5899963379,142.88999939,186.190002441,1.0,0.0,0.0,0.0,1.0,0.0,0.0,0.0,1.0,0
1480323679337336877,434,1480323679333221521,,0,0,99.8199996948,143.220001221,186.619995117,1.0,0.0,0.0,0.0,1.0,0.0,0.0,0.0,1.0,0
1480323679436554179,435,1480323679433223352,,0,0,100.050003052,143.550003052,187.050003052,1.0,0.0,0.0,0.0,1.0,0.0,0.0,0.0,1.0,0
1480323679535480492,436,1480323679533224350,,0,0,100.279998779,143.880004883,187.479995728,1.0,0.0,0.0,0.0,1.0,0.0,0.0,0.0,1.0,0
1480323679638219036,437,1480323679633216234,,0,0,100.510002136,144.210006714,187.910003662,1.0,0.0,0.0,0.0,1.0,0.0,0.0,0.0,1.0,0
1480323679735975612,438,1480323679733346503,,0,0,100.739997864,144.539993286,188.339996338,1.0,0.0,0.0,0.0,1.0,0.0,0.0,0.0,1.0,0
1480323679836244214,439,1480323679833607761,,0,0,100.970001221,144.869995117,188.770004272,1.0,0.0,0.0,0.0,1.0,0.0,0.0,0.0,1.0,0
1480323679936090577,440,1480323679933235530,,0,0,101.199996948,145.199996948,189.199996948,1.0,0.0,0.0,0.0,1.0,0.0,0.0,0.0,1.0,0
1480323680036115793,441,1480323680033204289,,0,0,101.430000305,145.529998779,189.630004883,1.0,0.0,0.0,0.0,1.0,0.0,0.0,0.0,1.0,0
1480323680135718823,442,1480323680133211172,,0,0,101.660003662,145.86000061,190.059997559,1.0,0.0,0.0,0.0,1.0,0.0,0.0,0.0,1.0,0
1480323680235224718,443,1480323680233214826,,0,0,101.88999939,146.190002441,190.490005493,1.0,0.0,0.0,0.0,1.0,0.0,0.0,0.0,1.0,0
1480323680335099362,444,1480323680333212543,,0,0,102.120002747,146.520004272,190.919998169,1.0,0.0,0.0,0.0,1.0,0.0,0.0,0.0,1.0,0
1480323680436496191,445,1480323680433211770,,0,0,102.349998474,146.850006104,191.350006104,1.0,0.0,0.0,0.0,1.0,0.0,0.0,0.0,1.0,0
1480323680535271983,446,1480323680533210320,,0,0,102.580001831,147.179992676,191.779998779,1.0,0.0,0.0,0.0,1.0,0.0,0.0,0.0,1.0,0
1480323680637746778,447,1480323680633213402,,0,0,102.809997559,147.509994507,192.210006714,1.0,0.0,0.0,0.0,1.0,0.0,0.0,0.0,1.0,0
1480323680736719080,448,1480323680733213410,,0,0,103.040000916,147.839996338,192.63999939,1.0,0.0,0.0,0.0,1.0,0.0,0.0,0.0,1.0,0
1480323680837289608,449,1480323680833212325,,0,0,103.269996643,148.169998169,193.070007324,1.0,0.0,0.0,0.0,1.0,0.0,0.0,0.0,1.0,0
1480323680937111128,450,1480323680933213792,,0,0,103.5,148.5,193.5,1.0,0.0,0.0,0.0,1.0,0.0,0.0,0.0,1.0,0
1480323681038236134,451,1480323681033211665,,0,0,103.730003357,148.830001831,193.929992676,1.0,0.0,0.0,0.0,1.0,0.0,0.0,0.0,1.0,0
1480323681138221246,452,1480323681133220527,,0,0,103.959999084,149.160003662,194.36000061,1.0,0.0,0.0,0.0,1.0,0.0,0.0,0.0,1.0,0
1480323681236340998,453,1480323681233214806,,0,0,104.190002441,149.490005493,194.789993286,1.0,0.0,0.0,0.0,1.0,0.0,0.0,0.0,1.0,0
1480323681336848818,454,1480323681333229294,,0,0,104.419998169,149.820007324,195.220001221,1.0,0.0,0.0,0.0,1.0,0.0,0.0,0.0,1.0,0
1480323681435449715,455,1480323681433217427,,0,0,104.650001526,150.149993896,195.649993896,1.0,0.0,0.0,0.0,1.0,0.0,0.0,0.0,1.0,0
1480323681536686127,456,1480323681533245665,,0,0,104.879997253,150.479995728,196.080001831,1.0,0.0,0.0,0.0,1.0,0.0,0.0,0.0,1.0,0
1480323681636499781,457,1480323681633223069,,0,0,105.11000061,150.809997559,196.509994507,1.0,0.0,0.0,0.0,1.0,0.0,0.0,0.0,1.0,0
1480323681737061091,458,1480323681733221202,,0,0,105.339996338,151.13999939,196.940002441,1.0,0.0,0.0,0.0,1.0,0.0,0.0,0.0,1.0,0
1480323681837720733,459,1480323681833239961,,0,0,105.569999695,151.470001221,197.369995117,1.0,0.0,0.0,0.0,1.0,0.0,0.0,0.0,1.0,0
1480323681935534183,460,1480323681933255438,,0,0,105.800003052,151.800003052,197.800003052,1.0,0.0,0.0,0.0,1.0,0.0,0.0,0.0,1.0,0
1480323682036804866,461,1480323682033218727,,0,0,106.029998779,152.130004883,198.229995728,1.0,0.0,0.0,0.0,1.0,0.0,0.0,0.0,1.0,0
1480323682138635340,462,1480323682133307902,,0,0,106.260002136,152.460006714,198.660003662,1.0,0.0,0.0,0.0,1.0,0.0,0.0,0.0,1.0,0
1480323682235694625,463,1480323682233224213,,0,0,106.489997864,152.789993286,199.089996338,1.0,0.0,0.0,0.0,1.0,0.0,0.0,0.0,1.0,0
1480323682336082653,464,1480323682333205159,,0,0,106.720001221,153.119995117,199.520004272,1.0,0.0,0.0,0.0,1.0,0.0,0.0,0.0,1.0,0
1480323682438692656,465,1480323682433208969,,0,0,106.949996948,153.449996948,199.949996948,1.0,0.0,0.0,0.0,1.0,0.0,0.0,0.0,1.0,0
1480323682537403031,466,1480323682533217363,,0,0,107.180000305,153.779998779,200.380004883,1.0,0.0,0.0,0.0,1.0,0.0,0.0,0.0,1.0,0
1480323682638526267,467,1480323682633225184,,0,0,107.410003662,154.11000061,200.809997559,1.0,0.0,0.0,0.0,1.0,0.0,0.0,0.0,1.0,0
1480323682738395963,468,1480323682733254254,,0,0,107.63999939,154.440002441,201.240005493,1.0,0.0,0.0,0.0,1.0,0.0,0.0,0.0,1.0,0
1480323682837291182,469,1480323682833223898,,0,0,107.870002747,154.770004272,201.669998169,1.0,0.0,0.0,0.0,1.0,0.0,0.0,0.0,1.0,0
1480323682936158328,470,1480323682933232604,,0,0,108.099998474,155.100006104,202.100006104,1.0,0.0,0.0,0.0,1.0,0.0,0.0,0.0,1.0,0
1480323683035730368,471,1480323683033229279,,0,0,108.330001831,155.429992676,202.529998779,1.0,0.0,0.0,0.0,1.0,0.0,0.0,0.0,1.0,0
1480323683136424437,472,1480323683133215746,,0,0,108.559997559,155.759994507,202.960006714,1.0,0.0,0.0,0.0,1.0,0.0,0.0,0.0,1.0,0
1480323683236407831,473,1480323683233204296,,0,0,108.790000916,156.089996338,203.38999939,1.0,0.0,0.0,0.0,1.0,0.0,0.0,0.0,1.0,0
1480323683336157996,474,1480323683333219721,,0,0,109.019996643,156.419998169,203.820007324,1.0,0.0,0.0,0.0,1.0,0.0,0.0,0.0,1.0,0
1480323683435542485,475,1480323683433225979,,0,0,109.25,156.75,204.25,1.0,0.0,0.0,0.0,1.0,0.0,0.0,0.0,1.0,0
1480323683537547645,476,1480323683533218800,,0,0,109.480003357,157.080001831,204.679992676,1.0,0.0,0.0,0.0,1.0,0.0,0.0,0.0,1.0,0
1480323683637019634,477,1480323683633212610,,0,0,109.709999084,157.410003662,205.11000061,1.0,0.0,0.0,0.0,1.0,0.0,0.0,0.0,1.0,0
1480323683736509487,478,1480323683733221524,,0,0,109.940002441,157.740005493,205.539993286,1.0,0.0,0.0,0.0,1.0,0.0,0.0,0.0,1.0,0
1480323683835700694,479,1480323683833221220,,0,0,110.169998169,158.070007324,205.970001221,1.0,0.0,0.0,0.0,1.0,0.0,0.0,0.0,1.0,0
1480323683935818254,480,1480323683933220135,,0,0,110.400001526,158.399993896,206.399993896,1.0,0.0,0.0,0.0,1.0,0.0,0.0,0.0,1.0,0
1480323684035900033,481,1480323684033213997,,0,0,110.629997253,158.729995728,206.830001831,1.0,0.0,0.0,0.0,1.0,0.0,0.0,0.0,1.0,0
1480323684136841706,482,1480323684133214161,,0,0,110.86000061,159.059997559,207.259994507,1.0,0.0,0.0,0.0,1.0,0.0,0.0,0.0,1.0,0
1480323684235345363,483,1480323684233211045,,0,0,111.089996338,159.38999939,207.690002441,1.0,0.0,0.0,0.0,1.0,0.0,0.0,0.0,1.0,0
