%time,field.header.seq,field.header.stamp,field.header.frame_id,field.temperature,field.variance
1463662771454389518,488,1463662771257405368,,1529.0,-8.52000045776
1463662771454552980,489,1463662771272664598,,1530.0,-8.52000045776
1463662771454595591,490,1463662771288284819,,1529.0,-8.52000045776
1463662771454631690,491,1463662771312041164,,1530.0,-8.52000045776
1463662771454706857,492,1463662771326185017,,1529.0,-8.52000045776
1463662771454907200,493,1463662771338986324,,1529.0,-8.52000045776
1463662771454943872,494,1463662771355006189,,1529.0,-8.52000045776
1463662771455016435,495,1463662771382169246,,1530.0,-8.52000045776
1463662771455652365,496,1463662771398903073,,1530.0,-8.52000045776
1463662771456030755,497,1463662771418332619,,1530.0,-8.52000045776
1463662771456165828,498,1463662771432421672,,1530.0,-8.52000045776
1463662771458173578,499,1463662771454600748,,1530.0,-8.27999973297
1463662771480365781,500,1463662771467163789,,1529.0,-8.52000045776
1463662771491298837,501,1463662771484883702,,1529.0,-8.52000045776
1463662771507989272,502,1463662771503587306,,1530.0,-8.52000045776
1463662771519038543,503,1463662771516773150,,1529.0,-8.52000045776
1463662771550628779,504,1463662771523964495,,1529.0,-8.52000045776
1463662771566602439,505,1463662771533558338,,1530.0,-8.52000045776
1463662771566695109,506,1463662771542276164,,1530.0,-8.52000045776
1463662771567520234,507,1463662771552820828,,1530.0,-8.52000045776
1463662771590765720,508,1463662771580491201,,1529.0,-8.52000045776
1463662771608842823,509,1463662771598904761,,1529.0,-8.64000034332
1463662771624739701,510,1463662771613548168,,1530.0,-8.39999961853
1463662771641856138,511,1463662771627954196,,1530.0,-8.52000045776
1463662771657414058,512,1463662771638594864,,1530.0,-8.52000045776
1463662771773732130,513,1463662771651362989,,1530.0,-8.39999961853
1463662771774262366,514,1463662771658603613,,1530.0,-8.39999961853
1463662771774758222,515,1463662771675800478,,1529.0,-8.52000045776
1463662771775053683,516,1463662771695123967,,1529.0,-8.52000045776
1463662771775359042,517,1463662771715312430,,1529.0,-8.52000045776
1463662771776882345,518,1463662771730161128,,1530.0,-8.52000045776
1463662771777546247,519,1463662771743574298,,1529.0,-8.52000045776
1463662771777835509,520,1463662771751867997,,1529.0,-8.52000045776
1463662771779703187,521,1463662771760647239,,1529.0,-8.52000045776
1463662771944021366,522,1463662771781092928,,1529.0,-8.52000045776
1463662771944081531,523,1463662771798243797,,1529.0,-8.52000045776
1463662771944117058,524,1463662771811760055,,1530.0,-8.52000045776
1463662771944152428,525,1463662771829520704,,1529.0,-8.52000045776
1463662771944185037,526,1463662771853810723,,1529.0,-8.52000045776
1463662771944389078,527,1463662771865776227,,1530.0,-8.52000045776
1463662771944806276,528,1463662771886442157,,1530.0,-8.52000045776
1463662771945117886,529,1463662771912257146,,1530.0,-8.52000045776
1463662771945609158,530,1463662771934067156,,1530.0,-8.52000045776
1463662772007672533,531,1463662771969104370,,1529.0,-8.52000045776
1463662772016031867,532,1463662772005965817,,1529.0,-8.52000045776
1463662772070105339,533,1463662772063729376,,1530.0,-8.52000045776
1463662772115269757,534,1463662772086461088,,1530.0,-8.52000045776
1463662772136980794,535,1463662772125799836,,1530.0,-8.39999961853
1463662772160714948,536,1463662772156995116,,1530.0,-8.39999961853
1463662772199012914,537,1463662772192288775,,1530.0,-8.52000045776
1463662772299681698,538,1463662772218861586,,1530.0,-8.52000045776
1463662772299958250,539,1463662772240014986,,1529.0,-8.52000045776
1463662772301331113,540,1463662772250299298,,1529.0,-8.52000045776
1463662772302135609,541,1463662772265134610,,1530.0,-8.52000045776
1463662772302737836,542,1463662772278699573,,1530.0,-8.52000045776
1463662772419884574,543,1463662772298609609,,1530.0,-8.39999961853
1463662772419937811,544,1463662772329579750,,1530.0,-8.52000045776
1463662772425264553,545,1463662772360678089,,1529.0,-8.52000045776
1463662772425318728,546,1463662772389199580,,1529.0,-8.52000045776
1463662772447970218,547,1463662772443238619,,1530.0,-8.52000045776
1463662772504604962,548,1463662772501437453,,1529.0,-8.52000045776
1463662772571523184,549,1463662772512210693,,1530.0,-8.52000045776
1463662772572296165,550,1463662772532897408,,1530.0,-8.52000045776
1463662772574422267,551,1463662772556345790,,1529.0,-8.52000045776
1463662772664139086,552,1463662772582750555,,1530.0,-8.52000045776
1463662772669160104,553,1463662772607869033,,1530.0,-8.39999961853
1463662772669780458,554,1463662772635624887,,1530.0,-8.52000045776
1463662772670240319,555,1463662772666892470,,1530.0,-8.52000045776
1463662774064672076,556,1463662772696040930,,1529.0,-8.52000045776
1463662774064930344,557,1463662772722955617,,1530.0,-8.52000045776
1463662774065810112,558,1463662772751866020,,1529.0,-8.52000045776
1463662774066192722,559,1463662772783755103,,1529.0,-8.52000045776
1463662774066492559,560,1463662772811014893,,1530.0,-8.52000045776
1463662774066752337,561,1463662772842649823,,1529.0,-8.52000045776
1463662774067022482,562,1463662772870925235,,1530.0,-8.39999961853
1463662774067305858,563,1463662772891442133,,1530.0,-8.39999961853
1463662774067561730,564,1463662772912928291,,1530.0,-8.52000045776
1463662774069353772,565,1463662772934800290,,1530.0,-8.52000045776
1463662774071384911,566,1463662772955517009,,1530.0,-8.39999961853
1463662774072291819,567,1463662772978673212,,1529.0,-8.52000045776
1463662774072898213,568,1463662773004239100,,1530.0,-8.52000045776
1463662774073238368,569,1463662773023868000,,1529.0,-8.52000045776
1463662774073553989,570,1463662773045352491,,1529.0,-8.52000045776
1463662774073961915,571,1463662773066734832,,1529.0,-8.52000045776
1463662774074355516,572,1463662773081261243,,1529.0,-8.52000045776
1463662774075083230,573,1463662773097383884,,1529.0,-8.52000045776
1463662774076201576,574,1463662773117563856,,1529.0,-8.64000034332
1463662774076540950,575,1463662773139150134,,1529.0,-8.52000045776
1463662774076838703,576,1463662773159851018,,1529.0,-8.52000045776
1463662774077252411,577,1463662773183867819,,1530.0,-8.52000045776
1463662774077877818,578,1463662773200062919,,1529.0,-8.52000045776
1463662774081135966,579,1463662773226030431,,1529.0,-8.52000045776
1463662774082547742,580,1463662773247272594,,1530.0,-8.52000045776
1463662774083658482,581,1463662773269397860,,1530.0,-8.52000045776
1463662774083944932,582,1463662773293369862,,1530.0,-8.52000045776
1463662774084206013,583,1463662773319729360,,1530.0,-8.39999961853
1463662774084458707,584,1463662773340222817,,1529.0,-8.52000045776
1463662774084704161,585,1463662773361442373,,1530.0,-8.52000045776
1463662774084948781,586,1463662773383247486,,1530.0,-8.52000045776
1463662774085228042,587,1463662773408956105,,1529.0,-8.52000045776
1463662774085482559,588,1463662773438091178,,1529.0,-8.03999996185
1463662774086558243,589,1463662773470836900,,1529.0,-8.52000045776
1463662774086998257,590,1463662773495970067,,1530.0,-8.52000045776
1463662774087342163,591,1463662773521595965,,1530.0,-8.39999961853
1463662774087641166,592,1463662773543421446,,1530.0,-8.39999961853
1463662774087904748,593,1463662773566063873,,1530.0,-8.52000045776
1463662774089807795,594,1463662773594175406,,1530.0,-8.52000045776
1463662774092462883,595,1463662773618606332,,1530.0,-8.39999961853
1463662774093292227,596,1463662773642958236,,1529.0,-8.52000045776
1463662774093596961,597,1463662773668000035,,1530.0,-8.52000045776
1463662774093826423,598,1463662773693245198,,1529.0,-8.52000045776
1463662774094068074,599,1463662773716091771,,1530.0,-8.52000045776
1463662774094298421,600,1463662773739497177,,1529.0,-8.52000045776
1463662774094537728,601,1463662773761630673,,1530.0,-8.52000045776
1463662774094769325,602,1463662773783009159,,1529.0,-8.52000045776
1463662774094987014,603,1463662773807638032,,1529.0,-8.64000034332
1463662774095362800,604,1463662773832014158,,1530.0,-8.39999961853
1463662774096029203,605,1463662773853491461,,1529.0,-8.52000045776
1463662774096336958,606,1463662773873160991,,1530.0,-8.52000045776
1463662774096614447,607,1463662773896691469,,1530.0,-8.39999961853
1463662774097041491,608,1463662773919916900,,1529.0,-8.52000045776
1463662774097332264,609,1463662773957080216,,1529.0,-8.27999973297
1463662774097582875,610,1463662773979966169,,1529.0,-8.52000045776
1463662774097810774,611,1463662774005394069,,1530.0,-8.52000045776
1463662774099596877,612,1463662774029019613,,1529.0,-8.52000045776
1463662774102020159,613,1463662774049592613,,1529.0,-8.52000045776
1463662774103337649,614,1463662774057134688,,1529.0,-8.64000034332
1463662774104343687,615,1463662774066111095,,1529.0,-8.64000034332
1463662774104798234,616,1463662774087737483,,1525.0,-9.11999988556
1463662774532412548,617,1463662774099566091,,1525.0,-9.11999988556
1463662774534565112,618,1463662774115553555,,1530.0,-8.39999961853
1463662774535595632,619,1463662774135405873,,1530.0,-8.39999961853
1463662774535945945,620,1463662774173165686,,1530.0,-8.39999961853
1463662774535986785,621,1463662774207100181,,1530.0,-8.52000045776
1463662774536197233,622,1463662774237098405,,1530.0,-8.52000045776
1463662774536414975,623,1463662774265402363,,1529.0,-8.52000045776
1463662774536644853,624,1463662774288877728,,1529.0,-8.64000034332
1463662774536830037,625,1463662774300883602,,1529.0,-8.52000045776
1463662774536867178,626,1463662774311525729,,1529.0,-8.52000045776
1463662774537116487,627,1463662774323236038,,1530.0,-8.52000045776
1463662774537303598,628,1463662774346139233,,1530.0,-8.52000045776
1463662774537340375,629,1463662774359524430,,1530.0,-8.52000045776
1463662774537965990,630,1463662774380223855,,1529.0,-8.52000045776
1463662774538027197,631,1463662774394424800,,1530.0,-8.52000045776
1463662774538546546,632,1463662774426411814,,1529.0,-8.52000045776
1463662774539127415,633,1463662774457408158,,1529.0,-8.52000045776
1463662774539533362,634,1463662774499879358,,1530.0,-8.39999961853
1463662774539833355,635,1463662774525500515,,1530.0,-8.52000045776
1463662775837435970,636,1463662774530359686,,1530.0,-8.52000045776
1463662775837691269,637,1463662774576152116,,1530.0,-8.39999961853
1463662775837738620,638,1463662774623903280,,1530.0,-8.52000045776
1463662775839738141,639,1463662774667919452,,1530.0,-8.52000045776
1463662775839973957,640,1463662774719552347,,1529.0,-8.52000045776
1463662775840018860,641,1463662774740966360,,1530.0,-8.52000045776
1463662775840259990,642,1463662774763688330,,1529.0,-8.52000045776
1463662775840848412,643,1463662774784816466,,1530.0,-8.52000045776
1463662775840899045,644,1463662774810790124,,1530.0,-8.39999961853
1463662775841892216,645,1463662774836301682,,1530.0,-8.52000045776
1463662775842245185,646,1463662774841422299,,1530.0,-8.39999961853
1463662775842609251,647,1463662774846740497,,1530.0,-8.39999961853
1463662775842661082,648,1463662774866847593,,1529.0,-8.52000045776
1463662775842925601,649,1463662774893650283,,1530.0,-8.52000045776
1463662775844637265,650,1463662774905855979,,1530.0,-8.52000045776
1463662775845025605,651,1463662774921933613,,1529.0,-8.52000045776
1463662775846612980,652,1463662774950122294,,1529.0,-8.64000034332
1463662775846990537,653,1463662774983297820,,1529.0,-8.52000045776
1463662775847228698,654,1463662775013980523,,1530.0,-8.52000045776
1463662775847276101,655,1463662775039165573,,1529.0,-8.52000045776
1463662775847531712,656,1463662775073253425,,1530.0,-8.52000045776
1463662775847803524,657,1463662775092274785,,1530.0,-8.52000045776
1463662775850076680,658,1463662775132213832,,1530.0,-8.52000045776
1463662775850178726,659,1463662775168831961,,1530.0,-8.39999961853
1463662775850348127,660,1463662775196380232,,1530.0,-8.39999961853
1463662775850671978,661,1463662775230950292,,1530.0,-8.52000045776
1463662775851781520,662,1463662775243590429,,1529.0,-8.52000045776
1463662775853108283,663,1463662775257295726,,1529.0,-8.52000045776
1463662775853415986,664,1463662775272171043,,1529.0,-8.39999961853
1463662775853769372,665,1463662775306984734,,1529.0,-8.52000045776
1463662775875904535,666,1463662775333997664,,1530.0,-8.52000045776
1463662775876002571,667,1463662775353589318,,1529.0,-8.52000045776
1463662775876044452,668,1463662775367138654,,1530.0,-8.52000045776
1463662775876101752,669,1463662775389207713,,1529.0,-8.52000045776
1463662775876136601,670,1463662775404405579,,1529.0,-8.52000045776
1463662775876171763,671,1463662775423811216,,1529.0,-8.64000034332
1463662775876208852,672,1463662775437307471,,1529.0,-8.52000045776
1463662775876246253,673,1463662775450272187,,1529.0,-8.52000045776
1463662775876281832,674,1463662775458919482,,1530.0,-8.52000045776
1463662775876316837,675,1463662775494208296,,1534.0,-8.52000045776
1463662775891839648,676,1463662775525463481,,1530.0,-8.52000045776
1463662775891895073,677,1463662775540339996,,1529.0,-8.52000045776
1463662775891931953,678,1463662775563911417,,1530.0,-8.52000045776
1463662775892084737,679,1463662775579496946,,1529.0,-8.52000045776
1463662775892126775,680,1463662775599974567,,1529.0,-8.64000034332
1463662775892201577,681,1463662775618934824,,1529.0,-8.52000045776
1463662775892243407,682,1463662775636502058,,1529.0,-8.52000045776
1463662775892284923,683,1463662775653282559,,1529.0,-8.52000045776
1463662775892338838,684,1463662775676205653,,1529.0,-8.52000045776
1463662775892393950,685,1463662775732759238,,1530.0,-8.52000045776
1463662775892549911,686,1463662775759085971,,1530.0,-8.39999961853
1463662775892590126,687,1463662775779377054,,1530.0,-8.39999961853
1463662775892627736,688,1463662775809560931,,1530.0,-8.52000045776
1463662775892663887,689,1463662775843075259,,1529.0,-8.52000045776
1463662775955029287,690,1463662775881635452,,1530.0,-8.52000045776
1463662775955304745,691,1463662775909384483,,1529.0,-8.52000045776
1463662775955418095,692,1463662775920346449,,1530.0,-8.52000045776
1463662775955895042,693,1463662775944513481,,1530.0,-8.52000045776
1463662777048481046,694,1463662775958728178,,1580.0,-8.52000045776
1463662777048777966,695,1463662775977336455,,1580.0,-8.52000045776
1463662777049220376,696,1463662775997409952,,1580.0,-8.52000045776
1463662777049717014,697,1463662776012515304,,1580.0,-8.52000045776
1463662777049766084,698,1463662776027534654,,1580.0,-8.52000045776
1463662777049814789,699,1463662776038679460,,1580.0,-8.52000045776
1463662777051882757,700,1463662776052863840,,1580.0,-8.52000045776
1463662777051951518,701,1463662776063335941,,1580.0,-8.52000045776
1463662777052144047,702,1463662776078293302,,1580.0,-8.52000045776
1463662777055284989,703,1463662776089206772,,1580.0,-8.52000045776
1463662777055336820,704,1463662776098367894,,1580.0,-8.52000045776
1463662777055600297,705,1463662776109472017,,1580.0,-8.52000045776
1463662777055884976,706,1463662776129421173,,1580.0,-8.52000045776
1463662777056241592,707,1463662776142554769,,1580.0,-8.52000045776
1463662777056429016,708,1463662776158788781,,1580.0,-8.52000045776
1463662777056820950,709,1463662776171342238,,1580.0,-8.52000045776
1463662777056919038,710,1463662776192681708,,1580.0,-8.52000045776
1463662777057007228,711,1463662776204296898,,1580.0,-8.52000045776
1463662777057052808,712,1463662776235822644,,1580.0,-8.52000045776
1463662777058144587,713,1463662776276314067,,1580.0,-8.39999961853
1463662777058522717,714,1463662776322926569,,1580.0,-8.52000045776
1463662777058570381,715,1463662776375679268,,1580.0,-8.39999961853
1463662777058833077,716,1463662776421999590,,1580.0,-8.27999973297
1463662777060925059,717,1463662776462030058,,1580.0,-8.52000045776
1463662777060990954,718,1463662776493456466,,1580.0,-8.52000045776
1463662777061848480,719,1463662776531938731,,1580.0,-8.52000045776
1463662777061936253,720,1463662776562499749,,1580.0,-8.52000045776
1463662777062662977,721,1463662776601220747,,1580.0,-8.52000045776
1463662777063417050,722,1463662776617935769,,1580.0,-8.52000045776
1463662777065941753,723,1463662776635879102,,1580.0,-8.52000045776
1463662777066382080,724,1463662776647351197,,1580.0,-8.52000045776
1463662777066609615,725,1463662776676800589,,1580.0,-8.52000045776
1463662777067300448,726,1463662776706566278,,1580.0,-8.52000045776
1463662777067342902,727,1463662776733061578,,1580.0,-8.52000045776
1463662777067632686,728,1463662776758693414,,1580.0,-8.52000045776
1463662777067698112,729,1463662776784540387,,1580.0,-8.52000045776
1463662777067739316,730,1463662776792743552,,1580.0,-8.76000022888
1463662777067774686,731,1463662776806051029,,1580.0,-8.76000022888
1463662777067808702,732,1463662776813566277,,1580.0,-8.52000045776
1463662777068618355,733,1463662776823138399,,1580.0,-8.52000045776
1463662777068775254,734,1463662776834253878,,1580.0,-8.52000045776
1463662777072199833,735,1463662776841367764,,1580.0,-8.52000045776
1463662777072888218,736,1463662776851157522,,1580.0,-8.52000045776
1463662777073177116,737,1463662776862454643,,1580.0,-8.64000034332
1463662777073527950,738,1463662776870280929,,1580.0,-8.64000034332
1463662777073580093,739,1463662776880230815,,1580.0,-8.64000034332
1463662777073618381,740,1463662776889836067,,1580.0,-8.52000045776
1463662777073660366,741,1463662776900271235,,1580.0,-8.52000045776
1463662777073999844,742,1463662776912513290,,1580.0,-8.52000045776
1463662777074049539,743,1463662776931382804,,1580.0,-8.52000045776
1463662777074195082,744,1463662776935663606,,1580.0,-8.52000045776
1463662777074235349,745,1463662776942120622,,1580.0,-8.52000045776
1463662777074469290,746,1463662776953665385,,1580.0,-8.64000034332
1463662777074820697,747,1463662776992505569,,1580.0,-8.52000045776
1463662777078076501,748,1463662777020099941,,1580.0,-8.52000045776
1463662777078495366,749,1463662777039437338,,1580.0,-8.52000045776
1463662777079111709,750,1463662777051472070,,1580.0,-8.64000034332
1463662777079920581,751,1463662777071336317,,1580.0,-8.64000034332
1463662777244261785,752,1463662777081461335,,1580.0,-9.23999977112
1463662777244302676,753,1463662777108135151,,1580.0,-8.52000045776
1463662777244347839,754,1463662777133463608,,1580.0,-8.52000045776
1463662777244491455,755,1463662777165140576,,1580.0,-8.64000034332
1463662777244575947,756,1463662777193768489,,1580.0,-8.52000045776
1463662777244633455,757,1463662777211271755,,1580.0,-8.52000045776
1463662777244667940,758,1463662777219251813,,1580.0,-8.52000045776
1463662777244865209,759,1463662777238498676,,1580.0,-8.52000045776
1463662778297686984,760,1463662777250941699,,1580.0,-9.84000015259
1463662778298008751,761,1463662777264107956,,1580.0,-9.84000015259
1463662778298308380,762,1463662777289952168,,1580.0,-9.84000015259
1463662778298607800,763,1463662777299747449,,1580.0,-8.52000045776
1463662778298916336,764,1463662777313160254,,1580.0,-8.52000045776
1463662778299208776,765,1463662777322895993,,1580.0,-8.39999961853
1463662778299541691,766,1463662777341585584,,1580.0,-8.39999961853
1463662778299843768,767,1463662777350056290,,1580.0,-8.39999961853
1463662778300119538,768,1463662777367740781,,1580.0,-8.39999961853
1463662778301896786,769,1463662777379352325,,1580.0,-8.52000045776
1463662778302929546,770,1463662777388766922,,1580.0,-8.52000045776
1463662778303253657,771,1463662777395980302,,1580.0,-8.52000045776
1463662778303687889,772,1463662777408618876,,1580.0,-8.52000045776
1463662778303969703,773,1463662777436174492,,1580.0,-8.52000045776
1463662778304227867,774,1463662777488393673,,1580.0,-8.52000045776
1463662778304477123,775,1463662777520646561,,1580.0,-8.52000045776
1463662778304725806,776,1463662777554322319,,1580.0,-8.52000045776
1463662778304979022,777,1463662777593336956,,1580.0,-8.52000045776
1463662778305240363,778,1463662777630068540,,1580.0,-8.39999961853
1463662778305532178,779,1463662777677005258,,1580.0,-8.64000034332
1463662778305795968,780,1463662777724069703,,1580.0,-8.52000045776
1463662778306084397,781,1463662777763765901,,1580.0,-8.52000045776
1463662778306371836,782,1463662777802272544,,1580.0,-8.52000045776
1463662778306665578,783,1463662777839222442,,1580.0,-8.52000045776
1463662778307003494,784,1463662777865762697,,1580.0,-8.52000045776
1463662778307298382,785,1463662777904470256,,1580.0,-9.0
1463662778307616659,786,1463662777953708050,,1580.0,-8.52000045776
1463662778307949105,787,1463662777984742264,,1580.0,-8.52000045776
1463662778308227741,788,1463662778023973548,,1580.0,-8.39999961853
1463662778308506325,789,1463662778078022381,,1580.0,-8.39999961853
1463662778308961497,790,1463662778134354162,,1580.0,-8.52000045776
1463662778309272794,791,1463662778187134522,,1580.0,-7.80000019073
1463662778309605188,792,1463662778238780700,,1580.0,-8.52000045776
1463662778310094585,793,1463662778297120596,,1580.0,-8.52000045776
1463662778426388070,794,1463662778357882004,,1580.0,-8.52000045776
1463662778426423909,795,1463662778407178453,,1580.0,-8.52000045776
1463662778483220916,796,1463662778463780118,,1580.0,-9.23999977112
1463662778497779102,797,1463662778493502728,,1580.0,-8.52000045776
1463662778627856646,798,1463662778515717226,,1580.0,-8.52000045776
1463662778627897225,799,1463662778525844795,,1580.0,-8.52000045776
1463662778628170600,800,1463662778547934847,,1580.0,-8.52000045776
1463662778628365994,801,1463662778566109986,,1580.0,-8.52000045776
1463662778628626189,802,1463662778573073849,,1580.0,-8.52000045776
1463662778628669112,803,1463662778600005985,,1580.0,-8.52000045776
1463662778628702659,804,1463662778616356786,,1580.0,-7.19999980927
1463662778629152675,805,1463662778623289759,,1580.0,-7.19999980927
1463662778964708306,806,1463662778637056576,,1580.0,-8.52000045776
1463662778964767013,807,1463662778651184281,,1580.0,-8.52000045776
1463662778964802904,808,1463662778662402952,,1580.0,-8.52000045776
1463662778964838847,809,1463662778669363534,,1580.0,-8.52000045776
1463662778964871821,810,1463662778679325506,,1580.0,-8.52000045776
1463662778965060078,811,1463662778692716068,,1580.0,-8.52000045776
1463662778965766539,812,1463662778701081184,,1580.0,-8.52000045776
1463662778966082576,813,1463662778716756779,,1580.0,-8.39999961853
1463662778966125030,814,1463662778732604378,,1580.0,-8.39999961853
1463662778966336521,815,1463662778756075680,,1580.0,-8.52000045776
1463662778966376423,816,1463662778769608399,,1580.0,-8.52000045776
1463662778966715380,817,1463662778777346025,,1580.0,-8.52000045776
1463662778966781067,818,1463662778794719949,,1580.0,-8.03999996185
1463662778966824876,819,1463662778811629167,,1580.0,-8.52000045776
1463662778966860298,820,1463662778835254607,,1580.0,-8.52000045776
1463662778967173991,821,1463662778846362741,,1580.0,-8.52000045776
1463662778967991250,822,1463662778866587043,,1580.0,-8.39999961853
1463662778971198140,823,1463662778891911124,,1580.0,-8.52000045776
1463662778971831048,824,1463662778914618561,,1580.0,-8.64000034332
1463662778971882045,825,1463662778938592803,,1580.0,-8.52000045776
1463662778972341385,826,1463662778963116608,,1580.0,-8.52000045776
1463662779092558639,827,1463662778988362344,,1580.0,-8.39999961853
1463662779098895168,828,1463662779011737277,,1580.0,-8.52000045776
1463662779099246002,829,1463662779038998474,,1580.0,-8.52000045776
1463662779099813588,830,1463662779064804451,,1580.0,-8.15999984741
1463662779100206460,831,1463662779088395928,,1580.0,-8.52000045776
1463662779641242366,832,1463662779112204676,,1580.0,-8.39999961853
1463662779641308105,833,1463662779138092541,,1580.0,-8.52000045776
1463662779641355664,834,1463662779160155193,,1580.0,-8.52000045776
1463662779641397285,835,1463662779181688390,,1580.0,-8.52000045776
1463662779641435520,836,1463662779207690594,,1580.0,-8.52000045776
1463662779641476620,837,1463662779228294172,,1580.0,-8.52000045776
1463662779641516366,838,1463662779248179151,,1580.0,-8.52000045776
1463662779641555070,839,1463662779271688949,,1580.0,-8.52000045776
1463662779641598878,840,1463662779297603171,,1580.0,-8.52000045776
1463662779641643416,841,1463662779321571736,,1580.0,-8.52000045776
1463662779641684308,842,1463662779347467466,,1580.0,-7.67999982834
1463662779641725616,843,1463662779371317992,,1580.0,-8.52000045776
1463662779641766143,844,1463662779388154335,,1580.0,-8.52000045776
1463662779641803492,845,1463662779408076507,,1580.0,-8.52000045776
1463662779641842196,846,1463662779428987214,,1580.0,-8.52000045776
1463662779641879806,847,1463662779456096878,,1580.0,-8.52000045776
1463662779641914238,848,1463662779480084664,,1580.0,-8.64000034332
1463662779641952577,849,1463662779504473240,,1580.0,-8.52000045776
1463662779641991854,850,1463662779525936687,,1580.0,-8.52000045776
1463662779642032173,851,1463662779546695444,,1580.0,-8.52000045776
1463662779642067334,852,1463662779568753095,,1580.0,-8.39999961853
1463662779642106403,853,1463662779593368111,,1580.0,-8.52000045776
1463662779642142554,854,1463662779614158644,,1580.0,-8.52000045776
1463662779642176518,855,1463662779633958246,,1580.0,-8.39999961853
1463662779703107638,856,1463662779661087809,,1580.0,-8.52000045776
1463662779703400703,857,1463662779675474406,,1580.0,-8.52000045776
1463662779703647928,858,1463662779683740081,,1580.0,-8.52000045776
1463662779704919735,859,1463662779693620634,,1580.0,-8.52000045776
1463662779887360336,860,1463662779703707208,,1580.0,-8.52000045776
1463662779887601883,861,1463662779718920754,,1580.0,-8.52000045776
1463662779887878122,862,1463662779723741116,,1580.0,-8.52000045776
1463662779888129879,863,1463662779733714444,,1580.0,-8.52000045776
1463662779888454407,864,1463662779748416037,,1580.0,-8.52000045776
1463662779888499101,865,1463662779757336915,,1580.0,-8.52000045776
1463662779888728042,866,1463662779785557058,,1580.0,-9.47999954224
1463662779888774403,867,1463662779812638905,,1580.0,-8.52000045776
1463662779889497950,868,1463662779844385778,,1580.0,-8.39999961853
1463662779889873475,869,1463662779874559342,,1580.0,-8.64000034332
1463662779944953557,870,1463662779902766098,,1580.0,-8.64000034332
1463662779945356847,871,1463662779928860191,,1580.0,-8.52000045776
1463662779967142009,872,1463662779957171599,,1580.0,-8.52000045776
1463662780035207384,873,1463662779982382121,,1580.0,-8.39999961853
1463662780035266195,874,1463662780006509981,,1580.0,-8.52000045776
1463662780035711105,875,1463662780031894280,,1580.0,-8.52000045776
1463662780066678799,876,1463662780054670008,,1580.0,-8.52000045776
1463662780081890938,877,1463662780077400833,,1580.0,-8.52000045776
1463662780111835613,878,1463662780104262959,,1580.0,-8.52000045776
1463662780148764518,879,1463662780126971698,,1580.0,-8.52000045776
1463662780169408466,880,1463662780154405890,,1580.0,-8.39999961853
1463662780176708839,881,1463662780174834181,,1580.0,-8.52000045776
1463662780211286608,882,1463662780188132073,,1580.0,-8.52000045776
1463662780216232615,883,1463662780210094605,,1580.0,-8.52000045776
1463662780251028438,884,1463662780224399628,,1580.0,-8.52000045776
1463662780279926288,885,1463662780247568228,,1580.0,-8.39999961853
1463662780280198725,886,1463662780257859052,,1580.0,-8.52000045776
1463662780280646657,887,1463662780273435361,,1580.0,-8.52000045776
1463662780290958994,888,1463662780283496514,,1580.0,-8.39999961853
1463662780304017162,889,1463662780291030255,,1580.0,-8.39999961853
1463662780373618550,890,1463662780301813809,,1580.0,-7.44000005722
1463662780373653920,891,1463662780314319394,,1580.0,-7.44000005722
1463662780373688717,892,1463662780326046528,,1580.0,-8.52000045776
1463662780373722628,893,1463662780339146786,,1580.0,-8.52000045776
1463662780373757842,894,1463662780364645321,,1580.0,-8.52000045776
1463662780420205319,895,1463662780405468408,,1580.0,-8.39999961853
1463662780439447597,896,1463662780422896089,,1580.0,-8.39999961853
1463662780439790566,897,1463662780437499803,,1580.0,-8.52000045776
1463662780485020255,898,1463662780454113821,,1580.0,-8.64000034332
1463662780485443652,899,1463662780468283302,,1580.0,-8.52000045776
1463662780485489284,900,1463662780483190291,,1580.0,-8.52000045776
1463662780668214407,901,1463662780506454218,,1580.0,-8.15999984741
1463662780668568940,902,1463662780517296271,,1580.0,-8.52000045776
1463662780668838095,903,1463662780527726855,,1580.0,-8.52000045776
1463662780669083809,904,1463662780557476344,,1580.0,-8.52000045776
1463662780669312021,905,1463662780578621045,,1580.0,-8.52000045776
1463662780669534554,906,1463662780594510421,,1580.0,-8.39999961853
1463662780670003479,907,1463662780608847272,,1580.0,-8.52000045776
1463662780670614873,908,1463662780621347231,,1580.0,-8.52000045776
1463662780671151777,909,1463662780635433211,,1580.0,-8.39999961853
1463662780671601897,910,1463662780645835614,,1580.0,-8.39999961853
1463662780684570260,911,1463662780666207646,,1580.0,-8.64000034332
1463662780825518455,912,1463662780683614179,,1580.0,-8.39999961853
1463662780825811989,913,1463662780707001405,,1580.0,-8.52000045776
1463662780826094323,914,1463662780722906045,,1580.0,-8.52000045776
1463662780826349778,915,1463662780745853361,,1580.0,-8.52000045776
1463662780826823600,916,1463662780762396066,,1580.0,-8.52000045776
1463662780827128437,917,1463662780777825894,,1580.0,-8.52000045776
1463662780827710452,918,1463662780794180341,,1580.0,-8.52000045776
1463662780828651584,919,1463662780816457973,,1580.0,-8.64000034332
1463662780882641241,920,1463662780836250335,,1580.0,-8.52000045776
1463662780883086099,921,1463662780854504599,,1580.0,-8.52000045776
1463662780883415055,922,1463662780872907272,,1580.0,-8.39999961853
1463662781262733488,923,1463662780886793013,,1580.0,-8.39999961853
1463662781263019781,924,1463662780899384652,,1580.0,-8.39999961853
1463662781263325244,925,1463662780910968171,,1580.0,-8.39999961853
1463662781263669462,926,1463662780921371772,,1580.0,-8.39999961853
1463662781263953047,927,1463662780931267171,,1580.0,-8.52000045776
1463662781264261479,928,1463662780945034457,,1580.0,-8.52000045776
1463662781264581214,929,1463662780957803988,,1580.0,-8.64000034332
1463662781264887250,930,1463662780973035453,,1580.0,-8.52000045776
1463662781265372896,931,1463662780984526822,,1580.0,-8.52000045776
1463662781265698258,932,1463662780995462222,,1580.0,-8.52000045776
1463662781265988979,933,1463662781008702762,,1580.0,-8.52000045776
1463662781266286784,934,1463662781033276730,,1580.0,-7.19999980927
1463662781266546303,935,1463662781055779032,,1580.0,-8.52000045776
1463662781266820875,936,1463662781074031265,,1580.0,-8.52000045776
1463662781267085134,937,1463662781099796923,,1580.0,-8.64000034332
1463662781267406537,938,1463662781120339398,,1580.0,-7.92000007629
1463662781267727887,939,1463662781144639419,,1580.0,-8.52000045776
1463662781267990114,940,1463662781164815223,,1580.0,-8.52000045776
1463662781268256196,941,1463662781185284666,,1580.0,-8.52000045776
1463662781268546448,942,1463662781203880962,,1580.0,-8.64000034332
1463662781268872591,943,1463662781215646174,,1580.0,-8.03999996185
1463662781269429811,944,1463662781227635744,,1580.0,-8.52000045776
1463662781269786583,945,1463662781258597551,,1580.0,-8.52000045776
1463662781375399186,946,1463662781308113929,,1580.0,-8.64000034332
1463662781375793828,947,1463662781356564104,,1580.0,-8.52000045776
1463662781409650916,948,1463662781399537203,,1580.0,-8.15999984741
1463662781445943736,949,1463662781439020035,,1580.0,-8.52000045776
1463662781491545565,950,1463662781486691864,,1580.0,-8.52000045776
1463662781528370184,951,1463662781525383066,,1580.0,-8.52000045776
1463662781562089855,952,1463662781558354395,,1580.0,-8.39999961853
1463662781605465514,953,1463662781595167606,,1580.0,-8.52000045776
1463662781663197246,954,1463662781629046260,,1580.0,-8.52000045776
1463662781669982437,955,1463662781662178603,,1580.0,18.2399997711
1463662781713742008,956,1463662781699497984,,1580.0,18.3600006104
1463662781734556190,957,1463662781731807286,,1580.0,18.3600006104
1463662781778593564,958,1463662781773363921,,1580.0,18.8400001526
1463662781796306758,959,1463662781789804996,,1580.0,18.3600006104
1463662781823756316,960,1463662781810921828,,1580.0,18.3600006104
1463662781844133870,961,1463662781832953642,,1580.0,18.3600006104
1463662781875468598,962,1463662781849975168,,1580.0,18.3600006104
1463662781877979602,963,1463662781866407596,,1580.0,18.3600006104
1463662781908878275,964,1463662781881718968,,1580.0,18.3600006104
1463662781909037986,965,1463662781901059647,,1580.0,19.5599994659
1463662781937066434,966,1463662781916338671,,1580.0,19.5599994659
1463662781951354371,967,1463662781935271320,,1580.0,18.3600006104
1463662781951723229,968,1463662781942180435,,1580.0,18.3600006104
1463662781965622253,969,1463662781952870694,,1580.0,18.3600006104
1463662781979084910,970,1463662781973301485,,1580.0,18.2399997711
1463662782006402052,971,1463662781989456839,,1580.0,19.4400005341
1463662782006826127,972,1463662781997484092,,1580.0,19.4400005341
1463662782048849759,973,1463662782022503701,,1580.0,19.4400005341
1463662782073806077,974,1463662782042051650,,1580.0,18.7199993134
1463662782073867649,975,1463662782057574149,,1580.0,18.7199993134
1463662782078783182,976,1463662782071938556,,1580.0,18.7199993134
1463662782122319803,977,1463662782091701173,,1580.0,16.2000007629
1463662782122414714,978,1463662782104240773,,1580.0,18.7199993134
1463662782122458574,979,1463662782117746613,,1580.0,18.7199993134
1463662782196177875,980,1463662782132776537,,1580.0,18.7199993134
1463662782196225851,981,1463662782137825164,,1580.0,18.8400001526
1463662782196527355,982,1463662782143718761,,1580.0,18.8400001526
1463662782196762703,983,1463662782152649276,,1580.0,18.8400001526
1463662782196990810,984,1463662782166437033,,1580.0,18.8400001526
1463662782197222616,985,1463662782178797492,,1580.0,18.7199993134
1463662782397615717,986,1463662782198702110,,1580.0,18.7199993134
1463662782397953945,987,1463662782217544015,,1580.0,18.7199993134
1463662782398304727,988,1463662782238444877,,1580.0,18.6000003815
1463662782398593000,989,1463662782263516108,,1580.0,18.6000003815
1463662782398869135,990,1463662782285091134,,1580.0,18.7199993134
1463662782399116725,991,1463662782307459822,,1580.0,18.8400001526
1463662782399632949,992,1463662782331261122,,1580.0,18.8400001526
1463662782402770974,993,1463662782361885430,,1580.0,18.8400001526
1463662782423525408,994,1463662782399247682,,1580.0,18.7199993134
1463662782478175529,995,1463662782453408979,,1580.0,18.8400001526
1463662782521002408,996,1463662782513061418,,1580.0,18.7199993134
1463662782615684767,997,1463662782587685230,,1580.0,18.8400001526
1463662782666322460,998,1463662782650211070,,1580.0,18.8400001526
1463662782708534246,999,1463662782687512584,,1580.0,18.7199993134
1463662782753224322,1000,1463662782707116792,,1580.0,18.8400001526
1463662782755433770,1001,1463662782726255774,,1580.0,18.7199993134
1463662782755976404,1002,1463662782739783492,,1580.0,18.7199993134
1463662782811645012,1003,1463662782760355294,,1580.0,18.7199993134
1463662782812184208,1004,1463662782778555071,,1580.0,18.3600006104
1463662782812646569,1005,1463662782801818790,,1580.0,18.7199993134
1463662782870035750,1006,1463662782816347232,,1580.0,18.7199993134
1463662782870091904,1007,1463662782827291071,,1580.0,18.7199993134
1463662782872935875,1008,1463662782836420730,,1580.0,18.7199993134
1463662782874171113,1009,1463662782849378831,,1580.0,18.2399997711
1463662782895688579,1010,1463662782871167118,,1580.0,18.2399997711
1463662782912530703,1011,1463662782903976235,,1580.0,18.7199993134
1463662782971136786,1012,1463662782934092759,,1580.0,18.7199993134
1463662782971187366,1013,1463662782954592675,,1580.0,18.8400001526
1463662782991702285,1014,1463662782975637152,,1580.0,18.8400001526
1463662783013246785,1015,1463662782996033772,,1580.0,18.8400001526
1463662783029135433,1016,1463662783011215073,,1580.0,18.8400001526
1463662783046420906,1017,1463662783037601762,,1580.0,18.7199993134
1463662783082108686,1018,1463662783045410701,,1580.0,19.5599994659
1463662783091405975,1019,1463662783077961602,,1580.0,19.5599994659
1463662783126088083,1020,1463662783112518535,,1580.0,18.2399997711
1463662783179253188,1021,1463662783120742484,,1580.0,18.2399997711
1463662783399271699,1022,1463662783133736997,,1580.0,19.6800003052
1463662783399318893,1023,1463662783144192325,,1580.0,19.6800003052
1463662783399648578,1024,1463662783151920626,,1580.0,18.3600006104
1463662783399697127,1025,1463662783158610490,,1580.0,18.3600006104
1463662783400115628,1026,1463662783178031754,,1580.0,18.3600006104
1463662783400170897,1027,1463662783197468332,,1580.0,18.2399997711
1463662783400206996,1028,1463662783211111172,,1580.0,18.2399997711
1463662783400741295,1029,1463662783226031236,,1580.0,18.2399997711
1463662783401062542,1030,1463662783246139634,,1580.0,18.2399997711
1463662783401349564,1031,1463662783264211268,,1580.0,18.2399997711
1463662783401812655,1032,1463662783287612976,,1580.0,18.2399997711
1463662783402013571,1033,1463662783299573687,,1580.0,18.3600006104
1463662783403618917,1034,1463662783312703949,,1580.0,18.3600006104
1463662783404182648,1035,1463662783329919151,,1580.0,18.3600006104
1463662783410715925,1036,1463662783340755109,,1580.0,18.3600006104
1463662783411376077,1037,1463662783367585668,,1580.0,18.3600006104
1463662783411770980,1038,1463662783406179981,,1580.0,18.3600006104
1463662783558410294,1039,1463662783441288143,,1580.0,18.6000003815
1463662783558684658,1040,1463662783479461246,,1580.0,18.3600006104
1463662783559297094,1041,1463662783517578091,,1535.0,18.0
1463662783573567425,1042,1463662783558140722,,1530.0,17.8799991608
1463662783620670209,1043,1463662783594919240,,1530.0,17.7600002289
1463662783621107410,1044,1463662783611935766,,1529.0,17.7600002289
1463662783655086183,1045,1463662783644951269,,1529.0,17.7600002289
1463662783689235451,1046,1463662783682317844,,1530.0,17.8799991608
1463662783725107426,1047,1463662783722163231,,1530.0,17.8799991608
1463662783765492009,1048,1463662783757910292,,1530.0,17.8799991608
1463662783832736582,1049,1463662783796153614,,1529.0,17.7600002289
1463662783833093615,1050,1463662783823797525,,1529.0,17.8799991608
1463662783920959113,1051,1463662783853395272,,1529.0,17.7600002289
1463662783921503466,1052,1463662783881934370,,1529.0,17.8799991608
1463662783921866541,1053,1463662783911460909,,1529.0,17.7600002289
1463662784025624645,1054,1463662783939244684,,1529.0,17.7600002289
1463662784025871870,1055,1463662783965537922,,1530.0,17.8799991608
1463662784026303498,1056,1463662783992761874,,1530.0,17.8799991608
1463662784026664437,1057,1463662784020111730,,1530.0,17.8799991608
1463662784165528776,1058,1463662784045721011,,1529.0,17.8799991608
1463662784165809443,1059,1463662784073515205,,1530.0,17.8799991608
1463662784166054168,1060,1463662784100516414,,1530.0,17.8799991608
1463662784166301340,1061,1463662784125405326,,1530.0,16.2000007629
1463662784166727811,1062,1463662784153031005,,1529.0,17.7600002289
1463662784212817838,1063,1463662784180965376,,1529.0,17.7600002289
1463662784213370265,1064,1463662784205597895,,1489.0,17.7600002289
1463662784242304996,1065,1463662784235156261,,1486.0,17.8799991608
1463662784337923330,1066,1463662784265865738,,1469.0,17.7600002289
1463662784338369387,1067,1463662784294653363,,1470.0,17.8799991608
1463662784338741786,1068,1463662784322445734,,1469.0,17.8799991608
1463662784422506457,1069,1463662784345911618,,1469.0,17.7600002289
1463662784424623755,1070,1463662784375177545,,1469.0,17.7600002289
1463662784426071526,1071,1463662784396825394,,1469.0,16.6800003052
1463662784446780276,1072,1463662784425014179,,1469.0,17.8799991608
1463662784499992836,1073,1463662784452292253,,1469.0,17.7600002289
1463662784501304961,1074,1463662784490282048,,1470.0,17.8799991608
1463662784536792764,1075,1463662784523931500,,1454.0,17.8799991608
1463662784563284886,1076,1463662784554769278,,1466.0,18.9599990845
1463662784595397804,1077,1463662784582139814,,1454.0,17.8799991608
1463662784626612254,1078,1463662784608918907,,1454.0,17.8799991608
1463662784772354088,1079,1463662784639843990,,1442.0,17.7600002289
1463662784772646737,1080,1463662784669782934,,1438.0,17.7600002289
1463662784772912141,1081,1463662784698699902,,1423.0,18.6000003815
1463662784773170097,1082,1463662784721517459,,1423.0,18.6000003815
1463662784773529474,1083,1463662784743070347,,1438.0,17.8799991608
1463662784927927667,1084,1463662784771723733,,1361.0,17.8799991608
1463662784928193436,1085,1463662784796426679,,1362.0,17.8799991608
1463662784928461549,1086,1463662784816283321,,1362.0,17.8799991608
1463662784928726016,1087,1463662784832180667,,1362.0,17.8799991608
1463662784929001422,1088,1463662784845268163,,1361.0,17.8799991608
1463662784929280319,1089,1463662784857532045,,1361.0,17.8799991608
1463662784931638435,1090,1463662784883577016,,1365.0,18.6000003815
1463662784932085742,1091,1463662784916660185,,1358.0,17.8799991608
1463662785087676302,1092,1463662784954638885,,1359.0,17.8799991608
1463662785087942696,1093,1463662784975019147,,1326.0,17.8799991608
1463662785088200496,1094,1463662784985896153,,1326.0,17.8799991608
1463662785088478038,1095,1463662785002986284,,1326.0,17.8799991608
1463662785088798711,1096,1463662785008566709,,1234.0,17.8799991608
1463662785089251488,1097,1463662785046166080,,1170.0,17.7600002289
1463662785112993768,1098,1463662785097279991,,1149.0,17.7600002289
1463662785151005180,1099,1463662785143814564,,1150.0,17.8799991608
1463662785209179062,1100,1463662785177378274,,1150.0,17.8799991608
1463662785209687004,1101,1463662785204537945,,1150.0,17.8799991608
1463662785321624258,1102,1463662785230557965,,1150.0,17.8799991608
1463662785321667025,1103,1463662785254821470,,1149.0,17.7600002289
1463662785327988395,1104,1463662785282098867,,1149.0,18.3600006104
1463662785328052363,1105,1463662785305411187,,1149.0,18.2399997711
1463662785876864079,1106,1463662785336222659,,1165.0,18.4799995422
1463662785877105000,1107,1463662785365304234,,1166.0,17.8799991608
1463662785878802600,1108,1463662785391840322,,1161.0,17.8799991608
1463662785878866047,1109,1463662785418406466,,1166.0,17.2800006866
1463662785879153122,1110,1463662785443800193,,1176.0,17.2800006866
1463662785879434206,1111,1463662785472545832,,1182.0,14.5200004578
1463662785880979231,1112,1463662785500317262,,1181.0,12.0
1463662785881333555,1113,1463662785518079734,,1197.0,10.0799999237
1463662785881593074,1114,1463662785531083675,,1197.0,10.0799999237
1463662785881987821,1115,1463662785551019027,,1198.0,10.0799999237
1463662785882251350,1116,1463662785581078615,,1198.0,10.0799999237
1463662785882529829,1117,1463662785608756385,,1197.0,10.0799999237
1463662785882842220,1118,1463662785637217138,,1198.0,10.0799999237
1463662785882914210,1119,1463662785666132803,,1198.0,10.4399995804
1463662785883077204,1120,1463662785679387146,,1198.0,10.0799999237
1463662785883321772,1121,1463662785689947698,,1198.0,10.0799999237
1463662785883569726,1122,1463662785703874122,,1530.0,-8.27999973297
1463662785883820545,1123,1463662785714834266,,1530.0,-8.27999973297
1463662785884068760,1124,1463662785734209325,,1530.0,-8.27999973297
1463662785884303482,1125,1463662785746850815,,1529.0,-8.39999961853
1463662785884544821,1126,1463662785757136222,,1529.0,-8.39999961853
1463662785888636532,1127,1463662785767336823,,1530.0,-8.52000045776
1463662785888987783,1128,1463662785779308213,,1530.0,-8.52000045776
1463662785889302205,1129,1463662785790105155,,1529.0,-8.52000045776
1463662785889419515,1130,1463662785799726294,,1529.0,-8.52000045776
1463662785890680382,1131,1463662785814566554,,1529.0,-8.64000034332
1463662785890988241,1132,1463662785825177426,,1530.0,-8.52000045776
1463662785891277035,1133,1463662785836307282,,1530.0,-8.52000045776
1463662785892913584,1134,1463662785855230294,,1529.0,-8.52000045776
1463662785894052453,1135,1463662785866257791,,1529.0,-8.52000045776
1463662785894451212,1136,1463662785878962572,,1530.0,-8.52000045776
1463662786002351972,1137,1463662785896269298,,1530.0,-8.52000045776
1463662786002663269,1138,1463662785908794417,,1530.0,-8.39999961853
1463662786003895903,1139,1463662785928731905,,1530.0,-8.39999961853
1463662786004214649,1140,1463662785949487745,,1530.0,-8.39999961853
1463662786004701389,1141,1463662785958165877,,1530.0,-8.52000045776
1463662786005073789,1142,1463662785988280994,,1530.0,-8.52000045776
1463662786491618504,1143,1463662786028607183,,1530.0,-8.52000045776
1463662786491897296,1144,1463662786063814371,,1530.0,-8.52000045776
1463662786492191612,1145,1463662786089541169,,1530.0,-8.39999961853
1463662786493947606,1146,1463662786129936066,,1530.0,-8.52000045776
1463662786494085074,1147,1463662786165707401,,1529.0,-8.52000045776
1463662786494967916,1148,1463662786205149811,,1529.0,-8.52000045776
1463662786495305259,1149,1463662786245214554,,1529.0,-8.52000045776
1463662786496089960,1150,1463662786291025841,,1529.0,-8.52000045776
1463662786496389537,1151,1463662786331244097,,1530.0,-8.52000045776
1463662786496657754,1152,1463662786378060693,,1530.0,-8.52000045776
1463662786496930973,1153,1463662786427081162,,1529.0,-8.52000045776
1463662786497434226,1154,1463662786453732111,,1530.0,-8.52000045776
1463662786497713695,1155,1463662786458844653,,1529.0,-8.52000045776
1463662786498191944,1156,1463662786485089186,,1529.0,-8.52000045776
1463662786816870706,1157,1463662786518679462,,1530.0,-8.52000045776
1463662786817186066,1158,1463662786542632921,,1529.0,-8.52000045776
1463662786818946488,1159,1463662786569425765,,1529.0,-8.52000045776
1463662786819357487,1160,1463662786597706491,,1529.0,-8.52000045776
1463662786819626330,1161,1463662786619392784,,1530.0,-8.52000045776
1463662786819888140,1162,1463662786645112029,,1529.0,-8.52000045776
1463662786820117915,1163,1463662786670307602,,1529.0,-8.52000045776
1463662786820678989,1164,1463662786695965379,,1530.0,-8.52000045776
1463662786820829480,1165,1463662786721581484,,1529.0,-8.52000045776
1463662786821043002,1166,1463662786730644154,,1530.0,-8.52000045776
1463662786821362477,1167,1463662786744608865,,1530.0,-8.52000045776
1463662786821671326,1168,1463662786753943971,,1530.0,-8.52000045776
1463662786823562601,1169,1463662786767055794,,1529.0,-8.52000045776
1463662786823837017,1170,1463662786779907785,,1529.0,-8.52000045776
1463662786824381266,1171,1463662786792154945,,1529.0,-8.64000034332
1463662786824824771,1172,1463662786821217612,,1529.0,-8.64000034332
1463662787076108936,1173,1463662786849963772,,1530.0,-8.52000045776
1463662787076146859,1174,1463662786881321629,,1530.0,-8.39999961853
1463662787078414753,1175,1463662786909117906,,1530.0,-8.52000045776
1463662787078731259,1176,1463662786933475123,,1530.0,-8.52000045776
1463662787078986975,1177,1463662786955482194,,1530.0,-8.39999961853
1463662787079243159,1178,1463662786974650398,,1530.0,-8.52000045776
1463662787079292021,1179,1463662786986466035,,1530.0,-8.52000045776
1463662787081409528,1180,1463662787011383962,,1530.0,-8.39999961853
1463662787081866263,1181,1463662787035399513,,1530.0,-8.52000045776
1463662787082291015,1182,1463662787064316688,,1529.0,-8.52000045776
1463662787133854368,1183,1463662787092849014,,1529.0,-8.52000045776
1463662787135141750,1184,1463662787120224603,,1530.0,-8.52000045776
1463662787249496192,1185,1463662787145097367,,1530.0,-8.39999961853
1463662787249839577,1186,1463662787171722634,,1529.0,-8.52000045776
1463662787250077113,1187,1463662787192553173,,1529.0,-8.39999961853
1463662787250703145,1188,1463662787203039026,,1530.0,-8.39999961853
1463662787251040488,1189,1463662787223354904,,1530.0,-8.39999961853
1463662787252212123,1190,1463662787240747164,,1529.0,-8.52000045776
1463662787305416922,1191,1463662787251105497,,1529.0,-8.52000045776
1463662787305692744,1192,1463662787264735002,,1530.0,-8.52000045776
1463662787305967161,1193,1463662787276327532,,1530.0,-8.52000045776
1463662787306374931,1194,1463662787285421144,,1530.0,-8.52000045776
1463662787415955788,1195,1463662787301830651,,1529.0,-8.52000045776
1463662787416011682,1196,1463662787327930110,,1529.0,-8.52000045776
1463662787416309487,1197,1463662787360626606,,1530.0,-8.52000045776
1463662787416352775,1198,1463662787380334424,,1529.0,-8.52000045776
1463662787417190662,1199,1463662787397292034,,1530.0,-8.52000045776
1463662787417266090,1200,1463662787405754301,,1533.0,-8.52000045776
1463662787444802536,1201,1463662787423093219,,1533.0,-8.52000045776
1463662787459280086,1202,1463662787441155840,,1529.0,-8.64000034332
1463662787519180165,1203,1463662787446871547,,1529.0,-8.64000034332
1463662787519438590,1204,1463662787469442400,,1530.0,-8.39999961853
1463662787519683523,1205,1463662787481735036,,1529.0,-8.52000045776
1463662787520213082,1206,1463662787491176044,,1529.0,-8.64000034332
1463662787520741859,1207,1463662787511050345,,1529.0,-8.64000034332
1463662787553302137,1208,1463662787537673320,,1529.0,-8.52000045776
1463662787574260091,1209,1463662787568657162,,1529.0,-8.52000045776
1463662787601747468,1210,1463662787597602207,,1529.0,-8.52000045776
1463662787625213300,1211,1463662787620337512,,1529.0,-8.64000034332
1463662787650879516,1212,1463662787645318156,,1529.0,-8.52000045776
1463662787691942066,1213,1463662787675374619,,1530.0,-8.52000045776
1463662787711504758,1214,1463662787706766751,,1530.0,-8.52000045776
1463662787752228194,1215,1463662787741137250,,1529.0,-8.52000045776
1463662787791645548,1216,1463662787772426346,,1530.0,-8.52000045776
1463662787811563918,1217,1463662787800909602,,1530.0,-8.39999961853
1463662787825595358,1218,1463662787814842225,,1530.0,-8.39999961853
1463662787849483494,1219,1463662787827829028,,1530.0,-8.39999961853
1463662787879559230,1220,1463662787870327055,,1530.0,-8.52000045776
1463662787916022492,1221,1463662787895337496,,1530.0,-8.52000045776
1463662787916079063,1222,1463662787907079007,,1529.0,-8.52000045776
1463662787953582534,1223,1463662787924324005,,1529.0,-8.52000045776
1463662787976850108,1224,1463662787953898363,,1529.0,-8.52000045776
1463662787991494765,1225,1463662787979785082,,1530.0,-8.52000045776
1463662788014172614,1226,1463662788008092113,,1529.0,-8.52000045776
1463662788047545150,1227,1463662788043025822,,1530.0,-8.52000045776
1463662788082778383,1228,1463662788076913644,,1529.0,-8.52000045776
1463662788118713544,1229,1463662788107705321,,1529.0,-8.52000045776
1463662788147893312,1230,1463662788137349638,,1530.0,-8.52000045776
1463662788177198411,1231,1463662788173134881,,1529.0,-8.52000045776
1463662788212447531,1232,1463662788206310355,,1530.0,-8.52000045776
1463662788240505046,1233,1463662788235445272,,1529.0,-8.52000045776
1463662788269442485,1234,1463662788264233783,,1530.0,-8.52000045776
1463662788307755558,1235,1463662788295947162,,1529.0,-8.52000045776
1463662788337097329,1236,1463662788323200649,,1530.0,-8.52000045776
1463662788358895566,1237,1463662788351697449,,1530.0,-8.52000045776
1463662788391475743,1238,1463662788377593856,,1529.0,-8.52000045776
1463662788419838616,1239,1463662788409031985,,1530.0,-8.52000045776
1463662788446420335,1240,1463662788437268485,,1529.0,-8.52000045776
1463662788483905991,1241,1463662788470301543,,1530.0,-8.39999961853
1463662788507040367,1242,1463662788500281379,,1529.0,-8.52000045776
1463662788546582427,1243,1463662788529064732,,1530.0,-8.52000045776
1463662788594550811,1244,1463662788560073421,,1529.0,-8.52000045776
1463662788594739485,1245,1463662788587718843,,1530.0,-8.52000045776
1463662788636795623,1246,1463662788617338885,,1529.0,-8.52000045776
1463662788651477057,1247,1463662788643106054,,1530.0,-8.39999961853
1463662788676243606,1248,1463662788667040447,,1529.0,-8.52000045776
1463662788723535273,1249,1463662788689820290,,1529.0,-8.52000045776
1463662788723743742,1250,1463662788703612371,,1530.0,-8.39999961853
1463662788813833221,1251,1463662788727839725,,1530.0,-8.39999961853
1463662788814151967,1252,1463662788735744668,,1529.0,-8.52000045776
1463662788814654855,1253,1463662788750802304,,1530.0,-8.39999961853
1463662788814990167,1254,1463662788787785958,,1530.0,-8.39999961853
1463662788838337439,1255,1463662788823685176,,1530.0,-8.52000045776
1463662788869187719,1256,1463662788865550452,,1529.0,-8.64000034332
1463662788899152032,1257,1463662788893362148,,1529.0,-8.52000045776
1463662788927560902,1258,1463662788914213159,,1530.0,-8.52000045776
1463662788954878253,1259,1463662788937848183,,1530.0,-8.52000045776
1463662788982644213,1260,1463662788977856877,,1529.0,-8.64000034332
1463662789007789153,1261,1463662789004587941,,1529.0,-8.52000045776
1463662789029381057,1262,1463662789015384466,,1530.0,-8.52000045776
1463662789039418145,1263,1463662789036706746,,1529.0,-8.52000045776
1463662789096683921,1264,1463662789046045186,,1529.0,-8.52000045776
1463662789097164827,1265,1463662789075727686,,1529.0,-8.52000045776
1463662789132901729,1266,1463662789122840419,,1530.0,-8.39999961853
1463662789190945487,1267,1463662789184136700,,1529.0,-8.52000045776
1463662789260042372,1268,1463662789253056995,,1530.0,-8.52000045776
1463662789341505549,1269,1463662789335078954,,1529.0,-8.52000045776
1463662789433665132,1270,1463662789419937279,,1530.0,-8.52000045776
1463662789507222689,1271,1463662789501721442,,1529.0,-8.52000045776
1463662789586752501,1272,1463662789582664541,,1530.0,-8.39999961853
1463662789712585603,1273,1463662789643381932,,1530.0,-8.52000045776
1463662789713084168,1274,1463662789689806124,,1530.0,-8.52000045776
1463662789745972411,1275,1463662789734887457,,1529.0,-8.52000045776
1463662789815020799,1276,1463662789757420701,,1530.0,-8.52000045776
1463662789815185355,1277,1463662789783333205,,1529.0,-8.52000045776
1463662789853069248,1278,1463662789831184435,,1529.0,-8.64000034332
1463662789903566346,1279,1463662789894679068,,1529.0,-8.52000045776
1463662789975306286,1280,1463662789961381997,,1529.0,-8.52000045776
1463662790090659108,1281,1463662789979562761,,1529.0,-8.52000045776
1463662790090975458,1282,1463662789990344544,,1529.0,-8.52000045776
1463662790093009983,1283,1463662790009921561,,1529.0,-8.52000045776
1463662790095762794,1284,1463662790039387465,,1529.0,-8.52000045776
1463662790095832701,1285,1463662790062164131,,1530.0,-8.52000045776
1463662790095873436,1286,1463662790085411389,,1530.0,-8.52000045776
1463662790289510362,1287,1463662790109387871,,1530.0,-8.52000045776
1463662790289561411,1288,1463662790136249841,,1529.0,-8.52000045776
1463662790289605897,1289,1463662790179862724,,1530.0,-8.52000045776
1463662790289646841,1290,1463662790218835115,,1529.0,-8.52000045776
1463662790289685701,1291,1463662790259325026,,1529.0,-8.64000034332
1463662790407425393,1292,1463662790306338943,,1530.0,-8.52000045776
1463662790410389018,1293,1463662790333761935,,1529.0,-8.52000045776
1463662790411144600,1294,1463662790367042946,,1530.0,-8.52000045776
1463662790411520230,1295,1463662790401654731,,1530.0,-8.52000045776
1463662790495672928,1296,1463662790428148260,,1529.0,-8.52000045776
1463662790497332188,1297,1463662790457302607,,1530.0,-8.52000045776
1463662790497998122,1298,1463662790487096894,,1529.0,-8.52000045776
1463662790533788471,1299,1463662790514680223,,1529.0,-8.52000045776
1463662790556356980,1300,1463662790538892418,,1530.0,-8.52000045776
1463662790576071465,1301,1463662790566791211,,1529.0,-8.52000045776
1463662790604614522,1302,1463662790591724660,,1529.0,-8.64000034332
1463662790630146239,1303,1463662790617471879,,1529.0,-8.52000045776
1463662790672103195,1304,1463662790646181263,,1529.0,-8.27999973297
1463662790672515288,1305,1463662790668475199,,1529.0,-8.52000045776
1463662790734266741,1306,1463662790695262470,,1530.0,-8.52000045776
1463662790734715976,1307,1463662790717895677,,1529.0,-8.52000045776
1463662790830200123,1308,1463662790740277961,,1530.0,-8.52000045776
1463662790832840833,1309,1463662790762360616,,1529.0,-8.52000045776
1463662790833151349,1310,1463662790787883477,,1529.0,-8.52000045776
1463662790833540210,1311,1463662790812740717,,1530.0,-8.39999961853
1463662791416754303,1312,1463662790839497202,,1529.0,-8.52000045776
1463662791417006685,1313,1463662790863499574,,1530.0,-8.52000045776
1463662791420048082,1314,1463662790892460090,,1529.0,-8.52000045776
1463662791420370839,1315,1463662790916187889,,1530.0,-8.52000045776
1463662791426151034,1316,1463662790942566661,,1529.0,-8.52000045776
1463662791426489366,1317,1463662790969875781,,1529.0,-8.52000045776
1463662791426777014,1318,1463662790995400049,,1530.0,-8.52000045776
1463662791427052784,1319,1463662791025422444,,1529.0,-8.52000045776
1463662791427354809,1320,1463662791053723068,,1530.0,-8.52000045776
1463662791429301718,1321,1463662791084478334,,1529.0,-8.64000034332
1463662791429614421,1322,1463662791107906504,,1529.0,-8.52000045776
1463662791429879930,1323,1463662791136912027,,1529.0,-8.64000034332
1463662791431211172,1324,1463662791166168160,,1529.0,-8.52000045776
1463662791431520125,1325,1463662791192713676,,1529.0,-8.52000045776
1463662791431768131,1326,1463662791216820490,,1530.0,-8.52000045776
1463662791432021242,1327,1463662791246339632,,1529.0,-8.64000034332
1463662791432263258,1328,1463662791271593130,,1529.0,-8.52000045776
1463662791432550333,1329,1463662791296212261,,1529.0,-8.64000034332
1463662791432807194,1330,1463662791326944971,,1529.0,-8.52000045776
1463662791433065202,1331,1463662791352753136,,1530.0,-8.52000045776
1463662791435882658,1332,1463662791377254958,,1530.0,-8.52000045776
1463662791436211354,1333,1463662791407477852,,1530.0,-8.39999961853
1463662791439765223,1334,1463662791427912550,,1529.0,-8.52000045776
1463662791637203244,1335,1463662791461732028,,1530.0,-8.52000045776
1463662791637454792,1336,1463662791490254925,,1530.0,-8.52000045776
1463662791638915585,1337,1463662791519070523,,1530.0,-8.52000045776
1463662791639213026,1338,1463662791548678793,,1530.0,-8.39999961853
1463662791639265326,1339,1463662791568619822,,1530.0,-8.52000045776
1463662791639301685,1340,1463662791591840461,,1530.0,-8.52000045776
1463662791641418723,1341,1463662791615821580,,1530.0,-8.52000045776
1463662791968788953,1342,1463662791638614394,,1530.0,-8.39999961853
1463662791969057535,1343,1463662791666525793,,1530.0,-8.52000045776
1463662791969303926,1344,1463662791702757770,,1529.0,-8.52000045776
1463662791969433165,1345,1463662791752511215,,1529.0,-8.52000045776
1463662791969477911,1346,1463662791763841675,,1530.0,-8.52000045776
1463662791969587407,1347,1463662791793074992,,1530.0,-8.52000045776
1463662791969624860,1348,1463662791815102482,,1530.0,-8.52000045776
1463662791972638180,1349,1463662791831055358,,1529.0,-8.52000045776
1463662791972753770,1350,1463662791843245270,,1529.0,-8.52000045776
1463662791972811487,1351,1463662791855554419,,1529.0,-8.52000045776
1463662791972848003,1352,1463662791865503785,,1529.0,-8.52000045776
1463662791974754645,1353,1463662791877772251,,1529.0,-8.64000034332
1463662791975190804,1354,1463662791892127490,,1529.0,-8.64000034332
1463662791975241645,1355,1463662791899038324,,1529.0,-8.52000045776
1463662791975391616,1356,1463662791910005292,,1529.0,-8.52000045776
1463662791975434331,1357,1463662791925812989,,1530.0,-8.52000045776
1463662791975663897,1358,1463662791950085350,,1529.0,-8.52000045776
1463662792039721791,1359,1463662791985741719,,1529.0,-8.64000034332
1463662792040084190,1360,1463662791992262391,,1529.0,-8.52000045776
1463662792040346104,1361,1463662792011538893,,1530.0,-8.52000045776
1463662792040763146,1362,1463662792034983212,,1530.0,-8.52000045776
1463662792179465794,1363,1463662792052220083,,1529.0,-8.52000045776
1463662792179516947,1364,1463662792078837485,,1529.0,-8.52000045776
1463662792179557682,1365,1463662792125339970,,1530.0,-8.52000045776
1463662792224925049,1366,1463662792170082607,,1530.0,-8.52000045776
1463662792226171851,1367,1463662792207146376,,1529.0,-8.52000045776
1463662792251565579,1368,1463662792239570227,,1530.0,-8.52000045776
1463662792347714878,1369,1463662792265127677,,1530.0,-8.39999961853
1463662792347753999,1370,1463662792287231377,,1530.0,-8.52000045776
1463662792349402060,1371,1463662792317562777,,1530.0,-8.39999961853
1463662792350027727,1372,1463662792345378171,,1530.0,-8.52000045776
1463662792449051523,1373,1463662792368545261,,1529.0,-8.52000045776
1463662792452941016,1374,1463662792393424744,,1530.0,-8.52000045776
1463662792453603043,1375,1463662792419070176,,1529.0,-8.52000045776
1463662792453661125,1376,1463662792446129728,,1530.0,-8.52000045776
1463662792494681377,1377,1463662792481892728,,1530.0,-8.39999961853
1463662792527279577,1378,1463662792513022321,,1529.0,-8.52000045776
1463662792591625327,1379,1463662792533650434,,1529.0,-8.52000045776
1463662792591891722,1380,1463662792548772559,,1530.0,-8.52000045776
1463662792592114099,1381,1463662792559049266,,1529.0,-8.52000045776
1463662792592340227,1382,1463662792569151884,,1529.0,-8.52000045776
1463662792592473945,1383,1463662792580046393,,1529.0,-8.52000045776
1463662792778937184,1384,1463662792593565985,,1529.0,-8.64000034332
1463662792778993182,1385,1463662792607048123,,1529.0,-8.52000045776
1463662792779054754,1386,1463662792618253355,,1529.0,-8.52000045776
1463662792779110387,1387,1463662792632003920,,1530.0,-8.52000045776
1463662792779163572,1388,1463662792646176006,,1530.0,-8.52000045776
1463662792779214517,1389,1463662792673656350,,1530.0,-8.52000045776
1463662792779267234,1390,1463662792695472663,,1529.0,-8.52000045776
1463662792779303698,1391,1463662792714130270,,1529.0,-8.52000045776
1463662792779609317,1392,1463662792731386363,,1530.0,-8.52000045776
1463662792779757360,1393,1463662792749512171,,1529.0,-8.52000045776
1463662793022948273,1394,1463662792766145879,,1529.0,-8.52000045776
1463662793023243630,1395,1463662792786204062,,1529.0,-8.52000045776
1463662793023539821,1396,1463662792796079771,,1530.0,-8.52000045776
1463662793023845336,1397,1463662792803719621,,1530.0,-8.52000045776
1463662793024105427,1398,1463662792813560429,,1529.0,-8.52000045776
1463662793024370779,1399,1463662792826823941,,1529.0,-8.52000045776
1463662793024636549,1400,1463662792837900768,,1529.0,-8.52000045776
1463662793025875486,1401,1463662792872975019,,1530.0,-8.52000045776
1463662793026146829,1402,1463662792896892274,,1529.0,-8.52000045776
1463662793026408691,1403,1463662792923590469,,1530.0,-8.52000045776
1463662793026688629,1404,1463662792947940184,,1529.0,-8.52000045776
1463662793027196675,1405,1463662792978173080,,1530.0,-8.39999961853
1463662793027628979,1406,1463662793004763758,,1530.0,-8.52000045776
1463662793056315547,1407,1463662793033239461,,1529.0,-8.52000045776
1463662793115684558,1408,1463662793056790098,,1530.0,-8.52000045776
1463662793116185831,1409,1463662793084783437,,1529.0,-8.52000045776
1463662793116600425,1410,1463662793112855641,,1530.0,-8.15999984741
1463662793167243379,1411,1463662793139269679,,1530.0,-8.39999961853
1463662793183566206,1412,1463662793167943641,,1530.0,-8.52000045776
1463662793211881468,1413,1463662793195020695,,1530.0,-8.39999961853
1463662793238110374,1414,1463662793223397373,,1530.0,-8.52000045776
1463662793271222870,1415,1463662793247724272,,1530.0,-8.39999961853
1463662793288153185,1416,1463662793276548674,,1529.0,-8.52000045776
1463662793321947190,1417,1463662793304691045,,1529.0,-8.52000045776
1463662793339791081,1418,1463662793328979502,,1529.0,-8.52000045776
1463662793378794935,1419,1463662793359681061,,1530.0,-8.52000045776
1463662793401923685,1420,1463662793389570884,,1529.0,-8.52000045776
1463662793422546015,1421,1463662793419223952,,1530.0,-8.52000045776
1463662793464933922,1422,1463662793450387456,,1529.0,-8.52000045776
1463662793491446933,1423,1463662793466126914,,1529.0,-8.64000034332
1463662793529957118,1424,1463662793489525497,,1529.0,-8.52000045776
1463662793530816206,1425,1463662793519420112,,1530.0,-8.52000045776
1463662793558339213,1426,1463662793529568258,,1529.0,-8.52000045776
1463662793581611527,1427,1463662793565790442,,1530.0,-8.52000045776
