%time,field.header.seq,field.header.stamp,field.header.frame_id,field.status.status,field.status.service,field.latitude,field.longitude,field.altitude,field.position_covariance0,field.position_covariance1,field.position_covariance2,field.position_covariance3,field.position_covariance4,field.position_covariance5,field.position_covariance6,field.position_covariance7,field.position_covariance8,field.position_covariance_type
1480971092725245070,108,1480971092722044873,,0,0,46.5185203552,6.56667757034,2.77602830977e-40,1.0,0.0,0.0,0.0,1.0,0.0,0.0,0.0,1.0,0
1480971092729399379,109,1480971092725371424,,0,0,46.5185203552,6.56667757034,2.77602830977e-40,1.0,0.0,0.0,0.0,1.0,0.0,0.0,0.0,1.0,0
1480971092919159358,110,1480971092916344993,,0,0,46.5185203552,6.56667613983,2.77602830977e-40,1.0,0.0,0.0,0.0,1.0,0.0,0.0,0.0,1.0,0
1480971092930418903,111,1480971092925393139,,0,0,46.5185203552,6.56667613983,2.77602830977e-40,1.0,0.0,0.0,0.0,1.0,0.0,0.0,0.0,1.0,0
1480971093123369965,112,1480971093120093153,,0,0,46.5185203552,6.56667041779,2.77602830977e-40,1.0,0.0,0.0,0.0,1.0,0.0,0.0,0.0,1.0,0
1480971093132403945,113,1480971093126980890,,0,0,46.5185203552,6.56667041779,2.77602830977e-40,1.0,0.0,0.0,0.0,1.0,0.0,0.0,0.0,1.0,0
1480971093331049154,114,1480971093326565575,,0,0,46.5185203552,6.5666680336,2.77602830977e-40,1.0,0.0,0.0,0.0,1.0,0.0,0.0,0.0,1.0,0
1480971093331157435,115,1480971093327221615,,0,0,46.5185203552,6.5666680336,2.77602830977e-40,1.0,0.0,0.0,0.0,1.0,0.0,0.0,0.0,1.0,0
1480971093515411078,116,1480971093511681612,,0,0,46.5185203552,6.56667566299,2.77602830977e-40,1.0,0.0,0.0,0.0,1.0,0.0,0.0,0.0,1.0,0
1480971093528465930,117,1480971093525384534,,0,0,46.5185203552,6.56667566299,2.77602830977e-40,1.0,0.0,0.0,0.0,1.0,0.0,0.0,0.0,1.0,0
1480971093711420255,118,1480971093707751830,,0,0,46.5185203552,6.5666680336,2.77602830977e-40,1.0,0.0,0.0,0.0,1.0,0.0,0.0,0.0,1.0,0
1480971093729509724,119,1480971093725384009,,0,0,46.5185203552,6.5666680336,2.77602830977e-40,1.0,0.0,0.0,0.0,1.0,0.0,0.0,0.0,1.0,0
1480971093914734979,120,1480971093912979881,,0,0,46.5185203552,6.56666231155,2.77602830977e-40,1.0,0.0,0.0,0.0,1.0,0.0,0.0,0.0,1.0,0
1480971093928425610,121,1480971093925379630,,0,0,46.5185203552,6.56666231155,2.77602830977e-40,1.0,0.0,0.0,0.0,1.0,0.0,0.0,0.0,1.0,0
1480971094119566573,122,1480971094116840958,,0,0,46.5185203552,6.56666326523,2.77602830977e-40,1.0,0.0,0.0,0.0,1.0,0.0,0.0,0.0,1.0,0
1480971094128684824,123,1480971094125402439,,0,0,46.5185203552,6.56666326523,2.77602830977e-40,1.0,0.0,0.0,0.0,1.0,0.0,0.0,0.0,1.0,0
1480971094309910509,124,1480971094305685471,,0,0,46.5185203552,6.56666898727,2.77602830977e-40,1.0,0.0,0.0,0.0,1.0,0.0,0.0,0.0,1.0,0
1480971094331192103,125,1480971094327739615,,0,0,46.5185203552,6.56666898727,2.77602830977e-40,1.0,0.0,0.0,0.0,1.0,0.0,0.0,0.0,1.0,0
1480971094511182219,126,1480971094508103167,,0,0,46.5185203552,6.56666851044,2.77602830977e-40,1.0,0.0,0.0,0.0,1.0,0.0,0.0,0.0,1.0,0
1480971094532839541,127,1480971094528016850,,0,0,46.5185203552,6.56666851044,2.77602830977e-40,1.0,0.0,0.0,0.0,1.0,0.0,0.0,0.0,1.0,0
1480971094727365442,128,1480971094720895620,,0,0,46.5185203552,6.56667566299,2.77602830977e-40,1.0,0.0,0.0,0.0,1.0,0.0,0.0,0.0,1.0,0
1480971094730670483,129,1480971094725376282,,0,0,46.5185203552,6.56667566299,2.77602830977e-40,1.0,0.0,0.0,0.0,1.0,0.0,0.0,0.0,1.0,0
1480971094918179948,130,1480971094914219858,,0,0,46.5185165405,6.56667375565,2.77602830977e-40,1.0,0.0,0.0,0.0,1.0,0.0,0.0,0.0,1.0,0
1480971094930032512,131,1480971094925381695,,0,0,46.5185165405,6.56667375565,2.77602830977e-40,1.0,0.0,0.0,0.0,1.0,0.0,0.0,0.0,1.0,0
1480971095099204749,132,1480971095096774549,,0,0,46.5185165405,6.56667232513,2.77602830977e-40,1.0,0.0,0.0,0.0,1.0,0.0,0.0,0.0,1.0,0
1480971095128696940,133,1480971095125379920,,0,0,46.5185165405,6.56667232513,2.77602830977e-40,1.0,0.0,0.0,0.0,1.0,0.0,0.0,0.0,1.0,0
1480971095315743439,134,1480971095313253812,,0,0,46.5185203552,6.56667375565,2.77602830977e-40,1.0,0.0,0.0,0.0,1.0,0.0,0.0,0.0,1.0,0
1480971095333877335,135,1480971095325376375,,0,0,46.5185203552,6.56667375565,2.77602830977e-40,1.0,0.0,0.0,0.0,1.0,0.0,0.0,0.0,1.0,0
1480971095522691328,136,1480971095519850504,,0,0,46.5185165405,6.56667232513,2.77602830977e-40,1.0,0.0,0.0,0.0,1.0,0.0,0.0,0.0,1.0,0
1480971095528174278,137,1480971095525412933,,0,0,46.5185165405,6.56667232513,2.77602830977e-40,1.0,0.0,0.0,0.0,1.0,0.0,0.0,0.0,1.0,0
1480971095779996754,138,1480971095776321142,,0,0,46.5185165405,6.56667375565,2.77602830977e-40,1.0,0.0,0.0,0.0,1.0,0.0,0.0,0.0,1.0,0
1480971095780099410,139,1480971095777184524,,0,0,46.5185165405,6.56667375565,2.77602830977e-40,1.0,0.0,0.0,0.0,1.0,0.0,0.0,0.0,1.0,0
1480971095968597674,140,1480971095963313005,,0,0,46.5185089111,6.56665992737,2.77602830977e-40,1.0,0.0,0.0,0.0,1.0,0.0,0.0,0.0,1.0,0
1480971095968644706,141,1480971095964437897,,0,0,46.5185089111,6.56665992737,2.77602830977e-40,1.0,0.0,0.0,0.0,1.0,0.0,0.0,0.0,1.0,0
1480971096348666120,142,1480971096343326295,,0,0,46.5185050964,6.56665277481,2.77602830977e-40,1.0,0.0,0.0,0.0,1.0,0.0,0.0,0.0,1.0,0
1480971096348786953,143,1480971096344645561,,0,0,46.5185050964,6.56665277481,2.77602830977e-40,1.0,0.0,0.0,0.0,1.0,0.0,0.0,0.0,1.0,0
1480971096884264713,144,1480971096879547386,,0,0,46.5185012817,6.566655159,2.77602830977e-40,1.0,0.0,0.0,0.0,1.0,0.0,0.0,0.0,1.0,0
1480971096884979919,145,1480971096880444258,,0,0,46.5185012817,6.566655159,2.77602830977e-40,1.0,0.0,0.0,0.0,1.0,0.0,0.0,0.0,1.0,0
1480971097523137747,146,1480971097516771154,,0,0,46.5184783936,6.56662654877,2.77602830977e-40,1.0,0.0,0.0,0.0,1.0,0.0,0.0,0.0,1.0,0
1480971097523425767,147,1480971097517343860,,0,0,46.5184783936,6.56662654877,2.77602830977e-40,1.0,0.0,0.0,0.0,1.0,0.0,0.0,0.0,1.0,0
1480971098149791863,148,1480971098142599961,,0,0,46.518447876,6.56659078598,2.77602830977e-40,1.0,0.0,0.0,0.0,1.0,0.0,0.0,0.0,1.0,0
1480971098149839051,149,1480971098143168761,,0,0,46.518447876,6.56659078598,2.77602830977e-40,1.0,0.0,0.0,0.0,1.0,0.0,0.0,0.0,1.0,0
1480971098853447020,150,1480971098847336989,,0,0,46.5184249878,6.56657218933,2.77602830977e-40,1.0,0.0,0.0,0.0,1.0,0.0,0.0,0.0,1.0,0
1480971098853501499,151,1480971098847965059,,0,0,46.5184249878,6.56657218933,2.77602830977e-40,1.0,0.0,0.0,0.0,1.0,0.0,0.0,0.0,1.0,0
1480971099410380645,152,1480971099405729515,,0,0,46.5183982849,6.56654500961,2.77602830977e-40,1.0,0.0,0.0,0.0,1.0,0.0,0.0,0.0,1.0,0
1480971099410436009,153,1480971099407335238,,0,0,46.5183982849,6.56654500961,2.77602830977e-40,1.0,0.0,0.0,0.0,1.0,0.0,0.0,0.0,1.0,0
1480971099960793979,154,1480971099957268679,,0,0,46.5183792114,6.56650829315,2.77602830977e-40,1.0,0.0,0.0,0.0,1.0,0.0,0.0,0.0,1.0,0
1480971099960948927,155,1480971099957965499,,0,0,46.5183792114,6.56650829315,2.77602830977e-40,1.0,0.0,0.0,0.0,1.0,0.0,0.0,0.0,1.0,0
1480971100391822772,156,1480971100386622686,,0,0,46.5183677673,6.56646823883,2.77602830977e-40,1.0,0.0,0.0,0.0,1.0,0.0,0.0,0.0,1.0,0
1480971100391902668,157,1480971100387205028,,0,0,46.5183677673,6.56646823883,2.77602830977e-40,1.0,0.0,0.0,0.0,1.0,0.0,0.0,0.0,1.0,0
1480971100657406764,158,1480971100653854172,,0,0,46.5183601379,6.56643724442,2.77602830977e-40,1.0,0.0,0.0,0.0,1.0,0.0,0.0,0.0,1.0,0
1480971100657489993,159,1480971100654459430,,0,0,46.5183601379,6.56643724442,2.77602830977e-40,1.0,0.0,0.0,0.0,1.0,0.0,0.0,0.0,1.0,0
1480971101059348677,160,1480971101054616297,,0,0,46.5183563232,6.56641101837,2.77602830977e-40,1.0,0.0,0.0,0.0,1.0,0.0,0.0,0.0,1.0,0
1480971101059422114,161,1480971101055216347,,0,0,46.5183563232,6.56641101837,2.77602830977e-40,1.0,0.0,0.0,0.0,1.0,0.0,0.0,0.0,1.0,0
1480971101533102949,162,1480971101526045057,,0,0,46.5183601379,6.56639051437,2.77602830977e-40,1.0,0.0,0.0,0.0,1.0,0.0,0.0,0.0,1.0,0
1480971101533139824,163,1480971101526592086,,0,0,46.5183601379,6.56639051437,2.77602830977e-40,1.0,0.0,0.0,0.0,1.0,0.0,0.0,0.0,1.0,0
1480971102041103095,164,1480971102036381184,,0,0,46.5183639526,6.56635046005,2.77602830977e-40,1.0,0.0,0.0,0.0,1.0,0.0,0.0,0.0,1.0,0
1480971102041185074,165,1480971102037101442,,0,0,46.5183639526,6.56635046005,2.77602830977e-40,1.0,0.0,0.0,0.0,1.0,0.0,0.0,0.0,1.0,0
1480971102575344141,166,1480971102571404519,,0,0,46.5183830261,6.56633090973,2.77602830977e-40,1.0,0.0,0.0,0.0,1.0,0.0,0.0,0.0,1.0,0
1480971102575657056,167,1480971102572008371,,0,0,46.5183830261,6.56633090973,2.77602830977e-40,1.0,0.0,0.0,0.0,1.0,0.0,0.0,0.0,1.0,0
1480971103102500992,168,1480971103098933244,,0,0,46.5183906555,6.56628084183,2.77602830977e-40,1.0,0.0,0.0,0.0,1.0,0.0,0.0,0.0,1.0,0
1480971103102616877,169,1480971103099515638,,0,0,46.5183906555,6.56628084183,2.77602830977e-40,1.0,0.0,0.0,0.0,1.0,0.0,0.0,0.0,1.0,0
1480971103791642656,170,1480971103788263032,,0,0,46.5184173584,6.56623315811,2.77602830977e-40,1.0,0.0,0.0,0.0,1.0,0.0,0.0,0.0,1.0,0
1480971103791739635,171,1480971103788888395,,0,0,46.5184173584,6.56623315811,2.77602830977e-40,1.0,0.0,0.0,0.0,1.0,0.0,0.0,0.0,1.0,0
1480971104421719418,172,1480971104417860160,,0,0,46.5184402466,6.56621408463,2.77602830977e-40,1.0,0.0,0.0,0.0,1.0,0.0,0.0,0.0,1.0,0
1480971104422681758,173,1480971104418498543,,0,0,46.5184402466,6.56621408463,2.77602830977e-40,1.0,0.0,0.0,0.0,1.0,0.0,0.0,0.0,1.0,0
1480971105017924367,174,1480971105013681934,,0,0,46.5184707642,6.56620121002,2.77602830977e-40,1.0,0.0,0.0,0.0,1.0,0.0,0.0,0.0,1.0,0
1480971105024849604,175,1480971105014452868,,0,0,46.5184707642,6.56620121002,2.77602830977e-40,1.0,0.0,0.0,0.0,1.0,0.0,0.0,0.0,1.0,0
1480971105548153760,176,1480971105543147058,,0,0,46.5185050964,6.56621360779,2.77602830977e-40,1.0,0.0,0.0,0.0,1.0,0.0,0.0,0.0,1.0,0
1480971105549135007,177,1480971105543739764,,0,0,46.5185050964,6.56621360779,2.77602830977e-40,1.0,0.0,0.0,0.0,1.0,0.0,0.0,0.0,1.0,0
1480971106000897062,178,1480971105996938795,,0,0,46.5185279846,6.56622457504,2.77602830977e-40,1.0,0.0,0.0,0.0,1.0,0.0,0.0,0.0,1.0,0
1480971106001648466,179,1480971105997520668,,0,0,46.5185279846,6.56622457504,2.77602830977e-40,1.0,0.0,0.0,0.0,1.0,0.0,0.0,0.0,1.0,0
1480971106488372799,180,1480971106483705158,,0,0,46.5185394287,6.56625413895,2.77602830977e-40,1.0,0.0,0.0,0.0,1.0,0.0,0.0,0.0,1.0,0
1480971106488624152,181,1480971106484320364,,0,0,46.5185394287,6.56625413895,2.77602830977e-40,1.0,0.0,0.0,0.0,1.0,0.0,0.0,0.0,1.0,0
1480971106957403598,182,1480971106953486111,,0,0,46.5185432434,6.56627082825,2.77602830977e-40,1.0,0.0,0.0,0.0,1.0,0.0,0.0,0.0,1.0,0
1480971106957778753,183,1480971106954069182,,0,0,46.5185432434,6.56627082825,2.77602830977e-40,1.0,0.0,0.0,0.0,1.0,0.0,0.0,0.0,1.0,0
1480971107388611296,184,1480971107384902403,,0,0,46.5185585022,6.5663151741,2.77602830977e-40,1.0,0.0,0.0,0.0,1.0,0.0,0.0,0.0,1.0,0
1480971107388890722,185,1480971107385482244,,0,0,46.5185585022,6.5663151741,2.77602830977e-40,1.0,0.0,0.0,0.0,1.0,0.0,0.0,0.0,1.0,0
1480971107790048732,186,1480971107786967649,,0,0,46.5185470581,6.56634426117,2.77602830977e-40,1.0,0.0,0.0,0.0,1.0,0.0,0.0,0.0,1.0,0
1480971107792250860,187,1480971107787575771,,0,0,46.5185470581,6.56634426117,2.77602830977e-40,1.0,0.0,0.0,0.0,1.0,0.0,0.0,0.0,1.0,0
1480971108318675161,188,1480971108315390641,,0,0,46.5185432434,6.566385746,2.77602830977e-40,1.0,0.0,0.0,0.0,1.0,0.0,0.0,0.0,1.0,0
1480971108318766463,189,1480971108315975900,,0,0,46.5185432434,6.566385746,2.77602830977e-40,1.0,0.0,0.0,0.0,1.0,0.0,0.0,0.0,1.0,0
1480971108886695415,190,1480971108883331051,,0,0,46.5185089111,6.56638765335,2.77602830977e-40,1.0,0.0,0.0,0.0,1.0,0.0,0.0,0.0,1.0,0
1480971108886987237,191,1480971108883971466,,0,0,46.5185089111,6.56638765335,2.77602830977e-40,1.0,0.0,0.0,0.0,1.0,0.0,0.0,0.0,1.0,0
1480971109421277085,192,1480971109417275744,,0,0,46.5184860229,6.56638145447,2.77602830977e-40,1.0,0.0,0.0,0.0,1.0,0.0,0.0,0.0,1.0,0
1480971109421337241,193,1480971109417875430,,0,0,46.5184860229,6.56638145447,2.77602830977e-40,1.0,0.0,0.0,0.0,1.0,0.0,0.0,0.0,1.0,0
1480971109989716816,194,1480971109985394123,,0,0,46.5184555054,6.56635332108,2.77602830977e-40,1.0,0.0,0.0,0.0,1.0,0.0,0.0,0.0,1.0,0
1480971109989964055,195,1480971109985984016,,0,0,46.5184555054,6.56635332108,2.77602830977e-40,1.0,0.0,0.0,0.0,1.0,0.0,0.0,0.0,1.0,0
1480971110356040413,196,1480971110352231520,,0,0,46.5184402466,6.56633472443,2.77602830977e-40,1.0,0.0,0.0,0.0,1.0,0.0,0.0,0.0,1.0,0
1480971110356389214,197,1480971110353037246,,0,0,46.5184402466,6.56633472443,2.77602830977e-40,1.0,0.0,0.0,0.0,1.0,0.0,0.0,0.0,1.0,0
1480971110653390598,198,1480971110649628840,,0,0,46.5184326172,6.56633520126,2.77602830977e-40,1.0,0.0,0.0,0.0,1.0,0.0,0.0,0.0,1.0,0
1480971110653466171,199,1480971110650229047,,0,0,46.5184326172,6.56633520126,2.77602830977e-40,1.0,0.0,0.0,0.0,1.0,0.0,0.0,0.0,1.0,0
1480971110985909466,200,1480971110979791310,,0,0,46.5184173584,6.56632184982,2.77602830977e-40,1.0,0.0,0.0,0.0,1.0,0.0,0.0,0.0,1.0,0
1480971110985989049,201,1480971110980385266,,0,0,46.5184173584,6.56632184982,2.77602830977e-40,1.0,0.0,0.0,0.0,1.0,0.0,0.0,0.0,1.0,0
1480971111336157545,202,1480971111333021097,,0,0,46.5183944702,6.56632661819,2.77602830977e-40,1.0,0.0,0.0,0.0,1.0,0.0,0.0,0.0,1.0,0
1480971111336515200,203,1480971111333769636,,0,0,46.5183944702,6.56632661819,2.77602830977e-40,1.0,0.0,0.0,0.0,1.0,0.0,0.0,0.0,1.0,0
1480971111843427172,204,1480971111839659945,,0,0,46.5183830261,6.56631469727,2.77602830977e-40,1.0,0.0,0.0,0.0,1.0,0.0,0.0,0.0,1.0,0
1480971111843523995,205,1480971111840434370,,0,0,46.5183830261,6.56631469727,2.77602830977e-40,1.0,0.0,0.0,0.0,1.0,0.0,0.0,0.0,1.0,0
1480971112414928976,206,1480971112410892792,,0,0,46.5183639526,6.5663523674,2.77602830977e-40,1.0,0.0,0.0,0.0,1.0,0.0,0.0,0.0,1.0,0
1480971112415008039,207,1480971112411483155,,0,0,46.5183639526,6.5663523674,2.77602830977e-40,1.0,0.0,0.0,0.0,1.0,0.0,0.0,0.0,1.0,0
1480971112908482609,208,1480971112905031839,,0,0,46.5183410645,6.56636381149,2.77602830977e-40,1.0,0.0,0.0,0.0,1.0,0.0,0.0,0.0,1.0,0
1480971112908521619,209,1480971112905612150,,0,0,46.5183410645,6.56636381149,2.77602830977e-40,1.0,0.0,0.0,0.0,1.0,0.0,0.0,0.0,1.0,0
1480971113510023842,210,1480971113506797863,,0,0,46.5183563232,6.56641817093,2.77602830977e-40,1.0,0.0,0.0,0.0,1.0,0.0,0.0,0.0,1.0,0
1480971113513089196,211,1480971113507433538,,0,0,46.5183563232,6.56641817093,2.77602830977e-40,1.0,0.0,0.0,0.0,1.0,0.0,0.0,0.0,1.0,0
1480971114038442043,212,1480971114034963722,,0,0,46.5183601379,6.56644535065,2.77602830977e-40,1.0,0.0,0.0,0.0,1.0,0.0,0.0,0.0,1.0,0
1480971114038532147,213,1480971114035746896,,0,0,46.5183601379,6.56644535065,2.77602830977e-40,1.0,0.0,0.0,0.0,1.0,0.0,0.0,0.0,1.0,0
1480971114636039175,214,1480971114631929241,,0,0,46.5183830261,6.56646728516,2.77602830977e-40,1.0,0.0,0.0,0.0,1.0,0.0,0.0,0.0,1.0,0
1480971114636140529,215,1480971114632916009,,0,0,46.5183830261,6.56646728516,2.77602830977e-40,1.0,0.0,0.0,0.0,1.0,0.0,0.0,0.0,1.0,0
1480971115316348422,216,1480971115312239009,,0,0,46.5184135437,6.56647348404,2.77602830977e-40,1.0,0.0,0.0,0.0,1.0,0.0,0.0,0.0,1.0,0
1480971115316701806,217,1480971115312926090,,0,0,46.5184135437,6.56647348404,2.77602830977e-40,1.0,0.0,0.0,0.0,1.0,0.0,0.0,0.0,1.0,0
1480971115843531731,218,1480971115840059712,,0,0,46.518447876,6.56647205353,2.77602830977e-40,1.0,0.0,0.0,0.0,1.0,0.0,0.0,0.0,1.0,0
1480971115843792668,219,1480971115840712574,,0,0,46.518447876,6.56647205353,2.77602830977e-40,1.0,0.0,0.0,0.0,1.0,0.0,0.0,0.0,1.0,0
1480971116533319904,220,1480971116530034446,,0,0,46.5184707642,6.56646680832,2.77602830977e-40,1.0,0.0,0.0,0.0,1.0,0.0,0.0,0.0,1.0,0
1480971116534086151,221,1480971116530634548,,0,0,46.5184707642,6.56646680832,2.77602830977e-40,1.0,0.0,0.0,0.0,1.0,0.0,0.0,0.0,1.0,0
1480971117095952572,222,1480971117088674888,,0,0,46.5185012817,6.56644773483,2.77602830977e-40,1.0,0.0,0.0,0.0,1.0,0.0,0.0,0.0,1.0,0
1480971117096224810,223,1480971117089237230,,0,0,46.5185012817,6.56644773483,2.77602830977e-40,1.0,0.0,0.0,0.0,1.0,0.0,0.0,0.0,1.0,0
1480971117633800168,224,1480971117629854140,,0,0,46.5185203552,6.56643390656,2.77602830977e-40,1.0,0.0,0.0,0.0,1.0,0.0,0.0,0.0,1.0,0
1480971117633900740,225,1480971117630512054,,0,0,46.5185203552,6.56643390656,2.77602830977e-40,1.0,0.0,0.0,0.0,1.0,0.0,0.0,0.0,1.0,0
1480971118230352720,226,1480971118226128099,,0,0,46.5185470581,6.5664100647,2.77602830977e-40,1.0,0.0,0.0,0.0,1.0,0.0,0.0,0.0,1.0,0
1480971118230459699,227,1480971118226772003,,0,0,46.5185470581,6.5664100647,2.77602830977e-40,1.0,0.0,0.0,0.0,1.0,0.0,0.0,0.0,1.0,0
1480971118665877644,228,1480971118661703752,,0,0,46.5185699463,6.56638097763,2.77602830977e-40,1.0,0.0,0.0,0.0,1.0,0.0,0.0,0.0,1.0,0
1480971118667573940,229,1480971118662384010,,0,0,46.5185699463,6.56638097763,2.77602830977e-40,1.0,0.0,0.0,0.0,1.0,0.0,0.0,0.0,1.0,0
1480971119090588854,230,1480971119087690583,,0,0,46.5185775757,6.56635570526,2.77602830977e-40,1.0,0.0,0.0,0.0,1.0,0.0,0.0,0.0,1.0,0
1480971119090905311,231,1480971119088393601,,0,0,46.5185775757,6.56635570526,2.77602830977e-40,1.0,0.0,0.0,0.0,1.0,0.0,0.0,0.0,1.0,0
1480971119605944548,232,1480971119599230143,,0,0,46.518573761,6.56632471085,2.77602830977e-40,1.0,0.0,0.0,0.0,1.0,0.0,0.0,0.0,1.0,0
1480971119606021422,233,1480971119599859777,,0,0,46.518573761,6.56632471085,2.77602830977e-40,1.0,0.0,0.0,0.0,1.0,0.0,0.0,0.0,1.0,0
1480971120110279601,234,1480971120105057171,,0,0,46.5185508728,6.56627607346,2.77602830977e-40,1.0,0.0,0.0,0.0,1.0,0.0,0.0,0.0,1.0,0
1480971120110317987,235,1480971120105818887,,0,0,46.5185508728,6.56627607346,2.77602830977e-40,1.0,0.0,0.0,0.0,1.0,0.0,0.0,0.0,1.0,0
1480971120746932538,236,1480971120741351672,,0,0,46.518535614,6.5662612915,2.77602830977e-40,1.0,0.0,0.0,0.0,1.0,0.0,0.0,0.0,1.0,0
1480971120749420759,237,1480971120741908493,,0,0,46.518535614,6.5662612915,2.77602830977e-40,1.0,0.0,0.0,0.0,1.0,0.0,0.0,0.0,1.0,0
1480971121071299455,238,1480971121065435777,,0,0,46.5185089111,6.56625699997,2.77602830977e-40,1.0,0.0,0.0,0.0,1.0,0.0,0.0,0.0,1.0,0
1480971121071607422,239,1480971121066060827,,0,0,46.5185089111,6.56625699997,2.77602830977e-40,1.0,0.0,0.0,0.0,1.0,0.0,0.0,0.0,1.0,0
1480971121459633758,240,1480971121456013874,,0,0,46.5184936523,6.56626176834,2.77602830977e-40,1.0,0.0,0.0,0.0,1.0,0.0,0.0,0.0,1.0,0
1480971121459719278,241,1480971121456648195,,0,0,46.5184936523,6.56626176834,2.77602830977e-40,1.0,0.0,0.0,0.0,1.0,0.0,0.0,0.0,1.0,0
1480971121873946045,242,1480971121869541164,,0,0,46.5184707642,6.5662727356,2.77602830977e-40,1.0,0.0,0.0,0.0,1.0,0.0,0.0,0.0,1.0,0
1480971121874016930,243,1480971121870138194,,0,0,46.5184707642,6.5662727356,2.77602830977e-40,1.0,0.0,0.0,0.0,1.0,0.0,0.0,0.0,1.0,0
1480971122175832413,244,1480971122170110974,,0,0,46.5184555054,6.56629276276,2.77602830977e-40,1.0,0.0,0.0,0.0,1.0,0.0,0.0,0.0,1.0,0
1480971122175891371,245,1480971122170643733,,0,0,46.5184555054,6.56629276276,2.77602830977e-40,1.0,0.0,0.0,0.0,1.0,0.0,0.0,0.0,1.0,0
1480971122540685338,246,1480971122536594102,,0,0,46.5184440613,6.56630516052,2.77602830977e-40,1.0,0.0,0.0,0.0,1.0,0.0,0.0,0.0,1.0,0
1480971122540774035,247,1480971122537209100,,0,0,46.5184440613,6.56630516052,2.77602830977e-40,1.0,0.0,0.0,0.0,1.0,0.0,0.0,0.0,1.0,0
1480971122765579260,248,1480971122760071570,,0,0,46.5184326172,6.56633424759,2.77602830977e-40,1.0,0.0,0.0,0.0,1.0,0.0,0.0,0.0,1.0,0
1480971122765665874,249,1480971122760670214,,0,0,46.5184326172,6.56633424759,2.77602830977e-40,1.0,0.0,0.0,0.0,1.0,0.0,0.0,0.0,1.0,0
1480971123102553946,250,1480971123096563237,,0,0,46.5184249878,6.5663433075,2.77602830977e-40,1.0,0.0,0.0,0.0,1.0,0.0,0.0,0.0,1.0,0
1480971123102639518,251,1480971123097169068,,0,0,46.5184249878,6.5663433075,2.77602830977e-40,1.0,0.0,0.0,0.0,1.0,0.0,0.0,0.0,1.0,0
1480971123607452852,252,1480971123601951100,,0,0,46.5184249878,6.56637382507,2.77602830977e-40,1.0,0.0,0.0,0.0,1.0,0.0,0.0,0.0,1.0,0
1480971123607759882,253,1480971123602827295,,0,0,46.5184249878,6.56637382507,2.77602830977e-40,1.0,0.0,0.0,0.0,1.0,0.0,0.0,0.0,1.0,0
1480971124177762525,254,1480971124174425036,,0,0,46.5184249878,6.56641054153,2.77602830977e-40,1.0,0.0,0.0,0.0,1.0,0.0,0.0,0.0,1.0,0
1480971124177843306,255,1480971124174993264,,0,0,46.5184249878,6.56641054153,2.77602830977e-40,1.0,0.0,0.0,0.0,1.0,0.0,0.0,0.0,1.0,0
1480971124679756233,256,1480971124676050881,,0,0,46.5184364319,6.56644153595,2.77602830977e-40,1.0,0.0,0.0,0.0,1.0,0.0,0.0,0.0,1.0,0
1480971124679833472,257,1480971124676669004,,0,0,46.5184364319,6.56644153595,2.77602830977e-40,1.0,0.0,0.0,0.0,1.0,0.0,0.0,0.0,1.0,0
1480971125278689923,258,1480971125275029519,,0,0,46.5184440613,6.56647825241,2.77602830977e-40,1.0,0.0,0.0,0.0,1.0,0.0,0.0,0.0,1.0,0
1480971125278990651,259,1480971125275608475,,0,0,46.5184440613,6.56647825241,2.77602830977e-40,1.0,0.0,0.0,0.0,1.0,0.0,0.0,0.0,1.0,0
1480971125826971390,260,1480971125821252659,,0,0,46.5184440613,6.56652021408,2.77602830977e-40,1.0,0.0,0.0,0.0,1.0,0.0,0.0,0.0,1.0,0
1480971125827158785,261,1480971125821813543,,0,0,46.5184440613,6.56652021408,2.77602830977e-40,1.0,0.0,0.0,0.0,1.0,0.0,0.0,0.0,1.0,0
1480971126381528773,262,1480971126377620817,,0,0,46.5184326172,6.56655550003,2.77602830977e-40,1.0,0.0,0.0,0.0,1.0,0.0,0.0,0.0,1.0,0
1480971126381631793,263,1480971126378214148,,0,0,46.5184326172,6.56655550003,2.77602830977e-40,1.0,0.0,0.0,0.0,1.0,0.0,0.0,0.0,1.0,0
1480971126953216983,264,1480971126949192152,,0,0,46.5184211731,6.56659555435,2.77602830977e-40,1.0,0.0,0.0,0.0,1.0,0.0,0.0,0.0,1.0,0
1480971126953298232,265,1480971126949913296,,0,0,46.5184211731,6.56659555435,2.77602830977e-40,1.0,0.0,0.0,0.0,1.0,0.0,0.0,0.0,1.0,0
1480971127627195261,266,1480971127623254754,,0,0,46.5184020996,6.56663656235,2.77602830977e-40,1.0,0.0,0.0,0.0,1.0,0.0,0.0,0.0,1.0,0
1480971127628047498,267,1480971127623904908,,0,0,46.5184020996,6.56663656235,2.77602830977e-40,1.0,0.0,0.0,0.0,1.0,0.0,0.0,0.0,1.0,0
1480971128250924596,268,1480971128246866485,,0,0,46.5183601379,6.56661510468,2.77602830977e-40,1.0,0.0,0.0,0.0,1.0,0.0,0.0,0.0,1.0,0
1480971128251007096,269,1480971128247829502,,0,0,46.5183601379,6.56661510468,2.77602830977e-40,1.0,0.0,0.0,0.0,1.0,0.0,0.0,0.0,1.0,0
1480971129076335900,270,1480971129071699458,,0,0,46.5183296204,6.56660604477,2.77602830977e-40,1.0,0.0,0.0,0.0,1.0,0.0,0.0,0.0,1.0,0
1480971129076610795,271,1480971129072612267,,0,0,46.5183296204,6.56660604477,2.77602830977e-40,1.0,0.0,0.0,0.0,1.0,0.0,0.0,0.0,1.0,0
1480971129872960116,272,1480971129869197003,,0,0,46.5182914734,6.5665678978,2.77602830977e-40,1.0,0.0,0.0,0.0,1.0,0.0,0.0,0.0,1.0,0
1480971129873065428,273,1480971129870013303,,0,0,46.5182914734,6.5665678978,2.77602830977e-40,1.0,0.0,0.0,0.0,1.0,0.0,0.0,0.0,1.0,0
1480971130668547095,274,1480971130664546848,,0,0,46.5182800293,6.56653308868,2.77602830977e-40,1.0,0.0,0.0,0.0,1.0,0.0,0.0,0.0,1.0,0
1480971130668585219,275,1480971130665428043,,0,0,46.5182800293,6.56653308868,2.77602830977e-40,1.0,0.0,0.0,0.0,1.0,0.0,0.0,0.0,1.0,0
1480971131435588442,276,1480971131431868610,,0,0,46.5182723999,6.56646060944,2.77602830977e-40,1.0,0.0,0.0,0.0,1.0,0.0,0.0,0.0,1.0,0
1480971131435669587,277,1480971131432801628,,0,0,46.5182723999,6.56646060944,2.77602830977e-40,1.0,0.0,0.0,0.0,1.0,0.0,0.0,0.0,1.0,0
1480971132047927555,278,1480971132038583837,,0,0,46.518283844,6.5664024353,2.77602830977e-40,1.0,0.0,0.0,0.0,1.0,0.0,0.0,0.0,1.0,0
1480971132048004638,279,1480971132040177790,,0,0,46.518283844,6.5664024353,2.77602830977e-40,1.0,0.0,0.0,0.0,1.0,0.0,0.0,0.0,1.0,0
1480971132527329152,280,1480971132523957184,,0,0,46.5182991028,6.56636381149,2.77602830977e-40,1.0,0.0,0.0,0.0,1.0,0.0,0.0,0.0,1.0,0
1480971132527633734,281,1480971132524559943,,0,0,46.5182991028,6.56636381149,2.77602830977e-40,1.0,0.0,0.0,0.0,1.0,0.0,0.0,0.0,1.0,0
1480971133109021547,282,1480971133104375885,,0,0,46.5183181763,6.56634140015,2.77602830977e-40,1.0,0.0,0.0,0.0,1.0,0.0,0.0,0.0,1.0,0
1480971133109084724,283,1480971133104950675,,0,0,46.5183181763,6.56634140015,2.77602830977e-40,1.0,0.0,0.0,0.0,1.0,0.0,0.0,0.0,1.0,0
1480971133599067066,284,1480971133596103222,,0,0,46.5183486938,6.56632471085,2.77602830977e-40,1.0,0.0,0.0,0.0,1.0,0.0,0.0,0.0,1.0,0
1480971133599407846,285,1480971133596746605,,0,0,46.5183486938,6.56632471085,2.77602830977e-40,1.0,0.0,0.0,0.0,1.0,0.0,0.0,0.0,1.0,0
1480971133993346349,286,1480971133990225526,,0,0,46.518371582,6.56631565094,2.77602830977e-40,1.0,0.0,0.0,0.0,1.0,0.0,0.0,0.0,1.0,0
1480971133993397182,287,1480971133990900159,,0,0,46.518371582,6.56631565094,2.77602830977e-40,1.0,0.0,0.0,0.0,1.0,0.0,0.0,0.0,1.0,0
1480971134370836001,288,1480971134364795292,,0,0,46.5183868408,6.56631851196,2.77602830977e-40,1.0,0.0,0.0,0.0,1.0,0.0,0.0,0.0,1.0,0
1480971134371416728,289,1480971134365486227,,0,0,46.5183868408,6.56631851196,2.77602830977e-40,1.0,0.0,0.0,0.0,1.0,0.0,0.0,0.0,1.0,0
1480971134868764566,290,1480971134864864840,,0,0,46.5184020996,6.56633281708,2.77602830977e-40,1.0,0.0,0.0,0.0,1.0,0.0,0.0,0.0,1.0,0
1480971134868861441,291,1480971134865510879,,0,0,46.5184020996,6.56633281708,2.77602830977e-40,1.0,0.0,0.0,0.0,1.0,0.0,0.0,0.0,1.0,0
1480971135215479375,292,1480971135211558295,,0,0,46.5184211731,6.5663599968,2.77602830977e-40,1.0,0.0,0.0,0.0,1.0,0.0,0.0,0.0,1.0,0
1480971135216109321,293,1480971135212130481,,0,0,46.5184211731,6.5663599968,2.77602830977e-40,1.0,0.0,0.0,0.0,1.0,0.0,0.0,0.0,1.0,0
1480971135657079383,294,1480971135653806946,,0,0,46.5184288025,6.56638431549,2.77602830977e-40,1.0,0.0,0.0,0.0,1.0,0.0,0.0,0.0,1.0,0
1480971135657860005,295,1480971135654413767,,0,0,46.5184288025,6.56638431549,2.77602830977e-40,1.0,0.0,0.0,0.0,1.0,0.0,0.0,0.0,1.0,0
1480971136115186365,296,1480971136111966480,,0,0,46.5184326172,6.56640958786,2.77602830977e-40,1.0,0.0,0.0,0.0,1.0,0.0,0.0,0.0,1.0,0
1480971136115271000,297,1480971136112681998,,0,0,46.5184326172,6.56640958786,2.77602830977e-40,1.0,0.0,0.0,0.0,1.0,0.0,0.0,0.0,1.0,0
1480971136635177667,298,1480971136630535235,,0,0,46.5184440613,6.56644296646,2.77602830977e-40,1.0,0.0,0.0,0.0,1.0,0.0,0.0,0.0,1.0,0
1480971136635479229,299,1480971136631198827,,0,0,46.5184440613,6.56644296646,2.77602830977e-40,1.0,0.0,0.0,0.0,1.0,0.0,0.0,0.0,1.0,0
1480971137106949603,300,1480971137103430969,,0,0,46.5184516907,6.56647109985,2.77602830977e-40,1.0,0.0,0.0,0.0,1.0,0.0,0.0,0.0,1.0,0
1480971137110197092,301,1480971137104032738,,0,0,46.5184516907,6.56647109985,2.77602830977e-40,1.0,0.0,0.0,0.0,1.0,0.0,0.0,0.0,1.0,0
1480971137605351916,302,1480971137601338441,,0,0,46.5184555054,6.56649208069,2.77602830977e-40,1.0,0.0,0.0,0.0,1.0,0.0,0.0,0.0,1.0,0
1480971137605445718,303,1480971137602081303,,0,0,46.5184555054,6.56649208069,2.77602830977e-40,1.0,0.0,0.0,0.0,1.0,0.0,0.0,0.0,1.0,0
1480971137966308917,304,1480971137962579607,,0,0,46.5184669495,6.56652259827,2.77602830977e-40,1.0,0.0,0.0,0.0,1.0,0.0,0.0,0.0,1.0,0
1480971137966394489,305,1480971137963199865,,0,0,46.5184669495,6.56652259827,2.77602830977e-40,1.0,0.0,0.0,0.0,1.0,0.0,0.0,0.0,1.0,0
1480971138474729165,306,1480971138470485221,,0,0,46.5184745789,6.56653881073,2.77602830977e-40,1.0,0.0,0.0,0.0,1.0,0.0,0.0,0.0,1.0,0
1480971138474827863,307,1480971138471692561,,0,0,46.5184745789,6.56653881073,2.77602830977e-40,1.0,0.0,0.0,0.0,1.0,0.0,0.0,0.0,1.0,0
1480971138851779861,308,1480971138848116904,,0,0,46.5184783936,6.56655073166,2.77602830977e-40,1.0,0.0,0.0,0.0,1.0,0.0,0.0,0.0,1.0,0
1480971138851820433,309,1480971138848728256,,0,0,46.5184783936,6.56655073166,2.77602830977e-40,1.0,0.0,0.0,0.0,1.0,0.0,0.0,0.0,1.0,0
1480971139202076897,310,1480971139198570451,,0,0,46.5184860229,6.56655740738,2.77602830977e-40,1.0,0.0,0.0,0.0,1.0,0.0,0.0,0.0,1.0,0
1480971139202574396,311,1480971139199203313,,0,0,46.5184860229,6.56655740738,2.77602830977e-40,1.0,0.0,0.0,0.0,1.0,0.0,0.0,0.0,1.0,0
1480971139420513706,312,1480971139416477105,,0,0,46.5184936523,6.56656885147,2.77602830977e-40,1.0,0.0,0.0,0.0,1.0,0.0,0.0,0.0,1.0,0
1480971139420822767,313,1480971139417084447,,0,0,46.5184936523,6.56656885147,2.77602830977e-40,1.0,0.0,0.0,0.0,1.0,0.0,0.0,0.0,1.0,0
1480971139616167050,314,1480971139611967273,,0,0,46.518497467,6.56657028198,2.77602830977e-40,1.0,0.0,0.0,0.0,1.0,0.0,0.0,0.0,1.0,0
1480971139616241060,315,1480971139612700551,,0,0,46.518497467,6.56657028198,2.77602830977e-40,1.0,0.0,0.0,0.0,1.0,0.0,0.0,0.0,1.0,0
1480971139817886520,316,1480971139814139918,,0,0,46.5185012817,6.56658267975,2.77602830977e-40,1.0,0.0,0.0,0.0,1.0,0.0,0.0,0.0,1.0,0
1480971139818650059,317,1480971139814695124,,0,0,46.5185012817,6.56658267975,2.77602830977e-40,1.0,0.0,0.0,0.0,1.0,0.0,0.0,0.0,1.0,0
1480971140026473674,318,1480971140016031730,,0,0,46.5184936523,6.56657934189,2.77602830977e-40,1.0,0.0,0.0,0.0,1.0,0.0,0.0,0.0,1.0,0
1480971140030834545,319,1480971140016626103,,0,0,46.5184936523,6.56657934189,2.77602830977e-40,1.0,0.0,0.0,0.0,1.0,0.0,0.0,0.0,1.0,0
1480971140232892242,320,1480971140227967259,,0,0,46.5184936523,6.56657028198,2.77602830977e-40,1.0,0.0,0.0,0.0,1.0,0.0,0.0,0.0,1.0,0
1480971140233065002,321,1480971140228626580,,0,0,46.5184936523,6.56657028198,2.77602830977e-40,1.0,0.0,0.0,0.0,1.0,0.0,0.0,0.0,1.0,0
1480971140439154248,322,1480971140432615729,,0,0,46.5184822083,6.56656837463,2.77602830977e-40,1.0,0.0,0.0,0.0,1.0,0.0,0.0,0.0,1.0,0
1480971140440103724,323,1480971140433195987,,0,0,46.5184822083,6.56656837463,2.77602830977e-40,1.0,0.0,0.0,0.0,1.0,0.0,0.0,0.0,1.0,0
1480971140615561877,324,1480971140609863771,,0,0,46.5184860229,6.56657314301,2.77602830977e-40,1.0,0.0,0.0,0.0,1.0,0.0,0.0,0.0,1.0,0
1480971140617034997,325,1480971140610576477,,0,0,46.5184860229,6.56657314301,2.77602830977e-40,1.0,0.0,0.0,0.0,1.0,0.0,0.0,0.0,1.0,0
1480971140823158410,326,1480971140817496085,,0,0,46.5184783936,6.5665807724,2.77602830977e-40,1.0,0.0,0.0,0.0,1.0,0.0,0.0,0.0,1.0,0
1480971140823239712,327,1480971140818217437,,0,0,46.5184783936,6.5665807724,2.77602830977e-40,1.0,0.0,0.0,0.0,1.0,0.0,0.0,0.0,1.0,0
1480971141026120167,328,1480971141023027469,,0,0,46.5184783936,6.56658983231,2.77602830977e-40,1.0,0.0,0.0,0.0,1.0,0.0,0.0,0.0,1.0,0
1480971141026197406,329,1480971141023617467,,0,0,46.5184783936,6.56658983231,2.77602830977e-40,1.0,0.0,0.0,0.0,1.0,0.0,0.0,0.0,1.0,0
1480971141235239246,330,1480971141231465093,,0,0,46.5184669495,6.56658840179,2.77602830977e-40,1.0,0.0,0.0,0.0,1.0,0.0,0.0,0.0,1.0,0
1480971141236080546,331,1480971141232059674,,0,0,46.5184669495,6.56658840179,2.77602830977e-40,1.0,0.0,0.0,0.0,1.0,0.0,0.0,0.0,1.0,0
1480971141419879347,332,1480971141416900451,,0,0,46.5184516907,6.56657171249,2.77602830977e-40,1.0,0.0,0.0,0.0,1.0,0.0,0.0,0.0,1.0,0
1480971141420742521,333,1480971141417475501,,0,0,46.5184516907,6.56657171249,2.77602830977e-40,1.0,0.0,0.0,0.0,1.0,0.0,0.0,0.0,1.0,0
1480971141613134210,334,1480971141609478441,,0,0,46.5184440613,6.56656837463,2.77602830977e-40,1.0,0.0,0.0,0.0,1.0,0.0,0.0,0.0,1.0,0
1480971141613221293,335,1480971141610031825,,0,0,46.5184440613,6.56656837463,2.77602830977e-40,1.0,0.0,0.0,0.0,1.0,0.0,0.0,0.0,1.0,0
1480971141806563656,336,1480971141803589447,,0,0,46.5184707642,6.56658267975,2.77602830977e-40,1.0,0.0,0.0,0.0,1.0,0.0,0.0,0.0,1.0,0
1480971141806657666,337,1480971141804302257,,0,0,46.5184707642,6.56658267975,2.77602830977e-40,1.0,0.0,0.0,0.0,1.0,0.0,0.0,0.0,1.0,0
1480971141997711234,338,1480971141995198847,,0,0,46.5184898376,6.56658124924,2.77602830977e-40,1.0,0.0,0.0,0.0,1.0,0.0,0.0,0.0,1.0,0
1480971142001632106,339,1480971141999379249,,0,0,46.5184898376,6.56658124924,2.77602830977e-40,1.0,0.0,0.0,0.0,1.0,0.0,0.0,0.0,1.0,0
1480971142210619155,340,1480971142207795311,,0,0,46.5184516907,6.56654262543,2.77602830977e-40,1.0,0.0,0.0,0.0,1.0,0.0,0.0,0.0,1.0,0
1480971142210737540,341,1480971142208378434,,0,0,46.5184516907,6.56654262543,2.77602830977e-40,1.0,0.0,0.0,0.0,1.0,0.0,0.0,0.0,1.0,0
1480971142421048595,342,1480971142417857408,,0,0,46.5184707642,6.56655979156,2.77602830977e-40,1.0,0.0,0.0,0.0,1.0,0.0,0.0,0.0,1.0,0
1480971142421133959,343,1480971142418661103,,0,0,46.5184707642,6.56655979156,2.77602830977e-40,1.0,0.0,0.0,0.0,1.0,0.0,0.0,0.0,1.0,0
1480971142606555515,344,1480971142601721678,,0,0,46.5184555054,6.56656503677,2.77602830977e-40,1.0,0.0,0.0,0.0,1.0,0.0,0.0,0.0,1.0,0
1480971142606665255,345,1480971142602501831,,0,0,46.5184555054,6.56656503677,2.77602830977e-40,1.0,0.0,0.0,0.0,1.0,0.0,0.0,0.0,1.0,0
1480971142802031621,346,1480971142797908197,,0,0,46.5184707642,6.5665807724,2.77602830977e-40,1.0,0.0,0.0,0.0,1.0,0.0,0.0,0.0,1.0,0
1480971142805447338,347,1480971142799288141,,0,0,46.5184707642,6.5665807724,2.77602830977e-40,1.0,0.0,0.0,0.0,1.0,0.0,0.0,0.0,1.0,0
1480971143007611077,348,1480971143004836660,,0,0,46.5184669495,6.56659650803,2.77602830977e-40,1.0,0.0,0.0,0.0,1.0,0.0,0.0,0.0,1.0,0
1480971143007723421,349,1480971143005505199,,0,0,46.5184669495,6.56659650803,2.77602830977e-40,1.0,0.0,0.0,0.0,1.0,0.0,0.0,0.0,1.0,0
1480971143214083239,350,1480971143211172520,,0,0,46.5184860229,6.56660509109,2.77602830977e-40,1.0,0.0,0.0,0.0,1.0,0.0,0.0,0.0,1.0,0
1480971143214670945,351,1480971143211770226,,0,0,46.5184860229,6.56660509109,2.77602830977e-40,1.0,0.0,0.0,0.0,1.0,0.0,0.0,0.0,1.0,0
1480971143408603358,352,1480971143404819412,,0,0,46.5184669495,6.56660842896,2.77602830977e-40,1.0,0.0,0.0,0.0,1.0,0.0,0.0,0.0,1.0,0
1480971143409394814,353,1480971143405464358,,0,0,46.5184669495,6.56660842896,2.77602830977e-40,1.0,0.0,0.0,0.0,1.0,0.0,0.0,0.0,1.0,0
1480971143621413206,354,1480971143618530977,,0,0,46.5184783936,6.56659793854,2.77602830977e-40,1.0,0.0,0.0,0.0,1.0,0.0,0.0,0.0,1.0,0
1480971143621801122,355,1480971143619170558,,0,0,46.5184783936,6.56659793854,2.77602830977e-40,1.0,0.0,0.0,0.0,1.0,0.0,0.0,0.0,1.0,0
1480971143805931537,356,1480971143802533058,,0,0,46.5184631348,6.56661128998,2.77602830977e-40,1.0,0.0,0.0,0.0,1.0,0.0,0.0,0.0,1.0,0
1480971143806022682,357,1480971143803196025,,0,0,46.5184631348,6.56661128998,2.77602830977e-40,1.0,0.0,0.0,0.0,1.0,0.0,0.0,0.0,1.0,0
1480971143997377187,358,1480971143995223392,,0,0,46.5184402466,6.56660699844,2.77602830977e-40,1.0,0.0,0.0,0.0,1.0,0.0,0.0,0.0,1.0,0
1480971144001476808,359,1480971143999309680,,0,0,46.5184402466,6.56660699844,2.77602830977e-40,1.0,0.0,0.0,0.0,1.0,0.0,0.0,0.0,1.0,0
1480971144207597773,360,1480971144203820963,,0,0,46.5184516907,6.56660938263,2.77602830977e-40,1.0,0.0,0.0,0.0,1.0,0.0,0.0,0.0,1.0,0
1480971144209614433,361,1480971144204614763,,0,0,46.5184516907,6.56660938263,2.77602830977e-40,1.0,0.0,0.0,0.0,1.0,0.0,0.0,0.0,1.0,0
1480971144408675526,362,1480971144402438620,,0,0,46.5184402466,6.56660604477,2.77602830977e-40,1.0,0.0,0.0,0.0,1.0,0.0,0.0,0.0,1.0,0
1480971144408849432,363,1480971144403063618,,0,0,46.5184402466,6.56660604477,2.77602830977e-40,1.0,0.0,0.0,0.0,1.0,0.0,0.0,0.0,1.0,0
1480971144604617515,364,1480971144598834410,,0,0,46.5184555054,6.56660604477,2.77602830977e-40,1.0,0.0,0.0,0.0,1.0,0.0,0.0,0.0,1.0,0
1480971144604738140,365,1480971144599403314,,0,0,46.5184555054,6.56660604477,2.77602830977e-40,1.0,0.0,0.0,0.0,1.0,0.0,0.0,0.0,1.0,0
1480971144798966177,366,1480971144795145461,,0,0,46.5184822083,6.56660079956,2.77602830977e-40,1.0,0.0,0.0,0.0,1.0,0.0,0.0,0.0,1.0,0
1480971144804544908,367,1480971144799283936,,0,0,46.5184822083,6.56660079956,2.77602830977e-40,1.0,0.0,0.0,0.0,1.0,0.0,0.0,0.0,1.0,0
1480971145001843767,368,1480971144997427584,,0,0,46.518497467,6.56661367416,2.77602830977e-40,1.0,0.0,0.0,0.0,1.0,0.0,0.0,0.0,1.0,0
1480971145001930173,369,1480971144999404453,,0,0,46.518497467,6.56661367416,2.77602830977e-40,1.0,0.0,0.0,0.0,1.0,0.0,0.0,0.0,1.0,0
1480971145211862115,370,1480971145207688744,,0,0,46.5185127258,6.56660413742,2.77602830977e-40,1.0,0.0,0.0,0.0,1.0,0.0,0.0,0.0,1.0,0
1480971145212097635,371,1480971145208529678,,0,0,46.5185127258,6.56660413742,2.77602830977e-40,1.0,0.0,0.0,0.0,1.0,0.0,0.0,0.0,1.0,0
1480971145405617236,372,1480971145401569854,,0,0,46.5185241699,6.56660366058,2.77602830977e-40,1.0,0.0,0.0,0.0,1.0,0.0,0.0,0.0,1.0,0
1480971145406664889,373,1480971145402139644,,0,0,46.5185241699,6.56660366058,2.77602830977e-40,1.0,0.0,0.0,0.0,1.0,0.0,0.0,0.0,1.0,0
1480971145609781489,374,1480971145606573063,,0,0,46.5185470581,6.56663370132,2.77602830977e-40,1.0,0.0,0.0,0.0,1.0,0.0,0.0,0.0,1.0,0
1480971145609825447,375,1480971145607243581,,0,0,46.5185470581,6.56663370132,2.77602830977e-40,1.0,0.0,0.0,0.0,1.0,0.0,0.0,0.0,1.0,0
1480971145815700267,376,1480971145813282099,,0,0,46.5185432434,6.56664228439,2.77602830977e-40,1.0,0.0,0.0,0.0,1.0,0.0,0.0,0.0,1.0,0
1480971145816339536,377,1480971145813922565,,0,0,46.5185432434,6.56664228439,2.77602830977e-40,1.0,0.0,0.0,0.0,1.0,0.0,0.0,0.0,1.0,0
1480971146001683801,378,1480971145997755012,,0,0,46.5185585022,6.56665849686,2.77602830977e-40,1.0,0.0,0.0,0.0,1.0,0.0,0.0,0.0,1.0,0
1480971146002103591,379,1480971145999344278,,0,0,46.5185585022,6.56665849686,2.77602830977e-40,1.0,0.0,0.0,0.0,1.0,0.0,0.0,0.0,1.0,0
1480971146197360218,380,1480971146194440957,,0,0,46.5185699463,6.56665992737,2.77602830977e-40,1.0,0.0,0.0,0.0,1.0,0.0,0.0,0.0,1.0,0
1480971146201968015,381,1480971146199293753,,0,0,46.5185699463,6.56665992737,2.77602830977e-40,1.0,0.0,0.0,0.0,1.0,0.0,0.0,0.0,1.0,0
1480971146416784471,382,1480971146410540169,,0,0,46.5185546875,6.56664514542,2.77602830977e-40,1.0,0.0,0.0,0.0,1.0,0.0,0.0,0.0,1.0,0
1480971146417074314,383,1480971146411273917,,0,0,46.5185546875,6.56664514542,2.77602830977e-40,1.0,0.0,0.0,0.0,1.0,0.0,0.0,0.0,1.0,0
1480971146627322140,384,1480971146616937696,,0,0,46.518535614,6.56663370132,2.77602830977e-40,1.0,0.0,0.0,0.0,1.0,0.0,0.0,0.0,1.0,0
1480971146633577639,385,1480971146617504881,,0,0,46.518535614,6.56663370132,2.77602830977e-40,1.0,0.0,0.0,0.0,1.0,0.0,0.0,0.0,1.0,0
1480971146823166942,386,1480971146820097317,,0,0,46.5185127258,6.56662607193,2.77602830977e-40,1.0,0.0,0.0,0.0,1.0,0.0,0.0,0.0,1.0,0
1480971146823241525,387,1480971146820687471,,0,0,46.5185127258,6.56662607193,2.77602830977e-40,1.0,0.0,0.0,0.0,1.0,0.0,0.0,0.0,1.0,0
1480971147016281388,388,1480971147013634731,,0,0,46.5185012817,6.56663942337,2.77602830977e-40,1.0,0.0,0.0,0.0,1.0,0.0,0.0,0.0,1.0,0
1480971147016367378,389,1480971147014267593,,0,0,46.5185012817,6.56663942337,2.77602830977e-40,1.0,0.0,0.0,0.0,1.0,0.0,0.0,0.0,1.0,0
1480971147219956268,390,1480971147217359037,,0,0,46.5185241699,6.56666231155,2.77602830977e-40,1.0,0.0,0.0,0.0,1.0,0.0,0.0,0.0,1.0,0
1480971147220257413,391,1480971147217931744,,0,0,46.5185241699,6.56666231155,2.77602830977e-40,1.0,0.0,0.0,0.0,1.0,0.0,0.0,0.0,1.0,0
1480971147417811792,392,1480971147413610713,,0,0,46.5185241699,6.56667089462,2.77602830977e-40,1.0,0.0,0.0,0.0,1.0,0.0,0.0,0.0,1.0,0
1480971147417892834,393,1480971147414392273,,0,0,46.5185241699,6.56667089462,2.77602830977e-40,1.0,0.0,0.0,0.0,1.0,0.0,0.0,0.0,1.0,0
1480971147613226804,394,1480971147609428119,,0,0,46.5185279846,6.56668043137,2.77602830977e-40,1.0,0.0,0.0,0.0,1.0,0.0,0.0,0.0,1.0,0
1480971147613466699,395,1480971147610034888,,0,0,46.5185279846,6.56668043137,2.77602830977e-40,1.0,0.0,0.0,0.0,1.0,0.0,0.0,0.0,1.0,0
1480971147798550236,396,1480971147796308056,,0,0,46.5185317993,6.56670713425,2.77602830977e-40,1.0,0.0,0.0,0.0,1.0,0.0,0.0,0.0,1.0,0
1480971147802780951,397,1480971147799290285,,0,0,46.5185317993,6.56670713425,2.77602830977e-40,1.0,0.0,0.0,0.0,1.0,0.0,0.0,0.0,1.0,0
1480971148005398177,398,1480971148002261886,,0,0,46.5185394287,6.56672096252,2.77602830977e-40,1.0,0.0,0.0,0.0,1.0,0.0,0.0,0.0,1.0,0
1480971148005493490,399,1480971148003081206,,0,0,46.5185394287,6.56672096252,2.77602830977e-40,1.0,0.0,0.0,0.0,1.0,0.0,0.0,0.0,1.0,0
1480971148201252042,400,1480971148198581843,,0,0,46.5185394287,6.56672096252,2.77602830977e-40,1.0,0.0,0.0,0.0,1.0,0.0,0.0,0.0,1.0,0
1480971148201356781,401,1480971148199195122,,0,0,46.5185394287,6.56672096252,2.77602830977e-40,1.0,0.0,0.0,0.0,1.0,0.0,0.0,0.0,1.0,0
1480971148407475350,402,1480971148404054893,,0,0,46.5185432434,6.56671094894,2.77602830977e-40,1.0,0.0,0.0,0.0,1.0,0.0,0.0,0.0,1.0,0
1480971148408662377,403,1480971148404633589,,0,0,46.5185432434,6.56671094894,2.77602830977e-40,1.0,0.0,0.0,0.0,1.0,0.0,0.0,0.0,1.0,0
1480971148608991018,404,1480971148606172695,,0,0,46.5185470581,6.56669712067,2.77602830977e-40,1.0,0.0,0.0,0.0,1.0,0.0,0.0,0.0,1.0,0
1480971148609180184,405,1480971148606763838,,0,0,46.5185470581,6.56669712067,2.77602830977e-40,1.0,0.0,0.0,0.0,1.0,0.0,0.0,0.0,1.0,0
1480971148803644731,406,1480971148800549012,,0,0,46.5185203552,6.56669378281,2.77602830977e-40,1.0,0.0,0.0,0.0,1.0,0.0,0.0,0.0,1.0,0
1480971148803741605,407,1480971148801163854,,0,0,46.5185203552,6.56669378281,2.77602830977e-40,1.0,0.0,0.0,0.0,1.0,0.0,0.0,0.0,1.0,0
1480971149016570985,408,1480971149013256361,,0,0,46.5185127258,6.56668710709,2.77602830977e-40,1.0,0.0,0.0,0.0,1.0,0.0,0.0,0.0,1.0,0
1480971149016651297,409,1480971149014030577,,0,0,46.5185127258,6.56668710709,2.77602830977e-40,1.0,0.0,0.0,0.0,1.0,0.0,0.0,0.0,1.0,0
1480971149199317759,410,1480971149196837455,,0,0,46.5185050964,6.56672000885,2.77602830977e-40,1.0,0.0,0.0,0.0,1.0,0.0,0.0,0.0,1.0,0
1480971149201752282,411,1480971149199315519,,0,0,46.5185050964,6.56672000885,2.77602830977e-40,1.0,0.0,0.0,0.0,1.0,0.0,0.0,0.0,1.0,0
1480971149397304949,412,1480971149394656312,,0,0,46.5185317993,6.5667181015,2.77602830977e-40,1.0,0.0,0.0,0.0,1.0,0.0,0.0,0.0,1.0,0
1480971149401414987,413,1480971149399290203,,0,0,46.5185317993,6.5667181015,2.77602830977e-40,1.0,0.0,0.0,0.0,1.0,0.0,0.0,0.0,1.0,0
1480971149603785965,414,1480971149599964155,,0,0,46.5185241699,6.56672382355,2.77602830977e-40,1.0,0.0,0.0,0.0,1.0,0.0,0.0,0.0,1.0,0
1480971149604406900,415,1480971149600522018,,0,0,46.5185241699,6.56672382355,2.77602830977e-40,1.0,0.0,0.0,0.0,1.0,0.0,0.0,0.0,1.0,0
1480971149837804700,416,1480971149834633981,,0,0,46.5185508728,6.56671619415,2.77602830977e-40,1.0,0.0,0.0,0.0,1.0,0.0,0.0,0.0,1.0,0
1480971149837891626,417,1480971149835317156,,0,0,46.5185508728,6.56671619415,2.77602830977e-40,1.0,0.0,0.0,0.0,1.0,0.0,0.0,0.0,1.0,0
1480971150002127838,418,1480971149996884418,,0,0,46.518535614,6.56672286987,2.77602830977e-40,1.0,0.0,0.0,0.0,1.0,0.0,0.0,0.0,1.0,0
1480971150002546639,419,1480971150000000762,,0,0,46.518535614,6.56672286987,2.77602830977e-40,1.0,0.0,0.0,0.0,1.0,0.0,0.0,0.0,1.0,0
1480971150213481754,420,1480971150209919579,,0,0,46.5185546875,6.5667257309,2.77602830977e-40,1.0,0.0,0.0,0.0,1.0,0.0,0.0,0.0,1.0,0
1480971150216032995,421,1480971150210558587,,0,0,46.5185546875,6.5667257309,2.77602830977e-40,1.0,0.0,0.0,0.0,1.0,0.0,0.0,0.0,1.0,0
1480971150416275178,422,1480971150412166546,,0,0,46.5185508728,6.5667181015,2.77602830977e-40,1.0,0.0,0.0,0.0,1.0,0.0,0.0,0.0,1.0,0
1480971150416356011,423,1480971150412914148,,0,0,46.5185508728,6.5667181015,2.77602830977e-40,1.0,0.0,0.0,0.0,1.0,0.0,0.0,0.0,1.0,0
1480971150611257535,424,1480971150607302340,,0,0,46.5185508728,6.56671047211,2.77602830977e-40,1.0,0.0,0.0,0.0,1.0,0.0,0.0,0.0,1.0,0
1480971150611621492,425,1480971150607845724,,0,0,46.5185508728,6.56671047211,2.77602830977e-40,1.0,0.0,0.0,0.0,1.0,0.0,0.0,0.0,1.0,0
1480971150811789613,426,1480971150807994418,,0,0,46.5185661316,6.56668663025,2.77602830977e-40,1.0,0.0,0.0,0.0,1.0,0.0,0.0,0.0,1.0,0
1480971150812151955,427,1480971150808658478,,0,0,46.5185661316,6.56668663025,2.77602830977e-40,1.0,0.0,0.0,0.0,1.0,0.0,0.0,0.0,1.0,0
1480971151028827676,428,1480971151024568993,,0,0,46.5185394287,6.56667327881,2.77602830977e-40,1.0,0.0,0.0,0.0,1.0,0.0,0.0,0.0,1.0,0
1480971151028930697,429,1480971151025207168,,0,0,46.5185394287,6.56667327881,2.77602830977e-40,1.0,0.0,0.0,0.0,1.0,0.0,0.0,0.0,1.0,0
1480971151237007801,430,1480971151230317094,,0,0,46.5185432434,6.56668901443,2.77602830977e-40,1.0,0.0,0.0,0.0,1.0,0.0,0.0,0.0,1.0,0
1480971151241611587,431,1480971151230970530,,0,0,46.5185432434,6.56668901443,2.77602830977e-40,1.0,0.0,0.0,0.0,1.0,0.0,0.0,0.0,1.0,0
1480971151431063859,432,1480971151425839866,,0,0,46.518535614,6.5667052269,2.77602830977e-40,1.0,0.0,0.0,0.0,1.0,0.0,0.0,0.0,1.0,0
1480971151431136359,433,1480971151426484135,,0,0,46.518535614,6.5667052269,2.77602830977e-40,1.0,0.0,0.0,0.0,1.0,0.0,0.0,0.0,1.0,0
1480971151614334902,434,1480971151611407568,,0,0,46.5185394287,6.56669187546,2.77602830977e-40,1.0,0.0,0.0,0.0,1.0,0.0,0.0,0.0,1.0,0
1480971151615226096,435,1480971151612096107,,0,0,46.5185394287,6.56669187546,2.77602830977e-40,1.0,0.0,0.0,0.0,1.0,0.0,0.0,0.0,1.0,0
1480971151821608831,436,1480971151817461971,,0,0,46.5185432434,6.56669425964,2.77602830977e-40,1.0,0.0,0.0,0.0,1.0,0.0,0.0,0.0,1.0,0
1480971151822702838,437,1480971151818335718,,0,0,46.5185432434,6.56669425964,2.77602830977e-40,1.0,0.0,0.0,0.0,1.0,0.0,0.0,0.0,1.0,0
1480971152024725536,438,1480971152020214666,,0,0,46.518535614,6.56669235229,2.77602830977e-40,1.0,0.0,0.0,0.0,1.0,0.0,0.0,0.0,1.0,0
1480971152024991368,439,1480971152021008205,,0,0,46.518535614,6.56669235229,2.77602830977e-40,1.0,0.0,0.0,0.0,1.0,0.0,0.0,0.0,1.0,0
1480971152228156874,440,1480971152224154909,,0,0,46.5185279846,6.56667947769,2.77602830977e-40,1.0,0.0,0.0,0.0,1.0,0.0,0.0,0.0,1.0,0
1480971152228260676,441,1480971152224754490,,0,0,46.5185279846,6.56667947769,2.77602830977e-40,1.0,0.0,0.0,0.0,1.0,0.0,0.0,0.0,1.0,0
1480971152421247155,442,1480971152417653313,,0,0,46.5185165405,6.56669139862,2.77602830977e-40,1.0,0.0,0.0,0.0,1.0,0.0,0.0,0.0,1.0,0
1480971152421340644,443,1480971152418327321,,0,0,46.5185165405,6.56669139862,2.77602830977e-40,1.0,0.0,0.0,0.0,1.0,0.0,0.0,0.0,1.0,0
1480971152616652687,444,1480971152609191463,,0,0,46.5185241699,6.56668233871,2.77602830977e-40,1.0,0.0,0.0,0.0,1.0,0.0,0.0,0.0,1.0,0
1480971152617111540,445,1480971152610477344,,0,0,46.5185241699,6.56668233871,2.77602830977e-40,1.0,0.0,0.0,0.0,1.0,0.0,0.0,0.0,1.0,0
1480971152809184115,446,1480971152805891418,,0,0,46.518535614,6.56667947769,2.77602830977e-40,1.0,0.0,0.0,0.0,1.0,0.0,0.0,0.0,1.0,0
1480971152810599735,447,1480971152806476624,,0,0,46.518535614,6.56667947769,2.77602830977e-40,1.0,0.0,0.0,0.0,1.0,0.0,0.0,0.0,1.0,0
1480971152995033482,448,1480971152992686928,,0,0,46.5185317993,6.56669473648,2.77602830977e-40,1.0,0.0,0.0,0.0,1.0,0.0,0.0,0.0,1.0,0
1480971153002111531,449,1480971152999393468,,0,0,46.5185317993,6.56669473648,2.77602830977e-40,1.0,0.0,0.0,0.0,1.0,0.0,0.0,0.0,1.0,0
1480971153222504062,450,1480971153218799439,,0,0,46.518535614,6.56668996811,2.77602830977e-40,1.0,0.0,0.0,0.0,1.0,0.0,0.0,0.0,1.0,0
1480971153222585781,451,1480971153219412875,,0,0,46.518535614,6.56668996811,2.77602830977e-40,1.0,0.0,0.0,0.0,1.0,0.0,0.0,0.0,1.0,0
1480971153419797766,452,1480971153416064237,,0,0,46.5185279846,6.5666847229,2.77602830977e-40,1.0,0.0,0.0,0.0,1.0,0.0,0.0,0.0,1.0,0
1480971153419885109,453,1480971153416671162,,0,0,46.5185279846,6.5666847229,2.77602830977e-40,1.0,0.0,0.0,0.0,1.0,0.0,0.0,0.0,1.0,0
1480971153617548499,454,1480971153612126538,,0,0,46.5185317993,6.56667089462,2.77602830977e-40,1.0,0.0,0.0,0.0,1.0,0.0,0.0,0.0,1.0,0
1480971153617632925,455,1480971153614574498,,0,0,46.5185317993,6.56667089462,2.77602830977e-40,1.0,0.0,0.0,0.0,1.0,0.0,0.0,0.0,1.0,0
