%time,field.header.seq,field.header.stamp,field.header.frame_id,field.status.status,field.status.service,field.latitude,field.longitude,field.altitude,field.position_covariance0,field.position_covariance1,field.position_covariance2,field.position_covariance3,field.position_covariance4,field.position_covariance5,field.position_covariance6,field.position_covariance7,field.position_covariance8,field.position_covariance_type
1481903908117863289,54,1481903908114575641,,0,0,46.5184745789,6.5666217804,2.77602830977e-40,1.0,0.0,0.0,0.0,1.0,0.0,0.0,0.0,1.0,0
1481903908298958666,55,1481903908295477946,,0,0,46.5184745789,6.5666217804,2.77602830977e-40,1.0,0.0,0.0,0.0,1.0,0.0,0.0,0.0,1.0,0
1481903908408131881,56,1481903908404216734,,0,0,46.5184745789,6.5666217804,2.77602830977e-40,1.0,0.0,0.0,0.0,1.0,0.0,0.0,0.0,1.0,0
1481903908619564161,57,1481903908614677194,,0,0,46.5184745789,6.5666217804,2.77602830977e-40,1.0,0.0,0.0,0.0,1.0,0.0,0.0,0.0,1.0,0
1481903908809664724,58,1481903908807125563,,0,0,46.5184745789,6.5666217804,2.77602830977e-40,1.0,0.0,0.0,0.0,1.0,0.0,0.0,0.0,1.0,0
1481903909021060077,59,1481903909018252896,,0,0,46.5184745789,6.5666217804,2.77602830977e-40,1.0,0.0,0.0,0.0,1.0,0.0,0.0,0.0,1.0,0
1481903909221746811,60,1481903909218951766,,0,0,46.5184745789,6.5666217804,2.77602830977e-40,1.0,0.0,0.0,0.0,1.0,0.0,0.0,0.0,1.0,0
1481903909412698986,61,1481903909409333578,,0,0,46.5184745789,6.5666217804,2.77602830977e-40,1.0,0.0,0.0,0.0,1.0,0.0,0.0,0.0,1.0,0
1481903909610059948,62,1481903909607381152,,0,0,46.5184745789,6.5666217804,2.77602830977e-40,1.0,0.0,0.0,0.0,1.0,0.0,0.0,0.0,1.0,0
1481903909812221678,63,1481903909808858926,,0,0,46.5184745789,6.5666217804,2.77602830977e-40,1.0,0.0,0.0,0.0,1.0,0.0,0.0,0.0,1.0,0
1481903910013300703,64,1481903910010271804,,0,0,46.5184745789,6.5666217804,2.77602830977e-40,1.0,0.0,0.0,0.0,1.0,0.0,0.0,0.0,1.0,0
1481903910212390254,65,1481903910209516407,,0,0,46.5184745789,6.5666217804,2.77602830977e-40,1.0,0.0,0.0,0.0,1.0,0.0,0.0,0.0,1.0,0
1481903910416117761,66,1481903910411889439,,0,0,46.5184745789,6.5666217804,2.77602830977e-40,1.0,0.0,0.0,0.0,1.0,0.0,0.0,0.0,1.0,0
1481903910616073299,67,1481903910612182268,,0,0,46.5184745789,6.5666217804,2.77602830977e-40,1.0,0.0,0.0,0.0,1.0,0.0,0.0,0.0,1.0,0
1481903910816732430,68,1481903910813992853,,0,0,46.5184745789,6.5666217804,2.77602830977e-40,1.0,0.0,0.0,0.0,1.0,0.0,0.0,0.0,1.0,0
1481903911010140276,69,1481903911003354303,,0,0,46.5184745789,6.5666217804,2.77602830977e-40,1.0,0.0,0.0,0.0,1.0,0.0,0.0,0.0,1.0,0
1481903911215462675,70,1481903911212150809,,0,0,46.5184745789,6.5666217804,2.77602830977e-40,1.0,0.0,0.0,0.0,1.0,0.0,0.0,0.0,1.0,0
1481903911426687664,71,1481903911424046056,,0,0,46.5184745789,6.5666217804,2.77602830977e-40,1.0,0.0,0.0,0.0,1.0,0.0,0.0,0.0,1.0,0
1481903911620172385,72,1481903911617500621,,0,0,46.5184745789,6.5666217804,2.77602830977e-40,1.0,0.0,0.0,0.0,1.0,0.0,0.0,0.0,1.0,0
1481903911811031019,73,1481903911808152068,,0,0,46.5184745789,6.5666217804,2.77602830977e-40,1.0,0.0,0.0,0.0,1.0,0.0,0.0,0.0,1.0,0
1481903912012136711,74,1481903912009462603,,0,0,46.5184745789,6.5666217804,2.77602830977e-40,1.0,0.0,0.0,0.0,1.0,0.0,0.0,0.0,1.0,0
1481903912214469535,75,1481903912210687669,,0,0,46.5184745789,6.5666217804,2.77602830977e-40,1.0,0.0,0.0,0.0,1.0,0.0,0.0,0.0,1.0,0
1481903912406508686,76,1481903912402939477,,0,0,46.5184745789,6.5666217804,2.77602830977e-40,1.0,0.0,0.0,0.0,1.0,0.0,0.0,0.0,1.0,0
1481903912515243204,77,1481903912511904983,,0,0,46.5184745789,6.56662225723,2.77602830977e-40,1.0,0.0,0.0,0.0,1.0,0.0,0.0,0.0,1.0,0
1481903912716494729,78,1481903912712873175,,0,0,46.5184745789,6.56662225723,2.77602830977e-40,1.0,0.0,0.0,0.0,1.0,0.0,0.0,0.0,1.0,0
1481903912914140116,79,1481903912910948458,,0,0,46.5184745789,6.56662225723,2.77602830977e-40,1.0,0.0,0.0,0.0,1.0,0.0,0.0,0.0,1.0,0
1481903913112950970,80,1481903913110565924,,0,0,46.5184745789,6.56662225723,2.77602830977e-40,1.0,0.0,0.0,0.0,1.0,0.0,0.0,0.0,1.0,0
1481903913313348434,81,1481903913310188754,,0,0,46.5184745789,6.56662225723,2.77602830977e-40,1.0,0.0,0.0,0.0,1.0,0.0,0.0,0.0,1.0,0
1481903913536104123,82,1481903913532797517,,0,0,46.5184745789,6.56662225723,2.77602830977e-40,1.0,0.0,0.0,0.0,1.0,0.0,0.0,0.0,1.0,0
1481903913715672785,83,1481903913712448106,,0,0,46.5184745789,6.56662225723,2.77602830977e-40,1.0,0.0,0.0,0.0,1.0,0.0,0.0,0.0,1.0,0
1481903913908493133,84,1481903913904964652,,0,0,46.5184745789,6.56662225723,2.77602830977e-40,1.0,0.0,0.0,0.0,1.0,0.0,0.0,0.0,1.0,0
1481903914110271739,85,1481903914107339872,,0,0,46.5184745789,6.56662225723,2.77602830977e-40,1.0,0.0,0.0,0.0,1.0,0.0,0.0,0.0,1.0,0
1481903914310122486,86,1481903914307057702,,0,0,46.5184745789,6.56662273407,2.77602830977e-40,1.0,0.0,0.0,0.0,1.0,0.0,0.0,0.0,1.0,0
1481903914508962610,87,1481903914504999964,,0,0,46.5184745789,6.56662273407,2.77602830977e-40,1.0,0.0,0.0,0.0,1.0,0.0,0.0,0.0,1.0,0
1481903914717818230,88,1481903914714822561,,0,0,46.5184745789,6.56662273407,2.77602830977e-40,1.0,0.0,0.0,0.0,1.0,0.0,0.0,0.0,1.0,0
1481903914921149489,89,1481903914917392311,,0,0,46.5184745789,6.56662273407,2.77602830977e-40,1.0,0.0,0.0,0.0,1.0,0.0,0.0,0.0,1.0,0
1481903915111200052,90,1481903915108403184,,0,0,46.5184745789,6.56662273407,2.77602830977e-40,1.0,0.0,0.0,0.0,1.0,0.0,0.0,0.0,1.0,0
1481903915316060682,91,1481903915310726685,,0,0,46.5184745789,6.56662273407,2.77602830977e-40,1.0,0.0,0.0,0.0,1.0,0.0,0.0,0.0,1.0,0
1481903915534793360,92,1481903915532139148,,0,0,46.5184745789,6.56662273407,2.77602830977e-40,1.0,0.0,0.0,0.0,1.0,0.0,0.0,0.0,1.0,0
1481903915727588864,93,1481903915723647051,,0,0,46.5184745789,6.56662273407,2.77602830977e-40,1.0,0.0,0.0,0.0,1.0,0.0,0.0,0.0,1.0,0
1481903915922073322,94,1481903915917741771,,0,0,46.5184745789,6.56662273407,2.77602830977e-40,1.0,0.0,0.0,0.0,1.0,0.0,0.0,0.0,1.0,0
1481903916126668432,95,1481903916119492565,,0,0,46.5184745789,6.56662273407,2.77602830977e-40,1.0,0.0,0.0,0.0,1.0,0.0,0.0,0.0,1.0,0
1481903916323397885,96,1481903916320830287,,0,0,46.5184745789,6.56662273407,2.77602830977e-40,1.0,0.0,0.0,0.0,1.0,0.0,0.0,0.0,1.0,0
1481903916517148751,97,1481903916512524075,,0,0,46.5184745789,6.56662273407,2.77602830977e-40,1.0,0.0,0.0,0.0,1.0,0.0,0.0,0.0,1.0,0
1481903916726960202,98,1481903916722849327,,0,0,46.5184745789,6.56662273407,2.77602830977e-40,1.0,0.0,0.0,0.0,1.0,0.0,0.0,0.0,1.0,0
1481903916927656675,99,1481903916925583868,,0,0,46.5184745789,6.56662273407,2.77602830977e-40,1.0,0.0,0.0,0.0,1.0,0.0,0.0,0.0,1.0,0
1481903917119247287,100,1481903917117033490,,0,0,46.5184745789,6.56662273407,2.77602830977e-40,1.0,0.0,0.0,0.0,1.0,0.0,0.0,0.0,1.0,0
1481903917324373645,101,1481903917318247358,,0,0,46.5184745789,6.56662273407,2.77602830977e-40,1.0,0.0,0.0,0.0,1.0,0.0,0.0,0.0,1.0,0
1481903917535482593,102,1481903917530977343,,0,0,46.5184745789,6.56662273407,2.77602830977e-40,1.0,0.0,0.0,0.0,1.0,0.0,0.0,0.0,1.0,0
1481903917729903092,103,1481903917727540182,,0,0,46.5184707642,6.56662273407,2.77602830977e-40,1.0,0.0,0.0,0.0,1.0,0.0,0.0,0.0,1.0,0
1481903917920905164,104,1481903917917361787,,0,0,46.5184745789,6.56662321091,2.77602830977e-40,1.0,0.0,0.0,0.0,1.0,0.0,0.0,0.0,1.0,0
1481903918153033329,105,1481903918148736725,,0,0,46.5184707642,6.56662273407,2.77602830977e-40,1.0,0.0,0.0,0.0,1.0,0.0,0.0,0.0,1.0,0
1481903918325105864,106,1481903918319458587,,0,0,46.5184707642,6.56662273407,2.77602830977e-40,1.0,0.0,0.0,0.0,1.0,0.0,0.0,0.0,1.0,0
1481903918527777541,107,1481903918523364844,,0,0,46.5184745789,6.56662130356,2.77602830977e-40,1.0,0.0,0.0,0.0,1.0,0.0,0.0,0.0,1.0,0
1481903918729213805,108,1481903918724523452,,0,0,46.5184745789,6.56661844254,2.77602830977e-40,1.0,0.0,0.0,0.0,1.0,0.0,0.0,0.0,1.0,0
1481903918925025604,109,1481903918916951770,,0,0,46.5184745789,6.566614151,2.77602830977e-40,1.0,0.0,0.0,0.0,1.0,0.0,0.0,0.0,1.0,0
1481903919122178284,110,1481903919118442877,,0,0,46.5184707642,6.56660747528,2.77602830977e-40,1.0,0.0,0.0,0.0,1.0,0.0,0.0,0.0,1.0,0
1481903919411494274,111,1481903919407679336,,0,0,46.5184707642,6.56659984589,2.77602830977e-40,1.0,0.0,0.0,0.0,1.0,0.0,0.0,0.0,1.0,0
