%time,field.header.seq,field.header.stamp,field.header.frame_id,field.temperature,field.variance
1463750815507984793,286,1463750815506328446,,0.0,0.0
1463750815528258717,287,1463750815526334350,,0.0,0.0
1463750815548374204,288,1463750815546348691,,0.0,0.0
1463750815567576726,289,1463750815566348398,,0.0,0.0
1463750815588464397,290,1463750815586310812,,0.0,0.0
1463750815607773845,291,1463750815606376664,,0.0,0.0
1463750815628187664,292,1463750815626333766,,0.0,0.0
1463750815648951430,293,1463750815646383055,,0.0,0.0
1463750815668099265,294,1463750815666279481,,0.0,0.0
1463750815688324126,295,1463750815686334447,,0.0,0.0
1463750815708645914,296,1463750815706296653,,0.0,0.0
1463750815728435882,297,1463750815726315266,,0.0,0.0
1463750815749687770,298,1463750815746343930,,0.0,0.0
1463750815769997735,299,1463750815766321761,,0.0,0.0
1463750815788019846,300,1463750815786331624,,0.0,0.0
1463750815809624389,301,1463750815806325236,,0.0,0.0
1463750815829648886,302,1463750815826445358,,0.0,0.0
1463750815847826413,303,1463750815846627564,,0.0,0.0
1463750815869251478,304,1463750815866355917,,0.0,0.0
1463750815891252165,305,1463750815886759111,,0.0,0.0
1463750815910187969,306,1463750815906369392,,0.0,0.0
1463750815928869035,307,1463750815926330661,,0.0,0.0
1463750815949976132,308,1463750815946573074,,0.0,0.0
1463750815969626882,309,1463750815966764967,,0.0,0.0
1463750815989217840,310,1463750815986632017,,0.0,0.0
1463750816010086605,311,1463750816006696202,,0.0,0.0
1463750816028772879,312,1463750816026526951,,0.0,0.0
1463750816049966278,313,1463750816046454991,,0.0,0.0
1463750816069004165,314,1463750816066687196,,0.0,0.0
1463750816089887461,315,1463750816086729506,,0.0,0.0
1463750816109327430,316,1463750816106610306,,0.0,0.0
1463750816130013488,317,1463750816126551107,,0.0,0.0
1463750816149443457,318,1463750816146441178,,0.0,0.0
1463750816169414517,319,1463750816166544634,,0.0,0.0
1463750816189531410,320,1463750816186503090,,0.0,0.0
1463750816209759918,321,1463750816206559410,,0.0,0.0
1463750816230365090,322,1463750816226489013,,0.0,0.0
1463750816249454227,323,1463750816246584448,,0.0,0.0
1463750816269443777,324,1463750816266655768,,0.0,0.0
1463750816289787127,325,1463750816286676880,,0.0,0.0
1463750816308685068,326,1463750816306370494,,0.0,0.0
1463750816330210184,327,1463750816326333377,,0.0,0.0
1463750816350065620,328,1463750816346312094,,0.0,0.0
1463750816370036264,329,1463750816366418831,,0.0,0.0
1463750816388671288,330,1463750816386326246,,0.0,0.0
1463750816410267029,331,1463750816406318036,,0.0,0.0
1463750816428386899,332,1463750816426334512,,0.0,0.0
1463750816448656552,333,1463750816446392500,,0.0,0.0
1463750816471067030,334,1463750816466373508,,0.0,0.0
1463750816487914874,335,1463750816486308631,,0.0,0.0
1463750816508422599,336,1463750816506345160,,0.0748425275087,0.0
1463750816528362982,337,1463750816526354085,,0.0680386647582,0.0
1463750816548009201,338,1463750816546299468,,0.158600986004,0.0
1463750816570286762,339,1463750816566306310,,0.14418271184,0.0
1463750816588066217,340,1463750816586326485,,0.286969900131,0.0
1463750816608339828,341,1463750816606303326,,0.447304099798,0.0
1463750816628384794,342,1463750816626315585,,0.602255940437,0.0
1463750816647985544,343,1463750816646324770,,0.752677202225,0.0
1463750816670279199,344,1463750816666266143,,0.889423787594,0.0
1463750816688290320,345,1463750816686330745,,1.01256644726,0.0
1463750816708169037,346,1463750816706336597,,1.13428676128,0.0
1463750816728064525,347,1463750816726343021,,1.23458790779,0.0
1463750816748402458,348,1463750816746353665,,1.34617638588,0.0
1463750816769272161,349,1463750816766336236,,1.43693041801,0.0
1463750816789255982,350,1463750816786328077,,1.52200961113,0.0
1463750816808129026,351,1463750816806327784,,1.59741687775,0.0
1463750816828604720,352,1463750816826360875,,1.66596889496,0.0
1463750816848689998,353,1463750816846324956,,1.73022651672,0.0
1463750816871059382,354,1463750816866326329,,1.77810490131,0.0
1463750816887820873,355,1463750816886292806,,1.8424077034,0.0
1463750816908210681,356,1463750816906350429,,1.87891554832,0.0
1463750816927886691,357,1463750816926326073,,1.93263268471,0.0
1463750816947957803,358,1463750816946314789,,1.96093821526,0.0
1463750816967859489,359,1463750816966339704,,2.00790715218,0.0
1463750816988613827,360,1463750816986343524,,2.04989767075,0.0
1463750817007959734,361,1463750817006348074,,2.07731509209,0.0
1463750817027983971,362,1463750817026351218,,2.10288190842,0.0
1463750817048565654,363,1463750817046334153,,2.12612462044,0.0
1463750817067817916,364,1463750817066338391,,2.14533996582,0.0
1463750817088598452,365,1463750817086362784,,2.17625784874,0.0
1463750817108178472,366,1463750817106353063,,2.19283008575,0.0
1463750817128711926,367,1463750817126345530,,2.20661568642,0.0
1463750817150113501,368,1463750817146351694,,2.21978616714,0.0
1463750817168589047,369,1463750817166283380,,2.24181127548,0.0
1463750817189222136,370,1463750817186356628,,2.26324629784,0.0
1463750817209015906,371,1463750817206382480,,2.27255630493,0.0
1463750817228853686,372,1463750817226340155,,2.28101992607,0.0
1463750817249580264,373,1463750817246363819,,2.29889059067,0.0
1463750817268531224,374,1463750817266347588,,2.30626344681,0.0
1463750817289144105,375,1463750817286338596,,2.30910253525,0.0
1463750817308837041,376,1463750817306334500,,2.32230854034,0.0
1463750817328961278,377,1463750817326324519,,2.32755255699,0.0
1463750817349504576,378,1463750817346349694,,2.32972884178,0.0
1463750817369988343,379,1463750817366345441,,2.33429837227,0.0
1463750817389021594,380,1463750817386343533,,2.3371489048,0.0
1463750817411075198,381,1463750817406355062,,2.33974051476,0.0
1463750817429118090,382,1463750817426335341,,2.34209632874,0.0
1463750817449849928,383,1463750817446512390,,2.34423804283,0.0
1463750817468520265,384,1463750817466371837,,2.3448972702,0.0
1463750817488818459,385,1463750817486343574,,2.35696077347,0.0
1463750817508659625,386,1463750817506308958,,2.34786343575,0.0
1463750817528385738,387,1463750817526365695,,2.3596572876,0.0
1463750817548661589,388,1463750817546346443,,2.35955667496,0.0
1463750817568949002,389,1463750817566300889,,2.35946512222,0.0
1463750817588376055,390,1463750817586321011,,2.35938191414,0.0
1463750817608680603,391,1463750817606340717,,2.36942028999,0.0
1463750817627872344,392,1463750817626262507,,2.37854599953,0.0
1463750817647949029,393,1463750817646289036,,2.37933516502,0.0
1463750817668400556,394,1463750817666238534,,2.37874126434,0.0
1463750817689194426,395,1463750817686296313,,2.38915801048,0.0
1463750817709316631,396,1463750817706293571,,2.38832473755,0.0
1463750817728776288,397,1463750817726343850,,2.38888645172,0.0
1463750817748472870,398,1463750817746331994,,2.39624261856,0.0
1463750817768614763,399,1463750817766342325,,2.40293002129,0.0
1463750817788613063,400,1463750817786371719,,2.39954137802,0.0
1463750817808810112,401,1463750817806484966,,2.39646077156,0.0
1463750817829159661,402,1463750817826374777,,2.40312838554,0.0
1463750817850043373,403,1463750817846361723,,2.4098982811,0.0
1463750817868913293,404,1463750817866326741,,2.39598846436,0.0
1463750817888087846,405,1463750817886337177,,2.37325263023,0.0
1463750817908980153,406,1463750817906473288,,2.32629609108,0.0
1463750817928201112,407,1463750817926391485,,2.25238656998,0.0
1463750817948933419,408,1463750817946479784,,2.18493127823,0.0
1463750817968625314,409,1463750817966315428,,2.10277724266,0.0
1463750817988319761,410,1463750817986320551,,1.91161572933,0.0
1463750818009237537,411,1463750818006401195,,1.85430848598,0.0
1463750818027843447,412,1463750818026507775,,1.80221092701,0.0
1463750818047820809,413,1463750818046549044,,1.63837361336,0.0
1463750818069281290,414,1463750818066282657,,1.60902810097,0.0
1463750818088702561,415,1463750818086395957,,1.58255112171,0.0
1463750818108636643,416,1463750818106398632,,1.55848121643,0.0
1463750818128447391,417,1463750818126396879,,1.53327703476,0.0
1463750818147816892,418,1463750818146501898,,1.39388823509,0.0
1463750818171125907,419,1463750818169863933,,1.38068425655,0.0
1463750818187687294,420,1463750818186386571,,1.37164342403,0.0
1463750818212387814,421,1463750818210013293,,1.36342453957,0.0
1463750818230065238,422,1463750818226450775,,1.23947691917,0.0
1463750818247465528,423,1463750818246390846,,1.12679719925,0.0
1463750818267437266,424,1463750818266342531,,1.09533500671,0.0
1463750818287462805,425,1463750818286322394,,1.06673300266,0.0
1463750818307953759,426,1463750818306399026,,0.969757318497,0.0
1463750818327886070,427,1463750818326392274,,0.992985665798,0.0
1463750818348292441,428,1463750818346379116,,0.902714252472,0.0
1463750818370087713,429,1463750818366346374,,0.931175291538,0.0
1463750818389813826,430,1463750818386365195,,0.846523046494,0.0
1463750818407839530,431,1463750818406382037,,0.880263745785,0.0
1463750818427859966,432,1463750818426377107,,0.800239801407,0.0
1463750818448798678,433,1463750818446455303,,0.833268165588,0.0
1463750818468152502,434,1463750818466363655,,0.863294005394,0.0
1463750818488047781,435,1463750818486384559,,0.892994225025,0.0
1463750818508432954,436,1463750818506345255,,0.81181293726,0.0
1463750818528480837,437,1463750818526394076,,0.841190636158,0.0
1463750818548277055,438,1463750818546401334,,0.764718770981,0.0
1463750818567545202,439,1463750818566357446,,0.798377752304,0.0
1463750818588288811,440,1463750818586345694,,0.725797951221,0.0
1463750818608444141,441,1463750818606359254,,0.763444423676,0.0
1463750818628313536,442,1463750818626353336,,0.694040417671,0.0
1463750818648223294,443,1463750818646357000,,0.734573960304,0.0
1463750818667935033,444,1463750818666355977,,0.667794525623,0.0
1463750818688159217,445,1463750818686344590,,0.607085943222,0.0
1463750818708092049,446,1463750818706356275,,0.650925159454,0.0
1463750818728282431,447,1463750818726368950,,0.591750144958,0.0
1463750818751133948,448,1463750818746416364,,0.638944447041,0.0
1463750818770731364,449,1463750818766503361,,0.580858588219,0.0
1463750818789715189,450,1463750818786470255,,1.0204654932,0.0
1463750818808904743,451,1463750818806388816,,1.42010807991,0.0
1463750818831303345,452,1463750818826320293,,1.68548130989,0.0
1463750818851832476,453,1463750818846422134,,1.92672967911,0.0
1463750818871075987,454,1463750818866427778,,1.88994407654,0.0
1463750818888977890,455,1463750818886489619,,1.85650277138,0.0
1463750818909458011,456,1463750818906562398,,1.84926772118,0.0
1463750818929807195,457,1463750818926576531,,1.86376070976,0.0
1463750818950960906,458,1463750818948490031,,1.86889946461,0.0
1463750818971031550,459,1463750818968602445,,1.91470885277,0.0
1463750818988028873,460,1463750818986358515,,2.26181077957,0.0
1463750819008737534,461,1463750819006309159,,2.24116516113,0.0
1463750819030556608,462,1463750819026337459,,2.45013833046,0.0
1463750819049624963,463,1463750819046335030,,2.64011406898,0.0
1463750819068021499,464,1463750819066357184,,2.58507728577,0.0
1463750819087870894,465,1463750819086318244,,2.53082919121,0.0
1463750819108683878,466,1463750819106339461,,2.48105621338,0.0
1463750819127970462,467,1463750819126324011,,2.53332591057,0.0
1463750819147954335,468,1463750819146316633,,2.57976675034,0.0
1463750819168636017,469,1463750819166263006,,2.62198591232,0.0
1463750819188446662,470,1463750819186329171,,2.38362360001,0.0
1463750819208245483,471,1463750819206381741,,2.16693067551,0.0
1463750819228338054,472,1463750819226290979,,1.96993708611,0.0
1463750819250087856,473,1463750819246331102,,1.79085195065,0.0
1463750819269477669,474,1463750819266358829,,1.62804722786,0.0
1463750819288285818,475,1463750819286348014,,1.48004293442,0.0
1463750819308512346,476,1463750819306324074,,1.34549367428,0.0
1463750819328939082,477,1463750819326352166,,1.22317612171,0.0
1463750819348196968,478,1463750819346350362,,1.11197829247,0.0
1463750819370722601,479,1463750819366331839,,1.01088941097,0.0
1463750819389486427,480,1463750819386356701,,0.918990373611,0.0
1463750819407602964,481,1463750819406333907,,0.835445821285,0.0
1463750819429491256,482,1463750819426354655,,0.759496212006,0.0
1463750819450332677,483,1463750819446448371,,0.690451145172,0.0
1463750819468055727,484,1463750819466342661,,0.627682864666,0.0
1463750819488890898,485,1463750819486294711,,0.570620775223,0.0
1463750819508599616,486,1463750819506301449,,0.518746197224,0.0
1463750819530122857,487,1463750819526301363,,0.977968811989,0.0
1463750819549648867,488,1463750819546317215,,1.2227063179,0.0
1463750819570009353,489,1463750819566304317,,1.26609623432,0.0
1463750819588781565,490,1463750819586333138,,1.48464035988,0.0
1463750819609906006,491,1463750819606316698,,1.68488335609,0.0
1463750819630186908,492,1463750819626385831,,1.86692237854,0.0
1463750819648662923,493,1463750819646322569,,2.03241229057,0.0
1463750819667663884,494,1463750819666277796,,2.20644044876,0.0
1463750819688867960,495,1463750819686339064,,2.515853405,0.0
1463750819709188706,496,1463750819706354552,,2.78995466232,0.0
1463750819729634400,497,1463750819726385664,,2.86086702347,0.0
1463750819749664262,498,1463750819746341099,,2.995262146,0.0
1463750819767812205,499,1463750819766294191,,3.01923036575,0.0
1463750819790304401,500,1463750819786335564,,3.08154630661,0.0
1463750819809188018,501,1463750819806349072,,3.13819718361,0.0
1463750819828474550,502,1463750819826350601,,3.07673048973,0.0
1463750819848833005,503,1463750819846350776,,3.32202625275,0.0
1463750819868217401,504,1463750819866315222,,3.54502248764,0.0
1463750819888728147,505,1463750819886319407,,3.556391716,0.0
1463750819908861811,506,1463750819906347238,,3.47844362259,0.0
1463750819928470529,507,1463750819926347830,,3.33303451538,0.0
1463750819948708932,508,1463750819946342640,,3.36682271957,0.0
1463750819968901137,509,1463750819966307971,,3.17590904236,0.0
1463750819988401471,510,1463750819986312053,,3.00235104561,0.0
1463750820008888675,511,1463750820006306030,,2.96122765541,0.0
1463750820028556247,512,1463750820026334590,,3.06781339645,0.0
1463750820049024128,513,1463750820046333931,,3.01630926132,0.0
1463750820069383104,514,1463750820066276190,,2.980894804,0.0
1463750820088229013,515,1463750820086323083,,3.2272939682,0.0
1463750820108021897,516,1463750820106315602,,3.2033367157,0.0
1463750820127417491,517,1463750820126315621,,3.19102978706,0.0
1463750820149294272,518,1463750820146355743,,3.31365180016,0.0
1463750820168858616,519,1463750820166288523,,3.42512631416,0.0
1463750820190611335,520,1463750820186364114,,3.52646660805,0.0
1463750820210025002,521,1463750820206376528,,3.54587769508,0.0
1463750820229755387,522,1463750820226351912,,3.56352424622,0.0
1463750820249124783,523,1463750820246387659,,3.35566473007,0.0
1463750820270342713,524,1463750820266344814,,3.05060434341,0.0
1463750820289271174,525,1463750820286343166,,2.77327680588,0.0
1463750820310164783,526,1463750820306351413,,2.52116084099,0.0
1463750820328707047,527,1463750820326342474,,2.29196453094,0.0
1463750820349729093,528,1463750820346340097,,2.08360409737,0.0
1463750820368961302,529,1463750820366382563,,1.89418554306,0.0
1463750820388179761,530,1463750820386332894,,1.72198688984,0.0
1463750820409820711,531,1463750820406345673,,1.56544268131,0.0
1463750820429695001,532,1463750820426386734,,1.42312979698,0.0
1463750820452504799,533,1463750820446330867,,1.50688815117,0.0
1463750820470259306,534,1463750820466334115,,1.58431208134,0.0
1463750820488790633,535,1463750820486341894,,1.65469753742,0.0
1463750820508966016,536,1463750820506332069,,1.50427055359,0.0
1463750820529818062,537,1463750820526354327,,1.43842220306,0.0
1463750820550336152,538,1463750820546308617,,1.48180246353,0.0
1463750820569958255,539,1463750820566368166,,1.52123904228,0.0
1463750820590467751,540,1463750820586309539,,1.55751609802,0.0
1463750820611598077,541,1463750820606332839,,1.41592371464,0.0
1463750820629101909,542,1463750820626358118,,1.28720343113,0.0
1463750820649245729,543,1463750820646353085,,1.1701849699,0.0
1463750820671800059,544,1463750820666321124,,1.06380450726,0.0
1463750820689703108,545,1463750820686381507,,0.967095017433,0.0
1463750820708645162,546,1463750820706467463,,0.879177331924,0.0
1463750820728146485,547,1463750820726352222,,0.799252152443,0.0
1463750820750008423,548,1463750820746614479,,0.726592898369,0.0
1463750820768564594,549,1463750820766708560,,0.660539031029,0.0
1463750820789783565,550,1463750820786593319,,0.600490033627,0.0
1463750820809467283,551,1463750820806735784,,0.545900046825,0.0
1463750820829135272,552,1463750820826375753,,0.496272772551,0.0
1463750820849696903,553,1463750820846591031,,0.451157093048,0.0
1463750820868004168,554,1463750820866682664,,0.410142838955,0.0
1463750820888003927,555,1463750820886726901,,0.372857123613,0.0
1463750820909226961,556,1463750820906705930,,0.338961035013,0.0
1463750820928822658,557,1463750820926360742,,0.308146417141,0.0
1463750820949883089,558,1463750820946616124,,0.280133128166,0.0
1463750820967900356,559,1463750820966751246,,0.254666477442,0.0
1463750820989297191,560,1463750820986398037,,0.307715386152,0.0
1463750821008263360,561,1463750821006315087,,0.434958159924,0.0
1463750821028817387,562,1463750821026307814,,0.550633430481,0.0
1463750821048764541,563,1463750821046328875,,0.66138613224,0.0
1463750821068911487,564,1463750821066395664,,0.717926383018,0.0
1463750821088485205,565,1463750821086321620,,0.8771879673,0.0
1463750821108168714,566,1463750821106308097,,1.21015906334,0.0
1463750821128781543,567,1463750821126319418,,1.36656165123,0.0
1463750821148929738,568,1463750821146353812,,1.59232759476,0.0
1463750821168030021,569,1463750821166349403,,1.79756939411,0.0
1463750821188235976,570,1463750821186318328,,1.98415291309,0.0
1463750821209619062,571,1463750821206348555,,1.9141305685,0.0
1463750821228182576,572,1463750821226350970,,1.74011874199,0.0
1463750821250574356,573,1463750821246319270,,1.69454419613,0.0
1463750821269584326,574,1463750821266398663,,2.06166100502,0.0
1463750821287748259,575,1463750821286445244,,2.01789879799,0.0
1463750821308004006,576,1463750821306480523,,1.97811496258,0.0
1463750821328504491,577,1463750821326404448,,1.9428204298,0.0
1463750821350780386,578,1463750821348356177,,2.29119873047,0.0
1463750821371351756,579,1463750821368141197,,2.26740336418,0.0
1463750821388254340,580,1463750821386618097,,2.60218334198,0.0
1463750821407733996,581,1463750821406435200,,2.90652871132,0.0
1463750821429037759,582,1463750821426421000,,2.77403283119,0.0
1463750821448381427,583,1463750821446579455,,2.85863947868,0.0
1463750821468301341,584,1463750821466629838,,2.81317687035,0.0
1463750821488383964,585,1463750821486436472,,2.67990326881,0.0
1463750821508735387,586,1463750821506505761,,2.55853557587,0.0
1463750821529402955,587,1463750821526501822,,2.44820141792,0.0
1463750821549692296,588,1463750821546742308,,2.35592913628,0.0
1463750821569475857,589,1463750821566537953,,2.26834917068,0.0
1463750821589700770,590,1463750821586640419,,2.18873095512,0.0
1463750821608838345,591,1463750821606737052,,2.10995721817,0.0
1463750821629855390,592,1463750821626524623,,1.91814303398,0.0
1463750821650067596,593,1463750821647191306,,1.86356472969,0.0
1463750821667839395,594,1463750821666358516,,1.81043612957,0.0
1463750821688806805,595,1463750821686381190,,1.76213741302,0.0
1463750821709784788,596,1463750821706363501,,1.7126404047,0.0
1463750821729532308,597,1463750821726354978,,1.66764318943,0.0
1463750821749425765,598,1463750821746345882,,1.51603925228,0.0
1463750821769546981,599,1463750821766352671,,1.48124754429,0.0
1463750821788675076,600,1463750821786364044,,1.56832718849,0.0
1463750821810483837,601,1463750821806360573,,1.66217517853,0.0
1463750821828723551,602,1463750821826361217,,1.74827682972,0.0
1463750821848532632,603,1463750821846375871,,1.58934259415,0.0
1463750821869102649,604,1463750821866457660,,1.51576042175,0.0
1463750821888537566,605,1463750821886576116,,1.57251381874,0.0
1463750821909785964,606,1463750821906349625,,1.62410783768,0.0
1463750821929099944,607,1463750821926391518,,1.67101156712,0.0
1463750821948147207,608,1463750821946345235,,1.51910150051,0.0
1463750821968500036,609,1463750821966681450,,1.38100135326,0.0
1463750821988645783,610,1463750821986989020,,1.25545585155,0.0
1463750822008528615,611,1463750822006363416,,1.14132356644,0.0
1463750822028591706,612,1463750822026484059,,1.03756690025,0.0
1463750822048475476,613,1463750822046576265,,1.01414608955,0.0
1463750822069201324,614,1463750822066551232,,0.921950995922,0.0
1463750822088169264,615,1463750822086689687,,0.83813726902,0.0
1463750822108392251,616,1463750822106347884,,0.761942982674,0.0
1463750822127896386,617,1463750822126467538,,0.692675471306,0.0
1463750822148778797,618,1463750822146647816,,0.629705011845,0.0
1463750822169660270,619,1463750822166590856,,0.572459101677,0.0
1463750822189340602,620,1463750822186527437,,0.520417392254,0.0
1463750822207788544,621,1463750822206358915,,0.473106741905,0.0
1463750822230482145,622,1463750822226338048,,0.430097043514,0.0
1463750822250071228,623,1463750822246345828,,0.390997320414,0.0
1463750822269634999,624,1463750822266371211,,0.355452120304,0.0
1463750822289837673,625,1463750822286507427,,0.323138296604,0.0
1463750822311047478,626,1463750822306868798,,0.364736020565,0.0
1463750822328579643,627,1463750822326322881,,0.40255215764,0.0
1463750822349024659,628,1463750822346336494,,0.589780211449,0.0
1463750822368536451,629,1463750822366341981,,0.759987592697,0.0
1463750822390101775,630,1463750822386316583,,0.914721548557,0.0
1463750822408669040,631,1463750822406456237,,0.831565082073,0.0
1463750822431065454,632,1463750822426431620,,0.755968272686,0.0
1463750822449815270,633,1463750822446428670,,0.687243878841,0.0
1463750822473002411,634,1463750822466358845,,0.624767184258,0.0
1463750822489615204,635,1463750822486484124,,0.56797015667,0.0
1463750822508612727,636,1463750822506452111,,0.516336500645,0.0
1463750822528688943,637,1463750822526431401,,0.469396829605,0.0
1463750822548968544,638,1463750822546437774,,0.426724404097,0.0
1463750822568960802,639,1463750822566455969,,0.387931287289,0.0
1463750822591748622,640,1463750822586560206,,0.3526648283,0.0
1463750822609610889,641,1463750822606358820,,0.320604413748,0.0
1463750822632206053,642,1463750822626360922,,0.291458576918,0.0
1463750822650709620,643,1463750822646341044,,0.264962345362,0.0
1463750822669860163,644,1463750822666345021,,0.240874871612,0.0
1463750822689864556,645,1463750822686520612,,0.218977168202,0.0
1463750822710691915,646,1463750822706355788,,0.199070155621,0.0
1463750822731285004,647,1463750822726358671,,0.180972874165,0.0
1463750822750711067,648,1463750822746384315,,0.164520800114,0.0
1463750822770432285,649,1463750822766349698,,0.149564370513,0.0
1463750822789938920,650,1463750822786572216,,0.135967612267,0.0
1463750822810437947,651,1463750822806384214,,0.123606920242,0.0
1463750822829219325,652,1463750822826351785,,0.112369932234,0.0
1463750822849035855,653,1463750822846341335,,0.102154485881,0.0
1463750822869060613,654,1463750822866338854,,0.0928677171469,0.0
1463750822891229320,655,1463750822886687881,,0.0844252035022,0.0
1463750822908043207,656,1463750822906365454,,0.0767501890659,0.0
1463750822929613844,657,1463750822926354326,,0.0697728991508,0.0
1463750822948232775,658,1463750822946343356,,0.0634299069643,0.0
1463750822969243779,659,1463750822966307906,,0.0576635524631,0.0
1463750822988850778,660,1463750822986433549,,0.052421413362,0.0
1463750823009157566,661,1463750823006333151,,0.0476558320224,0.0
1463750823030540964,662,1463750823026322441,,0.0433234833181,0.0
1463750823051301188,663,1463750823046319282,,0.0393849872053,0.0
1463750823069185226,664,1463750823066380186,,0.0358045361936,0.0
1463750823089472171,665,1463750823086349892,,0.0325495786965,0.0
1463750823109102816,666,1463750823107052668,,0.0295905265957,0.0
1463750823130121528,667,1463750823126933886,,0.02690047957,0.0
1463750823149429883,668,1463750823146904581,,0.0244549829513,0.0
1463750823169600526,669,1463750823166757882,,0.022231804207,0.0
1463750823189251796,670,1463750823187203472,,0.0202107317746,0.0
1463750823209784261,671,1463750823207060887,,0.0183733925223,0.0
1463750823230014018,672,1463750823226331169,,0.0167030841112,0.0
1463750823249884922,673,1463750823246348948,,0.0151846222579,0.0
1463750823268796092,674,1463750823266319435,,0.0138042028993,0.0
1463750823289080953,675,1463750823286324194,,0.0125492755324,0.0
1463750823309543365,676,1463750823306319160,,0.0114084323868,0.0
1463750823328736721,677,1463750823326309544,,0.0103713022545,0.0
1463750823347874972,678,1463750823346342218,,0.00942845642567,0.0
1463750823369575817,679,1463750823366328695,,0.00857132393867,0.0
1463750823389342087,680,1463750823386332204,,0.00779211288318,0.0
1463750823408256641,681,1463750823406334254,,0.00708373915404,0.0
1463750823427891245,682,1463750823426329637,,0.00643976312131,0.0
1463750823447976888,683,1463750823446423457,,0.00585433049127,0.0
1463750823467793366,684,1463750823466377486,,0.00532211875543,0.0
1463750823487718228,685,1463750823486305057,,0.004838289693,0.0
1463750823508861836,686,1463750823506314972,,0.00439844513312,0.0
1463750823531656322,687,1463750823526368272,,0.00399858644232,0.0
1463750823551113114,688,1463750823547814690,,0.00363507866859,0.0
1463750823572553387,689,1463750823567939917,,0.00330461701378,0.0
1463750823588090872,690,1463750823586360203,,0.00300419726409,0.0
1463750823610444995,691,1463750823606339336,,0.0027310885489,0.0
1463750823628813250,692,1463750823626349198,,0.00248280772939,0.0
1463750823648348427,693,1463750823646343852,,0.00225709797814,0.0
1463750823668738757,694,1463750823666491475,,0.00205190735869,0.0
1463750823688223673,695,1463750823686344358,,0.00186537043191,0.0
1463750823708127078,696,1463750823706345263,,0.00169579137582,0.0
1463750823728401158,697,1463750823726325438,,0.00154162861872,0.0
1463750823748350448,698,1463750823746343894,,0.00140148063656,0.0
1463750823768479007,699,1463750823766306829,,0.00127407338005,0.0
1463750823789062982,700,1463750823786304139,,0.00115824851673,0.0
1463750823808561753,701,1463750823806314523,,0.00105295318644,0.0
1463750823828728333,702,1463750823826334177,,0.000957230222411,0.0
1463750823848371478,703,1463750823846349872,,0.000870209303685,0.0
1463750823868852120,704,1463750823866509578,,0.000791099388152,0.0
1463750823887711675,705,1463750823886505951,,0.000719181261957,0.0
1463750823909537727,706,1463750823906707687,,0.000653801194858,0.0
1463750823928051554,707,1463750823926553436,,0.000594364712015,0.0
1463750823948227770,708,1463750823946380590,,0.000540331588127,0.0
1463750823968356903,709,1463750823966526963,,0.000491210550535,0.0
1463750823990655505,710,1463750823986623908,,0.00044655505917,0.0
1463750824008211941,711,1463750824006661895,,0.0004059591447,0.0
1463750824028044981,712,1463750824026561862,,0.000369053770555,0.0
1463750824048162239,713,1463750824046378184,,0.000335503427777,0.0
1463750824068311111,714,1463750824066430442,,0.000305003137328,0.0
1463750824087547851,715,1463750824086330721,,0.000277275597909,0.0
1463750824109543226,716,1463750824106924904,,0.000252068741247,0.0
1463750824129971472,717,1463750824126700601,,0.000229153403779,0.0
1463750824147819104,718,1463750824146691765,,0.000208321289392,0.0
1463750824168719900,719,1463750824166663919,,0.000189382990357,0.0
1463750824189486791,720,1463750824186380450,,0.000172166357515,0.0
1463750824209470091,721,1463750824206710623,,0.000156514870469,0.0
1463750824228167198,722,1463750824226475122,,0.000142286255141,0.0
1463750824248251019,723,1463750824246565505,,0.000129351145006,0.0
1463750824268352443,724,1463750824266524013,,0.000117591953313,0.0
1463750824288268087,725,1463750824286533563,,0.000106901781692,0.0
1463750824307770816,726,1463750824306492176,,9.71834379015e-05,0.0
1463750824328059532,727,1463750824326686308,,8.83485845407e-05,0.0
1463750824349902615,728,1463750824347068773,,8.0316895037e-05,0.0
1463750824368849201,729,1463750824366804783,,7.30153624318e-05,0.0
1463750824388492242,730,1463750824386391782,,6.63776008878e-05,0.0
1463750824407428307,731,1463750824406283728,,6.03432745265e-05,0.0
1463750824429134047,732,1463750824426285778,,5.48575226276e-05,0.0
1463750824449248076,733,1463750824446507202,,4.98704757774e-05,0.0
1463750824468285026,734,1463750824466369878,,4.53367974842e-05,0.0
1463750824487469058,735,1463750824486346407,,4.1215273086e-05,0.0
1463750824507428556,736,1463750824506339342,,3.74684314011e-05,0.0
1463750824529319609,737,1463750824526335142,,3.40622100339e-05,0.0
1463750824548969056,738,1463750824546325994,,3.09656461468e-05,0.0
1463750824569803706,739,1463750824566361481,,2.81505890598e-05,0.0
1463750824588354200,740,1463750824586376865,,2.5591445592e-05,0.0
1463750824608548020,741,1463750824606350894,,2.32649508689e-05,0.0
1463750824629434441,742,1463750824626340340,,2.11499555007e-05,0.0
1463750824649393835,743,1463750824646356869,,1.92272327695e-05,0.0
1463750824667807298,744,1463750824666334283,,1.7479302187e-05,0.0
1463750824688149607,745,1463750824686300187,,1.58902748808e-05,0.0
1463750824708166031,746,1463750824706364893,,1.44457044371e-05,0.0
1463750824728637975,747,1463750824726324235,,1.31324586619e-05,0.0
1463750824747793779,748,1463750824746355504,,1.19385995276e-05,0.0
1463750824767886714,749,1463750824766321408,,1.08532722152e-05,0.0
1463750824788635427,750,1463750824786319499,,9.86661143543e-06,0.0
1463750824808294041,751,1463750824806315456,,8.96964684216e-06,0.0
1463750824828840620,752,1463750824826324797,,8.15422481537e-06,0.0
1463750824848792826,753,1463750824846356743,,7.41293206374e-06,0.0
1463750824869017583,754,1463750824866352543,,6.73902923154e-06,0.0
1463750824889113122,755,1463750824886362874,,6.12639041719e-06,0.0
1463750824908338196,756,1463750824906371069,,5.56944587515e-06,0.0
1463750824929179722,757,1463750824926354890,,5.06313290316e-06,0.0
1463750824948815992,758,1463750824946365586,,4.60284809378e-06,0.0
1463750824968880542,759,1463750824966351230,,4.18440731664e-06,0.0
1463750824988541812,760,1463750824986369165,,3.80400683753e-06,0.0
1463750825008276988,761,1463750825006389861,,3.45818807546e-06,0.0
1463750825029994551,762,1463750825026367119,,3.14380736199e-06,0.0
1463750825048645461,763,1463750825046382242,,2.85800683741e-06,0.0
1463750825069010582,764,1463750825066385698,,2.59818807535e-06,0.0
1463750825089927368,765,1463750825086376133,,2.36198911807e-06,0.0
1463750825109591555,766,1463750825106398652,,2.14726287595e-06,0.0
1463750825130172873,767,1463750825126381379,,1.95205711861e-06,0.0
1463750825148051703,768,1463750825146360616,,1.7745974219e-06,0.0
1463750825168152763,769,1463750825166360427,,1.61327045589e-06,0.0
1463750825189298089,770,1463750825186289977,,1.4666095467e-06,0.0
1463750825207501084,771,1463750825206300829,,1.33328148877e-06,0.0
1463750825227592457,772,1463750825226371680,,1.21207415305e-06,0.0
1463750825248114765,773,1463750825246402532,,1.10188557301e-06,0.0
1463750825268955873,774,1463750825266425468,,1.00171416761e-06,0.0
1463750825289915628,775,1463750825286427309,,9.10649248453e-07,0.0
1463750825309736741,776,1463750825306546598,,8.27863004815e-07,0.0
1463750825328662129,777,1463750825326380992,,7.52602772991e-07,0.0
1463750825348489856,778,1463750825346381376,,6.84184385591e-07,0.0
1463750825368898675,779,1463750825366366394,,6.21985805083e-07,0.0
1463750825387800157,780,1463750825386359799,,5.65441666822e-07,0.0
1463750825408950639,781,1463750825406370807,,5.14037878929e-07,0.0
1463750825429907477,782,1463750825426382857,,4.67307188501e-07,0.0
1463750825449566976,783,1463750825446404438,,4.24824719403e-07,0.0
1463750825467764294,784,1463750825466361696,,3.86204305869e-07,0.0
1463750825488404414,785,1463750825486329371,,3.51094826101e-07,0.0
1463750825510163592,786,1463750825506362671,,3.19177132724e-07,0.0
1463750825529982570,787,1463750825526375762,,2.90161040084e-07,0.0
1463750825550307223,788,1463750825546326927,,2.63782766297e-07,0.0
1463750825568916622,789,1463750825566362050,,2.39802517399e-07,0.0
1463750825589666273,790,1463750825586360506,,2.1800229888e-07,0.0
1463750825609124419,791,1463750825606355264,,1.98183911948e-07,0.0
1463750825628751471,792,1463750825626347470,,1.80167191388e-07,0.0
1463750825649114509,793,1463750825646358791,,1.63788357099e-07,0.0
1463750825668844112,794,1463750825666361101,,1.48898507746e-07,0.0
1463750825688445122,795,1463750825686322683,,1.35362284936e-07,0.0
1463750825709358105,796,1463750825706367180,,1.2305662267e-07,0.0
1463750825727975005,797,1463750825726361157,,1.11869660202e-07,0.0
1463750825748866530,798,1463750825746338832,,1.01699697552e-07,0.0
1463750825768308061,799,1463750825766356768,,9.24542717939e-08,0.0
1463750825788515163,800,1463750825786370797,,8.40493399323e-08,0.0
1463750825808010912,801,1463750825806364045,,7.64084902016e-08,0.0
1463750825827913223,802,1463750825826355522,,6.94622670494e-08,0.0
1463750825848368813,803,1463750825846332988,,6.31475174373e-08,0.0
1463750825867836646,804,1463750825866368475,,5.74068366177e-08,0.0
1463750825888531037,805,1463750825886354119,,5.21880352267e-08,0.0
1463750825910095736,806,1463750825906381794,,4.74436703257e-08,0.0
1463750825929694611,807,1463750825926354677,,4.31306119708e-08,0.0
1463750825949491453,808,1463750825946383238,,3.92096488611e-08,0.0
1463750825969557930,809,1463750825966364715,,3.56451366201e-08,0.0
1463750825987896602,810,1463750825986361817,,3.24046709466e-08,0.0
1463750826008228598,811,1463750826006362512,,2.94587927385e-08,0.0
1463750826027910962,812,1463750826026362844,,2.67807216403e-08,0.0
1463750826047908897,813,1463750826046356508,,2.43461109051e-08,0.0
1463750826067883395,814,1463750826066332152,,2.2132828903e-08,0.0
1463750826088026278,815,1463750826086315973,,2.012075484e-08,0.0
1463750826109134625,816,1463750826106374012,,1.82915957936e-08,0.0
1463750826128342876,817,1463750826126305333,,1.66287232872e-08,0.0
1463750826147968886,818,1463750826146318789,,1.51170223006e-08,0.0
1463750826168227081,819,1463750826166315474,,1.37427482727e-08,0.0
1463750826188058975,820,1463750826186258775,,1.24934080858e-08,0.0
1463750826208917792,821,1463750826206303689,,1.13576437144e-08,0.0
1463750826228577656,822,1463750826226309593,,1.03251309724e-08,0.0
1463750826248862726,823,1463750826246314091,,9.38648270221e-09,0.0
1463750826267950509,824,1463750826266288328,,8.53316617366e-09,0.0
1463750826288209276,825,1463750826286292774,,7.75742403647e-09,0.0
1463750826308970906,826,1463750826306314407,,7.05220370989e-09,0.0
1463750826328717176,827,1463750826326314530,,6.41109432209e-09,0.0
1463750826347594387,828,1463750826346364340,,5.82826764628e-09,0.0
1463750826367527375,829,1463750826366356911,,5.2984252541e-09,0.0
1463750826389547697,830,1463750826386387242,,4.81675055397e-09,0.0
1463750826407597151,831,1463750826406478875,,4.3788643822e-09,0.0
1463750826429638671,832,1463750826426486497,,3.98078592312e-09,0.0
1463750826448359893,833,1463750826446673599,,3.61889629374e-09,0.0
1463750826468702463,834,1463750826466415129,,3.28990590326e-09,0.0
1463750826489061230,835,1463750826486354523,,2.99082358879e-09,0.0
1463750826510336764,836,1463750826506446468,,2.71893063619e-09,0.0
1463750826529013611,837,1463750826526365497,,2.47175524493e-09,0.0
1463750826547909103,838,1463750826546390724,,2.24705032359e-09,0.0
1463750826567547196,839,1463750826566338972,,2.04277306182e-09,0.0
1463750826587970807,840,1463750826586353158,,1.85706650058e-09,0.0
1463750826608501657,841,1463750826606310260,,1.68824232372e-09,0.0
1463750826627554336,842,1463750826626345435,,1.53476575893e-09,0.0
1463750826648374768,843,1463750826647039200,,1.39524158893e-09,0.0
1463750826668171037,844,1463750826666850574,,1.26840149495e-09,0.0
1463750826687700016,845,1463750826686281324,,1.15309228832e-09,0.0
1463750826711532883,846,1463750826708813520,,1.04826569647e-09,0.0
1463750826731091341,847,1463750826728243280,,9.52968814971e-10,0.0
1463750826747572260,848,1463750826746342578,,8.66335336802e-10,0.0
1463750826769191282,849,1463750826766330097,,7.87577614236e-10,0.0
1463750826789258228,850,1463750826786533708,,7.15979664445e-10,0.0
1463750826808431844,851,1463750826806351436,,6.5089061918e-10,0.0
1463750826829319775,852,1463750826826391819,,5.91718785081e-10,0.0
1463750826848248132,853,1463750826846362098,,5.37926203581e-10,0.0
1463750826868278984,854,1463750826866339669,,4.89023821437e-10,0.0
1463750826889274883,855,1463750826886503593,,4.44567133107e-10,0.0
1463750826908962403,856,1463750826906393196,,4.04151961897e-10,0.0
1463750826928777319,857,1463750826926327485,,3.67410879498e-10,0.0
1463750826948826868,858,1463750826946368077,,3.34009903069e-10,0.0
1463750826968833397,859,1463750826966327939,,3.03645386612e-10,0.0
1463750826989287477,860,1463750826986516655,,2.76041273173e-10,0.0
1463750827009431349,861,1463750827006390112,,2.50946624591e-10,0.0
1463750827029429909,862,1463750827026357995,,2.28133303914e-10,0.0
1463750827050463465,863,1463750827046321868,,2.07393921481e-10,0.0
1463750827069269843,864,1463750827066347876,,1.88539933665e-10,0.0
1463750827089166320,865,1463750827086496436,,1.71399949789e-10,0.0
1463750827109259360,866,1463750827106338435,,1.55818136172e-10,0.0
1463750827130553487,867,1463750827126330328,,1.41652856112e-10,0.0
1463750827149879915,868,1463750827146328055,,1.28775323738e-10,0.0
1463750827169347696,869,1463750827166326928,,1.1706847991e-10,0.0
1463750827189340476,870,1463750827186308822,,1.06425895874e-10,0.0
1463750827209764503,871,1463750827206367278,,9.67508156924e-11,0.0
1463750827230438737,872,1463750827226363286,,8.79552888855e-11,0.0
1463750827248859596,873,1463750827246335388,,7.99593585787e-11,0.0
1463750827268974875,874,1463750827266337594,,7.26903259807e-11,0.0
1463750827288606978,875,1463750827286348238,,6.60821189435e-11,0.0
1463750827309281213,876,1463750827306322944,,6.0074653585e-11,0.0
1463750827328657640,877,1463750827326333536,,5.46133242796e-11,0.0
1463750827348679117,878,1463750827346388658,,4.96484797718e-11,0.0
1463750827368917572,879,1463750827366324511,,4.5134982557e-11,0.0
1463750827389429099,880,1463750827386383748,,4.10318029553e-11,0.0
1463750827409462243,881,1463750827406378454,,3.73016409427e-11,0.0
1463750827428545286,882,1463750827426329514,,3.39105826752e-11,0.0
1463750827449014886,883,1463750827446626251,,3.08278021166e-11,0.0
1463750827468104075,884,1463750827466365854,,2.80252748092e-11,0.0
1463750827489343203,885,1463750827486337747,,2.54775228692e-11,0.0
1463750827510920507,886,1463750827506358756,,2.31613842688e-11,0.0
1463750827529255376,887,1463750827526313462,,2.10558046693e-11,0.0
1463750827549436957,888,1463750827546374730,,1.91416413969e-11,0.0
1463750827571316551,889,1463750827566433707,,1.74014934406e-11,0.0
1463750827589126891,890,1463750827586346122,,1.58195401223e-11,0.0
1463750827609627845,891,1463750827606347286,,1.43814005843e-11,0.0
1463750827629528177,892,1463750827626316211,,1.30740010831e-11,0.0
1463750827650942356,893,1463750827646313053,,1.18854561609e-11,0.0
1463750827669372902,894,1463750827667219787,,1.08049602252e-11,0.0
1463750827689730680,895,1463750827686272361,,9.82269127148e-12,0.0
1463750827710903141,896,1463750827706303005,,8.92971981081e-12,0.0
1463750827730088007,897,1463750827727575779,,8.11792733729e-12,0.0
1463750827747523089,898,1463750827746422260,,7.37993433725e-12,0.0
1463750827767372588,899,1463750827766344727,,6.70903133396e-12,0.0
1463750827788231196,900,1463750827786368704,,6.09911947336e-12,0.0
1463750827808030955,901,1463750827806351588,,5.54465414554e-12,0.0
1463750827827839412,902,1463750827826329575,,5.04059467776e-12,0.0
1463750827847944691,903,1463750827846363135,,4.58235879797e-12,0.0
1463750827867985803,904,1463750827866403258,,4.1657810014e-12,0.0
1463750827887834000,905,1463750827886302808,,3.78707395304e-12,0.0
1463750827908043392,906,1463750827906336889,,3.44279466047e-12,0.0
1463750827928171744,907,1463750827926391387,,3.12981346569e-12,0.0
1463750827948606865,908,1463750827946338697,,2.84528498852e-12,0.0
1463750827967893657,909,1463750827966335070,,2.58662275626e-12,0.0
1463750827988233466,910,1463750827986367432,,2.35147535124e-12,0.0
1463750828007932653,911,1463750828006348128,,2.13770494362e-12,0.0
1463750828028161160,912,1463750828026342834,,1.94336820941e-12,0.0
1463750828048216647,913,1463750828046405561,,1.76669844119e-12,0.0
1463750828067953594,914,1463750828066360788,,1.60608950184e-12,0.0
1463750828088266841,915,1463750828086399453,,1.46008140474e-12,0.0
1463750828108198787,916,1463750828106406607,,1.32734676115e-12,0.0
1463750828128559116,917,1463750828126346730,,1.20667896248e-12,0.0
1463750828148244032,918,1463750828146402686,,1.09698090455e-12,0.0
1463750828168156759,919,1463750828166411402,,9.97255446625e-13,0.0
1463750828188135320,920,1463750828186333921,,9.06595870424e-13,0.0
1463750828208740128,921,1463750828206344148,,8.24178073879e-13,0.0
1463750828228368690,922,1463750828226453646,,7.49252819076e-13,0.0
1463750828247858242,923,1463750828246332311,,6.81138956002e-13,0.0
1463750828268570288,924,1463750828266320923,,6.19217242585e-13,0.0
1463750828288626713,925,1463750828286303754,,5.62924761058e-13,0.0
1463750828308681002,926,1463750828306362210,,5.11749822206e-13,0.0
1463750828327968732,927,1463750828326372177,,4.65227140665e-13,0.0
1463750828349023955,928,1463750828346292404,,4.2293376917e-13,0.0
1463750828368208925,929,1463750828366332475,,3.84485249628e-13,0.0
1463750828388419359,930,1463750828386405149,,3.49532062365e-13,0.0
1463750828409706820,931,1463750828406345324,,3.17756427724e-13,0.0
1463750828428364293,932,1463750828426331489,,2.88869487141e-13,0.0
1463750828451807682,933,1463750828446469997,,2.62608619746e-13,0.0
1463750828468077040,934,1463750828466355953,,2.38735111324e-13,0.0
1463750828487676070,935,1463750828486340243,,2.17031931706e-13,0.0
1463750828508413013,936,1463750828506350886,,1.97301756096e-13,0.0
1463750828528323449,937,1463750828526339291,,1.79365243903e-13,0.0
1463750828548074718,938,1463750828546328372,,1.63059317567e-13,0.0
1463750828567936300,939,1463750828566321515,,1.48235753099e-13,0.0
1463750828588121683,940,1463750828586378096,,1.34759784169e-13,0.0
1463750828608328315,941,1463750828606374313,,1.22508895931e-13,0.0
1463750828628184272,942,1463750828626355217,,1.1137172727e-13,0.0
1463750828647421221,943,1463750828646353309,,1.01247027255e-13,0.0
1463750828667420510,944,1463750828666353119,,9.20427538982e-14,0.0
1463750828688376254,945,1463750828686361627,,8.36752338967e-14,0.0
1463750828707425600,946,1463750828706333729,,7.60683969156e-14,0.0
1463750828727418535,947,1463750828726358175,,6.91530911852e-14,0.0
1463750828747453970,948,1463750828746358558,,6.2866446532e-14,0.0
1463750828769036899,949,1463750828766387587,,5.71513187253e-14,0.0
1463750828788794835,950,1463750828786406200,,5.19557473758e-14,0.0
1463750828807891212,951,1463750828806411322,,4.72324985384e-14,0.0
1463750828827828522,952,1463750828826407226,,4.2938637807e-14,0.0
1463750828847853333,953,1463750828846375110,,3.90351271272e-14,0.0
1463750828867885591,954,1463750828866382420,,3.54864792065e-14,0.0
1463750828887942484,955,1463750828886376189,,3.22604356423e-14,0.0
1463750828907982555,956,1463750828906341728,,2.93276687657e-14,0.0
1463750828927510232,957,1463750828926418622,,2.66615173678e-14,0.0
1463750828947845457,958,1463750828946376766,,2.42377444477e-14,0.0
1463750828967938809,959,1463750828966313087,,2.20343135963e-14,0.0
1463750828987958098,960,1463750828986422896,,2.00311941784e-14,0.0
1463750829008128220,961,1463750829006326145,,1.82101766798e-14,0.0
1463750829028353134,962,1463750829026410330,,1.65547066886e-14,0.0
1463750829048712161,963,1463750829046361546,,1.50497341233e-14,0.0
1463750829069686499,964,1463750829066433804,,1.36815768607e-14,0.0
1463750829089032718,965,1463750829086327834,,1.24377979162e-14,0.0
1463750829108759873,966,1463750829106397904,,1.13070893997e-14,0.0
1463750829129801815,967,1463750829126370319,,1.02791725666e-14,0.0
1463750829147885592,968,1463750829146376796,,9.34470294927e-15,0.0
1463750829168014933,969,1463750829166467387,,8.49518480735e-15,0.0
1463750829188092763,970,1463750829186329177,,7.72289574142e-15,0.0
1463750829207815387,971,1463750829206317113,,7.0208146954e-15,0.0
1463750829228177071,972,1463750829226348329,,6.3825588525e-15,0.0
1463750829247820789,973,1463750829246373868,,5.80232646056e-15,0.0
1463750829270088975,974,1463750829266350606,,5.27484219837e-15,0.0
1463750829288070773,975,1463750829286339062,,4.79531143594e-15,0.0
1463750829307848762,976,1463750829306350227,,4.35937407117e-15,0.0
1463750829328195237,977,1463750829326375297,,3.96306726043e-15,0.0
1463750829349565198,978,1463750829346373285,,3.60278857258e-15,0.0
1463750829369616935,979,1463750829366373303,,3.27526253121e-15,0.0
1463750829388161856,980,1463750829386355614,,2.97751139201e-15,0.0
1463750829408828747,981,1463750829406357976,,2.70682867295e-15,0.0
1463750829428051529,982,1463750829426386797,,2.46075331979e-15,0.0
1463750829449387896,983,1463750829446791553,,2.23704853029e-15,0.0
1463750829468419377,984,1463750829466483813,,2.03368057834e-15,0.0
1463750829489135174,985,1463750829486581956,,1.84880060276e-15,0.0
1463750829509786128,986,1463750829506366923,,1.68072787845e-15,0.0
1463750829529500366,987,1463750829526396525,,1.52793446383e-15,0.0
1463750829549905696,988,1463750829546390502,,1.38903133075e-15,0.0
1463750829568329054,989,1463750829566518906,,1.26275576485e-15,0.0
1463750829588682926,990,1463750829586456216,,1.14795982473e-15,0.0
1463750829608742371,991,1463750829606520193,,1.04359985992e-15,0.0
1463750829628824785,992,1463750829626488077,,9.48727193506e-16,0.0
1463750829649888341,993,1463750829646372887,,8.62479281262e-16,0.0
1463750829668472428,994,1463750829666507749,,7.84072088312e-16,0.0
1463750829688618019,995,1463750829686353914,,7.12792836433e-16,0.0
1463750829709146629,996,1463750829706336850,,6.47993492479e-16,0.0
1463750829730216071,997,1463750829727128219,,5.89084997975e-16,0.0
1463750829748059848,998,1463750829746395533,,5.35531816341e-16,0.0
1463750829767732785,999,1463750829766351124,,4.8684711539e-16,0.0
1463750829788620925,1000,1463750829786375987,,4.42588293937e-16,0.0
1463750829812313220,1001,1463750829806295068,,4.02353011333e-16,0.0
1463750829828987784,1002,1463750829826293837,,3.65775481692e-16,0.0
1463750829851362428,1003,1463750829846288647,,3.32523165175e-16,0.0
1463750829870203128,1004,1463750829866362884,,3.02293803367e-16,0.0
1463750829888354561,1005,1463750829886339570,,2.74812560547e-16,0.0
1463750829909026869,1006,1463750829906352193,,2.49829614936e-16,0.0
1463750829928085120,1007,1463750829926346013,,2.27117829353e-16,0.0
1463750829948871438,1008,1463750829947099570,,2.06470765989e-16,0.0
1463750829969338173,1009,1463750829966346415,,1.87700701167e-16,0.0
1463750829991084851,1010,1463750829986404402,,1.70637010686e-16,0.0
1463750830009070087,1011,1463750830006361244,,1.55124555169e-16,0.0
1463750830030135153,1012,1463750830027418862,,1.410223301e-16,0.0
1463750830048411481,1013,1463750830046602791,,1.28202115866e-16,0.0
1463750830069244100,1014,1463750830066605934,,1.16547379263e-16,0.0
1463750830089806252,1015,1463750830087023451,,1.05952168381e-16,0.0
1463750830108651067,1016,1463750830106716961,,9.63201530737e-17,0.0
1463750830129314573,1017,1463750830127131874,,8.75637779279e-17,0.0
1463750830147538766,1018,1463750830146389239,,7.96034350815e-17,0.0
1463750830167927480,1019,1463750830166673371,,7.23667627745e-17,0.0
1463750830188336456,1020,1463750830187143700,,6.57879703697e-17,0.0
1463750830208051580,1021,1463750830206657732,,5.98072494002e-17,0.0
1463750830228695814,1022,1463750830226943218,,5.43702276298e-17,0.0
1463750830249317862,1023,1463750830246590269,,4.94274826714e-17,0.0
1463750830270229335,1024,1463750830267070442,,4.49340754566e-17,0.0
1463750830291029298,1025,1463750830287070825,,4.08491598068e-17,0.0
1463750830310663641,1026,1463750830307088969,,3.71356019299e-17,0.0
1463750830327877682,1027,1463750830326599771,,3.37596396221e-17,0.0
1463750830347682077,1028,1463750830346427655,,3.06905811738e-17,0.0
1463750830367473190,1029,1463750830366273872,,2.79005307462e-17,0.0
1463750830387779353,1030,1463750830386700920,,2.53641203641e-17,0.0
1463750830407746507,1031,1463750830406537710,,2.30582915409e-17,0.0
1463750830430809221,1032,1463750830426759082,,2.09620835198e-17,0.0
1463750830448919352,1033,1463750830446851444,,1.90564397138e-17,0.0
1463750830468473591,1034,1463750830466750734,,1.73240373067e-17,0.0
1463750830488322413,1035,1463750830486753149,,1.5749125125e-17,0.0
1463750830508463056,1036,1463750830506492023,,1.43173863269e-17,0.0
1463750830530675669,1037,1463750830526804071,,1.30158060525e-17,0.0
1463750830549482047,1038,1463750830546839558,,1.18325514832e-17,0.0
1463750830570599353,1039,1463750830566686140,,1.07568651352e-17,0.0
1463750830589606980,1040,1463750830586821523,,9.77896890627e-18,0.0
1463750830608557940,1041,1463750830606369148,,8.88997225936e-18,0.0
1463750830630091859,1042,1463750830627651296,,8.08179281266e-18,0.0
1463750830648617873,1043,1463750830647261212,,7.34708437514e-18,0.0
1463750830668468570,1044,1463750830666801493,,6.67916787696e-18,0.0
1463750830688637181,1045,1463750830686638388,,6.07197098523e-18,0.0
1463750830708650064,1046,1463750830706602000,,5.51997392373e-18,0.0
1463750830728171283,1047,1463750830726608790,,5.01815818768e-18,0.0
1463750830748749841,1048,1463750830746707350,,4.5619622896e-18,0.0
1463750830768248403,1049,1463750830766629348,,4.14723874588e-18,0.0
1463750830789029669,1050,1463750830786957803,,3.7702172673e-18,0.0
1463750830808550731,1051,1463750830806618083,,3.427470431e-18,0.0
1463750830828434969,1052,1463750830826572060,,3.1158822476e-18,0.0
1463750830849428525,1053,1463750830846360465,,2.83262024389e-18,0.0
1463750830868611047,1054,1463750830866724493,,2.57510940662e-18,0.0
1463750830889833196,1055,1463750830886672741,,2.34100860787e-18,0.0
1463750830909628320,1056,1463750830906626093,,2.12818971872e-18,0.0
1463750830928228917,1057,1463750830926375748,,1.93471796371e-18,0.0
1463750830948119405,1058,1463750830946316861,,1.75883455006e-18,0.0
1463750830967987862,1059,1463750830966276984,,1.59894053766e-18,0.0
1463750830987899912,1060,1463750830986336690,,1.45358236336e-18,0.0
1463750831008877791,1061,1463750831006318740,,1.32143850274e-18,0.0
1463750831028130730,1062,1463750831026380737,,1.20130778617e-18,0.0
1463750831048033093,1063,1463750831046307371,,1.09209802502e-18,0.0
1463750831068004778,1064,1463750831066341816,,9.92816395784e-19,0.0
1463750831087953859,1065,1463750831086328710,,9.02560341004e-19,0.0
1463750831107894139,1066,1463750831106352791,,8.20509400913e-19,0.0
1463750831128082803,1067,1463750831126331820,,7.45917665393e-19,0.0
1463750831148078082,1068,1463750831146357151,,6.78107001438e-19,0.0
1463750831168045444,1069,1463750831166338576,,6.16460952697e-19,0.0
1463750831188013796,1070,1463750831186297085,,5.60419052607e-19,0.0
1463750831207838659,1071,1463750831206299083,,5.09471861306e-19,0.0
1463750831228634873,1072,1463750831226342487,,4.6315626105e-19,0.0
1463750831248337132,1073,1463750831246345786,,4.21051165209e-19,0.0
1463750831268483244,1074,1463750831266341795,,3.82773795953e-19,0.0
1463750831287861494,1075,1463750831286340147,,3.47976194589e-19,0.0
1463750831308298386,1076,1463750831306327301,,3.1634201623e-19,0.0
1463750831328351998,1077,1463750831326314299,,2.87583660518e-19,0.0
1463750831348262747,1078,1463750831346341349,,2.6143968668e-19,0.0
1463750831370180205,1079,1463750831366350169,,2.37672461236e-19,0.0
1463750831388124659,1080,1463750831386323105,,2.16065883251e-19,0.0
1463750831407952179,1081,1463750831406313228,,1.96423536103e-19,0.0
1463750831428255009,1082,1463750831426324548,,1.78566852178e-19,0.0
1463750831448455287,1083,1463750831446557587,,1.62333510205e-19,0.0
1463750831468290983,1084,1463750831466373075,,1.47575923068e-19,0.0
1463750831487979337,1085,1463750831486331427,,1.34159932411e-19,0.0
1463750831507880450,1086,1463750831506329987,,1.21963580794e-19,0.0
1463750831527817656,1087,1463750831526321777,,1.1087598724e-19,0.0
1463750831548215746,1088,1463750831546334921,,1.00796352037e-19,0.0
1463750831568221389,1089,1463750831566318741,,9.16330520059e-20,0.0
1463750831587860889,1090,1463750831586300323,,8.33027745508e-20,0.0
1463750831608245333,1091,1463750831606338466,,7.57298003336e-20,0.0
1463750831628848787,1092,1463750831626319318,,6.88452730305e-20,0.0
1463750831648384797,1093,1463750831646332097,,6.25866112584e-20,0.0
1463750831667952421,1094,1463750831666354043,,5.68969205008e-20,0.0
1463750831687880045,1095,1463750831686313905,,5.172447612e-20,0.0
1463750831708014698,1096,1463750831706274966,,4.70222516057e-20,0.0
1463750831728618881,1097,1463750831726334984,,4.27475017534e-20,0.0
1463750831749061658,1098,1463750831746301774,,3.88613652304e-20,0.0
1463750831768908396,1099,1463750831766300803,,3.53285156083e-20,0.0
1463750831788275449,1100,1463750831786308634,,3.21168317837e-20,0.0
1463750831808020260,1101,1463750831806351621,,2.91971200971e-20,0.0
1463750831828991368,1102,1463750831826358567,,2.65428364519e-20,0.0
1463750831848170036,1103,1463750831846317596,,2.41298520543e-20,0.0
1463750831868834115,1104,1463750831866326625,,2.19362304621e-20,0.0
1463750831887971533,1105,1463750831886310655,,1.99420288678e-20,0.0
1463750831908992276,1106,1463750831906367704,,1.81291171525e-20,0.0
1463750831927629332,1107,1463750831926336265,,1.64810163276e-20,0.0
1463750831949240281,1108,1463750831946326179,,1.49827418222e-20,0.0
1463750831969525976,1109,1463750831966365156,,1.3620674237e-20,0.0
1463750831988109698,1110,1463750831986319342,,1.2382431712e-20,0.0
1463750832008264196,1111,1463750832006349308,,1.12567568362e-20,0.0
1463750832028886243,1112,1463750832026346722,,1.02334156728e-20,0.0
1463750832048582721,1113,1463750832046356429,,9.30310567113e-21,0.0
1463750832068067586,1114,1463750832066317906,,8.45736923255e-21,0.0
1463750832090342751,1115,1463750832088481978,,7.68851777788e-21,0.0
1463750832111018235,1116,1463750832107906530,,6.98956146939e-21,0.0
1463750832129016231,1117,1463750832126336816,,6.35414701066e-21,0.0
1463750832147823547,1118,1463750832146381626,,5.77649746601e-21,0.0
1463750832168028356,1119,1463750832166322947,,5.25136136945e-21,0.0
1463750832187808793,1120,1463750832186337497,,4.77396506491e-21,0.0
1463750832209569220,1121,1463750832206291943,,4.33996827754e-21,0.0
1463750832227451904,1122,1463750832226360190,,3.94542574358e-21,0.0
1463750832247814369,1123,1463750832246333022,,3.58675085957e-21,0.0
1463750832267782357,1124,1463750832266361165,,3.26068276484e-21,0.0
1463750832289171380,1125,1463750832286380090,,2.96425705894e-21,0.0
1463750832308448954,1126,1463750832306395942,,2.69477914449e-21,0.0
1463750832327965120,1127,1463750832326356325,,2.4497993875e-21,0.0
1463750832348590761,1128,1463750832346326813,,2.22709049914e-21,0.0
1463750832369282444,1129,1463750832367050735,,2.02462774485e-21,0.0
1463750832388708871,1130,1463750832386451537,,1.84057076893e-21,0.0
1463750832407541603,1131,1463750832406402233,,1.67324622701e-21,0.0
1463750832428250577,1132,1463750832426316210,,1.52113294283e-21,0.0
1463750832450326108,1133,1463750832446960237,,1.38284817574e-21,0.0
1463750832468116292,1134,1463750832466766402,,1.25713469604e-21,0.0
1463750832488013030,1135,1463750832486852566,,1.14284977875e-21,0.0
1463750832508727837,1136,1463750832506306962,,1.03895439939e-21,0.0
1463750832528816189,1137,1463750832526332189,,9.44504045345e-22,0.0
1463750832548729906,1138,1463750832546330124,,8.58640032044e-22,0.0
1463750832567967949,1139,1463750832566312904,,7.8058187944e-22,0.0
1463750832588047758,1140,1463750832586353912,,7.096198904e-22,0.0
1463750832607903299,1141,1463750832606360076,,6.45108991273e-22,0.0
1463750832627962171,1142,1463750832626353793,,5.86462723929e-22,0.0
1463750832651572435,1143,1463750832647836409,,5.33147944614e-22,0.0
1463750832668734966,1144,1463750832666379194,,4.84679977187e-22,0.0
1463750832687906342,1145,1463750832686393276,,4.40618170259e-22,0.0
1463750832709014585,1146,1463750832706263659,,4.00561984437e-22,0.0
1463750832728369346,1147,1463750832726332636,,3.64147281528e-22,0.0
1463750832748408740,1148,1463750832746348644,,3.31042992386e-22,0.0
1463750832768349592,1149,1463750832766311632,,3.00948188666e-22,0.0
1463750832788069976,1150,1463750832786326755,,2.73589280783e-22,0.0
1463750832808421868,1151,1463750832806362919,,2.48717544048e-22,0.0
1463750832828684178,1152,1463750832826354760,,2.26106871995e-22,0.0
1463750832848213313,1153,1463750832846341290,,2.05551706403e-22,0.0
1463750832868431768,1154,1463750832866344902,,1.86865194524e-22,0.0
1463750832888521786,1155,1463750832886353150,,1.69877459894e-22,0.0
1463750832908223681,1156,1463750832906362908,,1.54434062481e-22,0.0
1463750832928699635,1157,1463750832926370427,,1.40394610288e-22,0.0
1463750832948312208,1158,1463750832946332373,,1.2763147193e-22,0.0
1463750832968562538,1159,1463750832966370776,,1.16028615435e-22,0.0
1463750832988662921,1160,1463750832986349962,,1.05480560634e-22,0.0
1463750833008293410,1161,1463750833006360918,,9.58914199055e-23,0.0
1463750833028929363,1162,1463750833026363228,,8.71740209645e-23,0.0
1463750833048293655,1163,1463750833046385018,,7.92491116889e-23,0.0
1463750833068518569,1164,1463750833066342224,,7.20446469899e-23,0.0
1463750833088639160,1165,1463750833086340784,,6.54951324798e-23,0.0
1463750833108353763,1166,1463750833106366584,,5.95410312482e-23,0.0
1463750833128696124,1167,1463750833126342645,,5.41282148154e-23,0.0
1463750833148488644,1168,1463750833146338809,,4.92074708826e-23,0.0
1463750833168216528,1169,1463750833166316745,,4.47340647256e-23,0.0
1463750833189155501,1170,1463750833186333065,,4.06673321424e-23,0.0
1463750833208646199,1171,1463750833206276782,,3.69703039557e-23,0.0
1463750833229922462,1172,1463750833226355967,,3.36093683798e-23,0.0
1463750833249841075,1173,1463750833246286455,,3.05539712544e-23,0.0
1463750833268777713,1174,1463750833266293452,,2.77763383646e-23,0.0
1463750833287724298,1175,1463750833286271336,,2.52512166951e-23,0.0
1463750833309895506,1176,1463750833306355208,,2.29556519713e-23,0.0
1463750833328988497,1177,1463750833326353560,,2.08687756668e-23,0.0
1463750833351061996,1178,1463750833346369100,,1.89716140991e-23,0.0
1463750833368921816,1179,1463750833366329223,,1.72469227688e-23,0.0
1463750833390820160,1180,1463750833386359554,,1.56790206989e-23,0.0
1463750833408649094,1181,1463750833406331708,,1.42536563283e-23,0.0
1463750833428041251,1182,1463750833426360945,,1.29578694611e-23,0.0
1463750833449561002,1183,1463750833446436589,,1.17798816151e-23,0.0
1463750833470810547,1184,1463750833466347441,,1.07089832147e-23,0.0
1463750833488935730,1185,1463750833486302356,,9.73543971642e-24,0.0
1463750833509003509,1186,1463750833506309926,,8.85040010077e-24,0.0
1463750833528669674,1187,1463750833526325309,,8.04581877543e-24,0.0
1463750833548926827,1188,1463750833546345641,,7.31438063322e-24,0.0
1463750833568223880,1189,1463750833566352690,,6.64943715444e-24,0.0
1463750833589123374,1190,1463750833586306095,,6.04494290353e-24,0.0
1463750833609054695,1191,1463750833606345280,,5.49540267543e-24,0.0
1463750833628423935,1192,1463750833626346080,,4.99582061402e-24,0.0
1463750833650267696,1193,1463750833646318963,,4.54165524709e-24,0.0
1463750833669839748,1194,1463750833666311690,,4.12877767664e-24,0.0
1463750833689919245,1195,1463750833686303063,,3.75343450249e-24,0.0
1463750833709644213,1196,1463750833706270113,,3.41221311237e-24,0.0
1463750833729255952,1197,1463750833726358829,,3.10201209962e-24,0.0
1463750833748763838,1198,1463750833746418275,,2.8200110893e-24,0.0
1463750833769169584,1199,1463750833766355637,,2.56364648067e-24,0.0
1463750833790449545,1200,1463750833786358989,,2.33058778142e-24,0.0
1463750833808194209,1201,1463750833806330831,,2.11871630836e-24,0.0
1463750833828858651,1202,1463750833826377672,,1.92610586037e-24,0.0
1463750833849960332,1203,1463750833846356129,,1.75100536347e-24,0.0
1463750833869980871,1204,1463750833866360158,,1.59182309355e-24,0.0
1463750833890346618,1205,1463750833886355333,,1.44711198391e-24,0.0
1463750833908212010,1206,1463750833906363581,,1.31555641176e-24,0.0
1463750833930134000,1207,1463750833926377662,,1.19596036536e-24,0.0
1463750833950061831,1208,1463750833946362993,,1.08723669578e-24,0.0
1463750833969867215,1209,1463750833966385824,,9.88397058917e-25,0.0
1463750833988615364,1210,1463750833986367509,,8.98542843584e-25,0.0
1463750834010310480,1211,1463750834006379247,,8.16857135013e-25,0.0
1463750834029307690,1212,1463750834026379213,,7.42597417877e-25,0.0
1463750834049405834,1213,1463750834046375169,,6.75088575153e-25,0.0
1463750834071430896,1214,1463750834066347272,,6.1371692236e-25,0.0
1463750834090120451,1215,1463750834086333592,,5.57924488319e-25,0.0
1463750834109082974,1216,1463750834106321580,,5.07204084772e-25,0.0
1463750834128555599,1217,1463750834126333369,,4.6109462252e-25,0.0
1463750834148619107,1218,1463750834146335680,,4.191769206e-25,0.0
1463750834169346206,1219,1463750834166357990,,3.81069934541e-25,0.0
1463750834188515968,1220,1463750834186341238,,3.46427231148e-25,0.0
1463750834209033693,1221,1463750834206260996,,3.14933857703e-25,0.0
1463750834228850118,1222,1463750834226351223,,2.86303507003e-25,0.0
1463750834248494774,1223,1463750834246372283,,2.60275928904e-25,0.0
1463750834268176773,1224,1463750834266763133,,2.36614489786e-25,0.0
1463750834289144809,1225,1463750834286575861,,2.15104077142e-25,0.0
