%time,field.header.seq,field.header.stamp,field.header.frame_id,field.temperature,field.variance
1463750815440217062,280,1463750815386434010,,1494.0,1491.0
1463750815440287062,281,1463750815406379134,,1494.0,1491.0
1463750815440336072,282,1463750815426334465,,1494.0,1491.0
1463750815447815988,283,1463750815446388858,,1494.0,1491.0
1463750815467930745,284,1463750815466478147,,1494.0,1492.0
1463750815488039305,285,1463750815486635145,,1493.0,1492.0
1463750815507850627,286,1463750815506293446,,1494.0,1491.0
1463750815528072936,287,1463750815526293465,,1494.0,1492.0
1463750815547949257,288,1463750815546315202,,1494.0,1491.0
1463750815568120838,289,1463750815566313241,,1494.0,1491.0
1463750815587992993,290,1463750815586278989,,1494.0,1492.0
1463750815607886085,291,1463750815606340883,,1493.0,1492.0
1463750815628038030,292,1463750815626295902,,1494.0,1491.0
1463750815648024819,293,1463750815646347118,,1494.0,1491.0
1463750815668228118,294,1463750815666245887,,1494.0,1492.0
1463750815688192877,295,1463750815686288666,,1493.0,1492.0
1463750815708296176,296,1463750815706263737,,1494.0,1491.0
1463750815728332809,297,1463750815726282297,,1585.0,1492.0
1463750815747534342,298,1463750815746312159,,1586.0,1492.0
1463750815767973890,299,1463750815766286709,,1700.0,1491.0
1463750815787539483,300,1463750815786298291,,1700.0,1491.0
1463750815807647522,301,1463750815806292007,,1700.0,1491.0
1463750815827607437,302,1463750815826406400,,1700.0,1492.0
1463750815848701878,303,1463750815846597304,,1700.0,1491.0
1463750815868819604,304,1463750815866290709,,1700.0,1491.0
1463750815890306596,305,1463750815886716872,,1700.0,1491.0
1463750815910087970,306,1463750815906337673,,1700.0,1491.0
1463750815928288048,307,1463750815926298317,,1700.0,1491.0
1463750815948824471,308,1463750815946538178,,1700.0,1491.0
1463750815969137925,309,1463750815966684082,,1700.0,1491.0
1463750815987665450,310,1463750815986591288,,1700.0,1492.0
1463750816009997855,311,1463750816006660317,,1700.0,1492.0
1463750816028417099,312,1463750816026494399,,1700.0,1492.0
1463750816048259879,313,1463750816046419678,,1700.0,1492.0
1463750816068793697,314,1463750816066648550,,1700.0,1492.0
1463750816088336791,315,1463750816086692579,,1700.0,1492.0
1463750816108415195,316,1463750816106574786,,1700.0,1491.0
1463750816127672508,317,1463750816126515482,,1700.0,1491.0
1463750816147757683,318,1463750816146405657,,1700.0,1491.0
1463750816167861399,319,1463750816166507342,,1700.0,1492.0
1463750816188115531,320,1463750816186451215,,1700.0,1491.0
1463750816207699249,321,1463750816206524463,,1700.0,1494.0
1463750816229008794,322,1463750816226429273,,1700.0,1491.0
1463750816247761734,323,1463750816246546948,,1700.0,1492.0
1463750816267947325,324,1463750816266589154,,1700.0,1491.0
1463750816287744272,325,1463750816286639953,,1700.0,1491.0
1463750816307874498,326,1463750816306333932,,1700.0,1492.0
1463750816329554718,327,1463750816326297440,,1700.0,1491.0
1463750816347679640,328,1463750816346278813,,1700.0,1492.0
1463750816368439500,329,1463750816366382373,,1700.0,1505.0
1463750816388234623,330,1463750816386292548,,1700.0,1492.0
1463750816409129378,331,1463750816406284077,,1700.0,1491.0
1463750816428046849,332,1463750816426300294,,1700.0,1491.0
1463750816448570772,333,1463750816446348177,,1700.0,1491.0
1463750816468565582,334,1463750816466305539,,1700.0,1491.0
1463750816487628417,335,1463750816486273735,,1700.0,1491.0
1463750816507488020,336,1463750816506308025,,1700.0,1491.0
1463750816527999234,337,1463750816526316689,,1700.0,1491.0
1463750816547416391,338,1463750816546266552,,1700.0,1491.0
1463750816567941042,339,1463750816566270789,,1700.0,1492.0
1463750816587773718,340,1463750816586291068,,1700.0,1492.0
1463750816607914726,341,1463750816606267545,,1700.0,1502.0
1463750816627902349,342,1463750816626275949,,1700.0,1483.0
1463750816647932680,343,1463750816646285291,,1700.0,1491.0
1463750816667958479,344,1463750816666228539,,1700.0,1491.0
1463750816687465375,345,1463750816686292724,,1700.0,1492.0
1463750816708131589,346,1463750816706299357,,1700.0,1511.0
1463750816727940515,347,1463750816726304220,,1700.0,1491.0
1463750816748310792,348,1463750816746316999,,1700.0,1496.0
1463750816768799715,349,1463750816766300403,,1700.0,1484.0
1463750816788667859,350,1463750816786292505,,1700.0,1486.0
1463750816808027464,351,1463750816806293617,,1700.0,1440.0
1463750816827969774,352,1463750816826325094,,1700.0,1440.0
1463750816848135105,353,1463750816846287196,,1700.0,1336.0
1463750816867837521,354,1463750816866288673,,1700.0,1268.0
1463750816887715404,355,1463750816886259838,,1700.0,1253.0
1463750816908408233,356,1463750816906314179,,1700.0,1254.0
1463750816927549245,357,1463750816926289979,,1700.0,1260.0
1463750816947906397,358,1463750816946275623,,1700.0,1263.0
1463750816971706452,359,1463750816966302777,,1700.0,1260.0
1463750816987887841,360,1463750816986307743,,1700.0,1260.0
1463750817008110827,361,1463750817006310887,,1700.0,1259.0
1463750817027809180,362,1463750817026318406,,1700.0,1266.0
1463750817047948261,363,1463750817046295143,,1700.0,1266.0
1463750817067674791,364,1463750817066304745,,1700.0,1262.0
1463750817087966215,365,1463750817086324034,,1700.0,1564.0
1463750817107719203,366,1463750817106311345,,1700.0,1564.0
1463750817127840003,367,1463750817126305166,,1700.0,1432.0
1463750817148928038,368,1463750817146317268,,1700.0,1535.0
1463750817172072835,369,1463750817166245620,,1700.0,1447.0
1463750817188346619,370,1463750817186321367,,1700.0,1442.0
1463750817208142576,371,1463750817206344876,,1700.0,1476.0
1463750817227840721,372,1463750817226302446,,1700.0,1476.0
1463750817249353546,373,1463750817246330121,,1700.0,1563.0
1463750817268088362,374,1463750817266308734,,1700.0,1488.0
1463750817288411920,375,1463750817286303752,,1700.0,1457.0
1463750817308378710,376,1463750817306296479,,1700.0,1463.0
1463750817328022168,377,1463750817326289050,,1700.0,1407.0
1463750817349213640,378,1463750817346308392,,1700.0,1407.0
1463750817368528922,379,1463750817366307942,,1700.0,1288.0
1463750817388341806,380,1463750817386306085,,1700.0,1260.0
1463750817408390522,381,1463750817406318812,,1700.0,1260.0
1463750817428078875,382,1463750817426298362,,1700.0,1271.0
1463750817448827641,383,1463750817446468745,,1700.0,1260.0
1463750817467739956,384,1463750817466335274,,1700.0,1261.0
1463750817488178098,385,1463750817486306908,,1700.0,1259.0
1463750817508186345,386,1463750817506277031,,1700.0,1260.0
1463750817528500946,387,1463750817526335278,,1700.0,1263.0
1463750817547840447,388,1463750817546315870,,1700.0,1260.0
1463750817568328745,389,1463750817566269899,,1700.0,1235.0
1463750817588278034,390,1463750817586289137,,1700.0,1259.0
1463750817608576750,391,1463750817606310093,,1700.0,1261.0
1463750817627764115,392,1463750817626231101,,1700.0,1261.0
1463750817647829290,393,1463750817646258516,,1700.0,1260.0
1463750817667891027,394,1463750817666208066,,1700.0,1260.0
1463750817688728646,395,1463750817686262980,,1700.0,1259.0
1463750817708720957,396,1463750817706261957,,1700.0,1275.0
1463750817727826656,397,1463750817726309215,,1700.0,1576.0
1463750817748082299,398,1463750817746299859,,1700.0,1575.0
1463750817767899402,399,1463750817766307534,,1562.0,1423.0
1463750817787991920,400,1463750817786336302,,1562.0,1540.0
1463750817808115011,401,1463750817806450904,,1562.0,1540.0
1463750817828757996,402,1463750817826340714,,1367.0,1459.0
1463750817849949520,403,1463750817846327139,,1494.0,1460.0
1463750817868459805,404,1463750817866291116,,1506.0,1465.0
1463750817887820712,405,1463750817886302802,,1493.0,1480.0
1463750817909226141,406,1463750817906440632,,1473.0,1493.0
1463750817927790281,407,1463750817926357839,,1579.0,1491.0
1463750817948515609,408,1463750817946445045,,1498.0,1491.0
1463750817969823799,409,1463750817966281783,,1482.0,1503.0
1463750817988995019,410,1463750817986286958,,1494.0,1491.0
1463750818009149724,411,1463750818006364476,,1494.0,1492.0
1463750818029603543,412,1463750818026471005,,1494.0,1492.0
1463750818048962679,413,1463750818046512273,,1494.0,1492.0
1463750818069186707,414,1463750818066247814,,1494.0,1491.0
1463750818088189439,415,1463750818086362051,,1494.0,1491.0
1463750818109353150,416,1463750818106362642,,1499.0,1491.0
1463750818128198799,417,1463750818126362713,,1497.0,1492.0
1463750818149841571,418,1463750818146466846,,1495.0,1491.0
1463750818171853352,419,1463750818169818673,,1580.0,1492.0
1463750818188419270,420,1463750818186349800,,1494.0,1491.0
1463750818211247715,421,1463750818209972355,,1494.0,1492.0
1463750818227708894,422,1463750818226364369,,1494.0,1491.0
1463750818248355368,423,1463750818246356210,,1494.0,1491.0
1463750818268118513,424,1463750818266307323,,1494.0,1491.0
1463750818288121448,425,1463750818286287081,,1494.0,1491.0
1463750818307842197,426,1463750818306363037,,1494.0,1491.0
1463750818327791383,427,1463750818326354566,,1473.0,1491.0
1463750818347839578,428,1463750818346343960,,1494.0,1491.0
1463750818367883868,429,1463750818366306427,,1492.0,1484.0
1463750818387871491,430,1463750818386327904,,1493.0,1492.0
1463750818407752916,431,1463750818406343443,,1504.0,1482.0
1463750818427767362,432,1463750818426340180,,1493.0,1492.0
1463750818448046806,433,1463750818446417542,,1501.0,1491.0
1463750818468014377,434,1463750818466329593,,1501.0,1491.0
1463750818487963094,435,1463750818486342372,,1493.0,1491.0
1463750818507751239,436,1463750818506308172,,1503.0,1489.0
1463750818528433702,437,1463750818526353659,,1494.0,1491.0
1463750818547765130,438,1463750818546361907,,1486.0,1494.0
1463750818568813894,439,1463750818566324582,,1493.0,1492.0
1463750818587790792,440,1463750818586309861,,1493.0,1492.0
1463750818607912894,441,1463750818606322900,,1493.0,1491.0
1463750818628005516,442,1463750818626314846,,1494.0,1492.0
1463750818647745848,443,1463750818646322990,,1493.0,1492.0
1463750818668398677,444,1463750818666317488,,1581.0,1492.0
1463750818690732800,445,1463750818686307454,,1581.0,1492.0
1463750818707800383,446,1463750818706318619,,1586.0,1491.0
1463750818728685815,447,1463750818726333533,,1586.0,1491.0
1463750818747928076,448,1463750818746380843,,1700.0,1491.0
1463750818768040282,449,1463750818766468153,,1700.0,1491.0
1463750818789674825,450,1463750818786432547,,1700.0,1491.0
1463750818811413794,451,1463750818806351889,,1700.0,1491.0
1463750818831565792,452,1463750818826285033,,1700.0,1481.0
1463750818851738726,453,1463750818846382239,,1700.0,1489.0
1463750818870598489,454,1463750818866386424,,1700.0,1492.0
1463750818888190341,455,1463750818886453109,,1700.0,1492.0
1463750818907863278,456,1463750818906521357,,1700.0,1495.0
1463750818929463394,457,1463750818926542677,,1700.0,1503.0
1463750818950095181,458,1463750818948445969,,1700.0,1491.0
1463750818971480454,459,1463750818968558123,,1700.0,1499.0
1463750818988108924,460,1463750818986328672,,1700.0,1492.0
1463750819009765342,461,1463750819006275305,,1700.0,1492.0
1463750819030715096,462,1463750819026305011,,1700.0,1487.0
1463750819049819442,463,1463750819046302790,,1700.0,1487.0
1463750819067936812,464,1463750819066320361,,1700.0,1491.0
1463750819087765842,465,1463750819086284546,,1700.0,1491.0
1463750819107787788,466,1463750819106302169,,1700.0,1491.0
1463750819127884056,467,1463750819126290365,,1700.0,1491.0
1463750819147867043,468,1463750819146283873,,1700.0,1491.0
1463750819168107738,469,1463750819166228580,,1700.0,1491.0
1463750819187977705,470,1463750819186294900,,1700.0,1491.0
1463750819208099026,471,1463750819206342991,,1700.0,1492.0
1463750819228214981,472,1463750819226259260,,1700.0,1491.0
1463750819247692710,473,1463750819246296206,,1700.0,1491.0
1463750819268429080,474,1463750819266322683,,1700.0,1492.0
1463750819287829622,475,1463750819286314524,,1700.0,1492.0
1463750819307990109,476,1463750819306291262,,1700.0,1492.0
1463750819328480282,477,1463750819326315499,,1700.0,1492.0
1463750819347849105,478,1463750819346315049,,1700.0,1492.0
1463750819369022817,479,1463750819366296943,,1700.0,1492.0
1463750819388144297,480,1463750819386320607,,1700.0,1492.0
1463750819407998588,481,1463750819406297605,,1700.0,1491.0
1463750819427873503,482,1463750819426318405,,1700.0,1491.0
1463750819450160543,483,1463750819446405350,,1700.0,1491.0
1463750819467747759,484,1463750819466284953,,1700.0,1491.0
1463750819488248140,485,1463750819486260388,,1700.0,1492.0
1463750819508520449,486,1463750819506266292,,1700.0,1492.0
1463750819529604422,487,1463750819526269436,,1700.0,1510.0
1463750819549054234,488,1463750819546285653,,1700.0,1502.0
1463750819568926858,489,1463750819566273275,,1700.0,1478.0
1463750819588668336,490,1463750819586299179,,1700.0,1496.0
1463750819608955280,491,1463750819606283209,,1700.0,1498.0
1463750819628041449,492,1463750819626345362,,1700.0,1498.0
1463750819648116259,493,1463750819646286475,,1700.0,1491.0
1463750819667994247,494,1463750819666243525,,1700.0,1479.0
1463750819688064786,495,1463750819686298335,,1700.0,1494.0
1463750819708363189,496,1463750819706318510,,1700.0,1492.0
1463750819728957476,497,1463750819726346445,,1700.0,1492.0
1463750819747971769,498,1463750819746304016,,1700.0,1425.0
1463750819767898663,499,1463750819766261066,,1700.0,1490.0
1463750819788826751,500,1463750819786300408,,1700.0,1491.0
1463750819808295522,501,1463750819806309801,,1700.0,1491.0
1463750819827808355,502,1463750819826314195,,1700.0,1484.0
1463750819847823582,503,1463750819846314422,,1700.0,1475.0
1463750819868215110,504,1463750819866280587,,1700.0,1501.0
1463750819888092212,505,1463750819886283418,,1700.0,1510.0
1463750819907982492,506,1463750819906313697,,1700.0,1498.0
1463750819927796782,507,1463750819926311059,,1700.0,1473.0
1463750819947893779,508,1463750819946309411,,1700.0,1491.0
1463750819968149161,509,1463750819966276149,,1700.0,1491.0
1463750819987952931,510,1463750819986258772,,1700.0,1491.0
1463750820008268000,511,1463750820006273165,,1700.0,1487.0
1463750820027978906,512,1463750820026298132,,1700.0,1491.0
1463750820047958716,513,1463750820046298463,,1700.0,1491.0
1463750820068602013,514,1463750820066241763,,1700.0,1482.0
1463750820087991566,515,1463750820086289333,,1700.0,1480.0
1463750820109089496,516,1463750820106282946,,1700.0,1492.0
1463750820128621027,517,1463750820126282183,,1700.0,1489.0
1463750820148973076,518,1463750820146317879,,1601.0,1490.0
1463750820167841276,519,1463750820166254200,,1599.0,1492.0
1463750820188844676,520,1463750820186328177,,1599.0,1492.0
1463750820207999803,521,1463750820206342466,,1602.0,1486.0
1463750820228269039,522,1463750820226316860,,1495.0,1491.0
1463750820248830045,523,1463750820246350941,,1494.0,1501.0
1463750820268669491,524,1463750820266303251,,1494.0,1492.0
1463750820288288730,525,1463750820286303635,,1419.0,1492.0
1463750820308507706,526,1463750820306310320,,1402.0,1491.0
1463750820327793822,527,1463750820326305807,,1373.0,1491.0
1463750820349580083,528,1463750820346300149,,1371.0,1491.0
1463750820367594954,529,1463750820366346678,,1370.0,1492.0
1463750820387983877,530,1463750820386300030,,1370.0,1492.0
1463750820408223478,531,1463750820406311194,,1371.0,1491.0
1463750820428303965,532,1463750820426349338,,1274.0,1491.0
1463750820451311783,533,1463750820446297534,,1229.0,1491.0
1463750820468216555,534,1463750820466298021,,1220.0,1509.0
1463750820488287146,535,1463750820486303665,,1226.0,1491.0
1463750820508265498,536,1463750820506299309,,1211.0,1492.0
1463750820529320512,537,1463750820526317296,,1209.0,1492.0
1463750820549363343,538,1463750820546275700,,1210.0,1491.0
1463750820568260189,539,1463750820566327854,,1210.0,1491.0
1463750820588268073,540,1463750820586276883,,1222.0,1482.0
1463750820608240852,541,1463750820606294246,,1210.0,1491.0
1463750820628833941,542,1463750820626322077,,1212.0,1492.0
1463750820649164271,543,1463750820646317877,,1210.0,1491.0
1463750820668215908,544,1463750820666282166,,1210.0,1492.0
1463750820688724258,545,1463750820686349216,,1225.0,1489.0
1463750820707848551,546,1463750820706431422,,1227.0,1491.0
1463750820727915809,547,1463750820726319410,,1226.0,1492.0
1463750820748034056,548,1463750820746578229,,1226.0,1492.0
1463750820768059127,549,1463750820766674289,,1226.0,1492.0
1463750820788079718,550,1463750820786557694,,1213.0,1501.0
1463750820808113539,551,1463750820806671983,,1227.0,1491.0
1463750820827757257,552,1463750820826340440,,1226.0,1491.0
1463750820848084722,553,1463750820846530198,,1242.0,1491.0
1463750820868312188,554,1463750820866632195,,1242.0,1492.0
1463750820888279030,555,1463750820886692161,,1242.0,1491.0
1463750820908187694,556,1463750820906671243,,1242.0,1491.0
1463750820927761048,557,1463750820926325742,,1244.0,1502.0
1463750820948019555,558,1463750820946579822,,1242.0,1491.0
1463750820968214209,559,1463750820966713955,,1242.0,1491.0
1463750820987852250,560,1463750820986361267,,1242.0,1492.0
1463750821007783571,561,1463750821006284098,,1241.0,1490.0
1463750821027824839,562,1463750821026277085,,1246.0,1501.0
1463750821047821212,563,1463750821046293719,,1256.0,1479.0
1463750821067783575,564,1463750821066362331,,1242.0,1491.0
1463750821087758854,565,1463750821086287246,,1242.0,1492.0
1463750821107720956,566,1463750821106274712,,1242.0,1491.0
1463750821127828474,567,1463750821126286241,,1231.0,1499.0
1463750821147944847,568,1463750821146318083,,1247.0,1510.0
1463750821167933563,569,1463750821166311747,,1247.0,1510.0
1463750821188142018,570,1463750821186285464,,1242.0,1491.0
1463750821207948705,571,1463750821206311889,,1258.0,1501.0
1463750821227936067,572,1463750821226316491,,1257.0,1491.0
1463750821248791811,573,1463750821246285051,,1258.0,1491.0
1463750821268000896,574,1463750821266365590,,1259.0,1493.0
1463750821288053623,575,1463750821286410505,,1257.0,1491.0
1463750821308274161,576,1463750821306440940,,1258.0,1492.0
1463750821328813604,577,1463750821326369605,,1257.0,1489.0
1463750821350325127,578,1463750821346493841,,1257.0,1489.0
1463750821371268215,579,1463750821368097551,,1245.0,1426.0
1463750821388085018,580,1463750821386576951,,1242.0,1491.0
1463750821407437852,581,1463750821406381190,,1241.0,1492.0
1463750821428113232,582,1463750821426386364,,1241.0,1492.0
1463750821448203511,583,1463750821446531747,,1263.0,1468.0
1463750821468253894,584,1463750821466539370,,1312.0,1494.0
1463750821488227923,585,1463750821486396681,,1227.0,1491.0
1463750821508549815,586,1463750821506469668,,1226.0,1492.0
1463750821529020509,587,1463750821526464947,,1226.0,1492.0
1463750821548787456,588,1463750821546658194,,1222.0,1480.0
1463750821568948828,589,1463750821566494411,,1227.0,1491.0
1463750821588223641,590,1463750821586546044,,1226.0,1493.0
1463750821608398920,591,1463750821606695698,,1199.0,1491.0
1463750821629234403,592,1463750821626490248,,1209.0,1492.0
1463750821648665622,593,1463750821647153389,,1222.0,1492.0
1463750821668746630,594,1463750821666320755,,1179.0,1491.0
1463750821689151283,595,1463750821686343013,,1179.0,1491.0
1463750821708470575,596,1463750821706327199,,1165.0,1491.0
1463750821728564291,597,1463750821726316905,,1156.0,1503.0
1463750821748008531,598,1463750821746311247,,1162.0,1491.0
1463750821768571776,599,1463750821766318817,,1176.0,1471.0
1463750821788206536,600,1463750821786326180,,1146.0,1491.0
1463750821808646136,601,1463750821806325209,,1158.0,1483.0
1463750821828082303,602,1463750821826321530,,1146.0,1492.0
1463750821847546543,603,1463750821846337538,,1146.0,1492.0
1463750821867883800,604,1463750821866421202,,1143.0,1484.0
1463750821888196161,605,1463750821886535387,,1143.0,1484.0
1463750821908712323,606,1463750821906313583,,1145.0,1492.0
1463750821930534469,607,1463750821926356310,,1146.0,1491.0
1463750821947615959,608,1463750821946310392,,1146.0,1491.0
1463750821968310141,609,1463750821966597701,,1155.0,1482.0
1463750821988316045,610,1463750821986950530,,1146.0,1491.0
1463750822007654869,611,1463750822006324822,,1146.0,1492.0
1463750822027782127,612,1463750822026449372,,1135.0,1491.0
1463750822048116258,613,1463750822046539963,,1130.0,1492.0
1463750822068166537,614,1463750822066516857,,1131.0,1491.0
1463750822088070879,615,1463750822086656614,,1131.0,1491.0
1463750822108069127,616,1463750822106316687,,1131.0,1491.0
1463750822127808261,617,1463750822126429778,,1130.0,1491.0
1463750822148696141,618,1463750822146611358,,1118.0,1491.0
1463750822169919540,619,1463750822166558304,,1114.0,1492.0
1463750822189263467,620,1463750822186488011,,1114.0,1491.0
1463750822211101343,621,1463750822206321051,,1098.0,1491.0
1463750822229302567,622,1463750822226304507,,1066.0,1491.0
1463750822250013208,623,1463750822246307286,,1058.0,1491.0
1463750822268640368,624,1463750822266332409,,1050.0,1491.0
1463750822289799548,625,1463750822286469146,,1052.0,1491.0
1463750822309740817,626,1463750822306826454,,1052.0,1491.0
1463750822328047718,627,1463750822326290486,,1058.0,1491.0
1463750822347585863,628,1463750822346303369,,1050.0,1491.0
1463750822368352702,629,1463750822366311252,,1050.0,1491.0
1463750822387883504,630,1463750822386285333,,1050.0,1491.0
1463750822408191021,631,1463750822406418372,,1050.0,1491.0
1463750822428273956,632,1463750822426391568,,1050.0,1492.0
1463750822448590536,633,1463750822446380545,,1050.0,1491.0
1463750822467967849,634,1463750822466325564,,1051.0,1491.0
1463750822487669015,635,1463750822486444801,,1034.0,1492.0
1463750822508472311,636,1463750822506415914,,1035.0,1491.0
1463750822528192123,637,1463750822526389474,,1035.0,1491.0
1463750822547950736,638,1463750822546398295,,1034.0,1491.0
1463750822568021223,639,1463750822566413886,,1034.0,1491.0
1463750822591199822,640,1463750822586520988,,1034.0,1491.0
1463750822608430373,641,1463750822606324393,,1034.0,1492.0
1463750822628634245,642,1463750822626324828,,1034.0,1492.0
1463750822648457077,643,1463750822646306201,,1035.0,1491.0
1463750822669218499,644,1463750822666306845,,1034.0,1492.0
1463750822687748732,645,1463750822686482071,,1034.0,1492.0
1463750822709030620,646,1463750822706321101,,1034.0,1491.0
1463750822730802610,647,1463750822726321015,,1035.0,1491.0
1463750822750335756,648,1463750822746347752,,1078.0,1492.0
1463750822769072863,649,1463750822766313396,,1078.0,1492.0
1463750822788193875,650,1463750822786532060,,1130.0,1492.0
1463750822807573949,651,1463750822806346454,,1130.0,1491.0
1463750822827550530,652,1463750822826316629,,1142.0,1492.0
1463750822847526955,653,1463750822846306179,,1205.0,1492.0
1463750822867525724,654,1463750822866305104,,1209.0,1492.0
1463750822887836210,655,1463750822886646996,,1210.0,1492.0
1463750822907961488,656,1463750822906335193,,1424.0,1492.0
1463750822928413328,657,1463750822926301931,,1477.0,1491.0
1463750822948191837,658,1463750822946306481,,1489.0,1491.0
1463750822968328366,659,1463750822966274937,,1489.0,1491.0
1463750822988769841,660,1463750822986396153,,1494.0,1492.0
1463750823007952884,661,1463750823006292162,,1494.0,1491.0
1463750823027518894,662,1463750823026286868,,1494.0,1491.0
1463750823050832128,663,1463750823046284335,,1493.0,1492.0
1463750823068861061,664,1463750823066346072,,1494.0,1491.0
1463750823088867173,665,1463750823086314215,,1494.0,1491.0
1463750823108476985,666,1463750823107014023,,1493.0,1492.0
1463750823128028048,667,1463750823126895604,,1494.0,1491.0
1463750823148926917,668,1463750823146868280,,1494.0,1491.0
1463750823169216882,669,1463750823166723299,,1493.0,1492.0
1463750823188954818,670,1463750823187084410,,1494.0,1492.0
1463750823209072284,671,1463750823207022397,,1494.0,1491.0
1463750823227707569,672,1463750823226295336,,1494.0,1491.0
1463750823247708525,673,1463750823246312959,,1493.0,1492.0
1463750823267530680,674,1463750823266284436,,1494.0,1491.0
1463750823287647261,675,1463750823286290288,,1494.0,1491.0
1463750823307489676,676,1463750823306284213,,1494.0,1491.0
1463750823327473080,677,1463750823326272721,,1494.0,1491.0
1463750823347590546,678,1463750823346307531,,1494.0,1491.0
1463750823367467284,679,1463750823366292446,,1494.0,1492.0
1463750823387524021,680,1463750823386293662,,1494.0,1491.0
1463750823407502582,681,1463750823406295295,,1494.0,1492.0
1463750823427778120,682,1463750823426290002,,1494.0,1491.0
1463750823447875065,683,1463750823446382676,,1494.0,1492.0
1463750823467695137,684,1463750823466339466,,1494.0,1491.0
1463750823488389267,685,1463750823486273130,,1494.0,1491.0
1463750823508545275,686,1463750823506281326,,1494.0,1491.0
1463750823531241219,687,1463750823526333636,,1494.0,1491.0
1463750823550156972,688,1463750823547771097,,1494.0,1491.0
1463750823571099122,689,1463750823567896479,,1493.0,1492.0
1463750823587850977,690,1463750823586325776,,1494.0,1491.0
1463750823608621357,691,1463750823606305274,,1494.0,1492.0
1463750823628661324,692,1463750823626313417,,1494.0,1491.0
1463750823647631920,693,1463750823646309269,,1494.0,1492.0
1463750823668362612,694,1463750823666453193,,1494.0,1491.0
1463750823687753936,695,1463750823686307275,,1494.0,1492.0
1463750823707679059,696,1463750823706307502,,1494.0,1491.0
1463750823727870223,697,1463750823726288459,,1494.0,1491.0
1463750823747943210,698,1463750823746305769,,1494.0,1491.0
1463750823767975676,699,1463750823766269642,,1494.0,1491.0
1463750823788086996,700,1463750823786269921,,1493.0,1492.0
1463750823808083213,701,1463750823806278950,,1494.0,1491.0
1463750823827827660,702,1463750823826299489,,1493.0,1492.0
1463750823847695856,703,1463750823846313779,,1494.0,1491.0
1463750823868657537,704,1463750823866474995,,1493.0,1492.0
1463750823888910472,705,1463750823886469909,,1495.0,1491.0
1463750823909092573,706,1463750823906654458,,1495.0,1491.0
1463750823927882961,707,1463750823926521196,,1494.0,1491.0
1463750823947964698,708,1463750823946317518,,1494.0,1491.0
1463750823968109143,709,1463750823966492588,,1494.0,1491.0
1463750823989762280,710,1463750823986562085,,1494.0,1491.0
1463750824008043139,711,1463750824006626687,,1493.0,1491.0
1463750824027885763,712,1463750824026529206,,1494.0,1491.0
1463750824047905625,713,1463750824046317767,,1494.0,1491.0
1463750824067897779,714,1463750824066397004,,1494.0,1492.0
1463750824088624305,715,1463750824086298378,,1493.0,1492.0
1463750824109166665,716,1463750824106843238,,1493.0,1492.0
1463750824129098924,717,1463750824126661278,,1495.0,1491.0
1463750824149292796,718,1463750824146636661,,1494.0,1491.0
1463750824168424329,719,1463750824166625222,,1494.0,1491.0
1463750824188937262,720,1463750824186316335,,1494.0,1491.0
1463750824208893114,721,1463750824206670676,,1494.0,1491.0
1463750824227875793,722,1463750824226412049,,1496.0,1492.0
1463750824247985811,723,1463750824246529932,,1494.0,1491.0
1463750824267905205,724,1463750824266491149,,1494.0,1491.0
1463750824287939963,725,1463750824286498668,,1493.0,1492.0
1463750824308686698,726,1463750824306456551,,1493.0,1492.0
1463750824329741608,727,1463750824326652506,,1493.0,1492.0
1463750824350775216,728,1463750824347030388,,1494.0,1492.0
1463750824370231539,729,1463750824366768897,,1494.0,1491.0
1463750824388644220,730,1463750824386360064,,1494.0,1492.0
1463750824408072262,731,1463750824406254093,,1493.0,1491.0
1463750824430619666,732,1463750824426256508,,1493.0,1491.0
1463750824449539116,733,1463750824446459859,,1494.0,1491.0
1463750824468099245,734,1463750824466336961,,1493.0,1492.0
1463750824490220349,735,1463750824486312084,,1493.0,1492.0
1463750824510353856,736,1463750824506306947,,1494.0,1491.0
1463750824527729199,737,1463750824526298736,,1493.0,1492.0
1463750824547731978,738,1463750824546291932,,1493.0,1491.0
1463750824567958975,739,1463750824566325180,,1493.0,1491.0
1463750824587821858,740,1463750824586342906,,1494.0,1492.0
1463750824607935679,741,1463750824606316154,,1494.0,1491.0
1463750824627887416,742,1463750824626304715,,1495.0,1491.0
1463750824647871393,743,1463750824646320463,,1494.0,1491.0
1463750824667696257,744,1463750824666300377,,1494.0,1491.0
1463750824687695025,745,1463750824686263260,,1493.0,1492.0
1463750824707760460,746,1463750824706326143,,1494.0,1491.0
1463750824727710583,747,1463750824726291162,,1493.0,1492.0
1463750824747708414,748,1463750824746320712,,1493.0,1491.0
1463750824767778016,749,1463750824766292970,,1494.0,1491.0
1463750824787860587,750,1463750824786287208,,1494.0,1491.0
1463750824807818522,751,1463750824806283893,,1493.0,1491.0
1463750824827802447,752,1463750824826292193,,1494.0,1491.0
1463750824847845955,753,1463750824846321378,,1493.0,1492.0
1463750824867807484,754,1463750824866316814,,1493.0,1492.0
1463750824887850263,755,1463750824886329280,,1494.0,1492.0
1463750824907850282,756,1463750824906334195,,1494.0,1491.0
1463750824927827436,757,1463750824926321140,,1494.0,1491.0
1463750824947734330,758,1463750824946332721,,1494.0,1491.0
1463750824967716432,759,1463750824966313730,,1494.0,1491.0
1463750824987760669,760,1463750824986332446,,1494.0,1491.0
1463750825007766990,761,1463750825006353611,,1494.0,1491.0
1463750825028033310,762,1463750825026331286,,1494.0,1491.0
1463750825047954787,763,1463750825046345211,,1493.0,1491.0
1463750825067962722,764,1463750825066349448,,1493.0,1491.0
1463750825088006751,765,1463750825086339623,,1494.0,1491.0
1463750825108079738,766,1463750825106361204,,1493.0,1492.0
1463750825128033820,767,1463750825126345962,,1489.0,1496.0
1463750825147763110,768,1463750825146322023,,1494.0,1492.0
1463750825167657192,769,1463750825166321156,,1494.0,1491.0
1463750825188126688,770,1463750825186258935,,1495.0,1491.0
1463750825207766552,771,1463750825206270412,,1494.0,1491.0
1463750825227454228,772,1463750825226335222,,1494.0,1491.0
1463750825247876016,773,1463750825246363626,,1494.0,1491.0
1463750825267916242,774,1463750825266390103,,1493.0,1491.0
1463750825287919438,775,1463750825286392153,,1494.0,1491.0
1463750825308061956,776,1463750825306461286,,1494.0,1491.0
1463750825327742497,777,1463750825326343753,,1494.0,1491.0
1463750825347790380,778,1463750825346344345,,1493.0,1492.0
1463750825367727691,779,1463750825366331968,,1494.0,1491.0
1463750825387443075,780,1463750825386326361,,1494.0,1492.0
1463750825407828926,781,1463750825406332317,,1494.0,1491.0
1463750825427723215,782,1463750825426344211,,1494.0,1491.0
1463750825448154118,783,1463750825446365115,,1494.0,1492.0
1463750825467675128,784,1463750825466325238,,1494.0,1491.0
1463750825488141707,785,1463750825486293434,,1493.0,1491.0
1463750825508060789,786,1463750825506324546,,1494.0,1491.0
1463750825528382264,787,1463750825526340971,,1494.0,1491.0
1463750825548101867,788,1463750825546290729,,1493.0,1492.0
1463750825568079386,789,1463750825566326529,,1494.0,1491.0
1463750825588194248,790,1463750825586326652,,1494.0,1491.0
1463750825608100882,791,1463750825606318858,,1494.0,1492.0
1463750825627909287,792,1463750825626312471,,1494.0,1492.0
1463750825647850712,793,1463750825646324468,,1494.0,1491.0
1463750825667789481,794,1463750825666328497,,1494.0,1491.0
1463750825687799447,795,1463750825686287266,,1494.0,1491.0
1463750825707887643,796,1463750825706331399,,1494.0,1492.0
1463750825728267503,797,1463750825726326574,,1494.0,1491.0
1463750825747909190,798,1463750825746303885,,1494.0,1492.0
1463750825767847230,799,1463750825766320309,,1494.0,1491.0
1463750825787870947,800,1463750825786333714,,1493.0,1492.0
1463750825808330390,801,1463750825806327118,,1493.0,1492.0
1463750825827827547,802,1463750825826320730,,1494.0,1491.0
1463750825847705222,803,1463750825846292832,,1494.0,1491.0
1463750825871133455,804,1463750825866333736,,1493.0,1492.0
1463750825889473533,805,1463750825886318859,,1493.0,1491.0
1463750825909991831,806,1463750825906343930,,1494.0,1491.0
1463750825929390810,807,1463750825926321396,,1494.0,1491.0
1463750825949141195,808,1463750825946347144,,1494.0,1491.0
1463750825969020068,809,1463750825966329350,,1494.0,1491.0
1463750825987789988,810,1463750825986327129,,1494.0,1491.0
1463750826007829954,811,1463750826006324231,,1494.0,1491.0
1463750826027797525,812,1463750826026325552,,1494.0,1491.0
1463750826047811866,813,1463750826046319373,,1495.0,1491.0
1463750826067761833,814,1463750826066301110,,1494.0,1491.0
1463750826090148352,815,1463750826086285556,,1493.0,1492.0
1463750826107862703,816,1463750826106343179,,1494.0,1491.0
1463750826128251575,817,1463750826126275385,,1493.0,1492.0
1463750826147880449,818,1463750826146287331,,1494.0,1491.0
1463750826167963436,819,1463750826166283287,,1493.0,1492.0
1463750826187834549,820,1463750826186229087,,1494.0,1491.0
1463750826207916755,821,1463750826206273793,,1494.0,1491.0
1463750826227846461,822,1463750826226279228,,1493.0,1492.0
1463750826247828876,823,1463750826246282685,,1494.0,1491.0
1463750826267818999,824,1463750826266259422,,1493.0,1492.0
1463750826287939798,825,1463750826286262305,,1494.0,1492.0
1463750826307939296,826,1463750826306283418,,1494.0,1491.0
1463750826328505146,827,1463750826326283332,,1494.0,1491.0
1463750826348090114,828,1463750826346333403,,1494.0,1491.0
1463750826367845863,829,1463750826366323213,,1493.0,1491.0
1463750826389301500,830,1463750826386355523,,1493.0,1491.0
1463750826407731734,831,1463750826406442625,,1494.0,1491.0
1463750826429285288,832,1463750826426452175,,1493.0,1492.0
1463750826448605570,833,1463750826446630734,,1494.0,1491.0
1463750826469790635,834,1463750826466381014,,1494.0,1491.0
1463750826489531072,835,1463750826486319419,,1494.0,1491.0
1463750826509787391,836,1463750826506411468,,1494.0,1491.0
1463750826530026055,837,1463750826526330758,,1494.0,1492.0
1463750826548582798,838,1463750826546358172,,1494.0,1491.0
1463750826567403916,839,1463750826566305795,,1494.0,1491.0
1463750826588238098,840,1463750826586316179,,1493.0,1492.0
1463750826607847493,841,1463750826606278489,,1494.0,1492.0
1463750826628146156,842,1463750826626307101,,1493.0,1491.0
1463750826648778776,843,1463750826647001128,,1494.0,1491.0
1463750826668007913,844,1463750826666813178,,1493.0,1492.0
1463750826689121989,845,1463750826686246324,,1494.0,1491.0
1463750826710161639,846,1463750826708766645,,1494.0,1491.0
1463750826729593274,847,1463750826728200416,,1494.0,1491.0
1463750826751765575,848,1463750826746311588,,1494.0,1491.0
1463750826769115710,849,1463750826766289993,,1494.0,1491.0
1463750826789339425,850,1463750826786497719,,1494.0,1491.0
1463750826808201115,851,1463750826806314196,,1493.0,1492.0
1463750826827951291,852,1463750826826356923,,1493.0,1491.0
1463750826848064383,853,1463750826846326630,,1494.0,1492.0
1463750826868025078,854,1463750826866307482,,1494.0,1491.0
1463750826888616188,855,1463750826886467343,,1494.0,1491.0
1463750826908470062,856,1463750826906355800,,1494.0,1492.0
1463750826928354456,857,1463750826926293788,,1494.0,1491.0
1463750826948670254,858,1463750826946333598,,1494.0,1491.0
1463750826968375118,859,1463750826966291481,,1494.0,1491.0
1463750826987685661,860,1463750826986477853,,1494.0,1491.0
1463750827008268177,861,1463750827006349070,,1493.0,1492.0
1463750827027549396,862,1463750827026320027,,1494.0,1491.0
1463750827047504884,863,1463750827046289212,,1494.0,1491.0
1463750827067518653,864,1463750827066309856,,1493.0,1492.0
1463750827087578254,865,1463750827086456228,,1494.0,1491.0
1463750827107565825,866,1463750827106304424,,1494.0,1491.0
1463750827127552354,867,1463750827126296995,,1494.0,1491.0
1463750827147522529,868,1463750827146290868,,1494.0,1492.0
1463750827167510621,869,1463750827166292449,,1494.0,1492.0
1463750827187623712,870,1463750827186268770,,1494.0,1491.0
1463750827207987687,871,1463750827206330663,,1494.0,1491.0
1463750827227596614,872,1463750827226325317,,1494.0,1492.0
1463750827248455327,873,1463750827246300857,,1494.0,1491.0
1463750827268384981,874,1463750827266304105,,1493.0,1492.0
1463750827288266823,875,1463750827286314071,,1494.0,1491.0
1463750827308413352,876,1463750827306289246,,1494.0,1491.0
1463750827328183007,877,1463750827326298275,,1494.0,1491.0
1463750827347603341,878,1463750827346344648,,1494.0,1491.0
1463750827367544609,879,1463750827366289615,,1493.0,1492.0
1463750827387733638,880,1463750827386343383,,1494.0,1491.0
1463750827407651469,881,1463750827406341944,,1493.0,1492.0
1463750827428276225,882,1463750827426294931,,1494.0,1491.0
1463750827448884001,883,1463750827446582605,,1493.0,1492.0
1463750827468010742,884,1463750827466326635,,1494.0,1492.0
1463750827488331333,885,1463750827486302383,,1494.0,1491.0
1463750827509573169,886,1463750827506323756,,1495.0,1491.0
1463750827528993867,887,1463750827526279452,,1495.0,1491.0
1463750827548934876,888,1463750827546342595,,1494.0,1491.0
1463750827569916036,889,1463750827566396780,,1493.0,1492.0
1463750827587546638,890,1463750827586308830,,1493.0,1491.0
1463750827607558948,891,1463750827606309526,,1490.0,1495.0
1463750827627588550,892,1463750827626282722,,1493.0,1492.0
1463750827649377259,893,1463750827646276387,,1493.0,1491.0
1463750827668589260,894,1463750827667170099,,1494.0,1491.0
1463750827689172349,895,1463750827686240070,,1493.0,1492.0
1463750827709323304,896,1463750827706269984,,1493.0,1491.0
1463750827730014466,897,1463750827727525154,,1493.0,1491.0
1463750827750179432,898,1463750827746390802,,1493.0,1492.0
1463750827769012633,899,1463750827766311394,,1493.0,1492.0
1463750827788147603,900,1463750827786337454,,1494.0,1492.0
1463750827807940227,901,1463750827806320129,,1493.0,1491.0
1463750827827711809,902,1463750827826296034,,1494.0,1491.0
1463750827847838233,903,1463750827846326990,,1493.0,1492.0
1463750827867893356,904,1463750827866369977,,1493.0,1491.0
1463750827887748427,905,1463750827886273329,,1493.0,1491.0
1463750827907982611,906,1463750827906304910,,1494.0,1491.0
1463750827928111536,907,1463750827926361335,,1494.0,1491.0
1463750827947760462,908,1463750827946305729,,1494.0,1491.0
1463750827967800168,909,1463750827966303404,,1493.0,1492.0
1463750827988135758,910,1463750827986333943,,1494.0,1492.0
1463750828007845622,911,1463750828006315941,,1493.0,1492.0
1463750828028063869,912,1463750828026309085,,1494.0,1492.0
1463750828048125606,913,1463750828046374520,,1494.0,1491.0
1463750828067866511,914,1463750828066327611,,1494.0,1491.0
1463750828088171476,915,1463750828086368099,,1494.0,1491.0
1463750828108114985,916,1463750828106374836,,1494.0,1491.0
1463750828127798130,917,1463750828126315636,,1494.0,1491.0
1463750828148148980,918,1463750828146369821,,1494.0,1491.0
1463750828168057645,919,1463750828166373590,,1494.0,1491.0
1463750828188025008,920,1463750828186301161,,1494.0,1491.0
1463750828208608201,921,1463750828206312794,,1493.0,1492.0
1463750828227952545,922,1463750828226421510,,1493.0,1491.0
1463750828247748502,923,1463750828246300227,,1494.0,1491.0
1463750828267739511,924,1463750828266290194,,1493.0,1492.0
1463750828288764525,925,1463750828286273911,,1494.0,1492.0
1463750828308241369,926,1463750828306329242,,1494.0,1492.0
1463750828327796546,927,1463750828326339364,,1494.0,1491.0
1463750828348593019,928,1463750828346261206,,1495.0,1491.0
1463750828368458195,929,1463750828366303412,,1494.0,1491.0
1463750828388309881,930,1463750828386373014,,1494.0,1491.0
1463750828408631617,931,1463750828406307668,,1494.0,1491.0
1463750828427926951,932,1463750828426298885,,1494.0,1491.0
1463750828450199616,933,1463750828446429476,,1493.0,1492.0
1463750828467799072,934,1463750828466322412,,1493.0,1492.0
1463750828488498775,935,1463750828486306753,,1494.0,1491.0
1463750828507832130,936,1463750828506317657,,1493.0,1492.0
1463750828527883346,937,1463750828526305437,,1493.0,1491.0
1463750828549917940,938,1463750828546296028,,1494.0,1492.0
1463750828567778488,939,1463750828566287922,,1494.0,1491.0
1463750828589860581,940,1463750828586338461,,1494.0,1491.0
1463750828607810453,941,1463750828606339730,,1493.0,1492.0
1463750828628024429,942,1463750828626319488,,1493.0,1491.0
1463750828648032156,943,1463750828646319663,,1494.0,1491.0
1463750828668030820,944,1463750828666318953,,1494.0,1491.0
1463750828688967606,945,1463750828686328815,,1494.0,1491.0
1463750828709496424,946,1463750828706298938,,1493.0,1491.0
1463750828728188740,947,1463750828726323956,,1494.0,1491.0
1463750828748063343,948,1463750828746323038,,1493.0,1492.0
1463750828768936795,949,1463750828766348056,,1494.0,1492.0
1463750828788651502,950,1463750828786368752,,1493.0,1489.0
1463750828807759181,951,1463750828806373562,,1494.0,1492.0
1463750828827725919,952,1463750828826368945,,1494.0,1491.0
1463750828847761302,953,1463750828846335527,,1493.0,1491.0
1463750828867788195,954,1463750828866343983,,1493.0,1491.0
1463750828887839776,955,1463750828886345460,,1493.0,1491.0
1463750828907892972,956,1463750828906309749,,1493.0,1491.0
1463750828927757106,957,1463750828926375132,,1494.0,1491.0
1463750828947752489,958,1463750828946340828,,1493.0,1492.0
1463750828967808497,959,1463750828966283191,,1494.0,1491.0
1463750828987844245,960,1463750828986389355,,1494.0,1491.0
1463750829008031189,961,1463750829006296509,,1493.0,1492.0
1463750829028000740,962,1463750829026375746,,1494.0,1492.0
1463750829048107320,963,1463750829046326338,,1494.0,1492.0
1463750829069503479,964,1463750829066399221,,1495.0,1491.0
1463750829088859021,965,1463750829086293824,,1494.0,1491.0
1463750829108453156,966,1463750829106361186,,1493.0,1492.0
1463750829129331713,967,1463750829126328027,,1493.0,1491.0
1463750829147735748,968,1463750829146339400,,1494.0,1491.0
1463750829167802225,969,1463750829166431502,,1493.0,1492.0
1463750829187758702,970,1463750829186295323,,1493.0,1491.0
1463750829207799033,971,1463750829206280602,,1493.0,1491.0
1463750829228538424,972,1463750829226312496,,1494.0,1492.0
1463750829249157294,973,1463750829246335848,,1494.0,1492.0
1463750829268448514,974,1463750829266315710,,1494.0,1491.0
1463750829288331137,975,1463750829286303281,,1494.0,1491.0
1463750829307687252,976,1463750829306315435,,1494.0,1491.0
1463750829327838208,977,1463750829326340141,,1493.0,1492.0
1463750829347781351,978,1463750829346336670,,1494.0,1491.0
1463750829369532977,979,1463750829366337314,,1493.0,1492.0
1463750829387899982,980,1463750829386316655,,1494.0,1491.0
1463750829408432394,981,1463750829406323705,,1493.0,1492.0
1463750829428301528,982,1463750829426348516,,1493.0,1492.0
1463750829448603629,983,1463750829446746605,,1494.0,1491.0
1463750829468271409,984,1463750829466444334,,1494.0,1492.0
1463750829488410594,985,1463750829486542633,,1494.0,1491.0
1463750829510406594,986,1463750829506330986,,1494.0,1492.0
1463750829528362350,987,1463750829526359390,,1494.0,1491.0
1463750829548214088,988,1463750829546353732,,1494.0,1491.0
1463750829568174993,989,1463750829566481041,,1494.0,1491.0
1463750829588126105,990,1463750829586417727,,1493.0,1492.0
1463750829608656590,991,1463750829606479829,,1493.0,1491.0
1463750829627969372,992,1463750829626450212,,1493.0,1491.0
1463750829647728611,993,1463750829646336377,,1494.0,1491.0
1463750829667719932,994,1463750829666466551,,1494.0,1491.0
1463750829687818752,995,1463750829686319279,,1494.0,1491.0
1463750829708661527,996,1463750829706300704,,1495.0,1491.0
1463750829728625765,997,1463750829727086553,,1494.0,1491.0
1463750829747546153,998,1463750829746358554,,1494.0,1491.0
1463750829768055857,999,1463750829766309666,,1494.0,1492.0
1463750829788226760,1000,1463750829786341195,,1494.0,1491.0
1463750829808338289,1001,1463750829806263350,,1494.0,1491.0
1463750829828491380,1002,1463750829826261754,,1493.0,1491.0
1463750829849142437,1003,1463750829846257658,,1494.0,1491.0
1463750829869886567,1004,1463750829866325593,,1494.0,1491.0
1463750829887963834,1005,1463750829886300195,,1494.0,1492.0
1463750829908059112,1006,1463750829906315057,,1494.0,1491.0
1463750829927835434,1007,1463750829926309503,,1494.0,1491.0
1463750829948426492,1008,1463750829947057331,,1493.0,1492.0
1463750829968394271,1009,1463750829966314384,,1493.0,1491.0
1463750829990950425,1010,1463750829986366486,,1494.0,1491.0
1463750830007693113,1011,1463750830006323067,,1494.0,1491.0
1463750830028618701,1012,1463750830027371311,,1494.0,1492.0
1463750830048221794,1013,1463750830046559249,,1494.0,1491.0
1463750830067786711,1014,1463750830066569268,,1494.0,1491.0
1463750830088024020,1015,1463750830086985952,,1489.0,1496.0
1463750830108190809,1016,1463750830106681076,,1494.0,1492.0
1463750830128304994,1017,1463750830127094530,,1494.0,1491.0
1463750830148256002,1018,1463750830146358614,,1494.0,1491.0
1463750830168946955,1019,1463750830166642278,,1494.0,1491.0
1463750830190314624,1020,1463750830187113023,,1494.0,1491.0
1463750830210307403,1021,1463750830206624294,,1493.0,1492.0
1463750830230236224,1022,1463750830226898947,,1494.0,1491.0
1463750830248802656,1023,1463750830246553186,,1493.0,1492.0
1463750830268579446,1024,1463750830267031536,,1494.0,1491.0
1463750830289635762,1025,1463750830287031450,,1494.0,1491.0
1463750830308136308,1026,1463750830307049438,,1493.0,1492.0
1463750830328722626,1027,1463750830326569823,,1493.0,1492.0
1463750830348639937,1028,1463750830346396665,,1494.0,1492.0
1463750830368433602,1029,1463750830366244289,,1494.0,1492.0
1463750830388385132,1030,1463750830386645504,,1493.0,1491.0
1463750830408897231,1031,1463750830406492919,,1493.0,1491.0
1463750830429453081,1032,1463750830426717520,,1494.0,1491.0
1463750830448831332,1033,1463750830446808892,,1494.0,1491.0
1463750830468354165,1034,1463750830466700682,,1493.0,1492.0
1463750830488236892,1035,1463750830486673357,,1493.0,1491.0
1463750830507965662,1036,1463750830506430304,,1494.0,1491.0
1463750830529267394,1037,1463750830526734644,,1494.0,1491.0
1463750830549052882,1038,1463750830546798204,,1493.0,1492.0
1463750830569230192,1039,1463750830566646401,,1493.0,1492.0
1463750830589138700,1040,1463750830586740065,,1495.0,1491.0
1463750830608057838,1041,1463750830606333367,,1494.0,1491.0
1463750830629534934,1042,1463750830627610932,,1493.0,1492.0
1463750830648561832,1043,1463750830647222463,,1494.0,1491.0
1463750830668352633,1044,1463750830666731546,,1493.0,1492.0
1463750830688190621,1045,1463750830686601721,,1493.0,1491.0
1463750830708137879,1046,1463750830706566844,,1494.0,1491.0
1463750830728071231,1047,1463750830726575248,,1494.0,1491.0
1463750830748205260,1048,1463750830746648652,,1494.0,1491.0
1463750830768137362,1049,1463750830766593306,,1494.0,1491.0
1463750830788553473,1050,1463750830786906136,,1494.0,1491.0
1463750830808101306,1051,1463750830806558708,,1493.0,1492.0
1463750830828536323,1052,1463750830826534404,,1494.0,1492.0
1463750830848187072,1053,1463750830846331143,,1493.0,1491.0
1463750830868510319,1054,1463750830866693139,,1494.0,1491.0
1463750830888921065,1055,1463750830886625762,,1493.0,1492.0
1463750830909518529,1056,1463750830906594270,,1493.0,1492.0
1463750830928129074,1057,1463750830926343405,,1494.0,1491.0
1463750830948006697,1058,1463750830946284830,,1494.0,1491.0
1463750830967876456,1059,1463750830966246619,,1494.0,1491.0
1463750830987812308,1060,1463750830986303044,,1493.0,1492.0
1463750831008770136,1061,1463750831006287802,,1493.0,1492.0
1463750831028037397,1062,1463750831026345008,,1494.0,1492.0
1463750831047925749,1063,1463750831046274090,,1494.0,1491.0
1463750831067753790,1064,1463750831066308692,,1493.0,1492.0
1463750831087949641,1065,1463750831086295481,,1494.0,1491.0
1463750831107787785,1066,1463750831106318729,,1493.0,1492.0
1463750831127995980,1067,1463750831126292446,,1493.0,1492.0
1463750831147797093,1068,1463750831146325016,,1493.0,1492.0
1463750831167751956,1069,1463750831166303889,,1493.0,1491.0
1463750831187929578,1070,1463750831186262189,,1493.0,1491.0
1463750831207730274,1071,1463750831206266114,,1494.0,1492.0
1463750831228278260,1072,1463750831226309414,,1493.0,1492.0
1463750831247852030,1073,1463750831246310630,,1495.0,1491.0
1463750831267944965,1074,1463750831266305701,,1494.0,1488.0
1463750831287760609,1075,1463750831286308532,,1494.0,1491.0
1463750831308238803,1076,1463750831306293239,,1493.0,1492.0
1463750831327876844,1077,1463750831326280601,,1493.0,1492.0
1463750831347818321,1078,1463750831346303588,,1494.0,1491.0
1463750831367987350,1079,1463750831366313659,,1494.0,1491.0
1463750831388017889,1080,1463750831386290136,,1509.0,1487.0
1463750831407952127,1081,1463750831406281613,,1510.0,1487.0
1463750831427819646,1082,1463750831426291580,,1510.0,1487.0
1463750831448649401,1083,1463750831446515347,,1510.0,1487.0
1463750831467833485,1084,1463750831466337658,,1510.0,1487.0
1463750831487869702,1085,1463750831486297677,,1510.0,1487.0
1463750831507792533,1086,1463750831506299363,,1509.0,1487.0
1463750831527733073,1087,1463750831526289069,,1509.0,1487.0
1463750831548115017,1088,1463750831546301014,,1510.0,1487.0
1463750831567801027,1089,1463750831566285096,,1510.0,1487.0
1463750831587783077,1090,1463750831586267406,,1510.0,1488.0
1463750831608245437,1091,1463750831606306227,,1510.0,1487.0
1463750831627754625,1092,1463750831626285412,,1510.0,1487.0
1463750831647919538,1093,1463750831646297410,,1510.0,1487.0
1463750831667784922,1094,1463750831666317324,,1511.0,1487.0
1463750831687795566,1095,1463750831686282239,,1510.0,1487.0
1463750831707911886,1096,1463750831706243508,,1511.0,1487.0
1463750831727924821,1097,1463750831726297120,,1511.0,1487.0
1463750831748038381,1098,1463750831746269274,,1510.0,1487.0
1463750831767907671,1099,1463750831766271480,,1511.0,1487.0
1463750831788275605,1100,1463750831786275926,,1510.0,1487.0
1463750831807940052,1101,1463750831806315372,,1511.0,1487.0
1463750831827892415,1102,1463750831826323255,,1510.0,1487.0
1463750831848074828,1103,1463750831846284628,,1510.0,1487.0
1463750831868745365,1104,1463750831866291105,,1511.0,1487.0
1463750831887864450,1105,1463750831886277530,,1510.0,1487.0
1463750831907947385,1106,1463750831906331454,,1510.0,1487.0
1463750831928076934,1107,1463750831926302046,,1510.0,1487.0
1463750831947927891,1108,1463750831946291961,,1510.0,1486.0
1463750831968159940,1109,1463750831966328906,,1510.0,1487.0
1463750831988109751,1110,1463750831986286894,,1510.0,1487.0
1463750832008149040,1111,1463750832006315194,,1510.0,1487.0
1463750832028055413,1112,1463750832026311150,,1510.0,1487.0
1463750832048010901,1113,1463750832046320075,,1510.0,1487.0
1463750832067809201,1114,1463750832066283843,,1510.0,1487.0
1463750832090254210,1115,1463750832088438540,,1510.0,1487.0
1463750832110585112,1116,1463750832107848457,,1510.0,1486.0
1463750832129495917,1117,1463750832126305306,,1509.0,1487.0
1463750832147823599,1118,1463750832146340845,,1510.0,1487.0
1463750832167923096,1119,1463750832166288624,,1511.0,1487.0
1463750832187705928,1120,1463750832186303851,,1510.0,1487.0
1463750832208230268,1121,1463750832206257776,,1510.0,1487.0
1463750832228165443,1122,1463750832226323888,,1510.0,1487.0
1463750832248347857,1123,1463750832246299845,,1510.0,1487.0
1463750832267631472,1124,1463750832266324759,,1509.0,1488.0
1463750832287860761,1125,1463750832286341705,,1509.0,1488.0
1463750832308133122,1126,1463750832306356046,,1509.0,1487.0
1463750832327917933,1127,1463750832326318513,,1510.0,1487.0
1463750832348478002,1128,1463750832346293167,,1510.0,1487.0
1463750832370666865,1129,1463750832367007610,,1510.0,1486.0
1463750832388218144,1130,1463750832386413725,,1510.0,1488.0
1463750832409005972,1131,1463750832406370306,,1510.0,1487.0
1463750832427910631,1132,1463750832426282356,,1509.0,1488.0
1463750832449741683,1133,1463750832446918049,,1511.0,1487.0
1463750832469250402,1134,1463750832466732548,,1511.0,1487.0
1463750832488957401,1135,1463750832486818868,,1511.0,1486.0
1463750832508571900,1136,1463750832506274202,,1511.0,1486.0
1463750832527525309,1137,1463750832526294689,,1510.0,1487.0
1463750832547613817,1138,1463750832546296999,,1510.0,1487.0
1463750832567521961,1139,1463750832566277070,,1510.0,1487.0
1463750832587906926,1140,1463750832586318443,,1510.0,1487.0
1463750832607471425,1141,1463750832606323201,,1507.0,1490.0
1463750832627472225,1142,1463750832626319157,,1510.0,1487.0
1463750832649020727,1143,1463750832647793649,,1510.0,1487.0
1463750832668291478,1144,1463750832666346590,,1510.0,1487.0
1463750832687823790,1145,1463750832686360515,,1510.0,1487.0
1463750832708156932,1146,1463750832706227878,,1510.0,1487.0
1463750832728031275,1147,1463750832726296647,,1509.0,1487.0
1463750832748149939,1148,1463750832746294426,,1509.0,1487.0
1463750832767820219,1149,1463750832766275694,,1510.0,1487.0
1463750832787723624,1150,1463750832786290869,,1510.0,1487.0
1463750832807968433,1151,1463750832806323909,,1510.0,1487.0
1463750832828155482,1152,1463750832826299084,,1510.0,1487.0
1463750832847875293,1153,1463750832846304311,,1510.0,1487.0
1463750832867881614,1154,1463750832866309590,,1510.0,1487.0
1463750832888174809,1155,1463750832886316431,,1510.0,1487.0
1463750832907864881,1156,1463750832906327023,,1510.0,1487.0
1463750832928173908,1157,1463750832926334906,,1510.0,1487.0
1463750832947862106,1158,1463750832946298362,,1509.0,1487.0
1463750832967824468,1159,1463750832966335308,,1510.0,1487.0
1463750832988307974,1160,1463750832986312514,,1510.0,1487.0
1463750833007717787,1161,1463750833006325501,,1510.0,1487.0
1463750833028302387,1162,1463750833026323958,,1510.0,1487.0
1463750833047852459,1163,1463750833046344810,,1510.0,1487.0
1463750833067955238,1164,1463750833066309203,,1509.0,1488.0
1463750833088283901,1165,1463750833086284535,,1511.0,1487.0
1463750833107926682,1166,1463750833106307730,,1510.0,1487.0
1463750833128153783,1167,1463750833126305718,,1511.0,1487.0
1463750833147923594,1168,1463750833146302715,,1510.0,1487.0
1463750833167666947,1169,1463750833166280078,,1510.0,1487.0
1463750833188170974,1170,1463750833186297544,,1511.0,1487.0
1463750833207716099,1171,1463750833206245480,,1510.0,1486.0
1463750833229233715,1172,1463750833226325134,,1510.0,1486.0
1463750833248099780,1173,1463750833246253851,,1509.0,1487.0
1463750833267975424,1174,1463750833266261994,,1510.0,1487.0
1463750833287616018,1175,1463750833286242169,,1510.0,1487.0
1463750833309794933,1176,1463750833306321250,,1510.0,1486.0
1463750833328563290,1177,1463750833326320331,,1511.0,1486.0
1463750833349077526,1178,1463750833346332902,,1510.0,1487.0
1463750833368565046,1179,1463750833366296775,,1509.0,1487.0
1463750833388606888,1180,1463750833386324971,,1510.0,1486.0
1463750833408205346,1181,1463750833406293583,,1510.0,1487.0
1463750833427460680,1182,1463750833426330268,,1510.0,1487.0
1463750833448602621,1183,1463750833446393203,,1509.0,1488.0
1463750833468287745,1184,1463750833466311399,,1510.0,1487.0
1463750833488388493,1185,1463750833486267512,,1509.0,1488.0
1463750833508414188,1186,1463750833506277062,,1510.0,1486.0
1463750833528156552,1187,1463750833526292080,,1510.0,1487.0
1463750833547987456,1188,1463750833546305901,,1510.0,1487.0
1463750833567775132,1189,1463750833566316545,,1510.0,1487.0
1463750833588188899,1190,1463750833586271616,,1510.0,1487.0
1463750833607321005,1191,1463750833606310280,,1510.0,1487.0
1463750833627787532,1192,1463750833626308684,,1510.0,1487.0
1463750833648325621,1193,1463750833646285213,,1510.0,1487.0
1463750833668317775,1194,1463750833666279242,,1510.0,1487.0
1463750833689330967,1195,1463750833686271553,,1510.0,1487.0
1463750833708325208,1196,1463750833706237509,,1510.0,1487.0
1463750833728043926,1197,1463750833726323569,,1511.0,1487.0
1463750833748310142,1198,1463750833746378015,,1511.0,1484.0
1463750833768387243,1199,1463750833766317565,,1510.0,1487.0
1463750833789470747,1200,1463750833786321177,,1510.0,1487.0
1463750833807911137,1201,1463750833806291456,,1514.0,1487.0
1463750833828017249,1202,1463750833826337725,,1510.0,1488.0
1463750833848351745,1203,1463750833846317014,,1510.0,1487.0
1463750833868332285,1204,1463750833866324116,,1510.0,1487.0
1463750833889425372,1205,1463750833886320281,,1511.0,1487.0
1463750833907792324,1206,1463750833906321341,,1509.0,1487.0
1463750833928361664,1207,1463750833926340735,,1510.0,1487.0
1463750833948632827,1208,1463750833946324139,,1510.0,1487.0
1463750833968418576,1209,1463750833966350355,,1509.0,1487.0
1463750833988099116,1210,1463750833986329332,,1509.0,1487.0
1463750834008381217,1211,1463750834006340653,,1510.0,1487.0
1463750834028369413,1212,1463750834026339213,,1510.0,1487.0
1463750834048005631,1213,1463750834046338347,,1510.0,1487.0
1463750834068946427,1214,1463750834066310501,,1510.0,1487.0
1463750834088571499,1215,1463750834086297551,,1510.0,1487.0
1463750834108302092,1216,1463750834106286476,,1510.0,1487.0
1463750834127962894,1217,1463750834126297432,,1510.0,1486.0
1463750834147980881,1218,1463750834146300523,,1510.0,1487.0
1463750834168562668,1219,1463750834166322000,,1510.0,1487.0
1463750834188005449,1220,1463750834186302332,,1510.0,1487.0
1463750834208203644,1221,1463750834206229278,,1510.0,1487.0
1463750834228190225,1222,1463750834226314140,,1510.0,1487.0
1463750834247837746,1223,1463750834246335252,,1509.0,1488.0
1463750834268137242,1224,1463750834266723342,,1510.0,1488.0
1463750834287889658,1225,1463750834286542476,,1510.0,1487.0
