%time,field.header.seq,field.header.stamp,field.header.frame_id,field.temperature,field.variance
1463504683529023026,482,1463504683310654086,,1530.0,-0.959999978542
1463504683529170667,483,1463504683324602534,,1530.0,-0.959999978542
1463504683529217173,484,1463504683335593892,,1530.0,-0.959999978542
1463504683529266022,485,1463504683349610874,,1530.0,-0.959999978542
1463504683529300393,486,1463504683359379131,,1530.0,-0.839999973774
1463504683529334660,487,1463504683367275030,,1530.0,-0.959999978542
1463504683529371532,488,1463504683374321486,,1530.0,-0.959999978542
1463504683529406424,489,1463504683388503034,,1530.0,-0.959999978542
1463504683529440483,490,1463504683401741607,,1530.0,-0.959999978542
1463504683529515735,491,1463504683421232396,,1530.0,-0.839999973774
1463504683529631088,492,1463504683434806559,,1530.0,-0.839999973774
1463504683529666553,493,1463504683439259222,,1529.0,-0.959999978542
1463504683529817162,494,1463504683450045862,,1529.0,-0.959999978542
1463504683530040264,495,1463504683476244340,,1529.0,-0.959999978542
1463504683530200456,496,1463504683510312990,,1534.0,-0.959999978542
1463504683531085937,497,1463504683524612755,,1530.0,-0.839999973774
1463504683546775714,498,1463504683535115310,,1530.0,-0.959999978542
1463504683546830813,499,1463504683541701658,,1530.0,-0.959999978542
1463504683564397791,500,1463504683559437472,,1530.0,-0.959999978542
1463504683582809993,501,1463504683575816917,,1530.0,-0.959999978542
1463504683590307340,502,1463504683587088976,,1530.0,-0.839999973774
1463504683604815625,503,1463504683600579659,,1530.0,-0.959999978542
1463504683616481080,504,1463504683611919419,,1529.0,-0.959999978542
1463504683654477500,505,1463504683628327350,,1529.0,-0.959999978542
1463504683654567907,506,1463504683637584618,,1530.0,-0.959999978542
1463504683656954274,507,1463504683646933856,,1530.0,-0.959999978542
1463504683680885070,508,1463504683678359499,,1530.0,-0.959999978542
1463504683704356956,509,1463504683695147860,,1530.0,-0.839999973774
1463504683732540071,510,1463504683719769730,,1530.0,-0.839999973774
1463504683761650746,511,1463504683758399625,,1529.0,-0.959999978542
1463504683805512858,512,1463504683787901145,,1529.0,-0.959999978542
1463504683815143213,513,1463504683792820531,,1529.0,-0.959999978542
1463504683841220088,514,1463504683833052968,,1530.0,-0.959999978542
1463504683865845604,515,1463504683848695822,,1530.0,-0.959999978542
1463504683901088143,516,1463504683884056786,,1530.0,-0.839999973774
1463504683932017379,517,1463504683901388841,,1529.0,-0.959999978542
1463504683932431294,518,1463504683918388378,,1529.0,-0.959999978542
1463504683953237676,519,1463504683943911561,,1530.0,-0.959999978542
1463504683987206440,520,1463504683972795436,,1530.0,-0.839999973774
1463504684005351430,521,1463504683993908036,,1531.0,-0.839999973774
1463504684040493652,522,1463504684026852261,,1530.0,-0.959999978542
1463504684064817419,523,1463504684055001098,,1530.0,-0.839999973774
1463504684085373141,524,1463504684062500525,,1530.0,-0.959999978542
1463504684120361526,525,1463504684093623427,,1530.0,-0.959999978542
1463504684129057391,526,1463504684119254089,,1530.0,-0.959999978542
1463504684140640767,527,1463504684134138059,,1530.0,-0.959999978542
1463504684165887198,528,1463504684145802364,,1530.0,-0.600000023842
1463504684166243307,529,1463504684155153057,,1531.0,-0.839999973774
1463504684187129828,530,1463504684173170085,,1531.0,-0.839999973774
1463504684215983071,531,1463504684205747836,,1530.0,-0.959999978542
1463504684244624149,532,1463504684238639929,,1530.0,-0.959999978542
1463504684286385943,533,1463504684267088787,,1530.0,-0.839999973774
1463504684307507387,534,1463504684284709034,,1530.0,-0.959999978542
1463504684344316103,535,1463504684310776786,,1530.0,-0.959999978542
1463504684344816051,536,1463504684329129144,,1530.0,-0.839999973774
1463504684385744599,537,1463504684348377972,,1530.0,-0.959999978542
1463504684386178043,538,1463504684364974107,,1530.0,-0.959999978542
1463504684415242826,539,1463504684387358441,,1530.0,-0.959999978542
1463504684415673407,540,1463504684409266418,,1530.0,-0.839999973774
1463504684458562374,541,1463504684431267459,,1530.0,-0.839999973774
1463504684480607004,542,1463504684456452490,,1531.0,-0.839999973774
1463504684502344791,543,1463504684478364738,,1530.0,-0.839999973774
1463504684515647259,544,1463504684500730740,,1530.0,-0.839999973774
1463504684547535758,545,1463504684524349633,,1529.0,-0.959999978542
1463504684566328487,546,1463504684557159860,,1529.0,-0.959999978542
1463504684591372857,547,1463504684581915144,,1530.0,-0.959999978542
1463504684617639442,548,1463504684606961336,,1530.0,-0.839999973774
1463504684639378895,549,1463504684630323849,,1534.0,-0.959999978542
1463504684660128712,550,1463504684652290831,,1570.0,-0.959999978542
1463504684680908526,551,1463504684674550959,,1570.0,-0.959999978542
1463504684708143500,552,1463504684699967477,,1580.0,-1.08000004292
1463504684727875402,553,1463504684722143812,,1580.0,-0.959999978542
1463504684748888160,554,1463504684744304211,,1580.0,-0.959999978542
1463504684775247705,555,1463504684769506220,,1580.0,-0.959999978542
1463504684795892897,556,1463504684790662348,,1580.0,-0.839999973774
1463504684823567669,557,1463504684811819206,,1580.0,-0.839999973774
1463504684850109174,558,1463504684834258222,,1580.0,-0.839999973774
1463504684868189425,559,1463504684855314621,,1580.0,-0.959999978542
1463504684892231763,560,1463504684879817276,,1580.0,-0.959999978542
1463504684914397422,561,1463504684902199474,,1580.0,-0.959999978542
1463504684932434396,562,1463504684924698744,,1580.0,-0.839999973774
1463504684963009387,563,1463504684944558550,,1580.0,-0.959999978542
1463504684985299981,564,1463504684966539124,,1580.0,-0.959999978542
1463504684996441736,565,1463504684990958558,,1580.0,-0.839999973774
1463504685033256220,566,1463504685014376111,,1580.0,-0.839999973774
1463504685087670372,567,1463504685034413338,,1580.0,-0.839999973774
1463504685088175736,568,1463504685055455044,,1580.0,-0.959999978542
1463504685088608399,569,1463504685077983886,,1580.0,-0.959999978542
1463504685117682129,570,1463504685101915862,,1580.0,-0.479999989271
1463504685151839807,571,1463504685124270190,,1580.0,-0.959999978542
1463504685152240702,572,1463504685145382565,,1580.0,-0.839999973774
1463504685178329849,573,1463504685166901148,,1580.0,-0.959999978542
1463504685199178970,574,1463504685187420877,,1580.0,-0.959999978542
1463504685223180158,575,1463504685209609337,,1580.0,-0.959999978542
1463504685245222175,576,1463504685234501057,,1580.0,-0.959999978542
1463504685277831108,577,1463504685255692851,,1580.0,-0.959999978542
1463504685298317039,578,1463504685278060355,,1580.0,-0.839999973774
1463504685318899157,579,1463504685298655024,,1580.0,-0.959999978542
1463504685349780875,580,1463504685319824320,,1580.0,-0.959999978542
1463504685349823995,581,1463504685343784002,,1580.0,-0.839999973774
1463504685388097700,582,1463504685364264152,,1580.0,-0.839999973774
1463504685388470839,583,1463504685384812159,,1580.0,2.03999996185
1463504685435701211,584,1463504685404498381,,1580.0,-0.839999973774
1463504685436042373,585,1463504685426755688,,1580.0,-0.839999973774
1463504685457984558,586,1463504685435487327,,1580.0,-0.959999978542
1463504685465070431,587,1463504685447989509,,1580.0,-0.959999978542
1463504685465442007,588,1463504685458091057,,1580.0,-1.91999995708
1463504685501669103,589,1463504685484653643,,1580.0,-0.959999978542
1463504685518274502,590,1463504685513045882,,1580.0,-0.839999973774
1463504685547288863,591,1463504685539745433,,1580.0,-0.959999978542
1463504685559949570,592,1463504685554316409,,1580.0,-0.959999978542
1463504685594185937,593,1463504685582896076,,1580.0,-0.839999973774
1463504685625277841,594,1463504685598305142,,1580.0,-0.959999978542
1463504685625724930,595,1463504685614349037,,1580.0,-0.839999973774
1463504685650256479,596,1463504685639130872,,1580.0,-0.839999973774
1463504685682382754,597,1463504685647417036,,1580.0,-0.839999973774
1463504685682790212,598,1463504685667386614,,1580.0,-0.959999978542
1463504685694930088,599,1463504685684158819,,1580.0,-0.839999973774
1463504685714392323,600,1463504685698890507,,1580.0,-0.839999973774
1463504685721847272,601,1463504685711463359,,1580.0,-1.55999994278
1463504685738029382,602,1463504685731370964,,1580.0,-0.839999973774
1463504685779900628,603,1463504685771477238,,1580.0,-0.839999973774
1463504685803299743,604,1463504685796293653,,1580.0,-1.67999994755
1463504685829824364,605,1463504685812592990,,1580.0,-0.959999978542
1463504685858636820,606,1463504685831363370,,1580.0,-0.839999973774
1463504685859827268,607,1463504685848708171,,1580.0,-0.839999973774
1463504685900715544,608,1463504685860054796,,1580.0,-1.08000004292
1463504685901002493,609,1463504685870466989,,1580.0,-1.08000004292
1463504685901772152,610,1463504685882282784,,1580.0,-1.08000004292
1463504685962592978,611,1463504685910548057,,1580.0,-0.839999973774
1463504685963442681,612,1463504685937043671,,1580.0,1.08000004292
1463504685964590217,613,1463504685952750310,,1580.0,-0.959999978542
1463504685965587457,614,1463504685961551577,,1580.0,-0.959999978542
1463504686164491955,615,1463504685974428459,,1580.0,-0.959999978542
1463504686164530961,616,1463504685983876012,,1580.0,-0.959999978542
1463504686165097777,617,1463504685991613901,,1580.0,-0.959999978542
1463504686165918836,618,1463504686006898967,,1580.0,-0.959999978542
1463504686165980444,619,1463504686018017799,,1580.0,-0.839999973774
1463504686169336915,620,1463504686027578097,,1580.0,-0.839999973774
1463504686169399981,621,1463504686039877900,,1580.0,-0.839999973774
1463504686171400969,622,1463504686050125314,,1580.0,-0.959999978542
1463504686171857223,623,1463504686060532711,,1580.0,-0.959999978542
1463504686171914665,624,1463504686078265120,,1580.0,-0.839999973774
1463504686171956119,625,1463504686088654967,,1580.0,-0.839999973774
1463504686172442318,626,1463504686108384928,,1580.0,-0.839999973774
1463504686172498094,627,1463504686130527812,,1580.0,-0.839999973774
1463504686172739787,628,1463504686142777672,,1580.0,-0.959999978542
1463504686173168180,629,1463504686154924626,,1580.0,-0.959999978542
1463504686173262493,630,1463504686167312857,,1580.0,-0.959999978542
1463504686365112355,631,1463504686177726659,,1580.0,-0.839999973774
1463504686365430602,632,1463504686188560574,,1580.0,-0.839999973774
1463504686365476118,633,1463504686197822571,,1580.0,-0.839999973774
1463504686365621207,634,1463504686207891254,,1580.0,-0.959999978542
1463504686365660630,635,1463504686226096061,,1580.0,-0.839999973774
1463504686365947840,636,1463504686239435078,,1580.0,-0.839999973774
1463504686366216666,637,1463504686258222220,,1580.0,-0.839999973774
1463504686366487106,638,1463504686272412814,,1580.0,-0.959999978542
1463504686366839777,639,1463504686278884843,,1580.0,-0.959999978542
1463504686367041110,640,1463504686287136112,,1580.0,-0.959999978542
1463504686367111311,641,1463504686304942577,,1580.0,-0.959999978542
1463504686367350713,642,1463504686337867089,,1580.0,-0.839999973774
1463504686481005971,643,1463504686387871424,,1580.0,-0.839999973774
1463504686486352805,644,1463504686420752972,,1580.0,-0.959999978542
1463504686486729849,645,1463504686432401958,,1580.0,-0.959999978542
1463504686487282864,646,1463504686450606610,,1580.0,-0.959999978542
1463504686487723287,647,1463504686475113360,,1580.0,-0.839999973774
1463504686559550434,648,1463504686496769108,,1580.0,-0.959999978542
1463504686560069755,649,1463504686548723811,,1580.0,-0.839999973774
1463504686577840233,650,1463504686575182023,,1580.0,-1.20000004768
1463504686591141077,651,1463504686587317728,,1580.0,-1.20000004768
1463504686609075340,652,1463504686597081026,,1580.0,-0.839999973774
1463504686613211468,653,1463504686607271675,,1580.0,-0.959999978542
1463504686632428722,654,1463504686622039604,,1580.0,-0.959999978542
1463504686667902915,655,1463504686635289880,,1580.0,-0.959999978542
1463504686668185073,656,1463504686641177960,,1580.0,-0.959999978542
1463504686668458221,657,1463504686648898400,,1580.0,-0.959999978542
1463504686668859586,658,1463504686654551817,,1580.0,-1.91999995708
1463504686705821122,659,1463504686675491025,,1580.0,-0.839999973774
1463504686724569779,660,1463504686711321274,,1580.0,-0.959999978542
1463504686748988310,661,1463504686736753084,,1580.0,-0.0
1463504686775282477,662,1463504686766252331,,1580.0,-0.839999973774
1463504686801813234,663,1463504686798784281,,1580.0,-1.44000005722
1463504686827162084,664,1463504686822480075,,1580.0,-5.28000020981
1463504686853781321,665,1463504686847649412,,1580.0,-10.4399995804
1463504686877926651,666,1463504686871814844,,1580.0,-16.7999992371
1463504686901409967,667,1463504686894179268,,1580.0,-23.5200004578
1463504686924940518,668,1463504686914890896,,1580.0,-23.5200004578
1463504686943413006,669,1463504686932803026,,1580.0,-29.1599998474
1463504686965578544,670,1463504686959040949,,1580.0,-29.7600002289
1463504686990011813,671,1463504686983889747,,1580.0,-29.7600002289
1463504687012365763,672,1463504687006780311,,1580.0,-29.6399993896
1463504687046000345,673,1463504687029515050,,1580.0,-29.7600002289
1463504687073218936,674,1463504687055279107,,1580.0,-30.1200008392
1463504687087498057,675,1463504687082759285,,1580.0,-30.1200008392
1463504687125892710,676,1463504687121410526,,1580.0,-30.1200008392
1463504687170793241,677,1463504687158969955,,1580.0,-31.5599994659
1463504687203340489,678,1463504687192456063,,1580.0,9.11999988556
1463504687238351801,679,1463504687229554342,,1580.0,-8.52000045776
1463504687275987993,680,1463504687267694179,,1580.0,3.3599998951
1463504687308653510,681,1463504687298528379,,1580.0,-0.72000002861
1463504687331503395,682,1463504687321880137,,1580.0,-0.959999978542
1463504687371607035,683,1463504687347178202,,1580.0,-0.959999978542
1463504687371985068,684,1463504687368706663,,1580.0,-0.839999973774
1463504687416679110,685,1463504687391822978,,1580.0,-0.959999978542
1463504687426596034,686,1463504687418571150,,1580.0,-0.959999978542
1463504687451782235,687,1463504687441572581,,1580.0,-0.839999973774
1463504687481128414,688,1463504687466886946,,1580.0,-0.600000023842
1463504687502793163,689,1463504687491320205,,1580.0,-0.839999973774
1463504687517727788,690,1463504687512545678,,1580.0,-0.839999973774
1463504687551267172,691,1463504687542191096,,1580.0,-0.839999973774
1463504687592138439,692,1463504687580010967,,1580.0,-0.839999973774
1463504687610718409,693,1463504687606441255,,1580.0,-0.839999973774
1463504687648300440,694,1463504687642244671,,1580.0,-0.839999973774
1463504687681568446,695,1463504687676487991,,1580.0,-0.959999978542
1463504687735170143,696,1463504687715813120,,1580.0,-0.119999997318
1463504687758175845,697,1463504687751327191,,1580.0,-0.959999978542
1463504687799952381,698,1463504687785975833,,1580.0,-0.839999973774
1463504687830319443,699,1463504687821839034,,1580.0,0.119999997318
1463504687857408829,700,1463504687849093923,,1580.0,-0.839999973774
1463504687883801830,701,1463504687858984913,,1580.0,-0.839999973774
1463504687883842711,702,1463504687867672852,,1580.0,-0.839999973774
1463504687884165750,703,1463504687875948230,,1580.0,-0.839999973774
1463504687934314165,704,1463504687882791884,,1580.0,-0.839999973774
1463504687934413530,705,1463504687895057519,,1580.0,-0.839999973774
1463504687934758649,706,1463504687913923344,,1580.0,-0.959999978542
1463504687935223132,707,1463504687921495672,,1580.0,-0.959999978542
1463504687996484908,708,1463504687931942748,,1580.0,-0.959999978542
1463504687996752431,709,1463504687965546552,,1580.0,-0.959999978542
1463504688001035366,710,1463504687972413329,,1580.0,-0.959999978542
1463504688001420429,711,1463504687989017517,,1580.0,-0.839999973774
1463504688001867309,712,1463504687994246758,,1580.0,-0.959999978542
1463504688174053793,713,1463504688001947405,,1580.0,-0.959999978542
1463504688174524941,714,1463504688011274751,,1580.0,-0.959999978542
1463504688174574207,715,1463504688018291093,,1580.0,-0.959999978542
1463504688174617639,716,1463504688036676909,,1580.0,-0.959999978542
1463504688174656437,717,1463504688068673631,,1580.0,-0.839999973774
1463504688174889694,718,1463504688095683171,,1580.0,-0.839999973774
1463504688175307723,719,1463504688121017264,,1580.0,-3.24000000954
1463504688176841936,720,1463504688147516494,,1580.0,-20.8799991608
1463504688177296940,721,1463504688168598328,,1580.0,-27.8400001526
1463504688355815464,722,1463504688199913142,,1580.0,-27.8400001526
1463504688355855459,723,1463504688230659475,,1580.0,-28.6800003052
1463504688355893059,724,1463504688255657197,,1580.0,-28.6800003052
1463504688355930139,725,1463504688281593726,,1580.0,-28.6800003052
1463504688355966437,726,1463504688322028827,,1580.0,-28.6800003052
1463504688517200903,727,1463504688346979835,,1580.0,-28.6800003052
1463504688522307655,728,1463504688375119048,,1580.0,-28.6800003052
1463504688522357389,729,1463504688397460853,,1580.0,-28.6800003052
1463504688522391240,730,1463504688419222198,,1580.0,-28.6800003052
1463504688522429152,731,1463504688442201696,,1580.0,-28.6800003052
1463504688522474200,732,1463504688468271075,,1580.0,-28.2000007629
1463504688522513518,733,1463504688493913625,,1580.0,4.19999980927
1463504688523035442,734,1463504688516216007,,1580.0,2.03999996185
1463504688806105049,735,1463504688546711012,,1580.0,2.03999996185
1463504688806375854,736,1463504688572505525,,1580.0,2.03999996185
1463504688806630358,737,1463504688596061160,,1580.0,2.03999996185
1463504688806874760,738,1463504688620862392,,1580.0,-0.0
1463504688807143169,739,1463504688644239244,,1580.0,-0.72000002861
1463504688807406214,740,1463504688666858936,,1580.0,-0.959999978542
1463504688807675404,741,1463504688693774737,,1580.0,-0.839999973774
1463504688807966155,742,1463504688716255745,,1580.0,-1.79999995232
1463504688808278517,743,1463504688741724095,,1580.0,-1.79999995232
1463504688808829345,744,1463504688764644901,,1580.0,-0.959999978542
1463504688809220032,745,1463504688787271832,,1580.0,-0.839999973774
1463504688882451926,746,1463504688811806061,,1580.0,-0.959999978542
1463504688883091859,747,1463504688833227651,,1580.0,-0.959999978542
1463504688883428750,748,1463504688855624762,,1580.0,-0.959999978542
1463504688883891982,749,1463504688878298199,,1580.0,0.600000023842
1463504688924420354,750,1463504688902621409,,1580.0,-0.959999978542
1463504688931189482,751,1463504688924542268,,1580.0,-0.959999978542
1463504688953767825,752,1463504688947689717,,1580.0,-0.959999978542
1463504688975117963,753,1463504688970777224,,1580.0,-0.360000014305
1463504689027646983,754,1463504688997526168,,1580.0,-0.959999978542
1463504689028161928,755,1463504689019185901,,1580.0,-0.959999978542
1463504689105592255,756,1463504689043430256,,1580.0,-0.959999978542
1463504689107142768,757,1463504689064899020,,1580.0,-0.959999978542
1463504689107605063,758,1463504689087817318,,1580.0,-0.839999973774
1463504689175596860,759,1463504689110649792,,1580.0,-0.959999978542
1463504689176061082,760,1463504689136053503,,1580.0,-0.959999978542
1463504689177707626,761,1463504689157698186,,1580.0,-0.959999978542
1463504689235613098,762,1463504689180160959,,1580.0,-0.839999973774
1463504689236147781,763,1463504689203917918,,1580.0,-0.839999973774
1463504689236557893,764,1463504689226072079,,1580.0,-0.600000023842
1463504691699838918,765,1463504689245093602,,1580.0,-0.839999973774
1463504691700118888,766,1463504689266889155,,1580.0,-0.839999973774
1463504691700412763,767,1463504689289287299,,1580.0,-0.959999978542
1463504691700673047,768,1463504689311808087,,1580.0,-1.20000004768
1463504691700944164,769,1463504689337466459,,1580.0,-0.959999978542
1463504691701218458,770,1463504689360520212,,1580.0,1.44000005722
1463504691701479159,771,1463504689383826749,,1580.0,1.44000005722
1463504691701727518,772,1463504689409846906,,1580.0,-0.600000023842
1463504691702001135,773,1463504689432568975,,1580.0,-0.72000002861
1463504691702242463,774,1463504689455457015,,1580.0,-0.72000002861
1463504691702480250,775,1463504689481743445,,1580.0,-21.4799995422
1463504691702762824,776,1463504689504363337,,1580.0,-21.4799995422
1463504691703123775,777,1463504689526718466,,1580.0,-21.4799995422
1463504691703410463,778,1463504689551939540,,1580.0,-29.1599998474
1463504691703670956,779,1463504689576302997,,1580.0,-29.2800006866
1463504691703924158,780,1463504689600120575,,1580.0,-29.1599998474
1463504691704202358,781,1463504689627842790,,1580.0,-28.7999992371
1463504691704465819,782,1463504689652474969,,1580.0,-28.6800003052
1463504691704744435,783,1463504689675030649,,1580.0,-28.6800003052
1463504691705134394,784,1463504689696229858,,1580.0,-28.6800003052
1463504691705411604,785,1463504689721453745,,1580.0,-27.1200008392
1463504691705696105,786,1463504689744459325,,1580.0,-28.7999992371
1463504691705946286,787,1463504689765896426,,1580.0,-28.7999992371
1463504691706348274,788,1463504689788062200,,1580.0,-28.7999992371
1463504691706610226,789,1463504689814485907,,1580.0,-28.7999992371
1463504691706880301,790,1463504689836468992,,1580.0,-28.7999992371
1463504691707158500,791,1463504689861907022,,1580.0,-28.6800003052
1463504691707422066,792,1463504689884866930,,1580.0,-29.1599998474
1463504691707684850,793,1463504689907098113,,1580.0,-29.1599998474
1463504691707948520,794,1463504689933427299,,1580.0,-29.2800006866
1463504691708200525,795,1463504689956275449,,1580.0,-29.1599998474
1463504691708466850,796,1463504689979738949,,1580.0,-28.6800003052
1463504691708736509,797,1463504690005262490,,1580.0,-28.7999992371
1463504691709002158,798,1463504690026856909,,1580.0,-28.6800003052
1463504691709262703,799,1463504690048537465,,1580.0,-28.6800003052
1463504691709511374,800,1463504690073707442,,1580.0,13.9200000763
1463504691709760827,801,1463504690097994127,,1580.0,-9.96000003815
1463504691710045171,802,1463504690120641300,,1580.0,2.75999999046
1463504691710302904,803,1463504690146104526,,1580.0,2.75999999046
1463504691710578291,804,1463504690168009486,,1580.0,2.88000011444
1463504691710847221,805,1463504690195147014,,1580.0,2.75999999046
1463504691711128181,806,1463504690221590345,,1580.0,2.75999999046
1463504691711492933,807,1463504690246018630,,1580.0,2.75999999046
1463504691711760821,808,1463504690268278031,,1580.0,-0.239999994636
1463504691712024804,809,1463504690291933429,,1580.0,-0.959999978542
1463504691712283318,810,1463504690317038257,,1580.0,-0.959999978542
1463504691712540738,811,1463504690339784794,,1580.0,-0.959999978542
1463504691712797013,812,1463504690362528675,,1580.0,-1.08000004292
1463504691713118124,813,1463504690385508832,,1580.0,-1.44000005722
1463504691713389814,814,1463504690411527521,,1580.0,-9.72000026703
1463504691713640985,815,1463504690433349833,,1580.0,-9.72000026703
1463504691713919966,816,1463504690455635013,,1580.0,-9.72000026703
1463504691714224516,817,1463504690481774991,,1580.0,-20.1599998474
1463504691714516204,818,1463504690505108705,,1580.0,-20.1599998474
1463504691714806017,819,1463504690531531881,,1580.0,-28.3199996948
1463504691715108068,820,1463504690564491966,,1580.0,-28.7999992371
1463504691715386215,821,1463504690586441192,,1580.0,-28.7999992371
1463504691715649729,822,1463504690613910299,,1580.0,-29.0400009155
1463504691715912253,823,1463504690636366294,,1580.0,-29.0400009155
1463504691716179672,824,1463504690661173810,,1580.0,-28.6800003052
1463504691716435843,825,1463504690683981017,,1580.0,-29.0400009155
1463504691716693628,826,1463504690705715578,,1580.0,-28.7999992371
1463504691716983805,827,1463504690730982472,,1580.0,-28.7999992371
1463504691717244923,828,1463504690753225625,,1580.0,-4.19999980927
1463504691717526299,829,1463504690776053039,,1580.0,-4.07999992371
1463504691717793719,830,1463504690801908203,,1580.0,-4.19999980927
1463504691718038953,831,1463504690823733379,,1580.0,-4.19999980927
1463504691718292415,832,1463504690846547982,,1580.0,-4.19999980927
1463504691718563949,833,1463504690872456214,,1580.0,-4.07999992371
1463504691718846002,834,1463504690895333622,,1580.0,-4.07999992371
1463504691719111911,835,1463504690918216655,,1580.0,-4.07999992371
1463504691719357249,836,1463504690944569058,,1580.0,-2.88000011444
1463504691719630137,837,1463504690967182432,,1580.0,-0.959999978542
1463504691719908805,838,1463504690989190401,,1580.0,-0.959999978542
1463504691720182474,839,1463504691014142687,,1580.0,-0.839999973774
1463504691720462444,840,1463504691039338641,,1580.0,-0.839999973774
1463504691720724030,841,1463504691063581260,,1580.0,-0.959999978542
1463504691721023321,842,1463504691086195615,,1580.0,-0.959999978542
1463504691721294803,843,1463504691108528698,,1580.0,-0.839999973774
1463504691721574565,844,1463504691130584779,,1580.0,-3.24000000954
1463504691721841672,845,1463504691156436601,,1580.0,-0.959999978542
1463504691722093624,846,1463504691178861966,,1580.0,-0.839999973774
1463504691722377343,847,1463504691201898672,,1534.0,-1.08000004292
1463504691722670073,848,1463504691226637644,,1534.0,-1.08000004292
1463504691722997694,849,1463504691248077333,,1535.0,-0.959999978542
1463504691723275268,850,1463504691269714709,,1536.0,-0.839999973774
1463504691723576434,851,1463504691292259280,,1534.0,-0.839999973774
1463504691723833178,852,1463504691322917098,,1534.0,-0.839999973774
1463504691724124084,853,1463504691346702266,,1534.0,-0.959999978542
1463504691724393430,854,1463504691366795536,,1534.0,-0.959999978542
1463504691724672515,855,1463504691387173672,,1530.0,-0.839999973774
1463504691724970139,856,1463504691407874221,,1531.0,-0.839999973774
1463504691725220269,857,1463504691428455356,,1502.0,-0.839999973774
1463504691725491698,858,1463504691448869946,,1454.0,-0.839999973774
1463504691725739797,859,1463504691469615646,,1423.0,-0.119999997318
1463504691725992947,860,1463504691490168242,,1391.0,-0.839999973774
1463504691726260627,861,1463504691510021643,,1391.0,-0.839999973774
1463504691726528046,862,1463504691530289634,,1390.0,-0.839999973774
1463504691726797600,863,1463504691552554547,,1390.0,-0.959999978542
1463504691727042574,864,1463504691572378731,,1386.0,-1.79999995232
1463504691727308952,865,1463504691592704321,,1390.0,-0.959999978542
1463504691727579913,866,1463504691612912526,,1390.0,-0.959999978542
1463504691727836812,867,1463504691632576780,,1390.0,-0.959999978542
1463504691728080745,868,1463504691652505276,,1385.0,-0.839999973774
1463504691728331707,869,1463504691672361072,,1391.0,-0.839999973774
1463504691728609022,870,1463504691692777068,,1390.0,-0.959999978542
1463504691729004500,871,1463504691714394446,,1389.0,-0.959999978542
1463504692190043721,872,1463504691735395797,,1394.0,-0.839999973774
1463504692190301037,873,1463504691757173626,,1394.0,-0.839999973774
1463504692190538668,874,1463504691778177529,,1390.0,-0.959999978542
1463504692190792912,875,1463504691798664767,,1374.0,-0.839999973774
1463504692191056373,876,1463504691818699867,,1376.0,-0.959999978542
1463504692191343738,877,1463504691837751477,,1326.0,-0.959999978542
1463504692191603033,878,1463504691857952757,,1406.0,-0.959999978542
1463504692191858995,879,1463504691877953276,,1327.0,-0.839999973774
1463504692192125790,880,1463504691898860001,,1316.0,-0.839999973774
1463504692192401698,881,1463504691918917026,,1310.0,-0.959999978542
1463504692192658181,882,1463504691939197776,,1297.0,-0.959999978542
1463504692192910966,883,1463504691959165955,,1294.0,-1.20000004768
1463504692193253325,884,1463504691980878219,,1278.0,-0.839999973774
1463504692193512724,885,1463504692001867175,,1277.0,-0.959999978542
1463504692193756917,886,1463504692021676040,,1278.0,-0.959999978542
1463504692194014806,887,1463504692041526151,,1278.0,-0.959999978542
1463504692194273789,888,1463504692062308924,,1278.0,-0.959999978542
1463504692194558967,889,1463504692082831776,,1278.0,-0.959999978542
1463504692194819251,890,1463504692101959778,,1279.0,-0.839999973774
1463504692195076411,891,1463504692122075538,,1278.0,-0.959999978542
1463504692195330759,892,1463504692142753113,,1279.0,-0.839999973774
1463504692195777534,893,1463504692163656654,,1279.0,-0.839999973774
1463504692196150983,894,1463504692186803027,,1283.0,0.839999973774
1463504692470187547,895,1463504692209506687,,1278.0,-0.839999973774
1463504692470455226,896,1463504692230376325,,1279.0,-0.839999973774
1463504692470701346,897,1463504692253546550,,1278.0,-0.839999973774
1463504692470957412,898,1463504692274970972,,1278.0,-0.959999978542
1463504692471207177,899,1463504692295913727,,1278.0,-0.839999973774
1463504692471448089,900,1463504692316588438,,1262.0,-0.959999978542
1463504692471712071,901,1463504692337287313,,1251.0,-0.959999978542
1463504692471959857,902,1463504692357715019,,1251.0,-0.959999978542
1463504692472217746,903,1463504692377622677,,1234.0,-0.959999978542
1463504692472495060,904,1463504692397634230,,1230.0,-0.959999978542
1463504692472770447,905,1463504692418382110,,1230.0,-0.959999978542
1463504692473331689,906,1463504692439257216,,1229.0,-0.959999978542
1463504692473703003,907,1463504692458615714,,1230.0,-0.839999973774
1463504692568754586,908,1463504692478504416,,1230.0,-0.959999978542
1463504692569032368,909,1463504692499552524,,1230.0,-0.959999978542
1463504692569310099,910,1463504692519340455,,1215.0,-0.839999973774
1463504692569819419,911,1463504692541610360,,1214.0,-0.959999978542
1463504692570159799,912,1463504692561227736,,1199.0,-0.959999978542
1463504692633106021,913,1463504692581605448,,1194.0,-1.20000004768
1463504692633637110,914,1463504692602509874,,1198.0,-0.839999973774
1463504692634002175,915,1463504692622505282,,1211.0,-0.959999978542
1463504692654873011,916,1463504692642551050,,1211.0,-0.959999978542
1463504692666864277,917,1463504692663054634,,1214.0,-0.959999978542
1463504692712216031,918,1463504692683347094,,1215.0,-0.839999973774
1463504692712644110,919,1463504692704139501,,1214.0,-0.959999978542
1463504692773432750,920,1463504692724675737,,1215.0,-0.959999978542
1463504692773887858,921,1463504692746202388,,1215.0,-0.839999973774
1463504692774272191,922,1463504692768940107,,1214.0,-0.959999978542
1463504692798900645,923,1463504692789064564,,1200.0,-0.839999973774
1463504692818148270,924,1463504692810180374,,1198.0,-0.959999978542
1463504692837772937,925,1463504692830279105,,1197.0,-0.959999978542
1463504692864419247,926,1463504692850666503,,1198.0,-0.839999973774
1463504692880383838,927,1463504692870881419,,1198.0,-0.839999973774
1463504692904383766,928,1463504692892406091,,1211.0,-0.959999978542
1463504692917746239,929,1463504692912138872,,1214.0,-0.959999978542
1463504692940198104,930,1463504692932473463,,1215.0,-0.839999973774
1463504692984696094,931,1463504692953170828,,1212.0,-0.839999973774
1463504692985087979,932,1463504692972309714,,1212.0,-0.839999973774
1463504692999102415,933,1463504692992810485,,1214.0,-0.959999978542
1463504693019785398,934,1463504693014461127,,1199.0,-0.839999973774
1463504693044395720,935,1463504693035472774,,1198.0,-0.959999978542
1463504693059269589,936,1463504693055591495,,1197.0,-0.959999978542
1463504693084020729,937,1463504693076718962,,1197.0,-1.08000004292
1463504693103644764,938,1463504693097227277,,1198.0,-0.839999973774
1463504693128324818,939,1463504693118690542,,1198.0,-0.839999973774
1463504693154267705,940,1463504693138704691,,1198.0,-0.959999978542
1463504693165808599,941,1463504693158976001,,1198.0,-0.959999978542
1463504693183845669,942,1463504693179138519,,1198.0,-0.959999978542
1463504693219989490,943,1463504693200078403,,1198.0,-0.959999978542
1463504693226280428,944,1463504693220121716,,1197.0,-0.959999978542
1463504693252854028,945,1463504693242808234,,1182.0,-0.959999978542
1463504693269456826,946,1463504693263003145,,1182.0,-0.959999978542
1463504693289979358,947,1463504693279562302,,1211.0,-0.839999973774
1463504693304011287,948,1463504693300370168,,1214.0,-0.959999978542
1463504693341418357,949,1463504693321595906,,1246.0,-0.959999978542
1463504693345106919,950,1463504693341290298,,1293.0,-0.839999973774
1463504693374424859,951,1463504693361836890,,1310.0,-0.839999973774
1463504693411148826,952,1463504693384956226,,1310.0,-0.72000002861
1463504693411525088,953,1463504693405419234,,1342.0,-0.959999978542
1463504693448955593,954,1463504693426295686,,1374.0,-0.839999973774
1463504693458053364,955,1463504693448305559,,1403.0,-0.839999973774
1463504693471682784,956,1463504693468321427,,1403.0,-0.839999973774
1463504693497624004,957,1463504693488766415,,1454.0,-0.839999973774
1463504693513863403,958,1463504693510306442,,1518.0,-0.959999978542
1463504693594677055,959,1463504693531439950,,1518.0,-0.959999978542
1463504693595151796,960,1463504693553184435,,1530.0,-0.839999973774
1463504693595547795,961,1463504693573907987,,1530.0,-0.959999978542
1463504693611173718,962,1463504693597201836,,1530.0,-0.839999973774
1463504693640007023,963,1463504693617781914,,1530.0,-0.839999973774
1463504693649105472,964,1463504693637641653,,1530.0,-0.959999978542
1463504693674423009,965,1463504693659270108,,1530.0,-0.839999973774
1463504693687656378,966,1463504693679374925,,1530.0,-0.959999978542
1463504693705097471,967,1463504693700733513,,1530.0,-0.959999978542
1463504693733845993,968,1463504693722070593,,1529.0,-0.959999978542
1463504693746741481,969,1463504693742752327,,1530.0,-0.839999973774
1463504693774366531,970,1463504693763349747,,1529.0,-0.959999978542
1463504693788066776,971,1463504693783879518,,1530.0,-0.959999978542
1463504693808162010,972,1463504693804481573,,1530.0,-0.959999978542
1463504693840722571,973,1463504693825324956,,1530.0,-0.839999973774
1463504693850949492,974,1463504693846547413,,1531.0,-0.839999973774
1463504693874296928,975,1463504693867496358,,1530.0,-0.839999973774
1463504693893879093,976,1463504693890291562,,1530.0,-0.839999973774
1463504693917619769,977,1463504693911408718,,1530.0,-0.839999973774
1463504693939410394,978,1463504693931749395,,1530.0,-0.959999978542
1463504693958094947,979,1463504693953247447,,1530.0,-0.959999978542
1463504693987069747,980,1463504693974765029,,1530.0,-0.959999978542
1463504694006245599,981,1463504693995490820,,1530.0,-0.839999973774
1463504694034817671,982,1463504694017072503,,1529.0,-0.959999978542
1463504694046617179,983,1463504694038334479,,1530.0,-0.839999973774
1463504694074373246,984,1463504694061089315,,1530.0,-0.959999978542
1463504694091376672,985,1463504694081330881,,1530.0,-0.959999978542
1463504694108039353,986,1463504694102602283,,1530.0,-0.839999973774
1463504694127152394,987,1463504694123266147,,1530.0,-0.959999978542
1463504694282404650,988,1463504694144636236,,1530.0,-0.959999978542
1463504694284002811,989,1463504694164139080,,1530.0,-0.959999978542
1463504694284285697,990,1463504694182595786,,1530.0,-0.959999978542
1463504694284556240,991,1463504694204842968,,1530.0,-0.959999978542
1463504694284805016,992,1463504694219941859,,1530.0,-0.959999978542
1463504694290132097,993,1463504694229784703,,1530.0,-0.839999973774
1463504694290733751,994,1463504694246476548,,1530.0,-0.839999973774
1463504694291015960,995,1463504694260642519,,1530.0,-0.959999978542
1463504694291414354,996,1463504694278220362,,1530.0,-0.959999978542
1463504694430220625,997,1463504694292468668,,1529.0,-0.959999978542
1463504694430453933,998,1463504694315199444,,1530.0,-0.839999973774
1463504694430677554,999,1463504694336841692,,1529.0,-0.959999978542
1463504694430902791,1000,1463504694365094736,,1530.0,-0.959999978542
1463504694431374302,1001,1463504694394785855,,1529.0,-0.959999978542
1463504694431784206,1002,1463504694423475415,,1529.0,-0.959999978542
1463504694521519522,1003,1463504694431220985,,1530.0,-0.839999973774
1463504694521790742,1004,1463504694453040662,,1530.0,-0.839999973774
1463504694522475929,1005,1463504694491573847,,1530.0,-0.959999978542
1463504694764877061,1006,1463504694524040604,,1530.0,-0.839999973774
1463504694764927316,1007,1463504694552329218,,1530.0,-0.839999973774
1463504694764966114,1008,1463504694573672591,,1530.0,-0.959999978542
1463504694765001318,1009,1463504694595010861,,1530.0,-0.959999978542
1463504694765452519,1010,1463504694618230595,,1530.0,-0.839999973774
1463504694765731916,1011,1463504694638696511,,1530.0,-0.839999973774
1463504694765996159,1012,1463504694654324721,,1530.0,-0.839999973774
1463504694766467150,1013,1463504694671393087,,1530.0,-0.839999973774
1463504694766514072,1014,1463504694692834471,,1529.0,-0.959999978542
1463504694766550995,1015,1463504694706940501,,1530.0,-0.959999978542
1463504694766870127,1016,1463504694724117241,,1530.0,-0.959999978542
1463504694767180562,1017,1463504694736502467,,1530.0,-0.839999973774
1463504694767612963,1018,1463504694750790248,,1530.0,-0.959999978542
1463504694993957755,1019,1463504694779991784,,1531.0,-0.839999973774
1463504694994238662,1020,1463504694807649841,,1530.0,-0.839999973774
1463504694994525819,1021,1463504694857179027,,1530.0,-0.839999973774
1463504694994816360,1022,1463504694907577390,,1531.0,-0.839999973774
1463504694995298079,1023,1463504694976139730,,1530.0,-0.839999973774
1463504695065594479,1024,1463504695060499718,,1530.0,-0.839999973774
1463504695089410077,1025,1463504695076184738,,1530.0,-0.839999973774
1463504695098066536,1026,1463504695091528494,,1530.0,-0.839999973774
1463504695131607695,1027,1463504695119506975,,1529.0,-0.959999978542
1463504695144204509,1028,1463504695139645263,,1529.0,-0.959999978542
1463504695199346715,1029,1463504695164481792,,1530.0,-0.839999973774
1463504695201533040,1030,1463504695185754384,,1530.0,-0.839999973774
1463504695256534116,1031,1463504695205714567,,1530.0,-0.959999978542
1463504695256992296,1032,1463504695225967061,,1530.0,-0.959999978542
1463504695257367203,1033,1463504695247963950,,1530.0,-0.839999973774
1463504695281135671,1034,1463504695267172339,,1529.0,-0.959999978542
1463504695304662290,1035,1463504695289197715,,1530.0,-0.839999973774
1463504695316490749,1036,1463504695309009632,,1530.0,-0.959999978542
1463504695335479786,1037,1463504695330585889,,1531.0,-0.839999973774
1463504695365647509,1038,1463504695354081314,,1530.0,-0.839999973774
1463504695386564047,1039,1463504695375792609,,1529.0,-0.959999978542
1463504695416034866,1040,1463504695396087703,,1530.0,-0.839999973774
1463504695427512217,1041,1463504695415919514,,1529.0,-0.959999978542
1463504695442453255,1042,1463504695437879427,,1530.0,-0.959999978542
1463504695461954321,1043,1463504695457685252,,1530.0,-0.839999973774
1463504695482865702,1044,1463504695478674333,,1530.0,-0.959999978542
1463504695516550336,1045,1463504695501164971,,1530.0,-0.839999973774
1463504695549159513,1046,1463504695520095160,,1530.0,-0.839999973774
1463504695555486328,1047,1463504695540900303,,1530.0,-0.959999978542
1463504695617973572,1048,1463504695562191071,,1531.0,-0.839999973774
1463504695618435970,1049,1463504695581043196,,1531.0,-0.839999973774
1463504695618506327,1050,1463504695601072225,,1530.0,-0.839999973774
1463504695643325202,1051,1463504695622218009,,1533.0,-0.959999978542
1463504695660717746,1052,1463504695641039981,,1530.0,-0.839999973774
1463504695660767011,1053,1463504695657389304,,1529.0,-0.959999978542
1463504695688228986,1054,1463504695679761257,,1530.0,-0.959999978542
1463504695714023068,1055,1463504695701657636,,1530.0,-0.959999978542
1463504695725563797,1056,1463504695721806964,,1529.0,-0.959999978542
1463504695752921095,1057,1463504695743827861,,1530.0,-0.839999973774
1463504695770332491,1058,1463504695765161853,,1530.0,-0.839999973774
1463504695890799238,1059,1463504695784839097,,1530.0,-0.839999973774
1463504695891061866,1060,1463504695804379898,,1530.0,-0.959999978542
1463504695891546553,1061,1463504695824222593,,1530.0,-0.959999978542
1463504695892255435,1062,1463504695836816907,,1530.0,-0.839999973774
1463504695892314543,1063,1463504695851974953,,1529.0,-0.72000002861
1463504695892351206,1064,1463504695871248387,,1529.0,-0.72000002861
1463504695915753776,1065,1463504695892083526,,1530.0,-0.839999973774
1463504695916143161,1066,1463504695912215305,,1530.0,-0.959999978542
1463504695975522669,1067,1463504695932742041,,1531.0,-0.839999973774
1463504695975909398,1068,1463504695952250553,,1530.0,-0.839999973774
1463504696001844766,1069,1463504695974360190,,1530.0,-0.959999978542
1463504696010289577,1070,1463504695995771413,,1530.0,-0.959999978542
1463504696025558699,1071,1463504696015611550,,1530.0,-0.839999973774
1463504696052359017,1072,1463504696035184268,,1530.0,-0.839999973774
1463504696070835968,1073,1463504696054118357,,1530.0,-0.959999978542
1463504696085018906,1074,1463504696075427396,,1530.0,-0.959999978542
1463504696115300928,1075,1463504696098242000,,1529.0,-0.959999978542
1463504696142423919,1076,1463504696120035466,,1530.0,-0.839999973774
1463504696149112203,1077,1463504696142015266,,1529.0,-0.959999978542
1463504696187401324,1078,1463504696162869406,,1530.0,-0.959999978542
1463504696187770034,1079,1463504696184361863,,1530.0,-0.839999973774
1463504696215466452,1080,1463504696205040189,,1530.0,-0.959999978542
1463504696233862735,1081,1463504696226598889,,1530.0,-0.839999973774
1463504696261924113,1082,1463504696248259921,,1529.0,-0.959999978542
1463504696278694896,1083,1463504696267751397,,1530.0,-0.839999973774
1463504696300591163,1084,1463504696289594597,,1530.0,-0.959999978542
1463504696315791594,1085,1463504696310823905,,1530.0,-0.839999973774
1463504696338526885,1086,1463504696334410197,,1530.0,-0.959999978542
1463504696362809455,1087,1463504696358415714,,1531.0,-0.839999973774
1463504696395853209,1088,1463504696380554298,,1530.0,-0.839999973774
1463504696418540379,1089,1463504696400662738,,1529.0,-0.959999978542
1463504696443667025,1090,1463504696423952448,,1530.0,-0.839999973774
1463504696456422253,1091,1463504696447356780,,1530.0,-0.959999978542
1463504696489711345,1092,1463504696469247370,,1530.0,-0.959999978542
1463504696498433106,1093,1463504696491555364,,1530.0,-0.959999978542
1463504696520421967,1094,1463504696512781235,,1530.0,-0.959999978542
1463504696552241010,1095,1463504696542520295,,1530.0,-0.959999978542
1463504696574477136,1096,1463504696563498589,,1529.0,-0.959999978542
1463504696591813430,1097,1463504696584363562,,1530.0,-0.959999978542
1463504696613457797,1098,1463504696604388365,,1529.0,-0.959999978542
1463504696635949728,1099,1463504696623748293,,1530.0,-0.959999978542
1463504696649808014,1100,1463504696644162846,,1531.0,-0.839999973774
1463504696889185028,1101,1463504696664833101,,1531.0,-0.839999973774
1463504696889521502,1102,1463504696686643804,,1530.0,-0.839999973774
1463504696889816366,1103,1463504696705450719,,1530.0,-0.839999973774
1463504696890063162,1104,1463504696720269994,,1530.0,-0.839999973774
1463504696890297095,1105,1463504696739583313,,1530.0,-0.959999978542
1463504696890341361,1106,1463504696759060988,,1530.0,-0.839999973774
1463504696890629351,1107,1463504696777592569,,1530.0,-0.959999978542
1463504696890674242,1108,1463504696801019190,,1530.0,-0.959999978542
1463504696890914268,1109,1463504696822423167,,1531.0,-0.839999973774
1463504696891373801,1110,1463504696844453690,,1530.0,-0.839999973774
1463504696891676320,1111,1463504696864744767,,1530.0,-0.959999978542
1463504696891992744,1112,1463504696887054114,,1530.0,-0.959999978542
1463504696958649929,1113,1463504696912420889,,1529.0,-0.959999978542
1463504696961221004,1114,1463504696933302475,,1529.0,-1.08000004292
1463504696961285737,1115,1463504696952039658,,1530.0,-0.959999978542
1463504697034285137,1116,1463504696973964984,,1530.0,-0.959999978542
1463504697034813465,1117,1463504696996954778,,1530.0,-0.839999973774
1463504697035211338,1118,1463504697017273189,,1530.0,-0.839999973774
1463504697069197425,1119,1463504697040327499,,1530.0,-0.839999973774
1463504697069277052,1120,1463504697064216822,,1529.0,-0.959999978542
1463504697090730286,1121,1463504697086100010,,1529.0,-1.08000004292
1463504697115637832,1122,1463504697109275400,,1530.0,-0.959999978542
1463504697136302038,1123,1463504697132060625,,1530.0,-0.959999978542
1463504697167466453,1124,1463504697156505617,,1530.0,-0.839999973774
1463504697190844686,1125,1463504697181699068,,1530.0,-0.959999978542
1463504697295785226,1126,1463504697225728332,,1530.0,-0.839999973774
1463504697295825535,1127,1463504697254919525,,1529.0,-0.959999978542
1463504697317742833,1128,1463504697292331853,,1530.0,-0.839999973774
1463504697391447664,1129,1463504697339075247,,1531.0,-0.839999973774
1463504697398917370,1130,1463504697390499486,,1530.0,-0.839999973774
1463504697455533439,1131,1463504697429603140,,1530.0,-0.839999973774
1463504697477008858,1132,1463504697454645879,,1529.0,-0.959999978542
1463504697498026723,1133,1463504697481891451,,1530.0,-0.959999978542
1463504697516855661,1134,1463504697508364242,,1531.0,-0.839999973774
1463504697550594014,1135,1463504697534322246,,1530.0,-0.839999973774
1463504697570663337,1136,1463504697558584133,,1530.0,-0.959999978542
1463504697589703657,1137,1463504697578410930,,1530.0,-0.839999973774
1463504697611039144,1138,1463504697599367187,,1530.0,-0.839999973774
1463504697633093355,1139,1463504697619261529,,1530.0,-0.959999978542
1463504697661745284,1140,1463504697638950217,,1529.0,-0.959999978542
1463504697661974738,1141,1463504697650541818,,1529.0,-0.959999978542
1463504697688727551,1142,1463504697662777880,,1530.0,-0.959999978542
1463504697688772286,1143,1463504697683452345,,1530.0,-0.839999973774
1463504697709542990,1144,1463504697698550647,,1530.0,-0.959999978542
1463504697721537777,1145,1463504697719134133,,1530.0,-0.959999978542
1463504697759793451,1146,1463504697732856855,,1530.0,-0.959999978542
1463504697760067744,1147,1463504697744476318,,1530.0,-0.959999978542
1463504697760494155,1148,1463504697754444867,,1530.0,-0.839999973774
1463504697776977411,1149,1463504697767395070,,1530.0,-0.959999978542
1463504697783796772,1150,1463504697772655903,,1530.0,-0.959999978542
1463504697813557382,1151,1463504697804900409,,1530.0,-0.839999973774
1463504697843941257,1152,1463504697837233811,,1530.0,-0.959999978542
1463504697853691028,1153,1463504697848436236,,1530.0,-0.839999973774
1463504697925735467,1154,1463504697859185481,,1529.0,-0.959999978542
1463504697926029393,1155,1463504697869597159,,1529.0,-0.959999978542
1463504697926307175,1156,1463504697880062528,,1530.0,-0.839999973774
1463504697929833093,1157,1463504697889776157,,1530.0,-0.839999973774
1463504697930161807,1158,1463504697901117890,,1530.0,-0.839999973774
1463504697931682995,1159,1463504697910636540,,1529.0,-0.959999978542
1463504697932124145,1160,1463504697921821883,,1529.0,-0.959999978542
1463504698011495384,1161,1463504697931090456,,1530.0,-0.959999978542
1463504698014896575,1162,1463504697943276211,,1530.0,-0.959999978542
1463504698016268248,1163,1463504697947618446,,1530.0,-0.839999973774
1463504698016305952,1164,1463504697970712335,,1530.0,-0.839999973774
1463504698016343344,1165,1463504698000868839,,1531.0,-0.839999973774
1463504698137850681,1166,1463504698023558493,,1529.0,-0.959999978542
1463504698138107997,1167,1463504698032428304,,1530.0,-0.839999973774
1463504698138934521,1168,1463504698040282289,,1530.0,-0.839999973774
1463504698139224020,1169,1463504698052293892,,1530.0,-0.839999973774
1463504698139660014,1170,1463504698075194929,,1530.0,-0.959999978542
1463504698139966700,1171,1463504698100892327,,1533.0,-0.959999978542
1463504698140340357,1172,1463504698127441819,,1530.0,-0.839999973774
1463504698226292415,1173,1463504698155612124,,1530.0,-0.959999978542
1463504698226726222,1174,1463504698172029131,,1530.0,-0.959999978542
1463504698227391410,1175,1463504698194523754,,1529.0,-0.959999978542
1463504698227498325,1176,1463504698220089864,,1530.0,-0.959999978542
1463504698266774238,1177,1463504698246063691,,1530.0,-0.959999978542
1463504698280585332,1178,1463504698268840054,,1530.0,-0.959999978542
1463504698296798298,1179,1463504698290987163,,1530.0,-0.959999978542
1463504698328179658,1180,1463504698318101021,,1530.0,-0.839999973774
1463504698375737478,1181,1463504698340483781,,1530.0,-0.839999973774
1463504698376227945,1182,1463504698361451645,,1530.0,-0.839999973774
1463504698390865407,1183,1463504698387292725,,1530.0,-0.959999978542
1463504698419488266,1184,1463504698410332028,,1530.0,-0.959999978542
1463504698436658732,1185,1463504698431892691,,1531.0,-0.839999973774
1463504698473356177,1186,1463504698458171067,,1530.0,-0.839999973774
1463504698505611035,1187,1463504698480329686,,1529.0,-0.959999978542
1463504698555367573,1188,1463504698502755619,,1530.0,-0.839999973774
1463504698556071142,1189,1463504698529020038,,1530.0,-0.959999978542
1463504698607329026,1190,1463504698552994551,,1530.0,-0.959999978542
1463504698607947292,1191,1463504698579028788,,1526.0,-1.44000005722
1463504698608319751,1192,1463504698600350570,,1526.0,-1.44000005722
1463504698665218737,1193,1463504698622567568,,1531.0,-0.839999973774
1463504698666537082,1194,1463504698644942256,,1530.0,-0.839999973774
1463504698697329861,1195,1463504698670842341,,1529.0,-1.08000004292
1463504698697685290,1196,1463504698693152453,,1529.0,-1.08000004292
1463504698850652260,1197,1463504698715578646,,1529.0,-0.959999978542
1463504698850917023,1198,1463504698739908642,,1530.0,-0.839999973774
1463504698851353746,1199,1463504698762204485,,1529.0,-0.959999978542
1463504698851401605,1200,1463504698782883681,,1529.0,-0.959999978542
1463504698851436237,1201,1463504698805745765,,1530.0,-0.839999973774
1463504698851853691,1202,1463504698826912616,,1529.0,-0.959999978542
1463504698955271444,1203,1463504698851778647,,1530.0,-0.959999978542
1463504698955544226,1204,1463504698875002097,,1530.0,-0.959999978542
1463504698956125256,1205,1463504698897268256,,1530.0,-0.959999978542
1463504698956175563,1206,1463504698922632982,,1530.0,-0.839999973774
1463504698956518911,1207,1463504698944309778,,1529.0,-0.959999978542
1463504699018495616,1208,1463504698966501778,,1529.0,-0.959999978542
1463504699019090134,1209,1463504698988515360,,1530.0,-0.959999978542
1463504699019498422,1210,1463504699015291123,,1530.0,-0.959999978542
1463504699054580407,1211,1463504699037495198,,1530.0,-0.839999973774
1463504699170375202,1212,1463504699059034501,,1529.0,-0.959999978542
1463504699170423478,1213,1463504699087127877,,1530.0,-0.839999973774
1463504699171462999,1214,1463504699112437548,,1530.0,-0.959999978542
1463504699171505182,1215,1463504699138426832,,1530.0,-0.839999973774
1463504699474657442,1216,1463504699163617506,,1530.0,-0.959999978542
1463504699474693271,1217,1463504699190057626,,1530.0,-0.839999973774
1463504699475029016,1218,1463504699217799634,,1530.0,-0.959999978542
1463504699475660561,1219,1463504699241007557,,1530.0,-0.839999973774
1463504699476028698,1220,1463504699269074060,,1529.0,-0.959999978542
1463504699476828818,1221,1463504699292250632,,1529.0,-0.959999978542
1463504699477680808,1222,1463504699319836043,,1530.0,-0.959999978542
1463504699478312041,1223,1463504699358899570,,1530.0,-0.959999978542
1463504699478366045,1224,1463504699396212455,,1530.0,-0.959999978542
1463504699478459889,1225,1463504699439688570,,1530.0,-0.839999973774
1463504699627967236,1226,1463504699475546667,,1530.0,-0.839999973774
1463504699628284753,1227,1463504699504198055,,1530.0,-0.959999978542
1463504699628329071,1228,1463504699531627389,,1530.0,-0.959999978542
1463504699634351171,1229,1463504699562561131,,1530.0,-0.959999978542
1463504699635139417,1230,1463504699589745804,,1529.0,-0.959999978542
1463504699635195401,1231,1463504699617638161,,1530.0,-0.839999973774
1463504699702258251,1232,1463504699642867684,,1530.0,-0.839999973774
1463504699702732887,1233,1463504699668003520,,1530.0,-0.959999978542
1463504699703239289,1234,1463504699693359071,,1530.0,-0.959999978542
1463504699768289913,1235,1463504699718503188,,1530.0,-0.959999978542
1463504699768714189,1236,1463504699742762713,,1530.0,-0.959999978542
1463504699957651897,1237,1463504699765258474,,1530.0,-0.959999978542
1463504699983317518,1238,1463504699790972268,,1530.0,-0.839999973774
1463504699983394541,1239,1463504699813608951,,1530.0,-0.959999978542
1463504699988796136,1240,1463504699835649553,,1529.0,-0.959999978542
1463504699989035693,1241,1463504699856910450,,1530.0,-0.839999973774
1463504699989472468,1242,1463504699881292098,,1529.0,-0.959999978542
1463504699993766945,1243,1463504699901761779,,1529.0,-1.08000004292
1463504699993875058,1244,1463504699923596102,,1531.0,-0.839999973774
1463504699994926192,1245,1463504699944026725,,1530.0,-0.839999973774
1463504700008048239,1246,1463504699965268405,,1530.0,-0.959999978542
1463504700008831851,1247,1463504699986635175,,1530.0,-0.959999978542
1463504700130763741,1248,1463504700011011142,,1529.0,-0.959999978542
1463504700139426486,1249,1463504700035558284,,1530.0,-0.959999978542
1463504700140109484,1250,1463504700058692143,,1530.0,-0.839999973774
1463504700140414085,1251,1463504700085076166,,1530.0,-0.959999978542
1463504700140682962,1252,1463504700106272844,,1530.0,-0.839999973774
1463504700141158066,1253,1463504700127793548,,1529.0,-0.959999978542
