%time,field.header.seq,field.header.stamp,field.header.frame_id,field.temperature,field.variance
1469105960818316864,311,1469105960683819728,,0.206000000238,23.8799991608
1469105960818405562,312,1469105960703743194,,0.206000000238,23.8799991608
1469105960818965926,313,1469105960723443692,,0.206000000238,23.8799991608
1469105960819161290,314,1469105960743568461,,0.206000000238,23.8799991608
1469105960819385769,315,1469105960763821042,,0.247200012207,23.8799991608
1469105960819506394,316,1469105960783557425,,0.206000000238,23.8799991608
1469105960819689206,317,1469105960803559642,,0.206000000238,23.8799991608
1469105960827139302,318,1469105960823544410,,0.206000000238,23.8400001526
1469105960847040112,319,1469105960843834491,,0.206000000238,23.8799991608
1469105960865258685,320,1469105960863512697,,0.206000000238,23.8799991608
1469105960890452874,321,1469105960884310902,,0.206000000238,23.8799991608
1469105960905935929,322,1469105960903561036,,0.206000000238,23.8799991608
1469105960926992624,323,1469105960923408149,,0.247200012207,23.8799991608
1469105960947054580,324,1469105960943684532,,0.206000000238,23.8799991608
1469105960967661952,325,1469105960963488832,,0.247200012207,23.8799991608
1469105960986724222,326,1469105960983795058,,0.247200012207,23.8799991608
1469105961006508626,327,1469105961003446286,,0.206000000238,23.8799991608
1469105961026968602,328,1469105961023489283,,0.206000000238,23.8400001526
1469105961046693631,329,1469105961043658895,,0.206000000238,23.8799991608
1469105961066786421,330,1469105961063568456,,0.206000000238,23.8799991608
1469105961086783221,331,1469105961083579370,,0.206000000238,23.8799991608
1469105961106770750,332,1469105961103482733,,0.206000000238,23.8799991608
1469105961126588747,333,1469105961123571876,,0.206000000238,23.8799991608
1469105961145333934,334,1469105961143431228,,0.206000000238,23.8799991608
1469105961166053441,335,1469105961163445997,,0.247200012207,23.8799991608
1469105961188029926,336,1469105961183662067,,0.247200012207,23.8799991608
1469105961207318498,337,1469105961203653190,,0.206000000238,23.8799991608
1469105961226362226,338,1469105961223458323,,0.247200012207,23.8799991608
1469105961248126732,339,1469105961243822258,,0.206000000238,23.8799991608
1469105961267097908,340,1469105961263781297,,0.206000000238,23.8400001526
1469105961286638979,341,1469105961283700337,,0.206000000238,23.8799991608
1469105961308592600,342,1469105961303515939,,0.206000000238,23.8799991608
1469105961327524401,343,1469105961323845863,,0.206000000238,23.8799991608
1469105961347822502,344,1469105961343643236,,0.206000000238,23.8799991608
1469105961366434356,345,1469105961363684724,,0.206000000238,23.8799991608
1469105961387730165,346,1469105961383651159,,0.206000000238,23.8799991608
1469105961406849726,347,1469105961403387230,,0.206000000238,23.8799991608
1469105961428894440,348,1469105961423606008,,0.247200012207,23.8799991608
1469105961448060824,349,1469105961443703381,,0.206000000238,23.8799991608
1469105961468425748,350,1469105961463748150,,0.247200012207,23.8799991608
1469105961488572340,351,1469105961483438179,,0.206000000238,23.8799991608
1469105961506998100,352,1469105961503444197,,0.206000000238,23.8799991608
1469105961526844431,353,1469105961523657612,,0.206000000238,23.8799991608
1469105961546673054,354,1469105961543412953,,0.206000000238,23.8799991608
1469105961566597093,355,1469105961563638920,,0.206000000238,23.8799991608
1469105961586537070,356,1469105961583474938,,0.206000000238,23.8799991608
1469105961606086891,357,1469105961603402624,,0.206000000238,23.8799991608
1469105961627463325,358,1469105961623546038,,0.206000000238,23.8799991608
1469105961646393720,359,1469105961643642785,,0.206000000238,23.8799991608
1469105961666953279,360,1469105961664529636,,0.247200012207,23.8799991608
1469105961687145339,361,1469105961684762217,,0.206000000238,23.8799991608
1469105961709206251,362,1469105961705123964,,0.206000000238,23.8400001526
1469105961726849616,363,1469105961725053369,,0.206000000238,23.8799991608
1469105961746895531,364,1469105961745431730,,0.206000000238,23.8799991608
1469105961766760508,365,1469105961763430251,,0.206000000238,23.8799991608
1469105961789111420,366,1469105961784691373,,0.206000000238,23.8799991608
1469105961808830928,367,1469105961804607495,,0.206000000238,23.8799991608
1469105961826919501,368,1469105961824166952,,0.206000000238,23.8799991608
1469105961845713229,369,1469105961843354742,,0.206000000238,23.8799991608
1469105961865940497,370,1469105961863410969,,0.247200012207,23.8799991608
1469105961885698860,371,1469105961883409904,,0.206000000238,23.8799991608
1469105961905699045,372,1469105961903439360,,0.206000000238,23.8400001526
1469105961925774751,373,1469105961923411212,,0.206000000238,23.8400001526
1469105961945647072,374,1469105961943371398,,0.206000000238,23.8799991608
1469105961965808142,375,1469105961963621843,,0.206000000238,23.8799991608
1469105961985829005,376,1469105961983569841,,0.206000000238,23.8799991608
1469105962008083510,377,1469105962003442943,,0.206000000238,23.8799991608
1469105962026020573,378,1469105962023392034,,0.206000000238,23.8799991608
1469105962046244091,379,1469105962043428522,,0.206000000238,23.8799991608
1469105962067795889,380,1469105962063450790,,0.247200012207,23.8799991608
1469105962085486754,381,1469105962083392017,,0.206000000238,23.8799991608
1469105962106283084,382,1469105962103939754,,0.247200012207,23.8799991608
1469105962126085405,383,1469105962124029574,,0.247200012207,23.8799991608
1469105962147717047,384,1469105962145600383,,0.206000000238,23.8799991608
1469105962168200773,385,1469105962166266296,,0.206000000238,23.8400001526
1469105962188394448,386,1469105962186029346,,0.206000000238,23.8799991608
1469105962205231355,387,1469105962203740159,,0.206000000238,23.8799991608
1469105962227524403,388,1469105962224088521,,0.206000000238,23.8799991608
1469105962246444224,389,1469105962243940061,,0.206000000238,23.8799991608
1469105962265880869,390,1469105962263823788,,0.206000000238,23.8799991608
1469105962286056210,391,1469105962283858660,,0.206000000238,23.8799991608
1469105962306165093,392,1469105962304040512,,0.206000000238,23.8799991608
1469105962326221632,393,1469105962323954708,,0.247200012207,23.8799991608
1469105962346124005,394,1469105962344041716,,0.206000000238,23.8799991608
1469105962366077524,395,1469105962363909349,,0.247200012207,23.8799991608
1469105962386271198,396,1469105962384114847,,0.206000000238,23.8799991608
1469105962406961956,397,1469105962404599458,,0.206000000238,23.8799991608
1469105962427443547,398,1469105962425430320,,0.206000000238,23.8799991608
1469105962448612480,399,1469105962446492587,,0.206000000238,23.8799991608
1469105962465193138,400,1469105962463737775,,0.206000000238,23.8799991608
1469105962485851656,401,1469105962483939054,,0.206000000238,23.8799991608
1469105962506744913,402,1469105962503851219,,0.206000000238,23.8799991608
1469105962526357495,403,1469105962524124945,,0.247200012207,23.8799991608
1469105962546201951,404,1469105962544086641,,0.206000000238,23.8799991608
1469105962565116200,405,1469105962563949431,,0.247200012207,23.8799991608
1469105962586206176,406,1469105962583972376,,0.206000000238,23.8799991608
1469105962605316154,407,1469105962604138238,,0.206000000238,23.8400001526
1469105962626189619,408,1469105962623863840,,0.206000000238,23.8799991608
1469105962646503241,409,1469105962643875224,,0.206000000238,23.8799991608
1469105962667806081,410,1469105962664993741,,0.206000000238,23.8799991608
1469105962688907255,411,1469105962686239081,,0.206000000238,23.8799991608
1469105962708223951,412,1469105962703573280,,0.206000000238,23.8799991608
1469105962725347213,413,1469105962723927735,,0.206000000238,23.8799991608
1469105962746189064,414,1469105962743891879,,0.206000000238,23.8799991608
1469105962768050861,415,1469105962763923731,,0.247200012207,23.8799991608
1469105962786157247,416,1469105962783819489,,0.206000000238,23.8799991608
1469105962805916286,417,1469105962803879726,,0.206000000238,23.8400001526
1469105962826649387,418,1469105962823534756,,0.206000000238,23.8799991608
1469105962846748791,419,1469105962844077128,,0.206000000238,23.8799991608
1469105962866141998,420,1469105962864052157,,0.206000000238,23.8799991608
1469105962885282132,421,1469105962883911353,,0.206000000238,23.8799991608
1469105962906264504,422,1469105962904070548,,0.206000000238,23.8799991608
1469105962926368751,423,1469105962924058442,,0.206000000238,23.8799991608
1469105962946265291,424,1469105962943956908,,0.206000000238,23.8799991608
1469105962965368290,425,1469105962963989906,,0.247200012207,23.8799991608
1469105962986156755,426,1469105962983966914,,0.206000000238,23.8799991608
1469105963005510639,427,1469105963004258349,,0.206000000238,23.8400001526
1469105963026375094,428,1469105963024019159,,0.206000000238,23.8799991608
1469105963047265435,429,1469105963044722885,,0.206000000238,23.8799991608
1469105963066363329,430,1469105963065218591,,0.206000000238,23.8799991608
1469105963088237366,431,1469105963086016952,,0.206000000238,23.8799991608
1469105963108583958,432,1469105963105772971,,0.206000000238,23.8799991608
1469105963127336384,433,1469105963123873575,,0.206000000238,23.8799991608
1469105963148065943,434,1469105963144153760,,0.206000000238,23.8799991608
1469105963166402068,435,1469105963163869675,,0.247200012207,23.8799991608
1469105963186384649,436,1469105963184085224,,0.206000000238,23.8799991608
1469105963206751084,437,1469105963203952233,,0.247200012207,23.8799991608
1469105963226306894,438,1469105963224120751,,0.206000000238,23.8799991608
1469105963246107809,439,1469105963244098332,,0.206000000238,23.8799991608
1469105963266273619,440,1469105963263921070,,0.206000000238,23.8400001526
1469105963285985055,441,1469105963283921776,,0.206000000238,23.8799991608
1469105963306122896,442,1469105963304058575,,0.206000000238,23.8799991608
1469105963325925738,443,1469105963323805792,,0.206000000238,23.8799991608
1469105963346369724,444,1469105963344054883,,0.206000000238,23.8799991608
1469105963365842827,445,1469105963363877204,,0.206000000238,23.8799991608
1469105963387476760,446,1469105963384935826,,0.206000000238,23.8799991608
1469105963407880903,447,1469105963405521687,,0.247200012207,23.8799991608
1469105963428525671,448,1469105963426505986,,0.247200012207,23.8799991608
1469105963447948670,449,1469105963445461954,,0.206000000238,23.8799991608
1469105963467905886,450,1469105963463841255,,0.206000000238,23.8400001526
1469105963486268104,451,1469105963483833055,,0.206000000238,23.8799991608
1469105963505576103,452,1469105963503418449,,0.206000000238,23.8799991608
1469105963526022538,453,1469105963523497228,,0.206000000238,23.8799991608
1469105963546274181,454,1469105963543601736,,0.206000000238,23.8799991608
1469105963565740773,455,1469105963563419942,,0.206000000238,23.8799991608
1469105963585520698,456,1469105963583412315,,0.206000000238,23.8799991608
1469105963605556508,457,1469105963603401146,,0.247200012207,23.8799991608
1469105963625574402,458,1469105963623448831,,0.247200012207,23.8799991608
1469105963645633702,459,1469105963643614798,,0.206000000238,23.8799991608
1469105963665580970,460,1469105963663375556,,0.247200012207,23.8799991608
1469105963685729489,461,1469105963683658085,,0.206000000238,23.8799991608
1469105963706444881,462,1469105963704335509,,0.206000000238,23.8400001526
1469105963727446628,463,1469105963725207880,,0.206000000238,23.8799991608
1469105963747595303,464,1469105963743582286,,0.206000000238,23.8799991608
1469105963770080641,465,1469105963763425336,,0.206000000238,23.8799991608
1469105963787601350,466,1469105963783407761,,0.206000000238,23.8799991608
1469105963805948933,467,1469105963803442321,,0.206000000238,23.8799991608
1469105963827304013,468,1469105963823656204,,0.206000000238,23.8799991608
1469105963846560292,469,1469105963843425973,,0.206000000238,23.8799991608
1469105963868662038,470,1469105963863512252,,0.247200012207,23.8799991608
1469105963888677640,471,1469105963883410979,,0.206000000238,23.8799991608
1469105963906256525,472,1469105963903437310,,0.206000000238,23.8400001526
1469105963926503013,473,1469105963923405360,,0.206000000238,23.8799991608
1469105963946425958,474,1469105963943405545,,0.206000000238,23.8799991608
1469105963966354946,475,1469105963963377762,,0.206000000238,23.8799991608
1469105963987102734,476,1469105963983406697,,0.206000000238,23.8799991608
1469105964006815263,477,1469105964003406361,,0.206000000238,23.8799991608
1469105964026755084,478,1469105964023471234,,0.206000000238,23.8799991608
1469105964047430737,479,1469105964043598606,,0.206000000238,23.8799991608
1469105964067717329,480,1469105964063961187,,0.247200012207,23.8799991608
1469105964085546006,481,1469105964083440383,,0.206000000238,23.8799991608
1469105964106129888,482,1469105964103449891,,0.206000000238,23.8400001526
1469105964125587366,483,1469105964123403566,,0.206000000238,23.8799991608
1469105964145654843,484,1469105964143386981,,0.206000000238,23.8799991608
1469105964165597059,485,1469105964163360656,,0.206000000238,23.8799991608
1469105964185689380,486,1469105964183416101,,0.206000000238,23.8799991608
1469105964205735815,487,1469105964203413109,,0.206000000238,23.8799991608
1469105964225634750,488,1469105964223401680,,0.206000000238,23.8799991608
1469105964245564415,489,1469105964243396553,,0.206000000238,23.8799991608
1469105964265675277,490,1469105964263411373,,0.206000000238,23.8799991608
1469105964285691400,491,1469105964283422965,,0.206000000238,23.8799991608
1469105964305641689,492,1469105964303394765,,0.247200012207,23.8799991608
1469105964329135464,493,1469105964323401512,,0.206000000238,23.8799991608
1469105964349412368,494,1469105964343422427,,0.206000000238,23.8400001526
1469105964368365262,495,1469105964364194330,,0.206000000238,23.8400001526
1469105964386412117,496,1469105964383445037,,0.206000000238,23.8799991608
1469105964410585318,497,1469105964403422566,,0.206000000238,23.8799991608
1469105964430048420,498,1469105964423432855,,0.206000000238,23.8799991608
1469105964446412516,499,1469105964443399186,,0.206000000238,23.8799991608
1469105964467062336,500,1469105964463371246,,0.206000000238,23.8799991608
1469105964487062834,501,1469105964483441640,,0.206000000238,23.8799991608
1469105964507069998,502,1469105964503415211,,0.247200012207,23.8799991608
1469105964526630496,503,1469105964523438417,,0.206000000238,23.8799991608
1469105964547217972,504,1469105964543454383,,0.247200012207,23.8799991608
1469105964566164669,505,1469105964563420089,,0.247200012207,23.8799991608
1469105964588431362,506,1469105964583395274,,0.206000000238,23.8799991608
1469105964607053424,507,1469105964603415616,,0.206000000238,23.8400001526
1469105964626528662,508,1469105964623397676,,0.206000000238,23.8799991608
1469105964646049421,509,1469105964643409163,,0.206000000238,23.8799991608
1469105964666009866,510,1469105964663424349,,0.206000000238,23.8799991608
1469105964687483956,511,1469105964683769638,,0.206000000238,23.8799991608
1469105964707455600,512,1469105964704184354,,0.206000000238,23.8799991608
1469105964726831098,513,1469105964723408654,,0.206000000238,23.8799991608
1469105964748827739,514,1469105964743445089,,0.206000000238,23.8799991608
1469105964768604071,515,1469105964763398816,,0.247200012207,23.8799991608
1469105964785718166,516,1469105964783410616,,0.206000000238,23.8799991608
1469105964806099965,517,1469105964803402260,,0.206000000238,23.8400001526
1469105964826700462,518,1469105964823619007,,0.206000000238,23.8799991608
1469105964846035961,519,1469105964843395286,,0.206000000238,23.8799991608
1469105964866492499,520,1469105964863452347,,0.206000000238,23.8799991608
1469105964886472945,521,1469105964883361438,,0.206000000238,23.8799991608
1469105964906144016,522,1469105964903422300,,0.206000000238,23.8799991608
1469105964926590972,523,1469105964923432277,,0.206000000238,23.8799991608
1469105964946526001,524,1469105964943419858,,0.206000000238,23.8799991608
1469105964966204207,525,1469105964963411919,,0.247200012207,23.8799991608
1469105964986094757,526,1469105964983437677,,0.206000000238,23.8799991608
1469105965006742546,527,1469105965003410466,,0.247200012207,23.8799991608
1469105965026193877,528,1469105965023432474,,0.206000000238,23.8799991608
1469105965047837238,529,1469105965043461201,,0.206000000238,23.8400001526
1469105965067031851,530,1469105965063794563,,0.206000000238,23.8799991608
1469105965087297296,531,1469105965084090008,,0.206000000238,23.8799991608
1469105965105706390,532,1469105965103445090,,0.206000000238,23.8799991608
1469105965125985637,533,1469105965123402098,,0.206000000238,23.8799991608
1469105965146461082,534,1469105965143386815,,0.206000000238,23.8799991608
1469105965165614758,535,1469105965163400594,,0.206000000238,23.8799991608
1469105965185649110,536,1469105965183432394,,0.206000000238,23.8799991608
1469105965205680285,537,1469105965203429350,,0.247200012207,23.8799991608
1469105965227273801,538,1469105965223428702,,0.206000000238,23.8799991608
1469105965246879664,539,1469105965243569980,,0.247200012207,23.8799991608
1469105965266572193,540,1469105965263502614,,0.206000000238,23.8799991608
1469105965288478053,541,1469105965283517955,,0.206000000238,23.8400001526
1469105965307461000,542,1469105965303393713,,0.206000000238,23.8799991608
1469105965327222800,543,1469105965323426763,,0.206000000238,23.8799991608
1469105965346484653,544,1469105965343427782,,0.206000000238,23.8799991608
1469105965365894214,545,1469105965363741873,,0.206000000238,23.8799991608
1469105965386494607,546,1469105965383463204,,0.206000000238,23.8799991608
1469105965405054377,547,1469105965403513858,,0.206000000238,23.8799991608
1469105965425596905,548,1469105965423385450,,0.206000000238,23.8799991608
1469105965445700111,549,1469105965443386885,,0.247200012207,23.8799991608
1469105965465763213,550,1469105965463427383,,0.206000000238,23.8799991608
1469105965485858815,551,1469105965483519026,,0.206000000238,23.8400001526
1469105965505733844,552,1469105965503405774,,0.206000000238,23.8400001526
1469105965526054185,553,1469105965523398199,,0.206000000238,23.8799991608
1469105965546028537,554,1469105965543430155,,0.206000000238,23.8799991608
1469105965566035649,555,1469105965563434090,,0.206000000238,23.8799991608
1469105965586153647,556,1469105965583660577,,0.206000000238,23.8799991608
1469105965605913364,557,1469105965603405710,,0.206000000238,23.8799991608
1469105965625700424,558,1469105965623373031,,0.206000000238,23.8799991608
1469105965645994880,559,1469105965643419258,,0.247200012207,23.8799991608
1469105965666058919,560,1469105965663582620,,0.206000000238,23.8799991608
1469105965686124104,561,1469105965683516451,,0.206000000238,23.8400001526
1469105965707012882,562,1469105965703488095,,0.206000000238,23.8400001526
1469105965725375361,563,1469105965723937186,,0.206000000238,23.8799991608
1469105965745594609,564,1469105965743340601,,0.206000000238,23.8799991608
1469105965766175418,565,1469105965763519067,,0.206000000238,23.8799991608
1469105965786279562,566,1469105965783619356,,0.206000000238,23.8799991608
1469105965806164539,567,1469105965803538396,,0.206000000238,23.8799991608
1469105965826202901,568,1469105965823642591,,0.206000000238,23.8799991608
1469105965846098868,569,1469105965843435329,,0.247200012207,23.8799991608
1469105965866545823,570,1469105965863438223,,0.206000000238,23.8799991608
1469105965886441217,571,1469105965883441012,,0.206000000238,23.8799991608
1469105965905987861,572,1469105965903419791,,0.247200012207,23.8799991608
1469105965926042577,573,1469105965923409924,,0.206000000238,23.8799991608
1469105965946048283,574,1469105965943410943,,0.206000000238,23.8799991608
1469105965965986073,575,1469105965963393628,,0.206000000238,23.8799991608
1469105965986157299,576,1469105965983426626,,0.206000000238,23.8799991608
1469105966004473528,577,1469105966003407384,,0.206000000238,23.8799991608
1469105966026040847,578,1469105966023429027,,0.206000000238,23.8799991608
1469105966046465928,579,1469105966043439265,,0.247200012207,23.8799991608
1469105966064495438,580,1469105966063455752,,0.206000000238,23.8799991608
1469105966088244004,581,1469105966083651770,,0.206000000238,23.8799991608
1469105966105300131,582,1469105966103870445,,0.247200012207,23.8799991608
1469105966131071195,583,1469105966123552974,,0.206000000238,23.8799991608
1469105966148155029,584,1469105966143540607,,0.206000000238,23.8400001526
1469105966167771517,585,1469105966163493449,,0.206000000238,23.8799991608
1469105966185970714,586,1469105966183384624,,0.206000000238,23.8799991608
1469105966205949650,587,1469105966203387830,,0.206000000238,23.8799991608
1469105966226146762,588,1469105966223424369,,0.206000000238,23.8799991608
1469105966245806531,589,1469105966243395075,,0.206000000238,23.8799991608
1469105966265864893,590,1469105966263395833,,0.206000000238,23.8799991608
1469105966286090495,591,1469105966283600341,,0.206000000238,23.8799991608
1469105966306112503,592,1469105966303468860,,0.247200012207,23.8799991608
1469105966326377011,593,1469105966323697534,,0.206000000238,23.8799991608
1469105966346258602,594,1469105966343539230,,0.206000000238,23.8400001526
1469105966365852538,595,1469105966363457801,,0.206000000238,23.8799991608
1469105966385951056,596,1469105966383580434,,0.206000000238,23.8799991608
1469105966406229783,597,1469105966403595411,,0.206000000238,23.8799991608
1469105966425862156,598,1469105966423754190,,0.206000000238,23.8799991608
1469105966446092706,599,1469105966443599792,,0.206000000238,23.8799991608
1469105966466616588,600,1469105966463593102,,0.247200012207,23.8799991608
1469105966484852765,601,1469105966483533183,,0.206000000238,23.8799991608
1469105966507820447,602,1469105966503498212,,0.247200012207,23.8799991608
1469105966527853913,603,1469105966523542460,,0.206000000238,23.8799991608
1469105966545934674,604,1469105966543370249,,0.206000000238,23.8400001526
1469105966565946421,605,1469105966563474185,,0.206000000238,23.8799991608
1469105966586238846,606,1469105966583707963,,0.206000000238,23.8799991608
1469105966605875750,607,1469105966603371326,,0.206000000238,23.8799991608
1469105966626113227,608,1469105966623421303,,0.206000000238,23.8799991608
1469105966645947006,609,1469105966643386071,,0.206000000238,23.8799991608
1469105966666251826,610,1469105966663401100,,0.206000000238,23.8799991608
1469105966686330657,611,1469105966683467692,,0.206000000238,23.8799991608
1469105966706428134,612,1469105966703410585,,0.206000000238,23.8799991608
1469105966728003265,613,1469105966724060770,,0.206000000238,23.8799991608
1469105966745556578,614,1469105966743549185,,0.247200012207,23.8799991608
1469105966767974000,615,1469105966764706504,,0.206000000238,23.8799991608
1469105966786202781,616,1469105966784547106,,0.206000000238,23.8400001526
1469105966807680257,617,1469105966803355001,,0.206000000238,23.8799991608
1469105966834686527,618,1469105966830747730,,0.206000000238,23.8799991608
1469105966845612036,619,1469105966843439121,,0.206000000238,23.8799991608
1469105966865809356,620,1469105966863609515,,0.206000000238,23.8799991608
1469105966885487979,621,1469105966883508294,,0.206000000238,23.8799991608
1469105966905956966,622,1469105966903427021,,0.206000000238,23.8799991608
1469105966925627047,623,1469105966923414498,,0.206000000238,23.8799991608
1469105966945941763,624,1469105966943742547,,0.247200012207,23.8799991608
1469105966965586324,625,1469105966963403618,,0.206000000238,23.8799991608
1469105966985489270,626,1469105966983420054,,0.206000000238,23.8400001526
1469105967005901746,627,1469105967003380551,,0.206000000238,23.8799991608
1469105967025610265,628,1469105967023474851,,0.206000000238,23.8799991608
1469105967046075189,629,1469105967043504620,,0.206000000238,23.8799991608
1469105967066261312,630,1469105967064221523,,0.206000000238,23.8799991608
1469105967086845663,631,1469105967084881707,,0.206000000238,23.8799991608
1469105967107890431,632,1469105967105559183,,0.206000000238,23.8799991608
1469105967126200461,633,1469105967123718537,,0.206000000238,23.8799991608
1469105967146504605,634,1469105967143428098,,0.247200012207,23.8799991608
1469105967166302238,635,1469105967163404689,,0.206000000238,23.8799991608
1469105967186440288,636,1469105967183384875,,0.206000000238,23.8400001526
1469105967206451619,637,1469105967203402091,,0.206000000238,23.8400001526
1469105967226686387,638,1469105967223401651,,0.206000000238,23.8799991608
1469105967246339437,639,1469105967243400118,,0.206000000238,23.8799991608
1469105967266386185,640,1469105967263409313,,0.206000000238,23.8799991608
1469105967285911058,641,1469105967283396582,,0.206000000238,23.8799991608
1469105967306099004,642,1469105967303440621,,0.206000000238,23.8799991608
1469105967326282314,643,1469105967323366484,,0.206000000238,23.8799991608
1469105967346191353,644,1469105967343389481,,0.247200012207,23.8799991608
1469105967365927320,645,1469105967363392375,,0.206000000238,23.8799991608
1469105967386062297,646,1469105967383374123,,0.206000000238,23.8400001526
1469105967406309565,647,1469105967403421547,,0.206000000238,23.8400001526
1469105967426614229,648,1469105967423443139,,0.206000000238,23.8799991608
1469105967450939930,649,1469105967443465459,,0.206000000238,23.8799991608
1469105967467195640,650,1469105967465071893,,0.206000000238,23.8799991608
1469105967487459211,651,1469105967485178015,,0.206000000238,23.8799991608
1469105967507571479,652,1469105967505495752,,0.206000000238,23.8799991608
1469105967525256563,653,1469105967523473075,,0.206000000238,23.8799991608
1469105967545731279,654,1469105967543415292,,0.247200012207,23.8799991608
1469105967566385109,655,1469105967563418967,,0.206000000238,23.8799991608
1469105967585600712,656,1469105967583431079,,0.206000000238,23.8799991608
1469105967605470949,657,1469105967603399754,,0.247200012207,23.8799991608
1469105967626034780,658,1469105967623388012,,0.206000000238,23.8799991608
1469105967645832726,659,1469105967643446166,,0.206000000238,23.8400001526
1469105967665783171,660,1469105967663706247,,0.206000000238,23.8799991608
1469105967685407003,661,1469105967683397474,,0.206000000238,23.8799991608
1469105967713671814,662,1469105967703403388,,0.206000000238,23.8799991608
1469105967725516019,663,1469105967723400709,,0.206000000238,23.8799991608
1469105967745521152,664,1469105967743435373,,0.247200012207,23.8799991608
1469105967765700139,665,1469105967763493111,,0.206000000238,23.8799991608
1469105967786222980,666,1469105967784085118,,0.206000000238,23.8799991608
1469105967806498425,667,1469105967804714209,,0.247200012207,23.8799991608
1469105967831469751,668,1469105967826453715,,0.206000000238,23.8799991608
1469105967848696345,669,1469105967843478539,,0.206000000238,23.8400001526
1469105967868959447,670,1469105967863420026,,0.206000000238,23.8799991608
1469105967887461978,671,1469105967883411722,,0.206000000238,23.8799991608
1469105967906186592,672,1469105967903419251,,0.206000000238,23.8799991608
1469105967926133443,673,1469105967923401832,,0.206000000238,23.8799991608
1469105967946633264,674,1469105967943345715,,0.247200012207,23.8799991608
1469105967966538397,675,1469105967963427411,,0.247200012207,23.8799991608
1469105967986333739,676,1469105967983410565,,0.206000000238,23.8799991608
1469105968006778975,677,1469105968003396948,,0.247200012207,23.8799991608
1469105968026595046,678,1469105968023450310,,0.206000000238,23.8799991608
1469105968046319607,679,1469105968043457995,,0.206000000238,23.8400001526
1469105968066446250,680,1469105968063428024,,0.206000000238,23.8799991608
1469105968086432373,681,1469105968083518210,,0.206000000238,23.8799991608
1469105968106339798,682,1469105968103422457,,0.206000000238,23.8799991608
1469105968127665502,683,1469105968123420143,,0.206000000238,23.8799991608
1469105968147139751,684,1469105968143405745,,0.206000000238,23.8799991608
1469105968167119050,685,1469105968163433326,,0.206000000238,23.8799991608
1469105968187513819,686,1469105968183473094,,0.206000000238,23.8799991608
1469105968206732130,687,1469105968203462446,,0.247200012207,23.8799991608
1469105968225422994,688,1469105968223442215,,0.206000000238,23.8799991608
1469105968246414323,689,1469105968244412295,,0.206000000238,23.8400001526
1469105968265233885,690,1469105968263421023,,0.206000000238,23.8799991608
1469105968285663914,691,1469105968283408499,,0.206000000238,23.8799991608
1469105968305570557,692,1469105968303439205,,0.206000000238,23.8799991608
1469105968325726888,693,1469105968323417047,,0.206000000238,23.8799991608
1469105968345679678,694,1469105968343422753,,0.206000000238,23.8799991608
1469105968365736165,695,1469105968363406740,,0.206000000238,23.8799991608
1469105968385699371,696,1469105968383448123,,0.206000000238,23.8799991608
1469105968405697994,697,1469105968403421694,,0.247200012207,23.8799991608
1469105968425604637,698,1469105968423431931,,0.206000000238,23.8799991608
1469105968445684145,699,1469105968443432169,,0.247200012207,23.8799991608
1469105968465541570,700,1469105968463398448,,0.206000000238,23.8799991608
1469105968485621182,701,1469105968483414935,,0.206000000238,23.8400001526
1469105968505556732,702,1469105968503400433,,0.206000000238,23.8799991608
1469105968525597178,703,1469105968523436035,,0.206000000238,23.8799991608
1469105968545593978,704,1469105968543450230,,0.206000000238,23.8799991608
1469105968566011975,705,1469105968563451978,,0.206000000238,23.8799991608
1469105968588005439,706,1469105968583442007,,0.206000000238,23.8799991608
1469105968607278750,707,1469105968604092244,,0.206000000238,23.8799991608
1469105968625669354,708,1469105968623453263,,0.206000000238,23.8799991608
1469105968646427038,709,1469105968643449958,,0.247200012207,23.8799991608
1469105968665588370,710,1469105968663394519,,0.206000000238,23.8799991608
1469105968685678035,711,1469105968683412360,,0.206000000238,23.8400001526
1469105968705705095,712,1469105968703382285,,0.206000000238,23.8799991608
1469105968725661999,713,1469105968723390960,,0.206000000238,23.8799991608
1469105968745793746,714,1469105968743439322,,0.206000000238,23.8799991608
1469105968768605283,715,1469105968763404507,,0.206000000238,23.8799991608
1469105968788516978,716,1469105968783416359,,0.206000000238,23.8799991608
1469105968808385028,717,1469105968803431232,,0.206000000238,23.8799991608
1469105968831414845,718,1469105968823541625,,0.206000000238,23.8799991608
1469105968850757636,719,1469105968843437957,,0.247200012207,23.8799991608
1469105968868550636,720,1469105968863665173,,0.206000000238,23.8799991608
1469105968885622960,721,1469105968883407285,,0.247200012207,23.8799991608
1469105968906194603,722,1469105968903435335,,0.247200012207,23.8799991608
1469105968926464736,723,1469105968923417552,,0.206000000238,23.8799991608
1469105968946247473,724,1469105968943439872,,0.206000000238,23.8400001526
1469105968966304690,725,1469105968963449328,,0.206000000238,23.8799991608
1469105968986606124,726,1469105968983419722,,0.206000000238,23.8799991608
1469105969006692247,727,1469105969003424230,,0.206000000238,23.8799991608
1469105969026142850,728,1469105969023390405,,0.206000000238,23.8799991608
1469105969046212618,729,1469105969043436892,,0.247200012207,23.8799991608
1469105969066613115,730,1469105969063391921,,0.206000000238,23.8799991608
1469105969086639082,731,1469105969083399606,,0.206000000238,23.8799991608
1469105969106525882,732,1469105969103481042,,0.247200012207,23.8799991608
1469105969127552107,733,1469105969123444768,,0.206000000238,23.8799991608
1469105969148288386,734,1469105969143457610,,0.206000000238,23.8400001526
1469105969169501486,735,1469105969164256700,,0.206000000238,23.8799991608
1469105969187756465,736,1469105969183462564,,0.206000000238,23.8799991608
1469105969208903524,737,1469105969203416082,,0.206000000238,23.8799991608
1469105969225737619,738,1469105969223440434,,0.206000000238,23.8799991608
1469105969245611711,739,1469105969243417390,,0.206000000238,23.8799991608
1469105969265610958,740,1469105969263427055,,0.206000000238,23.8799991608
1469105969285725831,741,1469105969283445052,,0.206000000238,23.8799991608
1469105969305744506,742,1469105969303458727,,0.247200012207,23.8799991608
1469105969325575941,743,1469105969323420319,,0.206000000238,23.8799991608
1469105969345678522,744,1469105969343425452,,0.206000000238,23.8400001526
1469105969365529437,745,1469105969363372252,,0.206000000238,23.8799991608
1469105969385604830,746,1469105969383408166,,0.206000000238,23.8799991608
1469105969406178973,747,1469105969403395539,,0.206000000238,23.8799991608
1469105969425608534,748,1469105969423472859,,0.206000000238,23.8799991608
1469105969446326895,749,1469105969443488774,,0.206000000238,23.8799991608
1469105969467260830,750,1469105969463617084,,0.206000000238,23.8799991608
1469105969486960338,751,1469105969483936852,,0.206000000238,23.8799991608
1469105969506526045,752,1469105969503454798,,0.247200012207,23.8799991608
1469105969526138626,753,1469105969523456494,,0.206000000238,23.8799991608
1469105969545746312,754,1469105969543483814,,0.247200012207,23.8799991608
1469105969565699466,755,1469105969563435510,,0.206000000238,23.8799991608
1469105969585619547,756,1469105969583429445,,0.206000000238,23.8400001526
1469105969605629993,757,1469105969603420047,,0.206000000238,23.8799991608
1469105969625565386,758,1469105969623412368,,0.206000000238,23.8799991608
1469105969645803071,759,1469105969643541563,,0.206000000238,23.8799991608
1469105969665650236,760,1469105969663434457,,0.206000000238,23.8799991608
1469105969685634223,761,1469105969683445007,,0.206000000238,23.8799991608
1469105969705634929,762,1469105969703421755,,0.206000000238,23.8799991608
1469105969725487146,763,1469105969723386107,,0.206000000238,23.8799991608
1469105969745695404,764,1469105969743479313,,0.247200012207,23.8799991608
1469105969765342100,765,1469105969763432519,,0.206000000238,23.8799991608
1469105969789302228,766,1469105969783432808,,0.206000000238,23.8400001526
1469105969808631841,767,1469105969804568565,,0.206000000238,23.8799991608
1469105969825471978,768,1469105969823569376,,0.206000000238,23.8799991608
1469105969849077524,769,1469105969843416176,,0.206000000238,23.8799991608
1469105969866465160,770,1469105969863420528,,0.206000000238,23.8799991608
1469105969886571387,771,1469105969883413057,,0.206000000238,23.8799991608
1469105969906641468,772,1469105969903418503,,0.206000000238,23.8799991608
1469105969926155560,773,1469105969923381865,,0.206000000238,23.8799991608
1469105969946293766,774,1469105969943396842,,0.247200012207,23.8799991608
1469105969966522909,775,1469105969963417079,,0.206000000238,23.8799991608
1469105969986118147,776,1469105969983339817,,0.206000000238,23.8400001526
1469105970006463592,777,1469105970003439064,,0.206000000238,23.8799991608
1469105970026032580,778,1469105970023382010,,0.206000000238,23.8799991608
1469105970046743702,779,1469105970043403966,,0.206000000238,23.8799991608
1469105970066435502,780,1469105970063404307,,0.206000000238,23.8799991608
1469105970086160531,781,1469105970083414909,,0.206000000238,23.8799991608
1469105970106210664,782,1469105970103419626,,0.206000000238,23.8799991608
1469105970126729391,783,1469105970123380384,,0.206000000238,23.8799991608
1469105970151817174,784,1469105970143437444,,0.247200012207,23.8799991608
1469105970168430072,785,1469105970163879348,,0.206000000238,23.8799991608
1469105970185252396,786,1469105970183436044,,0.206000000238,23.8400001526
1469105970205575185,787,1469105970203380031,,0.206000000238,23.8799991608
1469105970225597610,788,1469105970223394279,,0.206000000238,23.8799991608
1469105970245697951,789,1469105970243405089,,0.206000000238,23.8799991608
1469105970265532147,790,1469105970263424076,,0.206000000238,23.8799991608
1469105970285618165,791,1469105970283456032,,0.206000000238,23.8799991608
1469105970305628507,792,1469105970303421218,,0.206000000238,23.8799991608
1469105970328248949,793,1469105970323394632,,0.206000000238,23.8799991608
1469105970345708981,794,1469105970343400078,,0.247200012207,23.8799991608
1469105970365547917,795,1469105970363417190,,0.206000000238,23.8799991608
1469105970385541123,796,1469105970383394719,,0.206000000238,23.8400001526
1469105970405535839,797,1469105970403390790,,0.206000000238,23.8799991608
1469105970425784410,798,1469105970423473006,,0.206000000238,23.8799991608
1469105970446784698,799,1469105970443432150,,0.206000000238,23.8799991608
1469105970466264884,800,1469105970463402543,,0.206000000238,23.8799991608
1469105970486083090,801,1469105970483465176,,0.206000000238,23.8799991608
1469105970505654421,802,1469105970503383122,,0.206000000238,23.8799991608
1469105970525626065,803,1469105970523397630,,0.206000000238,23.8799991608
1469105970545583073,804,1469105970543395576,,0.247200012207,23.8799991608
1469105970565606956,805,1469105970563402949,,0.206000000238,23.8799991608
1469105970585755475,806,1469105970583441207,,0.247200012207,23.8799991608
1469105970605685712,807,1469105970603411600,,0.247200012207,23.8799991608
1469105970625545845,808,1469105970623373088,,0.206000000238,23.8799991608
1469105970645534833,809,1469105970643372544,,0.206000000238,23.8799991608
1469105970665596424,810,1469105970663410281,,0.206000000238,23.8799991608
1469105970685560568,811,1469105970683406456,,0.206000000238,23.8799991608
1469105970705531691,812,1469105970703395287,,0.206000000238,23.8799991608
1469105970725769323,813,1469105970723442555,,0.206000000238,23.8799991608
1469105970746905184,814,1469105970743483470,,0.247200012207,23.8799991608
1469105970765210476,815,1469105970763414801,,0.206000000238,23.8799991608
1469105970785641181,816,1469105970783414778,,0.206000000238,23.8799991608
1469105970808575947,817,1469105970803388036,,0.247200012207,23.8799991608
1469105970828677225,818,1469105970823594471,,0.206000000238,23.8799991608
1469105970846653350,819,1469105970843370490,,0.206000000238,23.8400001526
1469105970866759473,820,1469105970863472133,,0.206000000238,23.8799991608
1469105970886807731,821,1469105970883451537,,0.206000000238,23.8799991608
1469105970906505365,822,1469105970903379431,,0.206000000238,23.8799991608
1469105970926747529,823,1469105970923483001,,0.206000000238,23.8799991608
1469105970946802297,824,1469105970943415999,,0.247200012207,23.8799991608
1469105970966738264,825,1469105970963398997,,0.206000000238,23.8799991608
1469105970986895115,826,1469105970983425276,,0.206000000238,23.8799991608
1469105971006473218,827,1469105971003333690,,0.247200012207,23.8799991608
1469105971026441893,828,1469105971023392105,,0.206000000238,23.8799991608
1469105971047377910,829,1469105971043411404,,0.206000000238,23.8799991608
1469105971066346847,830,1469105971063395183,,0.206000000238,23.8799991608
1469105971086445469,831,1469105971083422504,,0.206000000238,23.8799991608
1469105971107644091,832,1469105971103425137,,0.206000000238,23.8799991608
1469105971127464432,833,1469105971123423864,,0.206000000238,23.8799991608
1469105971148363471,834,1469105971143735663,,0.247200012207,23.8799991608
1469105971170581414,835,1469105971164530171,,0.247200012207,23.8799991608
1469105971188532226,836,1469105971183449784,,0.206000000238,23.8799991608
1469105971210156785,837,1469105971203391688,,0.206000000238,23.8400001526
1469105971232348686,838,1469105971223396040,,0.206000000238,23.8799991608
1469105971247898095,839,1469105971243419975,,0.206000000238,23.8799991608
1469105971268051405,840,1469105971263424275,,0.206000000238,23.8799991608
1469105971286371436,841,1469105971283412221,,0.206000000238,23.8799991608
1469105971305824591,842,1469105971303391989,,0.206000000238,23.8799991608
1469105971325683578,843,1469105971323402070,,0.206000000238,23.8799991608
1469105971345677357,844,1469105971343417516,,0.247200012207,23.8799991608
1469105971365786813,845,1469105971363439160,,0.247200012207,23.8799991608
1469105971385664394,846,1469105971383445126,,0.206000000238,23.8799991608
1469105971405580465,847,1469105971403368593,,0.206000000238,23.8400001526
1469105971425616119,848,1469105971423402424,,0.206000000238,23.8799991608
1469105971445705158,849,1469105971443433078,,0.206000000238,23.8799991608
1469105971465635239,850,1469105971463415659,,0.206000000238,23.8799991608
1469105971485641102,851,1469105971483433865,,0.206000000238,23.8799991608
1469105971508993471,852,1469105971503410352,,0.206000000238,23.8799991608
1469105971527739334,853,1469105971523524339,,0.206000000238,23.8799991608
1469105971549053997,854,1469105971544379628,,0.206000000238,23.8799991608
1469105971566506790,855,1469105971563449293,,0.247200012207,23.8799991608
1469105971585678122,856,1469105971583411041,,0.206000000238,23.8799991608
1469105971605641901,857,1469105971603439039,,0.206000000238,23.8400001526
1469105971625609065,858,1469105971623438651,,0.206000000238,23.8799991608
1469105971645605084,859,1469105971643402690,,0.206000000238,23.8799991608
1469105971665646258,860,1469105971663432459,,0.206000000238,23.8799991608
1469105971685653735,861,1469105971683436759,,0.206000000238,23.8799991608
1469105971705635223,862,1469105971703398038,,0.206000000238,23.8799991608
1469105971725637283,863,1469105971723431400,,0.206000000238,23.8799991608
1469105971745622520,864,1469105971743415596,,0.206000000238,23.8799991608
1469105971765545049,865,1469105971763382812,,0.247200012207,23.8799991608
1469105971785686849,866,1469105971783467424,,0.206000000238,23.8799991608
1469105971807334063,867,1469105971803421776,,0.247200012207,23.8799991608
1469105971829468621,868,1469105971823463055,,0.206000000238,23.8799991608
1469105971848073600,869,1469105971843436782,,0.206000000238,23.8799991608
1469105971866171443,870,1469105971863404832,,0.206000000238,23.8799991608
1469105971886183920,871,1469105971883431475,,0.206000000238,23.8799991608
1469105971905690460,872,1469105971903428223,,0.206000000238,23.8799991608
1469105971926178874,873,1469105971923418513,,0.206000000238,23.8799991608
1469105971946063955,874,1469105971943397344,,0.206000000238,23.8799991608
1469105971966109401,875,1469105971963445446,,0.247200012207,23.8799991608
1469105971986198805,876,1469105971983392350,,0.206000000238,23.8799991608
1469105972006597531,877,1469105972003497743,,0.206000000238,23.8400001526
1469105972026045894,878,1469105972023394803,,0.206000000238,23.8799991608
1469105972046505454,879,1469105972043380561,,0.206000000238,23.8799991608
1469105972066718087,880,1469105972063426111,,0.206000000238,23.8799991608
1469105972086157075,881,1469105972083451765,,0.206000000238,23.8799991608
1469105972107192050,882,1469105972103392107,,0.206000000238,23.8799991608
1469105972128334370,883,1469105972123678490,,0.206000000238,23.8799991608
1469105972149350074,884,1469105972144763101,,0.206000000238,23.8799991608
1469105972169723072,885,1469105972163463808,,0.247200012207,23.8799991608
1469105972188562790,886,1469105972183417014,,0.206000000238,23.8799991608
1469105972205711676,887,1469105972203390533,,0.206000000238,23.8400001526
1469105972225602747,888,1469105972223390874,,0.206000000238,23.8799991608
1469105972245655172,889,1469105972243397101,,0.206000000238,23.8799991608
1469105972265749107,890,1469105972263452286,,0.206000000238,23.8799991608
1469105972285663042,891,1469105972283461430,,0.206000000238,23.8799991608
1469105972305606092,892,1469105972303415730,,0.206000000238,23.8799991608
1469105972325559663,893,1469105972323406696,,0.206000000238,23.8799991608
1469105972345709848,894,1469105972343433027,,0.206000000238,23.8799991608
1469105972365708106,895,1469105972363453213,,0.247200012207,23.8799991608
1469105972385529854,896,1469105972383387408,,0.206000000238,23.8799991608
1469105972405887747,897,1469105972403415823,,0.206000000238,23.8400001526
1469105972426134963,898,1469105972423476893,,0.206000000238,23.8799991608
1469105972446687804,899,1469105972443475620,,0.206000000238,23.8799991608
1469105972466386219,900,1469105972463467732,,0.206000000238,23.8799991608
1469105972485656248,901,1469105972483437761,,0.206000000238,23.8799991608
1469105972505635600,902,1469105972503404665,,0.206000000238,23.8799991608
1469105972525619848,903,1469105972523408080,,0.206000000238,23.8799991608
1469105972545814929,904,1469105972543505765,,0.206000000238,23.8799991608
1469105972565560167,905,1469105972563399804,,0.247200012207,23.8799991608
1469105972585589258,906,1469105972583423427,,0.206000000238,23.8799991608
1469105972605606995,907,1469105972603375592,,0.206000000238,23.8400001526
1469105972625693274,908,1469105972623426141,,0.206000000238,23.8799991608
1469105972645675334,909,1469105972643519035,,0.206000000238,23.8799991608
1469105972665586718,910,1469105972663416095,,0.206000000238,23.8799991608
1469105972685581382,911,1469105972683427791,,0.206000000238,23.8799991608
1469105972705514484,912,1469105972703417351,,0.206000000238,23.8799991608
1469105972725704721,913,1469105972723448942,,0.247200012207,23.8799991608
1469105972746679541,914,1469105972743591107,,0.206000000238,23.8799991608
1469105972767716964,915,1469105972764444937,,0.247200012207,23.8799991608
1469105972784858663,916,1469105972783469602,,0.206000000238,23.8799991608
1469105972805583014,917,1469105972803412965,,0.206000000238,23.8799991608
1469105972827757311,918,1469105972824325232,,0.206000000238,23.8799991608
1469105972845439635,919,1469105972843428856,,0.206000000238,23.8799991608
1469105972864821435,920,1469105972863496854,,0.206000000238,23.8799991608
1469105972885564901,921,1469105972883461362,,0.206000000238,23.8799991608
1469105972905786076,922,1469105972903746130,,0.206000000238,23.8799991608
1469105972924660793,923,1469105972923379493,,0.247200012207,23.8799991608
1469105972945623790,924,1469105972943480667,,0.206000000238,23.8799991608
1469105972964736528,925,1469105972963484446,,0.247200012207,23.8799991608
1469105972984728953,926,1469105972983420621,,0.206000000238,23.8799991608
1469105973005446690,927,1469105973003387161,,0.206000000238,23.8799991608
1469105973024757553,928,1469105973023467502,,0.206000000238,23.8799991608
1469105973046250653,929,1469105973043481333,,0.206000000238,23.8799991608
1469105973066158703,930,1469105973063557924,,0.206000000238,23.8799991608
1469105973087084668,931,1469105973083513839,,0.206000000238,23.8799991608
1469105973105543657,932,1469105973103490691,,0.206000000238,23.8799991608
1469105973125448999,933,1469105973123399470,,0.247200012207,23.8799991608
1469105973146619026,934,1469105973143759707,,0.206000000238,23.8799991608
1469105973164707078,935,1469105973163376507,,0.247200012207,23.8799991608
1469105973184772159,936,1469105973183429348,,0.206000000238,23.8799991608
1469105973208145778,937,1469105973203396669,,0.206000000238,23.8400001526
1469105973228147266,938,1469105973223452479,,0.206000000238,23.8799991608
1469105973246368026,939,1469105973243380165,,0.206000000238,23.8799991608
1469105973265838889,940,1469105973263774412,,0.206000000238,23.8799991608
1469105973285489595,941,1469105973283511472,,0.206000000238,23.8799991608
1469105973304759677,942,1469105973303441085,,0.206000000238,23.8799991608
1469105973325556111,943,1469105973323424499,,0.247200012207,23.8799991608
1469105973345614682,944,1469105973343460361,,0.206000000238,23.8799991608
1469105973365908044,945,1469105973363733411,,0.247200012207,23.8799991608
1469105973385732656,946,1469105973383576982,,0.206000000238,23.8799991608
1469105973405723883,947,1469105973403521698,,0.206000000238,23.8400001526
1469105973425119850,948,1469105973423572561,,0.206000000238,23.8400001526
1469105973446088368,949,1469105973443805246,,0.206000000238,23.8799991608
1469105973467448916,950,1469105973463538452,,0.206000000238,23.8799991608
1469105973485659208,951,1469105973483451033,,0.206000000238,23.8799991608
1469105973505648455,952,1469105973503455229,,0.206000000238,23.8799991608
1469105973525516453,953,1469105973523381560,,0.206000000238,23.8799991608
1469105973545641638,954,1469105973543463932,,0.206000000238,23.8799991608
1469105973565597969,955,1469105973563397555,,0.247200012207,23.8799991608
1469105973585780082,956,1469105973583542115,,0.206000000238,23.8799991608
1469105973605597871,957,1469105973603413238,,0.206000000238,23.8799991608
1469105973625867431,958,1469105973623692694,,0.206000000238,23.8400001526
1469105973645703085,959,1469105973643391890,,0.206000000238,23.8799991608
1469105973665567437,960,1469105973663431190,,0.206000000238,23.8799991608
1469105973685568091,961,1469105973683413354,,0.206000000238,23.8799991608
1469105973705682808,962,1469105973703482654,,0.206000000238,23.8799991608
1469105973725562993,963,1469105973723418412,,0.206000000238,23.8799991608
1469105973745838438,964,1469105973743540785,,0.206000000238,23.8799991608
1469105973764866541,965,1469105973763509772,,0.247200012207,23.8799991608
1469105973785820059,966,1469105973783584228,,0.206000000238,23.8799991608
1469105973805109724,967,1469105973803702798,,0.206000000238,23.8799991608
1469105973826797563,968,1469105973824165639,,0.247200012207,23.8799991608
1469105973846763686,969,1469105973843372805,,0.206000000238,23.8799991608
1469105973866549393,970,1469105973863444240,,0.206000000238,23.8799991608
1469105973889879105,971,1469105973883484790,,0.206000000238,23.8799991608
1469105973909778666,972,1469105973903451381,,0.206000000238,23.8799991608
1469105973927394739,973,1469105973923391983,,0.206000000238,23.8799991608
1469105973945623260,974,1469105973943390033,,0.206000000238,23.8799991608
1469105973966418548,975,1469105973963408239,,0.247200012207,23.8799991608
1469105973987067066,976,1469105973983431705,,0.247200012207,23.8799991608
1469105974006773293,977,1469105974003401943,,0.206000000238,23.8799991608
1469105974027433269,978,1469105974023416659,,0.206000000238,23.8400001526
1469105974048344287,979,1469105974043438511,,0.206000000238,23.8799991608
1469105974070031501,980,1469105974063479113,,0.206000000238,23.8799991608
1469105974089730958,981,1469105974084234558,,0.206000000238,23.8799991608
1469105974108821196,982,1469105974103448129,,0.206000000238,23.8799991608
1469105974129360599,983,1469105974123376492,,0.206000000238,23.8799991608
1469105974145636674,984,1469105974143374541,,0.206000000238,23.8799991608
1469105974166855035,985,1469105974163431081,,0.247200012207,23.8799991608
1469105974186501471,986,1469105974183456058,,0.247200012207,23.8799991608
1469105974206650770,987,1469105974203385045,,0.206000000238,23.8799991608
1469105974229735431,988,1469105974223429189,,0.206000000238,23.8400001526
1469105974248265566,989,1469105974243382186,,0.206000000238,23.8799991608
1469105974270021739,990,1469105974263382163,,0.206000000238,23.8799991608
1469105974286348699,991,1469105974283407557,,0.206000000238,23.8799991608
1469105974305879927,992,1469105974303410815,,0.206000000238,23.8799991608
1469105974325729435,993,1469105974323442146,,0.206000000238,23.8799991608
1469105974345861547,994,1469105974343488060,,0.206000000238,23.8799991608
1469105974366903919,995,1469105974363411058,,0.247200012207,23.8799991608
1469105974387691759,996,1469105974383540358,,0.247200012207,23.8799991608
1469105974407867725,997,1469105974404191167,,0.206000000238,23.8799991608
1469105974427448119,998,1469105974423437082,,0.206000000238,23.8400001526
1469105974445619973,999,1469105974443385497,,0.206000000238,23.8799991608
1469105974465699482,1000,1469105974463415734,,0.206000000238,23.8799991608
1469105974485688938,1001,1469105974483442846,,0.206000000238,23.8799991608
1469105974505691987,1002,1469105974503376782,,0.206000000238,23.8799991608
1469105974525780714,1003,1469105974523409102,,0.247200012207,23.8799991608
1469105974545614702,1004,1469105974543415277,,0.206000000238,23.8799991608
1469105974565672804,1005,1469105974563398171,,0.206000000238,23.8799991608
1469105974585676270,1006,1469105974583437627,,0.247200012207,23.8799991608
1469105974605585882,1007,1469105974603388125,,0.206000000238,23.8799991608
1469105974625605859,1008,1469105974623393570,,0.206000000238,23.8400001526
1469105974646222554,1009,1469105974643390787,,0.206000000238,23.8799991608
1469105974666318052,1010,1469105974663428264,,0.206000000238,23.8799991608
1469105974687124226,1011,1469105974683420220,,0.206000000238,23.8799991608
1469105974708214670,1012,1469105974703606863,,0.206000000238,23.8799991608
1469105974728094387,1013,1469105974724368089,,0.247200012207,23.8799991608
1469105974746297439,1014,1469105974743401244,,0.206000000238,23.8799991608
1469105974765706635,1015,1469105974763409190,,0.206000000238,23.8799991608
1469105974785697445,1016,1469105974783404062,,0.247200012207,23.8799991608
1469105974805629297,1017,1469105974803389664,,0.206000000238,23.8799991608
1469105974827122970,1018,1469105974824211411,,0.206000000238,23.8400001526
1469105974846035292,1019,1469105974843585139,,0.206000000238,23.8799991608
1469105974865455738,1020,1469105974863601730,,0.206000000238,23.8799991608
1469105974886348891,1021,1469105974883748634,,0.206000000238,23.8799991608
1469105974905486890,1022,1469105974903756736,,0.206000000238,23.8799991608
1469105974928884103,1023,1469105974923562390,,0.206000000238,23.8799991608
1469105974945321063,1024,1469105974943483148,,0.247200012207,23.8799991608
1469105974966487601,1025,1469105974963493542,,0.206000000238,23.8799991608
1469105974984795757,1026,1469105974983420290,,0.247200012207,23.8799991608
1469105975004888963,1027,1469105975003482871,,0.206000000238,23.8799991608
1469105975025735293,1028,1469105975023608472,,0.206000000238,23.8799991608
1469105975045752666,1029,1469105975043552460,,0.206000000238,23.8799991608
1469105975067167016,1030,1469105975063496708,,0.206000000238,23.8799991608
1469105975085596213,1031,1469105975083435487,,0.206000000238,23.8799991608
1469105975105475722,1032,1469105975103437338,,0.206000000238,23.8799991608
1469105975125423928,1033,1469105975123373982,,0.206000000238,23.8799991608
1469105975145558644,1034,1469105975143445417,,0.247200012207,23.8799991608
1469105975165396590,1035,1469105975163396384,,0.206000000238,23.8799991608
1469105975185481462,1036,1469105975183404225,,0.247200012207,23.8799991608
1469105975205442533,1037,1469105975203398733,,0.206000000238,23.8799991608
1469105975225573916,1038,1469105975223410429,,0.206000000238,23.8799991608
1469105975248531025,1039,1469105975243656343,,0.206000000238,23.8799991608
1469105975266239546,1040,1469105975263434654,,0.206000000238,23.8799991608
1469105975284914160,1041,1469105975283416974,,0.206000000238,23.8799991608
1469105975305810073,1042,1469105975303394816,,0.206000000238,23.8799991608
1469105975325552603,1043,1469105975323385261,,0.206000000238,23.8799991608
1469105975347465494,1044,1469105975343461280,,0.247200012207,23.8799991608
1469105975365884691,1045,1469105975363740527,,0.206000000238,23.8799991608
1469105975385525971,1046,1469105975383529046,,0.247200012207,23.8799991608
1469105975406190530,1047,1469105975403380429,,0.206000000238,23.8799991608
1469105975426337851,1048,1469105975423434000,,0.206000000238,23.8799991608
1469105975446458036,1049,1469105975443559133,,0.206000000238,23.8799991608
1469105975466347805,1050,1469105975463527131,,0.206000000238,23.8799991608
1469105975486346115,1051,1469105975483486535,,0.206000000238,23.8799991608
1469105975505648332,1052,1469105975503399481,,0.206000000238,23.8799991608
1469105975526250548,1053,1469105975523485447,,0.206000000238,23.8799991608
1469105975545814379,1054,1469105975543565892,,0.247200012207,23.8799991608
1469105975566172585,1055,1469105975563413526,,0.206000000238,23.8799991608
1469105975586654228,1056,1469105975583472148,,0.247200012207,23.8799991608
1469105975606176497,1057,1469105975603442021,,0.206000000238,23.8799991608
1469105975626137307,1058,1469105975623404186,,0.206000000238,23.8799991608
1469105975646415826,1059,1469105975643668746,,0.206000000238,23.8799991608
1469105975666415230,1060,1469105975663819504,,0.206000000238,23.8799991608
1469105975684475678,1061,1469105975683375002,,0.206000000238,23.8799991608
1469105975704483363,1062,1469105975703370135,,0.206000000238,23.8799991608
1469105975725245891,1063,1469105975723368393,,0.206000000238,23.8799991608
1469105975744639723,1064,1469105975743397537,,0.247200012207,23.8799991608
1469105975766085583,1065,1469105975763360899,,0.206000000238,23.8799991608
1469105975784684156,1066,1469105975783446449,,0.247200012207,23.8799991608
1469105975806346318,1067,1469105975803382988,,0.206000000238,23.8799991608
1469105975826134420,1068,1469105975823745517,,0.206000000238,23.8799991608
1469105975845824866,1069,1469105975843399765,,0.206000000238,23.8799991608
1469105975864810417,1070,1469105975863432502,,0.206000000238,23.8799991608
1469105975884889144,1071,1469105975883423104,,0.206000000238,23.8799991608
1469105975906584952,1072,1469105975903550372,,0.206000000238,23.8799991608
1469105975926413106,1073,1469105975923659203,,0.206000000238,23.8799991608
1469105975945977198,1074,1469105975943703816,,0.247200012207,23.8799991608
1469105975966929414,1075,1469105975963595095,,0.206000000238,23.8799991608
1469105975986406214,1076,1469105975983523197,,0.206000000238,23.8400001526
1469105976005802025,1077,1469105976003381195,,0.206000000238,23.8799991608
1469105976026031689,1078,1469105976023439505,,0.206000000238,23.8799991608
1469105976044935886,1079,1469105976043374846,,0.206000000238,23.8799991608
1469105976065776800,1080,1469105976063391386,,0.206000000238,23.8799991608
1469105976085782974,1081,1469105976083427821,,0.206000000238,23.8799991608
1469105976105698889,1082,1469105976103400506,,0.206000000238,23.8799991608
1469105976125709178,1083,1469105976123390952,,0.206000000238,23.8799991608
1469105976145490978,1084,1469105976143513949,,0.247200012207,23.8799991608
1469105976166094392,1085,1469105976163537780,,0.206000000238,23.8799991608
1469105976186093275,1086,1469105976183447497,,0.206000000238,23.8400001526
1469105976205676065,1087,1469105976203428672,,0.206000000238,23.8799991608
1469105976225533594,1088,1469105976223632555,,0.206000000238,23.8799991608
1469105976246025706,1089,1469105976243486073,,0.206000000238,23.8799991608
1469105976266645422,1090,1469105976263394175,,0.206000000238,23.8799991608
1469105976286155712,1091,1469105976283428058,,0.206000000238,23.8799991608
1469105976306176105,1092,1469105976303370900,,0.206000000238,23.8799991608
1469105976326408738,1093,1469105976323414366,,0.206000000238,23.8799991608
1469105976346385277,1094,1469105976343492572,,0.247200012207,23.8799991608
1469105976366364369,1095,1469105976363594216,,0.206000000238,23.8799991608
1469105976386432679,1096,1469105976383569089,,0.206000000238,23.8400001526
1469105976406280104,1097,1469105976403515316,,0.206000000238,23.8799991608
1469105976426294039,1098,1469105976423387793,,0.206000000238,23.8799991608
1469105976446096516,1099,1469105976443406780,,0.206000000238,23.8799991608
1469105976466188212,1100,1469105976463499309,,0.206000000238,23.8799991608
1469105976486232980,1101,1469105976483441213,,0.206000000238,23.8799991608
1469105976504508793,1102,1469105976503399315,,0.206000000238,23.8799991608
1469105976524992936,1103,1469105976523685437,,0.206000000238,23.8799991608
1469105976545983328,1104,1469105976543590154,,0.247200012207,23.8799991608
1469105976564709608,1105,1469105976563552162,,0.206000000238,23.8799991608
1469105976584772189,1106,1469105976583604587,,0.206000000238,23.8400001526
1469105976604531802,1107,1469105976603389303,,0.206000000238,23.8799991608
1469105976624602873,1108,1469105976623513499,,0.206000000238,23.8799991608
1469105976644606547,1109,1469105976643498840,,0.206000000238,23.8799991608
1469105976664704962,1110,1469105976663612775,,0.206000000238,23.8799991608
1469105976684790668,1111,1469105976683584054,,0.206000000238,23.8799991608
1469105976704582832,1112,1469105976703514552,,0.206000000238,23.8799991608
1469105976724656924,1113,1469105976723550415,,0.206000000238,23.8400001526
1469105976744430547,1114,1469105976743394454,,0.247200012207,23.8799991608
1469105976764612346,1115,1469105976763461775,,0.206000000238,23.8799991608
1469105976785623624,1116,1469105976784025813,,0.206000000238,23.8799991608
1469105976804541988,1117,1469105976803389541,,0.206000000238,23.8799991608
1469105976827174930,1118,1469105976823599622,,0.206000000238,23.8799991608
1469105976844426264,1119,1469105976843389651,,0.247200012207,23.8799991608
1469105976864704522,1120,1469105976863641034,,0.206000000238,23.8799991608
1469105976886465278,1121,1469105976883503615,,0.206000000238,23.8799991608
1469105976906326766,1122,1469105976903524894,,0.206000000238,23.8799991608
1469105976926323930,1123,1469105976923569506,,0.247200012207,23.8799991608
1469105976946339324,1124,1469105976943529275,,0.247200012207,23.8799991608
1469105976967979195,1125,1469105976963574616,,0.206000000238,23.8799991608
1469105976987264954,1126,1469105976983630427,,0.206000000238,23.8400001526
1469105977006515192,1127,1469105977003504622,,0.206000000238,23.8799991608
1469105977028008969,1128,1469105977023433818,,0.206000000238,23.8799991608
1469105977045687699,1129,1469105977043396087,,0.0,-0.0799999982119
1469105977065687207,1130,1469105977063393355,,0.0,-0.119999997318
1469105977085844683,1131,1469105977083386822,,0.0,-0.119999997318
1469105977105583411,1132,1469105977103651225,,0.0,-0.119999997318
1469105977125783596,1133,1469105977123426567,,0.0,-0.119999997318
1469105977145858468,1134,1469105977143568106,,0.0,-0.119999997318
1469105977165718654,1135,1469105977163442510,,0.0,-0.119999997318
1469105977185528266,1136,1469105977183638529,,0.0,-0.0799999982119
1469105977205714962,1137,1469105977203407152,,0.0,-0.119999997318
1469105977225733532,1138,1469105977223356452,,0.0,-0.119999997318
1469105977245649759,1139,1469105977243403876,,0.0,-0.119999997318
1469105977265976871,1140,1469105977263599791,,0.0,-0.0799999982119
1469105977286524452,1141,1469105977283544507,,0.0,-0.119999997318
1469105977306154221,1142,1469105977303688182,,0.0,-0.159999996424
1469105977326160135,1143,1469105977323636544,,0.0,-0.0799999982119
1469105977346301466,1144,1469105977343776625,,0.0,-0.119999997318
1469105977366596963,1145,1469105977363432488,,0.0,-0.119999997318
1469105977386117305,1146,1469105977383416163,,0.0,-0.119999997318
1469105977405601449,1147,1469105977403412025,,0.0,-0.0799999982119
1469105977426170332,1148,1469105977423380283,,0.0,-0.119999997318
1469105977446360204,1149,1469105977443666145,,0.0,-0.119999997318
1469105977466202369,1150,1469105977463475758,,0.0,-0.119999997318
1469105977486712918,1151,1469105977483652505,,0.0,-0.119999997318
1469105977504602533,1152,1469105977503533836,,0.0,-0.119999997318
1469105977524565635,1153,1469105977523532667,,0.0,-0.119999997318
1469105977546016131,1154,1469105977543391134,,0.0,-0.119999997318
1469105977564546787,1155,1469105977563522465,,0.0,-0.119999997318
1469105977584516191,1156,1469105977583493171,,0.0,-0.119999997318
1469105977605921530,1157,1469105977603481325,,0.0,-0.0799999982119
1469105977625245466,1158,1469105977623546875,,0.0,-0.119999997318
1469105977644541642,1159,1469105977643482268,,0.0,-0.119999997318
1469105977664534848,1160,1469105977663432402,,0.0,-0.0799999982119
1469105977684450398,1161,1469105977683402899,,0.0,-0.119999997318
1469105977704443031,1162,1469105977703373345,,0.0,-0.119999997318
1469105977726180037,1163,1469105977723492124,,0.0,-0.119999997318
1469105977744576579,1164,1469105977743503142,,0.0,-0.119999997318
1469105977768464936,1165,1469105977763382442,,0.0,-0.119999997318
1469105977786228510,1166,1469105977783378044,,0.0,-0.119999997318
1469105977808346505,1167,1469105977803452761,,0.0,-0.119999997318
1469105977827923045,1168,1469105977823634873,,0.0,-0.119999997318
1469105977846568284,1169,1469105977843664120,,0.0,-0.0799999982119
1469105977866027480,1170,1469105977863465139,,0.0,-0.0799999982119
1469105977886426571,1171,1469105977883764282,,0.0,-0.119999997318
1469105977909369565,1172,1469105977903390458,,0.0,-0.319999992847
1469105977926388921,1173,1469105977923364080,,0.0,-0.319999992847
1469105977948371656,1174,1469105977943397182,,0.0,-0.800000011921
1469105977968550330,1175,1469105977963412680,,0.0,-2.75999999046
1469105977985058488,1176,1469105977983603750,,0.0,-8.07999992371
1469105978006505911,1177,1469105978003414717,,0.0,-8.27999973297
1469105978028679480,1178,1469105978023658496,,0.0,-8.27999973297
1469105978046003470,1179,1469105978043396181,,0.0,-13.3999996185
1469105978065880634,1180,1469105978063419596,,0.0,-17.3600006104
1469105978085866497,1181,1469105978083411448,,0.0,-19.6800003052
1469105978105960224,1182,1469105978103379602,,0.0,-19.7999992371
1469105978125823326,1183,1469105978123467599,,0.0,-20.3999996185
1469105978146144760,1184,1469105978143540597,,0.0,-20.2800006866
1469105978165610311,1185,1469105978163659844,,0.0,-20.1200008392
1469105978186465964,1186,1469105978183611853,,0.0,-19.6800003052
1469105978206311306,1187,1469105978203531621,,0.0,-19.6800003052
1469105978226462845,1188,1469105978223701650,,0.0,-19.5200004578
1469105978246227041,1189,1469105978243626731,,0.0,-19.4799995422
1469105978266771965,1190,1469105978263500667,,0.0,-19.5200004578
1469105978289140168,1191,1469105978283472675,,0.0,-18.7199993134
1469105978311383684,1192,1469105978303398902,,0.0,-15.9600000381
1469105978326397156,1193,1469105978323449972,,0.0,-15.9600000381
1469105978346784685,1194,1469105978343609480,,0.0,-11.3199996948
1469105978366503933,1195,1469105978363377062,,0.0,-4.59999990463
1469105978386409587,1196,1469105978383405997,,0.0,-4.59999990463
1469105978408141333,1197,1469105978403415453,,0.0,1.39999997616
1469105978425787406,1198,1469105978423496159,,0.0,1.60000002384
1469105978446743840,1199,1469105978443635667,,0.0,6.44000005722
1469105978469214179,1200,1469105978463395956,,0.0,11.3199996948
1469105978488880927,1201,1469105978483409475,,0.0,11.5600004196
1469105978505699189,1202,1469105978503440285,,0.0,17.0
1469105978527829267,1203,1469105978523409585,,0.0,18.0400009155
1469105978546491954,1204,1469105978543404562,,0.0,18.5200004578
1469105978566632920,1205,1469105978563477299,,0.0,18.7199993134
1469105978588096698,1206,1469105978583520088,,0.0,18.6000003815
1469105978605972458,1207,1469105978603560742,,0.0,18.7199993134
1469105978628968473,1208,1469105978623581917,,0.0,18.5200004578
1469105978649674960,1209,1469105978643646582,,0.0,18.5200004578
1469105978668011918,1210,1469105978663381715,,0.0,18.3999996185
1469105978693071576,1211,1469105978683508567,,0.0,15.8000001907
1469105978708227861,1212,1469105978703372763,,0.0,7.44000005722
1469105978726527215,1213,1469105978723406125,,0.0,-1.15999996662
1469105978748250367,1214,1469105978743429018,,0.0,-1.27999997139
1469105978767986021,1215,1469105978763400141,,0.0,-8.11999988556
1469105978786033136,1216,1469105978783644441,,0.0,-12.5200004578
1469105978808353995,1217,1469105978803449834,,0.0,-17.3600006104
1469105978827455275,1218,1469105978824258092,,0.0,-17.5599994659
1469105978845066661,1219,1469105978843537496,,0.0,-19.8400001526
1469105978865544919,1220,1469105978863814400,,0.0,-19.7600002289
1469105978885051251,1221,1469105978883582398,,0.0,-19.7600002289
1469105978905111956,1222,1469105978903530083,,0.0,-19.9200000763
1469105978925274850,1223,1469105978923587196,,0.0,-17.5599994659
1469105978947032325,1224,1469105978945345295,,0.0,-17.3999996185
1469105978966899489,1225,1469105978963611628,,0.0,-10.6400003433
1469105978987973163,1226,1469105978983757074,,0.0,-10.6400003433
1469105979005628195,1227,1469105979003866478,,0.0,-1.08000004292
1469105979029772698,1228,1469105979023707913,,0.0,4.63999986649
1469105979048618145,1229,1469105979044971847,,0.0,11.3599996567
1469105979068525205,1230,1469105979063485524,,0.0,11.3599996567
1469105979087747110,1231,1469105979084840707,,0.0,15.5600004196
1469105979107870368,1232,1469105979103804748,,0.0,15.5600004196
1469105979127625345,1233,1469105979124731130,,0.0,17.1599998474
1469105979146955062,1234,1469105979144909388,,0.0,15.7600002289
1469105979169937380,1235,1469105979166863946,,0.0,15.6800003052
1469105979187407099,1236,1469105979184800644,,0.0,8.84000015259
1469105979208282023,1237,1469105979203497966,,0.0,-1.36000001431
1469105979225874711,1238,1469105979224055390,,0.0,-10.6400003433
1469105979246403385,1239,1469105979244694429,,0.0,-10.6400003433
1469105979272554501,1240,1469105979263512949,,0.0,-17.8400001526
1469105979286559901,1241,1469105979284826622,,0.0,-17.8400001526
1469105979306648836,1242,1469105979304897640,,0.0,-19.9200000763
1469105979326933657,1243,1469105979325165950,,0.0,-19.6800003052
1469105979347058738,1244,1469105979345241396,,0.0,-15.1999998093
1469105979367131996,1245,1469105979364929342,,0.0,-15.0
1469105979387738482,1246,1469105979383710570,,0.0,-7.03999996185
1469105979409404759,1247,1469105979405085025,,0.0,0.920000016689
1469105979428750466,1248,1469105979424891564,,0.0,4.63999986649
1469105979448433360,1249,1469105979443632116,,0.0,4.80000019073
1469105979471742812,1250,1469105979465907350,,0.0,8.27999973297
1469105979487783940,1251,1469105979484037017,,0.0,9.35999965668
1469105979507139646,1252,1469105979504844857,,0.0,9.35999965668
1469105979527127800,1253,1469105979524800043,,0.0,9.31999969482
1469105979548147203,1254,1469105979543607833,,0.0,9.31999969482
1469105979568407805,1255,1469105979564641455,,0.0,7.40000009537
1469105979588531948,1256,1469105979584195703,,0.0,-0.479999989271
1469105979609091143,1257,1469105979605485626,,0.0,-0.639999985695
1469105979627077477,1258,1469105979625819197,,0.0,-9.72000026703
1469105979645506674,1259,1469105979644023707,,0.0,-17.3600006104
1469105979665308109,1260,1469105979663774986,,0.0,-19.6800003052
1469105979685341107,1261,1469105979683906473,,0.0,-19.7600002289
1469105979706196187,1262,1469105979703679888,,0.0,-19.7600002289
1469105979726772153,1263,1469105979723610698,,0.0,-17.7199993134
1469105979748103535,1264,1469105979743695102,,0.0,-9.68000030518
1469105979767250075,1265,1469105979763994870,,0.0,1.15999996662
1469105979787255416,1266,1469105979783613910,,0.0,6.96000003815
1469105979806518467,1267,1469105979803610398,,0.0,7.07999992371
1469105979834093487,1268,1469105979832484270,,0.0,11.0399999619
1469105979856493461,1269,1469105979853619819,,0.0,11.1199998856
1469105979869294280,1270,1469105979866838658,,0.0,8.56000041962
1469105979885092960,1271,1469105979883505618,,0.0,8.47999954224
1469105979905011999,1272,1469105979903482834,,0.0,-1.60000002384
1469105979927152651,1273,1469105979924017863,,0.0,-1.60000002384
1469105979945543775,1274,1469105979943752319,,0.0,-10.6400003433
1469105979965366773,1275,1469105979963781202,,0.0,-15.0399999619
1469105979985704458,1276,1469105979983887221,,0.0,-15.1999998093
1469105980006097247,1277,1469105980003885531,,0.0,-18.3600006104
1469105980026000349,1278,1469105980024102591,,0.0,-18.5200004578
1469105980046382252,1279,1469105980044436213,,0.0,-13.3999996185
1469105980068005873,1280,1469105980063977597,,0.0,-13.2399997711
1469105980087889184,1281,1469105980084263823,,0.0,-8.31999969482
1469105980107605359,1282,1469105980103912551,,0.0,-8.31999969482
1469105980128117366,1283,1469105980124095236,,0.0,-0.439999997616
1469105980146790053,1284,1469105980143816098,,0.0,-0.40000000596
1469105980166628832,1285,1469105980163574461,,0.0,0.159999996424
1469105980186321518,1286,1469105980184471468,,0.0,0.280000001192
1469105980208422222,1287,1469105980203779727,,0.0,0.239999994636
1469105980227198814,1288,1469105980224850692,,0.0,0.20000000298
1469105980247994259,1289,1469105980243450046,,0.0,-0.119999997318
1469105980267186737,1290,1469105980264840646,,0.0,-0.0799999982119
1469105980287855203,1291,1469105980283617030,,0.0,-0.119999997318
1469105980309030282,1292,1469105980305384089,,0.0,-0.119999997318
1469105980327616094,1293,1469105980324658650,,0.0,-0.119999997318
1469105980348110654,1294,1469105980345106595,,0.0,-0.119999997318
1469105980366550789,1295,1469105980364657406,,0.0,-0.119999997318
1469105980385156132,1296,1469105980383555613,,0.0,-0.119999997318
1469105980405543973,1297,1469105980403419132,,0.0,-0.119999997318
1469105980426540251,1298,1469105980424858482,,0.0,-0.119999997318
1469105980445236375,1299,1469105980443617783,,0.0,-0.119999997318
1469105980466772444,1300,1469105980465011508,,0.0,-0.119999997318
1469105980487096900,1301,1469105980485377110,,0.0,-0.119999997318
1469105980507186147,1302,1469105980505519587,,0.0,-0.0799999982119
1469105980528116383,1303,1469105980523720399,,0.0,-0.119999997318
1469105980548207298,1304,1469105980545358759,,0.0,-0.119999997318
1469105980569398367,1305,1469105980566869307,,0.0,-0.119999997318
1469105980588077668,1306,1469105980584834860,,0.0,-0.119999997318
1469105980608226082,1307,1469105980605132596,,0.0,-0.119999997318
1469105980627032571,1308,1469105980623500857,,0.0,-0.119999997318
1469105980648173276,1309,1469105980643431458,,0.0,-0.0799999982119
1469105980667961534,1310,1469105980663909039,,0.0,-0.119999997318
1469105980688095886,1311,1469105980683750110,,0.0,-0.280000001192
1469105980708112009,1312,1469105980704639252,,0.0,-0.0799999982119
1469105980727056154,1313,1469105980724790114,,0.0,-0.119999997318
1469105980748222067,1314,1469105980745099310,,0.0,-0.119999997318
1469105980767426732,1315,1469105980763625486,,0.0,-0.0799999982119
1469105980788990561,1316,1469105980783786453,,0.0,-0.0799999982119
1469105980808835590,1317,1469105980803776638,,0.0,-0.119999997318
1469105980828814005,1318,1469105980825645258,,0.0,-0.119999997318
1469105980848267211,1319,1469105980843720498,,0.0,-0.119999997318
1469105980866475524,1320,1469105980864826671,,0.0,-0.119999997318
1469105980886388626,1321,1469105980884843367,,0.0,-0.119999997318
1469105980906671050,1322,1469105980904910740,,0.0,-0.119999997318
1469105980928236182,1323,1469105980924974779,,0.0,-0.0799999982119
1469105980945943817,1324,1469105980943671893,,0.0,-0.119999997318
1469105980967548584,1325,1469105980963620724,,0.0,-0.119999997318
1469105980987524863,1326,1469105980983781794,,0.0,-0.0799999982119
1469105981009838431,1327,1469105981003426668,,0.0,-0.0799999982119
1469105981032707467,1328,1469105981024085342,,0.0,-0.0799999982119
1469105981046621670,1329,1469105981044703807,,0.0,-0.159999996424
1469105981068198989,1330,1469105981064798680,,0.0,-0.0799999982119
1469105981088109851,1331,1469105981084798917,,0.0,-0.0799999982119
1469105981108879306,1332,1469105981105296185,,0.0,-0.159999996424
1469105981127509441,1333,1469105981124960850,,0.0,-0.119999997318
1469105981148280563,1334,1469105981145119733,,0.0,-0.119999997318
1469105981167414291,1335,1469105981163445597,,0.0,-0.159999996424
1469105981185634217,1336,1469105981183816042,,0.0,-0.0799999982119
1469105981208022994,1337,1469105981204932945,,0.0,-0.119999997318
1469105981226339275,1338,1469105981224658495,,0.0,-0.119999997318
1469105981245093732,1339,1469105981243457536,,0.0,-0.119999997318
1469105981266373760,1340,1469105981264703970,,0.0,-0.119999997318
1469105981285385092,1341,1469105981283775146,,0.0,-0.0799999982119
1469105981307074858,1342,1469105981305022673,,0.0,-0.119999997318
1469105981327770407,1343,1469105981324927650,,0.0,-0.119999997318
1469105981347600228,1344,1469105981343736379,,0.0,-0.119999997318
1469105981369021974,1345,1469105981363500366,,0.0,-0.119999997318
1469105981388469244,1346,1469105981385007268,,0.0,-0.119999997318
1469105981410259062,1347,1469105981404653912,,0.0,-0.0799999982119
1469105981428281489,1348,1469105981423469724,,0.0,-0.119999997318
1469105981447531259,1349,1469105981444746574,,0.0,-0.119999997318
1469105981468577380,1350,1469105981463474678,,0.0,-0.119999997318
1469105981487660848,1351,1469105981484867830,,0.0,-0.119999997318
1469105981507959314,1352,1469105981503620465,,0.0,-0.119999997318
1469105981527040490,1353,1469105981524735544,,0.0,-0.119999997318
1469105981548366611,1354,1469105981543511044,,0.0,-0.119999997318
1469105981571203251,1355,1469105981563822374,,0.0,-0.119999997318
1469105981585371724,1356,1469105981583620841,,0.0,-0.119999997318
1469105981606542481,1357,1469105981604768369,,0.0,-0.119999997318
1469105981626633239,1358,1469105981624852147,,0.0,-0.159999996424
1469105981646415248,1359,1469105981644780354,,0.0,-0.159999996424
1469105981665238611,1360,1469105981663548301,,0.0,-0.119999997318
1469105981686447753,1361,1469105981683780621,,0.0,-0.119999997318
1469105981708641426,1362,1469105981706040647,,0.0,-0.159999996424
1469105981727808487,1363,1469105981723691356,,0.0,-0.119999997318
1469105981749613410,1364,1469105981745731279,,0.0,-0.119999997318
1469105981768186044,1365,1469105981763537144,,0.0,-0.119999997318
1469105981787560762,1366,1469105981783479152,,0.0,-0.119999997318
1469105981807840113,1367,1469105981804611367,,0.0,-0.119999997318
1469105981836499195,1368,1469105981832929772,,0.0,-0.119999997318
1469105981856507869,1369,1469105981850020325,,0.0,-0.0799999982119
1469105981867130878,1370,1469105981864906037,,0.0,-0.0799999982119
1469105981888399655,1371,1469105981884849087,,0.0,-0.119999997318
1469105981908507341,1372,1469105981903492398,,0.0,-0.119999997318
1469105981926719715,1373,1469105981924929770,,0.0,-0.159999996424
1469105981946915421,1374,1469105981944875424,,0.0,-0.119999997318
1469105981965043942,1375,1469105981963471600,,0.0,-0.0399999991059
1469105981988430790,1376,1469105981984897200,,0.0,-0.159999996424
1469105982005088062,1377,1469105982003482856,,0.0,-0.119999997318
1469105982026646215,1378,1469105982024993821,,0.0,-0.119999997318
1469105982045590099,1379,1469105982043537601,,0.0,-0.119999997318
1469105982067352365,1380,1469105982065090962,,0.0,-0.119999997318
1469105982087413280,1381,1469105982083849898,,0.0,-0.119999997318
1469105982109055026,1382,1469105982105291957,,0.0,-0.119999997318
1469105982128724274,1383,1469105982124828184,,0.0,-0.119999997318
1469105982148159876,1384,1469105982143758163,,0.0,-0.0799999982119
1469105982170882767,1385,1469105982164592670,,0.0,-0.119999997318
1469105982186758321,1386,1469105982184792542,,0.0,-0.119999997318
1469105982207339599,1387,1469105982204692363,,0.0,-0.0799999982119
1469105982228009107,1388,1469105982224697496,,0.0,-0.0799999982119
1469105982246500960,1389,1469105982244725077,,0.0,-0.119999997318
1469105982268063071,1390,1469105982264715314,,0.0,-0.119999997318
1469105982288191589,1391,1469105982285016437,,0.0,-0.119999997318
1469105982307771254,1392,1469105982303475218,,0.0,-0.119999997318
1469105982326486754,1393,1469105982324805662,,0.0,-0.119999997318
1469105982345276211,1394,1469105982343501213,,0.0,-0.119999997318
1469105982366602072,1395,1469105982364852438,,0.0,-0.119999997318
1469105982386664444,1396,1469105982384937676,,0.0,-0.159999996424
1469105982405436089,1397,1469105982403595519,,0.0,-0.119999997318
1469105982427852366,1398,1469105982425211639,,0.0,0.20000000298
1469105982447387603,1399,1469105982444961460,,0.0,0.439999997616
1469105982467989090,1400,1469105982466417113,,0.0,0.959999978542
1469105982486373913,1401,1469105982483462926,,0.0,1.12000000477
1469105982505704880,1402,1469105982503393320,,0.0,3.07999992371
1469105982525754596,1403,1469105982523408870,,0.0,4.44000005722
1469105982545787906,1404,1469105982543453117,,0.0,4.44000005722
1469105982566441008,1405,1469105982563420021,,0.0,6.28000020981
1469105982586447807,1406,1469105982583394165,,0.0,6.44000005722
1469105982606440440,1407,1469105982603390913,,0.0,8.64000034332
1469105982626569688,1408,1469105982623391619,,0.0,10.4399995804
1469105982646797269,1409,1469105982643370189,,0.0,10.6000003815
1469105982666441204,1410,1469105982663406260,,0.0,11.8400001526
1469105982686610608,1411,1469105982683417956,,0.0,12.5200004578
1469105982706976158,1412,1469105982703449808,,0.0,13.1599998474
1469105982726575458,1413,1469105982723401868,,0.0,13.1599998474
1469105982746953247,1414,1469105982743430022,,0.0,13.1599998474
1469105982768763274,1415,1469105982763464269,,0.0,13.4399995804
1469105982789589396,1416,1469105982783978412,,0.0,13.4399995804
1469105982808714009,1417,1469105982803433390,,0.0,13.9200000763
1469105982828533934,1418,1469105982823628523,,0.0,14.1199998856
1469105982846872038,1419,1469105982843420219,,0.0,14.6000003815
1469105982866803577,1420,1469105982863419935,,0.0,14.5600004196
1469105982886490534,1421,1469105982883476527,,0.0,14.6000003815
1469105982907027177,1422,1469105982903574055,,0.0,14.6000003815
1469105982926434237,1423,1469105982923392939,,0.0,14.6000003815
1469105982946476089,1424,1469105982943476353,,0.0,15.279999733
1469105982966408202,1425,1469105982963413153,,0.0,15.5200004578
1469105982987874323,1426,1469105982983399015,,0.0,15.720000267
1469105983008871642,1427,1469105983003458576,,0.0,16.3600006104
1469105983028829275,1428,1469105983024261885,,0.0,16.4799995422
1469105983048777169,1429,1469105983043472748,,0.0,16.4799995422
1469105983069645791,1430,1469105983063375538,,0.0,17.1599998474
1469105983086246813,1431,1469105983083417546,,0.0,17.1200008392
1469105983106769862,1432,1469105983103421793,,0.0,17.1599998474
1469105983126417444,1433,1469105983123428385,,0.0,17.1599998474
1469105983146373202,1434,1469105983143428570,,0.0,16.6399993896
1469105983166440158,1435,1469105983163416464,,0.0,16.6800003052
1469105983186926645,1436,1469105983183382326,,0.0,15.3599996567
1469105983207292559,1437,1469105983203444386,,0.0,12.5200004578
1469105983226513995,1438,1469105983223461394,,0.0,0.479999989271
1469105983246786055,1439,1469105983243417309,,0.0,0.360000014305
1469105983267969624,1440,1469105983263399942,,0.0,1.15999996662
1469105983288751996,1441,1469105983283546481,,0.0,1.12000000477
1469105983309890826,1442,1469105983304222863,,0.0,1.12000000477
1469105983328792575,1443,1469105983323518466,,0.0,-0.119999997318
1469105983349128489,1444,1469105983343423547,,0.0,-0.119999997318
1469105983365812011,1445,1469105983363367691,,0.0,-0.0799999982119
1469105983386103550,1446,1469105983383401105,,0.0,-0.159999996424
1469105983406128996,1447,1469105983403421759,,0.0,-0.119999997318
1469105983426702566,1448,1469105983423443299,,0.0,-0.119999997318
1469105983446633011,1449,1469105983443425203,,0.0,-0.119999997318
1469105983466449395,1450,1469105983463453304,,0.0,-0.0799999982119
1469105983486670726,1451,1469105983483437552,,0.0,-0.0799999982119
1469105983506799244,1452,1469105983503413310,,0.0,-0.119999997318
1469105983526229378,1453,1469105983523444746,,0.0,-0.119999997318
1469105983546122584,1454,1469105983543436285,,0.0,-0.119999997318
1469105983566587508,1455,1469105983563407304,,0.0,-0.119999997318
1469105983586357069,1456,1469105983583418062,,0.0,-0.119999997318
1469105983606574077,1457,1469105983603436372,,0.0,-0.0799999982119
1469105983626319783,1458,1469105983623397859,,0.0,-0.680000007153
1469105983647308144,1459,1469105983643407940,,0.0,-2.31999993324
1469105983667753537,1460,1469105983663507657,,0.0,-2.3599998951
1469105983688612107,1461,1469105983684036123,,0.0,-4.44000005722
1469105983709255833,1462,1469105983704492974,,0.0,-6.23999977112
1469105983728150967,1463,1469105983723427744,,0.0,-8.56000041962
1469105983749265318,1464,1469105983743392773,,0.0,-8.56000041962
1469105983765729205,1465,1469105983763353739,,0.0,-8.72000026703
1469105983786034078,1466,1469105983783436737,,0.0,-11.8000001907
1469105983806065825,1467,1469105983803398328,,0.0,-14.6800003052
1469105983828442518,1468,1469105983823646482,,0.0,-14.6400003433
1469105983845687446,1469,1469105983843525157,,0.0,-15.9200000763
1469105983866685495,1470,1469105983863440186,,0.0,-16.9200000763
1469105983886105837,1471,1469105983883415632,,0.0,-17.7999992371
1469105983906524615,1472,1469105983903563265,,0.0,-17.7999992371
1469105983926687769,1473,1469105983923423242,,0.0,-17.8799991608
1469105983947750609,1474,1469105983943439885,,0.0,-19.1599998474
1469105983969148554,1475,1469105983964635955,,0.0,-19.4400005341
1469105983987424730,1476,1469105983983461662,,0.0,-19.6800003052
1469105984008686945,1477,1469105984003415441,,0.0,-19.7999992371
1469105984025915519,1478,1469105984023414272,,0.0,-19.7999992371
1469105984046158829,1479,1469105984043430916,,0.0,-19.4799995422
1469105984066206202,1480,1469105984063465892,,0.0,-19.2000007629
1469105984086642012,1481,1469105984083425713,,0.0,-18.0400009155
1469105984105874541,1482,1469105984103400690,,0.0,-18.0400009155
1469105984126328059,1483,1469105984123397282,,0.0,-16.1599998474
1469105984146402620,1484,1469105984143427310,,0.0,-16.1599998474
1469105984166698325,1485,1469105984163412235,,0.0,-14.1999998093
1469105984186383563,1486,1469105984183431796,,0.0,-12.5200004578
1469105984206650727,1487,1469105984203429793,,0.0,-10.6400003433
1469105984226339871,1488,1469105984223412166,,0.0,-10.5200004578
1469105984246471462,1489,1469105984243402143,,0.0,-8.47999954224
1469105984266227898,1490,1469105984263423109,,0.0,-6.67999982834
1469105984286192562,1491,1469105984283430847,,0.0,-3.72000002861
1469105984307840454,1492,1469105984303453115,,0.0,-3.72000002861
1469105984328440013,1493,1469105984324358872,,0.0,-0.439999997616
1469105984347832335,1494,1469105984343468329,,0.0,-0.439999997616
1469105984368997050,1495,1469105984363463410,,0.0,-0.119999997318
1469105984385020417,1496,1469105984383436460,,0.0,-0.119999997318
1469105984410060023,1497,1469105984403418781,,0.0,-0.119999997318
1469105984426156619,1498,1469105984423421206,,0.0,-0.119999997318
1469105984447418209,1499,1469105984443430297,,0.0,-0.119999997318
1469105984466431260,1500,1469105984463432774,,0.0,-0.119999997318
1469105984486231602,1501,1469105984483495563,,0.0,-0.0799999982119
1469105984506697932,1502,1469105984503421478,,0.0,-0.0799999982119
1469105984526575097,1503,1469105984523409319,,0.0,-0.159999996424
1469105984546433251,1504,1469105984543427421,,0.0,-0.119999997318
1469105984566253645,1505,1469105984563407346,,0.0,-0.119999997318
1469105984587121225,1506,1469105984583506177,,0.0,-0.159999996424
1469105984606903650,1507,1469105984603429644,,0.0,-0.119999997318
1469105984627625397,1508,1469105984623453058,,0.0,-0.119999997318
1469105984648428706,1509,1469105984644156472,,0.0,-0.119999997318
1469105984668150767,1510,1469105984663436293,,0.0,-0.119999997318
1469105984688923347,1511,1469105984683438770,,0.0,-0.119999997318
1469105984705866348,1512,1469105984703412132,,0.0,-0.119999997318
1469105984726087210,1513,1469105984723398776,,0.0,-0.119999997318
1469105984746110364,1514,1469105984743415784,,0.0,-0.119999997318
1469105984766120237,1515,1469105984763420292,,0.0,-0.119999997318
1469105984786612453,1516,1469105984783402300,,0.0,-0.0799999982119
1469105984806540451,1517,1469105984803433163,,0.0,-0.119999997318
1469105984826455792,1518,1469105984824464597,,0.0,-0.0799999982119
1469105984845094833,1519,1469105984843522491,,0.0,-0.119999997318
1469105984865493872,1520,1469105984863716791,,0.0,-0.0799999982119
1469105984886300411,1521,1469105984884643902,,0.0,-0.119999997318
1469105984905552211,1522,1469105984903654036,,0.0,-0.119999997318
1469105984926430572,1523,1469105984924647345,,0.0,-0.119999997318
1469105984946733205,1524,1469105984944817739,,0.0,-0.119999997318
1469105984965533079,1525,1469105984963675998,,0.0,-0.119999997318
1469105984987971647,1526,1469105984985217119,,0.0,-0.159999996424
1469105985008546207,1527,1469105985003699494,,0.0,-0.119999997318
1469105985029102068,1528,1469105985024681084,,0.0,-0.119999997318
1469105985047383349,1529,1469105985043962937,,0.0,-0.119999997318
1469105985066293380,1530,1469105985064437965,,0.0,-0.119999997318
1469105985097405948,1531,1469105985088626583,,0.0,-0.119999997318
1469105985109130726,1532,1469105985104536721,,0.0,-0.159999996424
1469105985126844351,1533,1469105985124403990,,0.0,-0.0799999982119
1469105985147033651,1534,1469105985143510738,,0.0,-0.119999997318
1469105985167727012,1535,1469105985163707017,,0.0,-0.119999997318
1469105985188485738,1536,1469105985184718816,,0.0,-0.119999997318
1469105985208293111,1537,1469105985203474107,,0.0,-0.119999997318
1469105985229379233,1538,1469105985223948666,,0.0,-0.119999997318
1469105985249264106,1539,1469105985245353954,,0.0,-0.119999997318
1469105985269064916,1540,1469105985265566431,,0.0,-0.0799999982119
1469105985285463283,1541,1469105985283912555,,0.0,-0.0799999982119
1469105985307169039,1542,1469105985303718314,,0.0,-0.119999997318
1469105985329236149,1543,1469105985323858603,,0.0,-0.119999997318
1469105985348294356,1544,1469105985345084985,,0.0,-0.119999997318
1469105985371242090,1545,1469105985364789233,,0.0,-0.119999997318
1469105985390476807,1546,1469105985384291918,,0.0,-0.119999997318
1469105985407846839,1547,1469105985404401583,,0.0,-0.119999997318
1469105985426853328,1548,1469105985424402080,,0.0,-0.119999997318
1469105985446907263,1549,1469105985444427474,,0.0,-0.119999997318
1469105985467487656,1550,1469105985465117658,,0.0,-0.119999997318
1469105985487154508,1551,1469105985484736073,,0.0,-0.119999997318
1469105985508049536,1552,1469105985504761779,,0.0,-0.119999997318
1469105985527235608,1553,1469105985523400977,,0.0,-0.119999997318
1469105985545457305,1554,1469105985543531526,,0.0,-0.119999997318
1469105985565351084,1555,1469105985563641138,,0.0,-0.0799999982119
1469105985585550019,1556,1469105985584009917,,0.0,-0.0799999982119
1469105985605686246,1557,1469105985604244477,,0.0,-0.119999997318
1469105985627379346,1558,1469105985625836691,,0.0,-0.0799999982119
1469105985645581148,1559,1469105985644075577,,0.0,-0.0799999982119
1469105985666069458,1560,1469105985664368470,,0.0,-0.280000001192
1469105985686738965,1561,1469105985685226154,,0.0,-0.119999997318
1469105985706975973,1562,1469105985705487954,,0.0,-0.159999996424
1469105985726483086,1563,1469105985724501577,,0.0,-0.119999997318
1469105985746365198,1564,1469105985744438534,,0.0,-0.119999997318
1469105985767594236,1565,1469105985765229551,,0.0,-0.119999997318
1469105985787138224,1566,1469105985784111040,,0.0,-0.0799999982119
1469105985806740857,1567,1469105985805266693,,0.0,-0.0799999982119
1469105985831189579,1568,1469105985824469274,,0.0,-0.0799999982119
1469105985848239039,1569,1469105985845365917,,0.0,-0.159999996424
1469105985868640473,1570,1469105985865552821,,0.0,-0.0799999982119
1469105985889858157,1571,1469105985885200506,,0.0,-0.119999997318
1469105985906683294,1572,1469105985905579441,,0.0,-0.119999997318
1469105985928386915,1573,1469105985925521814,,0.0,-0.119999997318
1469105985946952050,1574,1469105985944349709,,0.0,-0.119999997318
1469105985965741768,1575,1469105985963431093,,0.0,-0.119999997318
1469105985986498827,1576,1469105985983583466,,0.0,-0.119999997318
1469105986006482658,1577,1469105986003506411,,0.0,-0.119999997318
1469105986028035341,1578,1469105986023613888,,0.0,-0.119999997318
1469105986048493182,1579,1469105986045259384,,0.0,-0.119999997318
1469105986067361911,1580,1469105986063547696,,0.0,-0.119999997318
1469105986087189075,1581,1469105986083460590,,0.0,-0.119999997318
1469105986105805720,1582,1469105986103431608,,0.0,-0.119999997318
1469105986124960542,1583,1469105986123456377,,0.0,-0.119999997318
1469105986147549891,1584,1469105986145193904,,0.0,-0.119999997318
1469105986166009974,1585,1469105986163449872,,0.0,-0.119999997318
1469105986184880004,1586,1469105986183420683,,0.0,-0.119999997318
1469105986204953731,1587,1469105986203444930,,0.0,-0.119999997318
1469105986225940009,1588,1469105986223455376,,0.0,-0.0799999982119
1469105986244912278,1589,1469105986243417593,,0.0,-0.119999997318
1469105986265106474,1590,1469105986263505903,,0.0,-0.119999997318
1469105986286479574,1591,1469105986284198795,,0.0,-0.159999996424
1469105986306371114,1592,1469105986304332783,,0.0,-0.0799999982119
1469105986325930414,1593,1469105986323750000,,0.0,-0.119999997318
1469105986346648515,1594,1469105986344342736,,0.0,-0.119999997318
1469105986367487189,1595,1469105986364122818,,0.0,-0.119999997318
1469105986387276020,1596,1469105986384543992,,0.0,-0.119999997318
