%time,field.header.seq,field.header.stamp,field.header.frame_id,field.temperature,field.variance
1469105960928351268,323,1469105960923410493,,1.55491161346,0.0
1469105960948529578,324,1469105960943729115,,1.55496692657,0.0
1469105960967929608,325,1469105960963491853,,1.55501294136,0.0
1469105960987478231,326,1469105960983797298,,1.55505132675,0.0
1469105961008014041,327,1469105961003448473,,1.55508327484,0.0
1469105961027288341,328,1469105961023492460,,1.55510997772,0.0
1469105961047663787,329,1469105961043661135,,1.55461978912,0.0
1469105961067710691,330,1469105961063570591,,1.55472373962,0.0
1469105961087437803,331,1469105961083581974,,1.55481028557,0.0
1469105961107493665,332,1469105961103484816,,1.55488228798,0.0
1469105961127434319,333,1469105961123574584,,1.55494236946,0.0
1469105961146434089,334,1469105961143433676,,1.55499243736,0.0
1469105961166253754,335,1469105961163448236,,1.55503416061,0.0
1469105961188913050,336,1469105961183675973,,1.55506896973,0.0
1469105961208101049,337,1469105961203655273,,1.55509805679,0.0
1469105961227731495,338,1469105961223460406,,1.55512213707,0.0
1469105961249043346,339,1469105961243824289,,1.55514216423,0.0
1469105961267879470,340,1469105961263783329,,1.55515885353,0.0
1469105961287473041,341,1469105961283702681,,1.5546605587,0.0
1469105961309609734,342,1469105961303518022,,1.55475759506,0.0
1469105961328494712,343,1469105961323848103,,1.55483841896,0.0
1469105961348604533,344,1469105961343645320,,1.55490589142,0.0
1469105961366827897,345,1469105961363687536,,1.5549621582,0.0
1469105961388460268,346,1469105961383653398,,1.55500888824,0.0
1469105961408336287,347,1469105961403389365,,1.55504798889,0.0
1469105961429952043,348,1469105961423608092,,1.55508041382,0.0
1469105961449455093,349,1469105961443705516,,1.55510759354,0.0
1469105961468942675,350,1469105961463750233,,1.5551302433,0.0
1469105961489516193,351,1469105961483440314,,1.55514907837,0.0
1469105961508616639,352,1469105961503446437,,1.555164814,0.0
1469105961527618597,353,1469105961523659903,,1.55466556549,0.0
1469105961547971281,354,1469105961543415193,,1.5547618866,0.0
1469105961567834540,355,1469105961563641159,,1.55484199524,0.0
1469105961588283110,356,1469105961583477282,,1.55490875244,0.0
1469105961607694025,357,1469105961603404707,,1.55496454239,0.0
1469105961627555200,358,1469105961623548330,,1.55501103401,0.0
1469105961647129656,359,1469105961643645025,,1.55504965782,0.0
1469105961667056144,360,1469105961664532188,,1.55508184433,0.0
1469105961687451224,361,1469105961684764509,,1.55510878563,0.0
1469105961706459796,362,1469105961705137037,,1.55513119698,0.0
1469105961726960398,363,1469105961725055660,,1.55463755131,0.0
1469105961747556103,364,1469105961745434230,,1.55422616005,0.0
1469105961765594207,365,1469105961763432960,,1.55439567566,0.0
1469105961789300690,366,1469105961784693820,,1.55402457714,0.0
1469105961809787437,367,1469105961804609943,,1.55422759056,0.0
1469105961827762104,368,1469105961824169504,,1.55439686775,0.0
1469105961847713227,369,1469105961843356721,,1.55453777313,0.0
1469105961866143622,370,1469105961863413052,,1.55465531349,0.0
1469105961887539639,371,1469105961883411988,,1.55475330353,0.0
1469105961907967063,372,1469105961903441496,,1.55483484268,0.0
1469105961927800322,373,1469105961923413556,,1.55490279198,0.0
1469105961946660508,374,1469105961943373481,,1.55444717407,0.0
1469105961967604078,375,1469105961963623978,,1.5545797348,0.0
1469105961988113481,376,1469105961983572132,,1.5541779995,0.0
1469105962009744550,377,1469105962003445495,,1.55435538292,0.0
1469105962026479999,378,1469105962023394274,,1.55450320244,0.0
1469105962047224611,379,1469105962043430605,,1.55462646484,0.0
1469105962068328909,380,1469105962063452978,,1.55472922325,0.0
1469105962084890244,381,1469105962083394361,,1.55481481552,0.0
1469105962105532825,382,1469105962103943504,,1.55488610268,0.0
1469105962125417021,383,1469105962124033220,,1.5549454689,0.0
1469105962147036371,384,1469105962145603508,,1.55499505997,0.0
1469105962167593847,385,1469105962166269786,,1.55503630638,0.0
1469105962187651219,386,1469105962186033721,,1.55455839634,0.0
1469105962205653074,387,1469105962203742503,,1.55467247963,0.0
1469105962227080393,388,1469105962224091854,,1.55476760864,0.0
1469105962247617504,389,1469105962243943550,,1.55484676361,0.0
1469105962265237067,390,1469105962263825923,,1.55491280556,0.0
1469105962285392252,391,1469105962283860952,,1.55496788025,0.0
1469105962305561552,392,1469105962304044002,,1.55501365662,0.0
1469105962325594862,393,1469105962323956947,,1.55505180359,0.0
1469105962345485256,394,1469105962344044945,,1.55508375168,0.0
1469105962365707264,395,1469105962363911589,,1.55511021614,0.0
1469105962385634741,396,1469105962384117138,,1.55462002754,0.0
1469105962406141332,397,1469105962404602948,,1.55472373962,0.0
1469105962426753131,398,1469105962425433497,,1.55429792404,0.0
1469105962447978367,399,1469105962446496285,,1.55445551872,0.0
1469105962465625065,400,1469105962463739911,,1.55458664894,0.0
1469105962485285459,401,1469105962483942335,,1.55469608307,0.0
1469105962507498402,402,1469105962503853406,,1.55478715897,0.0
1469105962525566767,403,1469105962524128852,,1.55486321449,0.0
1469105962545754191,404,1469105962544088985,,1.55492639542,0.0
1469105962566767917,405,1469105962563953128,,1.55497908592,0.0
1469105962585482218,406,1469105962583974564,,1.55502295494,0.0
1469105962606726829,407,1469105962604141520,,1.5550596714,0.0
1469105962625307693,408,1469105962623867174,,1.55457794666,0.0
1469105962645112306,409,1469105962643878661,,1.55468869209,0.0
1469105962666637281,410,1469105962664997335,,1.55478096008,0.0
1469105962687474861,411,1469105962686243248,,1.55485796928,0.0
1469105962707106140,412,1469105962703575780,,1.55492210388,0.0
1469105962725739087,413,1469105962723931329,,1.55497550964,0.0
1469105962745388908,414,1469105962743893910,,1.55502009392,0.0
1469105962769104246,415,1469105962763925918,,1.55505728722,0.0
1469105962785485112,416,1469105962783821572,,1.55508828163,0.0
1469105962805196808,417,1469105962803883476,,1.55511403084,0.0
1469105962825666420,418,1469105962823537151,,1.55462324619,0.0
1469105962845911813,419,1469105962844079211,,1.55472660065,0.0
1469105962865508040,420,1469105962864054657,,1.55481266975,0.0
1469105962886644318,421,1469105962883913436,,1.55488443375,0.0
1469105962905614452,422,1469105962904072892,,1.55494427681,0.0
1469105962925691929,423,1469105962924060681,,1.55499410629,0.0
1469105962945485292,424,1469105962944048002,,1.55503559113,0.0
1469105962966942454,425,1469105962963992666,,1.55507016182,0.0
1469105962985314517,426,1469105962983971029,,1.55509901047,0.0
1469105963006956835,427,1469105963004261891,,1.55512309074,0.0
1469105963025708012,428,1469105963024021555,,1.55463075638,0.0
1469105963046170175,429,1469105963044725281,,1.55473279953,0.0
1469105963068039942,430,1469105963065222393,,1.55481791496,0.0
1469105963087492732,431,1469105963086019192,,1.55437648296,0.0
1469105963107252397,432,1469105963105776982,,1.55452084541,0.0
1469105963125337063,433,1469105963123875711,,1.5546412468,0.0
1469105963147295163,434,1469105963144156989,,1.55474162102,0.0
1469105963167574254,435,1469105963163872071,,1.55482506752,0.0
1469105963185705223,436,1469105963184087308,,1.55489468575,0.0
1469105963209861445,437,1469105963203954733,,1.55495262146,0.0
1469105963225475072,438,1469105963224124501,,1.55500102043,0.0
1469105963245496195,439,1469105963244101926,,1.55504131317,0.0
1469105963265515235,440,1469105963263924455,,1.55507493019,0.0
1469105963285222243,441,1469105963283924953,,1.55459058285,0.0
1469105963305456438,442,1469105963304061909,,1.55469918251,0.0
1469105963325274228,443,1469105963323808084,,1.55478978157,0.0
1469105963345591080,444,1469105963344059467,,1.55486536026,0.0
1469105963365212619,445,1469105963363881423,,1.55492830276,0.0
1469105963386451605,446,1469105963384938951,,1.55498075485,0.0
1469105963407370019,447,1469105963405523927,,1.55502438545,0.0
1469105963427840932,448,1469105963426509528,,1.55506086349,0.0
1469105963447096639,449,1469105963445470443,,1.55509114265,0.0
1469105963466876825,450,1469105963463843755,,1.55511641502,0.0
1469105963487289822,451,1469105963483836909,,1.55462515354,0.0
1469105963505006989,452,1469105963503420585,,1.55472803116,0.0
1469105963526299100,453,1469105963523499468,,1.55430150032,0.0
1469105963545149026,454,1469105963543603819,,1.55445837975,0.0
1469105963564940514,455,1469105963563422494,,1.55458903313,0.0
1469105963584914188,456,1469105963583414607,,1.55469799042,0.0
1469105963604978957,457,1469105963603403386,,1.5547888279,0.0
1469105963625192736,458,1469105963623450915,,1.55486440659,0.0
1469105963645654691,459,1469105963643616985,,1.55492758751,0.0
1469105963665955501,460,1469105963663377639,,1.5549800396,0.0
1469105963685145948,461,1469105963683660272,,1.55502390862,0.0
1469105963705862903,462,1469105963704337696,,1.55506038666,0.0
1469105963726974962,463,1469105963725210380,,1.55457854271,0.0
1469105963746980095,464,1469105963743585932,,1.55468916893,0.0
1469105963770955119,465,1469105963763427420,,1.55478143692,0.0
1469105963786444008,466,1469105963783409845,,1.55485844612,0.0
1469105963807104661,467,1469105963803444665,,1.55492258072,0.0
1469105963828806823,468,1469105963823658860,,1.55497598648,0.0
1469105963846903052,469,1469105963843428161,,1.55502057076,0.0
1469105963867692247,470,1469105963863514387,,1.55505752563,0.0
1469105963889386857,471,1469105963883413219,,1.55508852005,0.0
1469105963909225116,472,1469105963903439550,,1.55511426926,0.0
1469105963928223948,473,1469105963923407391,,1.5546233654,0.0
1469105963947450332,474,1469105963943407993,,1.55472660065,0.0
1469105963968095152,475,1469105963963380105,,1.55481266975,0.0
1469105963988790076,476,1469105963983409301,,1.55488443375,0.0
1469105964006917711,477,1469105964003408913,,1.55494427681,0.0
1469105964027554771,478,1469105964023473265,,1.55499410629,0.0
1469105964047484591,479,1469105964043601002,,1.55503559113,0.0
1469105964067820349,480,1469105964063963322,,1.55507016182,0.0
1469105964085684547,481,1469105964083442779,,1.55509901047,0.0
1469105964107382126,482,1469105964103453173,,1.55512309074,0.0
1469105964126156115,483,1469105964123405910,,1.55463075638,0.0
1469105964146227654,484,1469105964143389429,,1.55473279953,0.0
1469105964167049349,485,1469105964163362895,,1.55430555344,0.0
1469105964186958232,486,1469105964183418132,,1.55394947529,0.0
1469105964206521699,487,1469105964203415349,,1.55416512489,0.0
1469105964226202458,488,1469105964223404024,,1.55434465408,0.0
1469105964246298008,489,1469105964243400094,,1.55449438095,0.0
1469105964266725744,490,1469105964263413509,,1.55461907387,0.0
1469105964286998638,491,1469105964283424996,,1.55472302437,0.0
1469105964306475386,492,1469105964303397004,,1.55480957031,0.0
1469105964331149368,493,1469105964323403752,,1.55488181114,0.0
1469105964351103043,494,1469105964343424875,,1.55494189262,0.0
1469105964369680886,495,1469105964364196465,,1.55499196053,0.0
1469105964386554825,496,1469105964383447172,,1.55452144146,0.0
1469105964411681358,497,1469105964403424597,,1.55464172363,0.0
1469105964432255709,498,1469105964423435407,,1.55422961712,0.0
1469105964446504651,499,1469105964443401530,,1.55439853668,0.0
1469105964469496448,500,1469105964463373382,,1.55453920364,0.0
1469105964489176685,501,1469105964483443932,,1.55465650558,0.0
1469105964507169321,502,1469105964503417554,,1.5547542572,0.0
1469105964528151484,503,1469105964523440552,,1.55483579636,0.0
1469105964548955991,504,1469105964543456623,,1.55490374565,0.0
1469105964566644773,505,1469105964563422225,,1.55496025085,0.0
1469105964590428860,506,1469105964583397566,,1.55500745773,0.0
1469105964608593891,507,1469105964603417907,,1.5550467968,0.0
1469105964626629912,508,1469105964623399968,,1.55456721783,0.0
1469105964647799679,509,1469105964643411403,,1.55467987061,0.0
1469105964667955437,510,1469105964663426432,,1.55477380753,0.0
1469105964687511352,511,1469105964683772710,,1.55485200882,0.0
1469105964707968828,512,1469105964704186541,,1.55491709709,0.0
1469105964728155211,513,1469105964723410686,,1.55497145653,0.0
1469105964749622218,514,1469105964743447173,,1.55501675606,0.0
1469105964768758289,515,1469105964763400952,,1.55505442619,0.0
1469105964786414831,516,1469105964783412700,,1.55508589745,0.0
1469105964807531578,517,1469105964803404343,,1.55511212349,0.0
1469105964828301554,518,1469105964823621091,,1.55462157726,0.0
1469105964847707052,519,1469105964843397318,,1.55472517014,0.0
1469105964867336092,520,1469105964863454430,,1.55429911613,0.0
1469105964886573310,521,1469105964883363938,,1.5544564724,0.0
1469105964908438336,522,1469105964903424592,,1.55458760262,0.0
1469105964928828886,523,1469105964923434309,,1.55469679832,0.0
1469105964947308343,524,1469105964943422098,,1.55478787422,0.0
1469105964967220143,525,1469105964963414158,,1.55486369133,0.0
1469105964987628609,526,1469105964983439760,,1.55492687225,0.0
1469105965007734888,527,1469105965003412758,,1.55497956276,0.0
1469105965026640491,528,1469105965023434558,,1.55502343178,0.0
1469105965049493069,529,1469105965043463649,,1.55505990982,0.0
1469105965067451851,530,1469105965063796907,,1.55457806587,0.0
1469105965087318442,531,1469105965084092092,,1.55468893051,0.0
1469105965106779982,532,1469105965103447486,,1.5547811985,0.0
1469105965127051625,533,1469105965123404182,,1.5548582077,0.0
1469105965147795091,534,1469105965143389107,,1.5549223423,0.0
1469105965166267726,535,1469105965163402885,,1.55497574806,0.0
1469105965186652911,536,1469105965183434529,,1.55502033234,0.0
1469105965207012835,537,1469105965203431433,,1.55505752563,0.0
1469105965228513175,538,1469105965223430941,,1.55508852005,0.0
1469105965247870913,539,1469105965243572376,,1.55511426926,0.0
1469105965267254380,540,1469105965263505895,,1.55513572693,0.0
1469105965289260865,541,1469105965283520611,,1.55515360832,0.0
1469105965308378395,542,1469105965303395849,,1.55465614796,0.0
1469105965328365872,543,1469105965323429003,,1.55424165726,0.0
1469105965347456944,544,1469105965343429865,,1.55440855026,0.0
1469105965366493068,545,1469105965363744217,,1.55454754829,0.0
1469105965388333667,546,1469105965383465496,,1.55466341972,0.0
1469105965405472085,547,1469105965403515993,,1.55475997925,0.0
1469105965427546330,548,1469105965423387429,,1.55484056473,0.0
1469105965447103079,549,1469105965443388916,,1.55490756035,0.0
1469105965466779202,550,1469105965463429622,,1.5549633503,0.0
1469105965486682877,551,1469105965483521318,,1.55500984192,0.0
1469105965507741186,552,1469105965503407857,,1.55504870415,0.0
1469105965529098817,553,1469105965523400334,,1.55508112907,0.0
1469105965549420929,554,1469105965543432238,,1.55510807037,0.0
1469105965568920125,555,1469105965563436225,,1.5546182394,0.0
1469105965587861718,556,1469105965583662765,,1.55472230911,0.0
1469105965606774873,557,1469105965603407898,,1.55480909348,0.0
1469105965627731724,558,1469105965623375479,,1.5548813343,0.0
1469105965648644096,559,1469105965643421445,,1.55494165421,0.0
1469105965668651208,560,1469105965663584756,,1.55499196053,0.0
1469105965688973997,561,1469105965683518587,,1.55503368378,0.0
1469105965708993713,562,1469105965703490334,,1.55506849289,0.0
1469105965726189110,563,1469105965723939321,,1.55458521843,0.0
1469105965747207784,564,1469105965743342788,,1.55469489098,0.0
1469105965766975626,565,1469105965763521880,,1.55427396297,0.0
1469105965786779978,566,1469105965783621700,,1.55443549156,0.0
1469105965806919069,567,1469105965803540479,,1.55456995964,0.0
1469105965826707744,568,1469105965823645091,,1.55468201637,0.0
1469105965847367981,569,1469105965843437725,,1.55477547646,0.0
1469105965867555093,570,1469105965863440410,,1.55485343933,0.0
1469105965886547727,571,1469105965883443251,,1.55491828918,0.0
1469105965909310097,572,1469105965903422030,,1.5549724102,0.0
1469105965926821691,573,1469105965923412164,,1.55501747131,0.0
1469105965947355626,574,1469105965943413234,,1.55505514145,0.0
1469105965966799926,575,1469105965963395815,,1.55457413197,0.0
1469105965986973340,576,1469105965983428657,,1.55468559265,0.0
1469105966005127538,577,1469105966003409467,,1.5547785759,0.0
1469105966026853971,578,1469105966023431111,,1.55485606194,0.0
1469105966047255146,579,1469105966043441765,,1.55492043495,0.0
1469105966067913195,580,1469105966063458200,,1.55497407913,0.0
1469105966091370251,581,1469105966083653958,,1.55501890182,0.0
1469105966106783931,582,1469105966103872476,,1.55505633354,0.0
1469105966134042858,583,1469105966123555057,,1.55508732796,0.0
1469105966150489401,584,1469105966143542691,,1.55511331558,0.0
1469105966168652453,585,1469105966163495636,,1.55462265015,0.0
1469105966188300035,586,1469105966183386707,,1.55472612381,0.0
1469105966208356366,587,1469105966203390017,,1.55481219292,0.0
1469105966227051500,588,1469105966223426452,,1.55488395691,0.0
1469105966247956580,589,1469105966243397836,,1.55494379997,0.0
1469105966268724265,590,1469105966263398229,,1.55499362946,0.0
1469105966288436169,591,1469105966283602737,,1.55503511429,0.0
1469105966309846561,592,1469105966303471152,,1.55506968498,0.0
1469105966329125132,593,1469105966323699670,,1.55509853363,0.0
1469105966348910318,594,1469105966343541626,,1.55512261391,0.0
1469105966369493263,595,1469105966363460145,,1.55463039875,0.0
1469105966389118657,596,1469105966383582934,,1.55473256111,0.0
1469105966409842591,597,1469105966403597651,,1.55481767654,0.0
1469105966426438926,598,1469105966423756221,,1.55488848686,0.0
1469105966448330828,599,1469105966443602188,,1.55494761467,0.0
1469105966468709763,600,1469105966463595446,,1.5549967289,0.0
1469105966484592609,601,1469105966483535475,,1.55503773689,0.0
1469105966509806903,602,1469105966503500400,,1.55507183075,0.0
1469105966529412609,603,1469105966523544647,,1.55510044098,0.0
1469105966548134931,604,1469105966543372593,,1.55512428284,0.0
1469105966567027462,605,1469105966563476268,,1.55463171005,0.0
1469105966588329208,606,1469105966583710099,,1.55473351479,0.0
1469105966608144914,607,1469105966603373409,,1.55430614948,0.0
1469105966628610672,608,1469105966623423647,,1.55446219444,0.0
1469105966647700389,609,1469105966643388103,,1.55459237099,0.0
1469105966667539585,610,1469105966663403132,,1.55470085144,0.0
1469105966688212009,611,1469105966683470035,,1.55479121208,0.0
1469105966707698445,612,1469105966703412669,,1.55486655235,0.0
1469105966727842484,613,1469105966724062905,,1.55492925644,0.0
1469105966745990901,614,1469105966743551789,,1.55498147011,0.0
1469105966766850772,615,1469105966764709212,,1.55502510071,0.0
1469105966786642364,616,1469105966784549294,,1.55506134033,0.0
1469105966806886924,617,1469105966803357449,,1.55457925797,0.0
1469105966834116632,618,1469105966830749813,,1.55468988419,0.0
1469105966845668963,619,1469105966843441778,,1.55478215218,0.0
1469105966865668106,620,1469105966863611807,,1.55485892296,0.0
1469105966885773708,621,1469105966883510377,,1.55492281914,0.0
1469105966905021707,622,1469105966903429313,,1.5549762249,0.0
1469105966924938298,623,1469105966923416685,,1.55502057076,0.0
1469105966945618378,624,1469105966943744735,,1.55505752563,0.0
1469105966965042939,625,1469105966963405858,,1.55508852005,0.0
1469105966985226822,626,1469105966983422397,,1.55511426926,0.0
1469105967004981383,627,1469105967003382687,,1.5546233654,0.0
1469105967025425734,628,1469105967023476882,,1.55421435833,0.0
1469105967045066805,629,1469105967043506755,,1.55438566208,0.0
1469105967065808917,630,1469105967064223710,,1.55452847481,0.0
1469105967086216185,631,1469105967084884103,,1.55464744568,0.0
1469105967107083296,632,1469105967105561423,,1.55474662781,0.0
1469105967126610305,633,1469105967123721089,,1.55482935905,0.0
1469105967148669186,634,1469105967143430337,,1.55489826202,0.0
1469105967168025674,635,1469105967163406825,,1.5549557209,0.0
1469105967188562941,636,1469105967183387010,,1.55500364304,0.0
1469105967207814690,637,1469105967203404226,,1.55504345894,0.0
1469105967229146332,638,1469105967223403735,,1.5545643568,0.0
1469105967248364435,639,1469105967243402149,,1.55467748642,0.0
1469105967268353474,640,1469105967263411605,,1.55425941944,0.0
1469105967288185170,641,1469105967283398665,,1.55442333221,0.0
1469105967307269731,642,1469105967303442861,,1.55455994606,0.0
1469105967330565382,643,1469105967323368723,,1.55467367172,0.0
1469105967350704317,644,1469105967343391721,,1.55476856232,0.0
1469105967366152476,645,1469105967363396021,,1.55484771729,0.0
1469105967388423961,646,1469105967383376154,,1.55491352081,0.0
1469105967407887063,647,1469105967403423787,,1.55496835709,0.0
1469105967430852089,648,1469105967423445274,,1.55450177193,0.0
1469105967455763518,649,1469105967443467959,,1.55462527275,0.0
1469105967466600329,650,1469105967465073976,,1.55421590805,0.0
1469105967486483483,651,1469105967485180047,,1.55438709259,0.0
1469105967506934344,652,1469105967505497992,,1.5545296669,0.0
1469105967526217968,653,1469105967523475315,,1.55464863777,0.0
1469105967545252529,654,1469105967543417584,,1.55474758148,0.0
1469105967566526515,655,1469105967563420998,,1.55483007431,0.0
1469105967585273837,656,1469105967583433319,,1.55489897728,0.0
1469105967605224231,657,1469105967603401993,,1.55495619774,0.0
1469105967624977489,658,1469105967623390200,,1.55500388145,0.0
1469105967645205747,659,1469105967643448718,,1.55504369736,0.0
1469105967665328016,660,1469105967663708434,,1.55456459522,0.0
1469105967685203774,661,1469105967683399609,,1.55467772484,0.0
1469105967718000819,662,1469105967703405524,,1.55477190018,0.0
1469105967724965551,663,1469105967723402844,,1.55485033989,0.0
1469105967745266882,664,1469105967743437561,,1.55491566658,0.0
1469105967765154202,665,1469105967763495715,,1.55497026443,0.0
1469105967785610116,666,1469105967784087358,,1.55501580238,0.0
1469105967806774467,667,1469105967804716553,,1.55505371094,0.0
1469105967838499378,668,1469105967826456059,,1.55508518219,0.0
1469105967849620303,669,1469105967843480622,,1.55511140823,0.0
1469105967869535748,670,1469105967863422474,,1.55462098122,0.0
1469105967888907809,671,1469105967883413753,,1.5547246933,0.0
1469105967908753932,672,1469105967903421543,,1.55481100082,0.0
1469105967927047609,673,1469105967923403967,,1.55488300323,0.0
1469105967947109878,674,1469105967943347851,,1.55494308472,0.0
1469105967967472354,675,1469105967963430484,,1.55499315262,0.0
1469105967988695350,676,1469105967983413065,,1.55503487587,0.0
1469105968008986108,677,1469105968003398979,,1.55506944656,0.0
1469105968026691296,678,1469105968023452498,,1.55509829521,0.0
1469105968046834867,679,1469105968043460287,,1.55512237549,0.0
1469105968066972656,680,1469105968063430577,,1.55463016033,0.0
1469105968088838672,681,1469105968083520657,,1.55473232269,0.0
1469105968107254536,682,1469105968103424697,,1.55481743813,0.0
1469105968129771489,683,1469105968123422434,,1.55488824844,0.0
1469105968147675271,684,1469105968143408036,,1.55494737625,0.0
1469105968167652331,685,1469105968163435461,,1.5549967289,0.0
1469105968189071629,686,1469105968183475386,,1.55503773689,0.0
1469105968209592335,687,1469105968203464529,,1.55507183075,0.0
1469105968227657470,688,1469105968223444246,,1.55510044098,0.0
1469105968247875207,689,1469105968244414378,,1.55512428284,0.0
1469105968266422946,690,1469105968263423262,,1.55463171005,0.0
1469105968286989120,691,1469105968283410635,,1.55473351479,0.0
1469105968306457900,692,1469105968303441341,,1.55430614948,0.0
1469105968326299387,693,1469105968323419182,,1.55446219444,0.0
1469105968346240927,694,1469105968343425045,,1.55459237099,0.0
1469105968366776684,695,1469105968363408928,,1.55470085144,0.0
1469105968387083328,696,1469105968383450467,,1.55479121208,0.0
1469105968406478566,697,1469105968403424090,,1.55486655235,0.0
1469105968427675729,698,1469105968423433963,,1.55492925644,0.0
1469105968447514143,699,1469105968443434304,,1.55498147011,0.0
1469105968465635581,700,1469105968463400635,,1.55502510071,0.0
1469105968486699046,701,1469105968483417175,,1.55506134033,0.0
1469105968506173867,702,1469105968503402777,,1.55457925797,0.0
1469105968526138375,703,1469105968523438118,,1.55417752266,0.0
1469105968547569028,704,1469105968543452314,,1.5543551445,0.0
1469105968566827755,705,1469105968563454061,,1.55450320244,0.0
1469105968586315910,706,1469105968583444194,,1.55462646484,0.0
1469105968607692083,707,1469105968604094327,,1.55472922325,0.0
1469105968625856333,708,1469105968623455294,,1.55481481552,0.0
1469105968647213079,709,1469105968643452302,,1.55488610268,0.0
1469105968667310243,710,1469105968663396550,,1.5549454689,0.0
1469105968686413815,711,1469105968683414391,,1.55499505997,0.0
1469105968706994416,712,1469105968703384525,,1.55452406406,0.0
1469105968726466738,713,1469105968723393929,,1.55413150787,0.0
1469105968746300517,714,1469105968743441458,,1.55431675911,0.0
1469105968770368562,715,1469105968763406747,,1.55395877361,0.0
1469105968789984216,716,1469105968783418651,,1.55417275429,0.0
1469105968810249505,717,1469105968803433367,,1.55435109138,0.0
1469105968831827241,718,1469105968823544177,,1.55449962616,0.0
1469105968852500602,719,1469105968843440248,,1.55462360382,0.0
1469105968868753604,720,1469105968863667360,,1.55472683907,0.0
1469105968886226188,721,1469105968883409733,,1.55481290817,0.0
1469105968908279757,722,1469105968903437418,,1.55488467216,0.0
1469105968928345775,723,1469105968923419687,,1.55494427681,0.0
1469105968948278148,724,1469105968943442112,,1.55499410629,0.0
1469105968966759585,725,1469105968963451568,,1.5545232296,0.0
1469105968988206800,726,1469105968983421857,,1.55464315414,0.0
1469105969008860109,727,1469105969003426313,,1.55474305153,0.0
1469105969027178526,728,1469105969023392592,,1.55482625961,0.0337057113647
1469105969048476678,729,1469105969043439184,,1.55489563942,0.079216003418
1469105969068360926,730,1469105969063393952,,1.55495357513,0.128391265869
1469105969088328976,731,1469105969083401846,,1.55500173569,0.17643404007
1469105969107101298,732,1469105969103483281,,1.55504202843,0.206618785858
1469105969129315699,733,1469105969123447425,,1.55507540703,0.214491844177
1469105969150557654,734,1469105969143459745,,1.555103302,0.201978206635
1469105969171061745,735,1469105969164259044,,1.5546143055,0.175071239471
1469105969188176256,736,1469105969183465689,,1.55471897125,0.149066925049
1469105969209962585,737,1469105969203418166,,1.55480623245,0.149066925049
1469105969226282202,738,1469105969223442465,,1.55487895012,0.14076423645
1469105969246355304,739,1469105969243419578,,1.55493950844,0.141791820526
1469105969266146635,740,1469105969263429242,,1.55499005318,0.155032157898
1469105969286277237,741,1469105969283447292,,1.55503225327,0.165348529816
1469105969306604349,742,1469105969303461123,,1.5550673008,0.16773891449
1469105969326002659,743,1469105969323422558,,1.55509662628,0.153967857361
1469105969346427428,744,1469105969343427743,,1.55512094498,0.136470317841
1469105969366255113,745,1469105969363374283,,1.55462896824,0.120722293854
1469105969386083163,746,1469105969383411187,,1.55473136902,0.11190700531
1469105969406695118,747,1469105969403397883,,1.55430436134,0.122853279114
1469105969426081398,748,1469105969423475099,,1.55446076393,0.144687652588
1469105969448579028,749,1469105969443491013,,1.55459117889,0.170971870422
1469105969468062599,750,1469105969463619428,,1.55469989777,0.184870243073
1469105969488161014,751,1469105969483939144,,1.55479049683,0.18742275238
1469105969506931617,752,1469105969503457142,,1.5548658371,0.172511577606
1469105969526714250,753,1469105969523458838,,1.5549287796,0.172511577606
1469105969546210426,754,1469105969543485846,,1.55498123169,0.148338794708
1469105969567952224,755,1469105969563437698,,1.55502486229,0.11886548996
1469105969587614232,756,1469105969583431737,,1.55506110191,0.084264755249
1469105969607441397,757,1469105969603422391,,1.55457913876,0.0530347824097
1469105969627744811,758,1469105969623414555,,1.55468964577,0.0309762954712
1469105969648095673,759,1469105969643543803,,1.55478191376,0.018988609314
1469105969667476952,760,1469105969663436853,,1.55485868454,0.0159640312195
1469105969687566877,761,1469105969683447090,,1.55492281914,0.0185389518738
1469105969706158574,762,1469105969703423786,,1.5549762249,0.0180540084839
1469105969725997979,763,1469105969723388502,,1.55502057076,0.0184502601624
1469105969746196914,764,1469105969743481813,,1.55505752563,0.0175018310547
1469105969766201213,765,1469105969763434654,,1.55508852005,0.0189723968506
1469105969791753267,766,1469105969783434996,,1.55511426926,0.0259509086609
1469105969811087568,767,1469105969804570648,,1.5546233654,0.0392246246338
1469105969826517394,768,1469105969823571720,,1.55472660065,0.0547184944153
1469105969851004240,769,1469105969843418207,,1.55430030823,0.0547184944153
1469105969869930989,770,1469105969863422872,,1.55394506454,0.0747256278992
1469105969888090031,771,1469105969883415192,,1.5541613102,0.0834827423096
1469105969908640424,772,1469105969903420794,,1.55434155464,0.0875430107117
1469105969926607070,773,1469105969923384105,,1.55449175835,0.0769033432007
1469105969948212930,774,1469105969943399029,,1.5546169281,0.0548624992371
1469105969966978429,775,1469105969963419163,,1.55472135544,0.0284943580627
1469105969987770749,776,1469105969983341952,,1.55480837822,2.90870666504e-05
1469105970007390258,777,1469105970003441460,,1.55436849594,-0.0180315971375
1469105970027943776,778,1469105970023384250,,1.55451416969,-0.0162215232849
1469105970049121564,779,1469105970043406101,,1.55463552475,0.00784587860107
1469105970067087376,780,1469105970063406547,,1.55473685265,0.0432329177856
1469105970088434383,781,1469105970083417253,,1.55482125282,0.0823740959167
1469105970106665507,782,1469105970103421761,,1.5548915863,0.107702255249
1469105970128960013,783,1469105970123382519,,1.55495023727,0.114781856537
1469105970149840197,784,1469105970143439684,,1.55499911308,0.0993227958679
1469105970168846790,785,1469105970163881431,,1.55503964424,0.070641040802
1469105970185378125,786,1469105970183438388,,1.55507349968,0.0383052825928
1469105970206152372,787,1469105970203382062,,1.55458939075,0.0383052825928
1469105970226310630,788,1469105970223396414,,1.55418598652,0.00186538696289
1469105970246247169,789,1469105970243407329,,1.55436205864,-0.0255045890808
1469105970266052094,790,1469105970263426889,,1.55399656296,-0.0440945625305
1469105970286100561,791,1469105970283458220,,1.55420422554,-0.0453171730042
1469105970306240016,792,1469105970303423770,,1.55437731743,-0.0308108329773
1469105970329980093,793,1469105970323396820,,1.55452156067,-0.00690269470215
1469105970346307418,794,1469105970343402213,,1.55464172363,0.0226073265076
1469105970366013281,795,1469105970363419273,,1.55474185944,0.0501027107239
1469105970386024768,796,1469105970383396750,,1.55482530594,0.0719547271729
1469105970406013339,797,1469105970403392873,,1.55438256264,0.0809841156006
1469105970428136490,798,1469105970423475610,,1.55401360989,0.0826740264893
1469105970447205010,799,1469105970443434233,,1.55421853065,0.0667223930359
1469105970467263633,800,1469105970463404783,,1.55387699604,0.0347852706909
1469105970486578923,801,1469105970483467624,,1.55410456657,0.0347852706909
1469105970508452960,802,1469105970503385310,,1.55429434776,-0.00129795074463
1469105970526100908,803,1469105970523399818,,1.55445241928,-0.0362462997437
1469105970546029062,804,1469105970543397711,,1.55458426476,-0.0664849281311
1469105970566087425,805,1469105970563405292,,1.5546939373,-0.0844755172729
1469105970586237558,806,1469105970583443290,,1.55478549004,-0.0890336036682
1469105970606545607,807,1469105970603413736,,1.55486178398,-0.0828294754028
1469105970626372459,808,1469105970623375275,,1.55492520332,-0.0689115524292
1469105970646003374,809,1469105970643375044,,1.55497813225,-0.0552344322205
1469105970666656840,810,1469105970663412520,,1.55450999737,-0.0344977378845
1469105970686598223,811,1469105970683408539,,1.55463218689,-0.0111284255981
1469105970706021950,812,1469105970703397526,,1.55473399162,0.00472450256348
1469105970728276456,813,1469105970723445524,,1.55481886864,0.0111966133118
1469105970747343309,814,1469105970743485605,,1.55488944054,0.00106811523438
1469105970766421933,815,1469105970763417040,,1.55494832993,-0.0166773796082
1469105970788975448,816,1469105970783417173,,1.55499744415,-0.0166773796082
1469105970810629173,817,1469105970803390275,,1.55503845215,-0.0356693267822
1469105970831013421,818,1469105970823597127,,1.55507254601,-0.0421028137207
1469105970850619596,819,1469105970843372521,,1.55510091782,-0.0396432876587
1469105970871508374,820,1469105970863474425,,1.55461227894,-0.0351295471191
1469105970891097882,821,1469105970883453985,,1.55471730232,-0.0253829956055
1469105970907316457,822,1469105970903381514,,1.55480480194,-0.0180225372314
1469105970929480703,823,1469105970923485293,,1.55487775803,-0.0136651992798
1469105970947698598,824,1469105970943418239,,1.55493855476,-0.0128140449524
1469105970969784823,825,1469105970963401341,,1.55498933792,-0.0236792564392
1469105970989600164,826,1469105970983427411,,1.55503153801,-0.0385298728943
1469105971007816029,827,1469105971003335930,,1.55506682396,-0.0494832992554
1469105971029254858,828,1469105971023394396,,1.55458390713,-0.0625200271606
1469105971050066813,829,1469105971043413800,,1.55469369888,-0.0672445297241
1469105971067506949,830,1469105971063397579,,1.55427289009,-0.0739583969116
1469105971089359789,831,1469105971083424587,,1.55443453789,-0.0777721405029
1469105971110232421,832,1469105971103427272,,1.55456924438,-0.0704336166382
1469105971129818544,833,1469105971123426937,,1.55468153954,-0.0656399726868
1469105971148805449,834,1469105971143737903,,1.55477499962,-0.0624980926514
1469105971172938026,835,1469105971164532462,,1.55485296249,-0.0531802177429
1469105971188943111,836,1469105971183452024,,1.55491805077,-0.0495824813843
1469105971212596573,837,1469105971203393824,,1.55497217178,-0.0495824813843
1469105971234211548,838,1469105971223398123,,1.55450499058,-0.0471959114075
1469105971251058769,839,1469105971243422319,,1.55462789536,-0.0471911430359
1469105971269612341,840,1469105971263427452,,1.55421805382,-0.052318572998
1469105971287301487,841,1469105971283414460,,1.55438876152,-0.0545892715454
1469105971306233028,842,1469105971303394073,,1.55453109741,-0.0575346946716
1469105971327102379,843,1469105971323404310,,1.55464982986,-0.0614876747131
1469105971349080999,844,1469105971343419651,,1.55474877357,-0.0695424079895
1469105971366636031,845,1469105971363441712,,1.55483102798,-0.0796713829041
1469105971386024758,846,1469105971383447261,,1.55489969254,-0.0957865715027
1469105971405927235,847,1469105971403370728,,1.55495691299,-0.105389595032
1469105971426488201,848,1469105971423404455,,1.55449223518,-0.118360042572
1469105971445979377,849,1469105971443435473,,1.55461740494,-0.119368076324
1469105971466475447,850,1469105971463417950,,1.55472159386,-0.110754966736
1469105971486094643,851,1469105971483436000,,1.55480837822,-0.0952959060669
1469105971511338207,852,1469105971503412748,,1.55488085747,-0.0682859420776
1469105971528566885,853,1469105971523526995,,1.55494117737,-0.0420699119568
1469105971549578476,854,1469105971544381919,,1.55499148369,-0.017324924469
1469105971567460799,855,1469105971563451585,,1.55503344536,0.00118827819824
1469105971588410827,856,1469105971583413176,,1.55506825447,0.00118827819824
1469105971606118567,857,1469105971603441070,,1.55509734154,0.00837516784668
1469105971627866562,858,1469105971623440890,,1.55460929871,0.0103607177734
1469105971646132843,859,1469105971643404982,,1.55471491814,0.00612020492554
1469105971666200268,860,1469105971663434803,,1.55429065228,-0.0132093429565
1469105971686185297,861,1469105971683438894,,1.55444931984,-0.0347137451172
1469105971707434700,862,1469105971703400173,,1.55458164215,-0.0449333190918
1469105971727434885,863,1469105971723433483,,1.55469179153,-0.0427656173706
1469105971747543976,864,1469105971743417731,,1.55478358269,-0.0204286575317
1469105971766027184,865,1469105971763385104,,1.55486011505,0.0231027603149
1469105971786160702,866,1469105971783469560,,1.55492401123,0.101525306702
1469105971810033748,867,1469105971803423912,,1.55497717857,0.19464969635
1469105971832072420,868,1469105971823465399,,1.5545091629,0.298470020294
1469105971848448651,869,1469105971843439543,,1.55463147163,0.385434150696
1469105971867748889,870,1469105971863406915,,1.55422103405,0.385434150696
1469105971887149284,871,1469105971883433559,,1.55439138412,0.455513477325
1469105971906191658,872,1469105971903430619,,1.55453324318,0.497330665588
1469105971928907517,873,1469105971923420700,,1.55465149879,0.511032104492
1469105971948762962,874,1469105971943399479,,1.55474996567,0.501076221466
1469105971968278357,875,1469105971963447789,,1.55483222008,0.476957321167
1469105971988635989,876,1469105971983394537,,1.55490064621,0.449239253998
1469105972007535603,877,1469105972003499826,,1.55495762825,0.446165084839
1469105972028555631,878,1469105972023396939,,1.55449283123,0.458158969879
1469105972049064097,879,1469105972043382697,,1.55461788177,0.487650871277
1469105972068939438,880,1469105972063428351,,1.55420970917,0.516770362854
1469105972087087803,881,1469105972083453849,,1.55438184738,0.536952018738
1469105972109331579,882,1469105972103394346,,1.55452537537,0.541636943817
1469105972132432438,883,1469105972123680625,,1.55464506149,0.534078598022
1469105972151664395,884,1469105972144765288,,1.55474472046,0.519192695618
1469105972170116665,885,1469105972163466048,,1.55482769012,0.505321025848
1469105972190661016,886,1469105972183419254,,1.55489683151,0.505321025848
1469105972206239332,887,1469105972203392616,,1.55495452881,0.493884086609
1469105972227964515,888,1469105972223393062,,1.55449032784,0.49871969223
1469105972246409806,889,1469105972243399445,,1.55461573601,0.517465591431
1469105972267558948,890,1469105972263454578,,1.55472016335,0.528094768524
1469105972286121791,891,1469105972283463670,,1.55480718613,0.535758972168
1469105972306093435,892,1469105972303417813,,1.55487990379,0.531644821167
1469105972326030287,893,1469105972323409405,,1.55494046211,0.517821311951
1469105972347420314,894,1469105972343435371,,1.55499076843,0.503732681274
1469105972366178574,895,1469105972363455504,,1.5550327301,0.49329328537
1469105972385984280,896,1469105972383389960,,1.55506777763,0.4993019104
1469105972408339515,897,1469105972403417906,,1.5550968647,0.500258922577
1469105972428715741,898,1469105972423479393,,1.55460894108,0.508118629456
1469105972447752751,899,1469105972443478641,,1.55471467972,0.520544528961
1469105972467380176,900,1469105972463470024,,1.55480265617,0.530457496643
1469105972488644891,901,1469105972483440053,,1.5548760891,0.530457496643
1469105972506094714,902,1469105972503407686,,1.55493712425,0.527925491333
1469105972527852866,903,1469105972523410163,,1.55498814583,0.518338680267
1469105972547788625,904,1469105972543507952,,1.55503058434,0.50973367691
1469105972567457196,905,1469105972563402409,,1.55506587029,0.502388954163
1469105972587632537,906,1469105972583425615,,1.55509543419,0.504796028137
1469105972607702357,907,1469105972603377831,,1.5551199913,0.513096809387
1469105972627534730,908,1469105972623428329,,1.55462813377,0.520985126495
1469105972647906373,909,1469105972643521326,,1.55473065376,0.528237342834
1469105972667368070,910,1469105972663418126,,1.55481600761,0.52895450592
1469105972686105704,911,1469105972683430239,,1.55488705635,0.524128437042
1469105972706025213,912,1469105972703419538,,1.55494642258,0.520488739014
1469105972726256179,913,1469105972723451078,,1.55499577522,0.511809825897
1469105972749021152,914,1469105972743593555,,1.55503702164,0.510255813599
1469105972768211287,915,1469105972764447124,,1.55507135391,0.51203918457
1469105972785104340,916,1469105972783471738,,1.55509996414,0.522189617157
1469105972806119472,917,1469105972803415152,,1.555123806,0.522189617157
1469105972830553923,918,1469105972824328357,,1.55463135242,0.529517650604
1469105972847947861,919,1469105972843430991,,1.55473327637,0.531826972961
1469105972865859976,920,1469105972863498937,,1.55481815338,0.524898052216
1469105972887633180,921,1469105972883463705,,1.5548889637,0.521173000336
1469105972907868052,922,1469105972903748265,,1.55494785309,0.518665790558
1469105972925646730,923,1469105972923381680,,1.55499696732,0.514750480652
1469105972947747121,924,1469105972943482907,,1.55503797531,0.514848709106
1469105972965870173,925,1469105972963486998,,1.55507206917,0.517354488373
1469105972985712337,926,1469105972983422809,,1.55510044098,0.521037101746
1469105973007547364,927,1469105973003389400,,1.55512428284,0.522896766663
1469105973025729322,928,1469105973023469742,,1.55463171005,0.526030540466
1469105973048557577,929,1469105973043483468,,1.55422127247,0.523582458496
1469105973068316773,930,1469105973063560216,,1.55439162254,0.52074098587
1469105973087470136,931,1469105973083516078,,1.5545334816,0.521880149841
1469105973107913290,932,1469105973103492878,,1.55465173721,0.521880149841
1469105973127310351,933,1469105973123401762,,1.55475020409,0.518738269806
1469105973148582878,934,1469105973143762467,,1.55483222008,0.517741203308
1469105973165169734,935,1469105973163378799,,1.55490064621,0.517648696899
1469105973185774815,936,1469105973183431588,,1.55495762825,0.520347595215
1469105973210475515,937,1469105973203399169,,1.55500507355,0.522327899933
1469105973229767160,938,1469105973223454563,,1.55453240871,0.524855613708
1469105973248704429,939,1469105973243382352,,1.55413854122,0.527087211609
1469105973267785397,940,1469105973263776547,,1.55432248116,0.526888370514
1469105973287445426,941,1469105973283514077,,1.5544757843,0.521388530731
1469105973305719624,942,1469105973303443220,,1.55460357666,0.519315242767
1469105973326097777,943,1469105973323426635,,1.55471014977,0.520898342133
1469105973346118119,944,1469105973343462809,,1.55479884148,0.521554470062
1469105973366435543,945,1469105973363735755,,1.55487275124,0.520230770111
1469105973386235677,946,1469105973383579378,,1.55493450165,0.523275375366
1469105973406281487,947,1469105973403524094,,1.55498600006,0.526292800903
1469105973425972506,948,1469105973423574592,,1.55502891541,0.525601863861
1469105973447904668,949,1469105973443808058,,1.55455231667,0.525497913361
1469105973466189491,950,1469105973463540744,,1.55466747284,0.541982650757
1469105973486177645,951,1469105973483453221,,1.55476331711,0.541982650757
1469105973506131684,952,1469105973503457312,,1.55484318733,0.558312416077
1469105973526052130,953,1469105973523383904,,1.55490970612,0.598602771759
1469105973546163773,954,1469105973543466276,,1.55496525764,0.614983558655
1469105973566209115,955,1469105973563399639,,1.55501151085,0.621097564697
1469105973586316956,956,1469105973583544511,,1.55505013466,0.593123912811
1469105973606186620,957,1469105973603415269,,1.55508232117,0.570190429688
1469105973626385608,958,1469105973623694934,,1.55510902405,0.488883018494
1469105973646041418,959,1469105973643394025,,1.55461907387,0.480780124664
1469105973666084103,960,1469105973663433377,,1.55472302437,0.437976360321
1469105973686055174,961,1469105973683415854,,1.554297328,0.429215431213
1469105973706135203,962,1469105973703484737,,1.55445480347,0.369436740875
1469105973726091794,963,1469105973723420391,,1.5545861721,0.278725147247
1469105973746239844,964,1469105973743542972,,1.55469560623,0.1625623703
1469105973765872165,965,1469105973763512637,,1.55478692055,0.0532832145691
1469105973788140212,966,1469105973783586415,,1.55486297607,-0.0189514160156
1469105973805226911,967,1469105973803704934,,1.55492639542,-0.049663066864
1469105973827674281,968,1469105973824167775,,1.55497908592,-0.049663066864
1469105973848346966,969,1469105973843374940,,1.55502295494,-0.0513467788696
1469105973869181577,970,1469105973863446271,,1.5550596714,0.00439834594727
1469105973891598634,971,1469105973883487238,,1.55457794666,0.0682811737061
1469105973911871111,972,1469105973903453517,,1.55468869209,0.159299850464
1469105973928794946,973,1469105973923394066,,1.55478096008,0.292865753174
1469105973946758154,974,1469105973943392116,,1.55485796928,0.385217666626
1469105973969452086,975,1469105973963410322,,1.55492210388,0.433556079865
1469105973989836386,976,1469105973983433997,,1.55497550964,0.426417827606
1469105974009237092,977,1469105974003404234,,1.55502009392,0.223182201385
1469105974029745819,978,1469105974023418847,,1.55505728722,-0.125764369965
1469105974050544388,979,1469105974043441688,,1.5545759201,-0.634261131287
1469105974072153790,980,1469105974063481405,,1.55468702316,-1.16106319427
1469105974091421112,981,1469105974084236693,,1.55477976799,-1.82295131683
1469105974109192446,982,1469105974103450369,,1.55485701561,-2.62443351746
1469105974131354555,983,1469105974123378679,,1.55492138863,-2.62443351746
1469105974146132507,984,1469105974143376573,,1.55497503281,-3.52726531029
1469105974169668938,985,1469105974163433268,,1.55501961708,-4.35653781891
1469105974189522196,986,1469105974183458870,,1.55505681038,-5.30956840515
1469105974209193892,987,1469105974203387805,,1.55508780479,-6.14776039124
1469105974232131314,988,1469105974223431584,,1.555113554,-6.87651824951
1469105974250631865,989,1469105974243384634,,1.55462276936,-7.58561468124
1469105974272522621,990,1469105974263384403,,1.55472612381,-8.19560813904
1469105974287285209,991,1469105974283409900,,1.55481219292,-8.71540260315
1469105974306269978,992,1469105974303412846,,1.55488395691,-9.1406545639
1469105974326041882,993,1469105974323444333,,1.55494379997,-9.55428409576
1469105974346278057,994,1469105974343490144,,1.55499362946,-9.95709705353
1469105974369610947,995,1469105974363413298,,1.55503511429,-10.225982666
1469105974388463269,996,1469105974383542701,,1.55506968498,-10.1715583801
1469105974408907047,997,1469105974404193303,,1.55509853363,-9.98218727112
1469105974427885931,998,1469105974423439322,,1.55512261391,-9.70141410828
1469105974446275077,999,1469105974443387841,,1.55463039875,-9.70141410828
1469105974466058439,1000,1469105974463417765,,1.55473256111,-9.27062606812
1469105974486304718,1001,1469105974483445034,,1.55481767654,-8.710064888
1469105974507829172,1002,1469105974503379386,,1.55488848686,-8.05196380615
1469105974526091495,1003,1469105974523411290,,1.55494761467,-7.38583803177
1469105974546250743,1004,1469105974543417569,,1.5549967289,-6.79301595688
1469105974566191032,1005,1469105974563400306,,1.55503773689,-6.218791008
1469105974587799913,1006,1469105974583440648,,1.55507183075,-5.66235017776
1469105974605959424,1007,1469105974603390208,,1.55510044098,-5.15994930267
1469105974627730544,1008,1469105974623396122,,1.55512428284,-4.61346912384
1469105974646647814,1009,1469105974643393078,,1.55463171005,-4.20016288757
1469105974668670914,1010,1469105974663430347,,1.55473351479,-3.82189512253
1469105974689975577,1011,1469105974683423865,,1.5548183918,-3.57909393311
1469105974708628368,1012,1469105974703609207,,1.55488920212,-3.43903040886
1469105974728539438,1013,1469105974724370329,,1.55494809151,-3.38488674164
1469105974744963378,1014,1469105974743403275,,1.55499720573,-3.4313955307
1469105974766069968,1015,1469105974763411481,,1.55503821373,-3.4313955307
1469105974786181403,1016,1469105974783406094,,1.55507230759,-3.47702789307
1469105974806543150,1017,1469105974803391852,,1.5551006794,-3.52516674995
1469105974828795312,1018,1469105974824213599,,1.55512428284,-3.53619742393
1469105974846512739,1019,1469105974843587587,,1.55463171005,-3.49601507187
1469105974866700060,1020,1469105974863604126,,1.55473351479,-3.38641524315
1469105974886704568,1021,1469105974883750665,,1.5548183918,-3.24990916252
1469105974906393295,1022,1469105974903759028,,1.55488920212,-3.08249664307
1469105974931292017,1023,1469105974923565411,,1.55494809151,-2.87187957764
1469105974946627051,1024,1469105974943485388,,1.55499720573,-2.6417324543
1469105974969207285,1025,1469105974963496094,,1.55503821373,-2.39412784576
1469105974985772526,1026,1469105974983423310,,1.55507230759,-2.14274978638
1469105975005314327,1027,1469105975003485162,,1.55458843708,-1.8501739502
1469105975028382529,1028,1469105975023610660,,1.55469751358,-1.55501842499
1469105975048143392,1029,1469105975043554647,,1.55427610874,-1.27822971344
1469105975067566599,1030,1469105975063498999,,1.55443716049,-1.03931856155
1469105975089391782,1031,1469105975083437934,,1.55457139015,-1.03931856155
1469105975107496605,1032,1469105975103440463,,1.55468320847,-0.813321590424
1469105975127787623,1033,1469105975123376274,,1.55477643013,-0.678358078003
1469105975147622444,1034,1469105975143447709,,1.55485415459,-0.59402513504
1469105975167526587,1035,1469105975163398519,,1.55491900444,-0.571018695831
1469105975187220523,1036,1469105975183406569,,1.55497288704,-0.608508110046
1469105975207315500,1037,1469105975203401025,,1.55501794815,-0.660180568695
1469105975227696257,1038,1469105975223412512,,1.55505537987,-0.704863071442
1469105975251041074,1039,1469105975243658479,,1.55457437038,-0.718444824219
1469105975268315117,1040,1469105975263436737,,1.55468583107,-0.710711479187
1469105975285457649,1041,1469105975283419006,,1.5547785759,-0.688084602356
1469105975307510905,1042,1469105975303397003,,1.55485606194,-0.661179542542
1469105975327267549,1043,1469105975323387501,,1.55492043495,-0.655937194824
1469105975348011639,1044,1469105975343463676,,1.55497407913,-0.651229858398
1469105975365335265,1045,1469105975363743288,,1.55501890182,-0.667822360992
1469105975386545084,1046,1469105975383531182,,1.55505633354,-0.68990278244
1469105975405068552,1047,1469105975403382669,,1.55508732796,-0.68990278244
1469105975425170977,1048,1469105975423436135,,1.55511331558,-0.699278831482
1469105975445231423,1049,1469105975443561373,,1.55462265015,-0.711698532104
1469105975465216400,1050,1469105975463529527,,1.55472612381,-0.729629039764
1469105975485184033,1051,1469105975483488618,,1.55481219292,-0.734913349152
1469105975505048593,1052,1469105975503401928,,1.55488395691,-0.734543323517
1469105975525141122,1053,1469105975523487686,,1.55494379997,-0.726443767548
1469105975545215995,1054,1469105975543567976,,1.55499362946,-0.716267585754
1469105975565080191,1055,1469105975563416234,,1.55503511429,-0.70707321167
1469105975586946571,1056,1469105975583475378,,1.55506968498,-0.709631919861
1469105975605145665,1057,1469105975603444261,,1.55458629131,-0.717441082001
1469105975625068611,1058,1469105975623406269,,1.55469560623,-0.726917743683
1469105975645295827,1059,1469105975643671558,,1.55427455902,-0.736368179321
1469105975665469241,1060,1469105975663821899,,1.5544359684,-0.737002372742
1469105975688174684,1061,1469105975683377189,,1.55457043648,-0.731419086456
1469105975705746851,1062,1469105975703372427,,1.55468249321,-0.731419086456
1469105975725004016,1063,1469105975723370476,,1.55477595329,-0.722828865051
1469105975745847794,1064,1469105975743399620,,1.55485367775,-0.724088668823
1469105975765003970,1065,1469105975763363295,,1.5549185276,-0.733907222748
1469105975785917123,1066,1469105975783448584,,1.55497264862,-0.740453243256
1469105975805046684,1067,1469105975803385905,,1.55501770973,-0.736810207367
1469105975827264835,1068,1469105975823748017,,1.55505514145,-0.751211643219
1469105975844706951,1069,1469105975843402056,,1.55457413197,-0.768758773804
1469105975865839583,1070,1469105975863434533,,1.55468559265,-0.803331851959
1469105975885869403,1071,1469105975883425500,,1.5547785759,-0.82226228714
1469105975907912815,1072,1469105975903552560,,1.55485606194,-0.835300445557
1469105975928846020,1073,1469105975923661339,,1.55492043495,-0.82932138443
1469105975946971312,1074,1469105975943706993,,1.55497407913,-0.815244674683
1469105975964846291,1075,1469105975963597178,,1.55501890182,-0.802803516388
1469105975989983710,1076,1469105975983525228,,1.55505633354,-0.802803516388
1469105976008136710,1077,1469105976003383330,,1.55457508564,-0.803230285645
1469105976027395021,1078,1469105976023441536,,1.55468630791,-0.822682857513
1469105976045453958,1079,1469105976043377294,,1.55426681042,-0.85139131546
1469105976068187109,1080,1469105976063393417,,1.55391716957,-0.875597476959
1469105976088225524,1081,1469105976083430008,,1.55413818359,-0.881387233734
1469105976107452481,1082,1469105976103403527,,1.55432224274,-0.872392177582
1469105976127735582,1083,1469105976123393243,,1.5544757843,-0.851787567139
1469105976147718684,1084,1469105976143516293,,1.55460357666,-0.866967201233
1469105976168765170,1085,1469105976163540072,,1.55471014977,-0.947273254395
1469105976187696242,1086,1469105976183449789,,1.55479884148,-0.889705657959
1469105976207472782,1087,1469105976203430911,,1.55436050892,-0.587959289551
1469105976227535258,1088,1469105976223634846,,1.55450749397,-0.278712272644
1469105976248456328,1089,1469105976243488365,,1.55463004112,-0.0160360336304
1469105976264616309,1090,1469105976263396415,,1.55421984196,0.2038230896
1469105976285080921,1091,1469105976283430350,,1.55439043045,0.2038230896
1469105976305077513,1092,1469105976303373035,,1.55453252792,0.546182155609
1469105976325095875,1093,1469105976323416658,,1.55465102196,0.943048000336
1469105976345225435,1094,1469105976343494812,,1.55474972725,1.04690790176
1469105976365282860,1095,1469105976363596664,,1.55483198166,0.956272125244
1469105976385321795,1096,1469105976383571432,,1.55490040779,0.729580879211
1469105976405194324,1097,1469105976403517399,,1.55444514751,0.615199565887
1469105976425129249,1098,1469105976423390188,,1.55457806587,0.619843959808
1469105976445036049,1099,1469105976443408967,,1.55468893051,0.393807888031
1469105976465151859,1100,1469105976463501600,,1.5547811985,0.306332111359
1469105976485169857,1101,1469105976483443348,,1.5548582077,0.221592903137
1469105976505753947,1102,1469105976503401502,,1.5549223423,0.0124478340149
1469105976526109236,1103,1469105976523687729,,1.55497574806,-0.198215007782
1469105976546719681,1104,1469105976543592758,,1.55502033234,-0.441250801086
1469105976565792732,1105,1469105976563554297,,1.55505752563,-0.441250801086
1469105976585854897,1106,1469105976583606982,,1.55508852005,-0.79651260376
1469105976605645290,1107,1469105976603391699,,1.4258967638,-1.15570831299
1469105976625775267,1108,1469105976623515791,,1.18824732304,-1.20742702484
1469105976645734671,1109,1469105976643501236,,0.990206122398,-1.05124616623
1469105976665805273,1110,1469105976663614963,,0.82517182827,-0.802969932556
1469105976685890250,1111,1469105976683586398,,0.687643229961,-0.710806369781
1469105976705848039,1112,1469105976703516740,,0.573036074638,-0.92396068573
1469105976725943953,1113,1469105976723552967,,0.477530092001,-1.05184793472
1469105976745656379,1114,1469105976743396746,,0.397941768169,-1.0369553566
1469105976765649741,1115,1469105976763463910,,0.331618160009,-0.950737953186
1469105976786813206,1116,1469105976784028105,,0.276348471642,-0.875419616699
1469105976806546412,1117,1469105976803391781,,0.230290398002,-0.571931362152
1469105976829752011,1118,1469105976823602122,,0.191908672452,-0.571931362152
1469105976845533972,1119,1469105976843391786,,0.159923896194,-0.199169158936
1469105976865761448,1120,1469105976863643430,,0.133269920945,-0.12314748764
1469105976888885171,1121,1469105976883505751,,0.111058272421,-0.195191860199
1469105976908717440,1122,1469105976903527082,,0.351755619049,-0.303473949432
1469105976928443876,1123,1469105976923572006,,0.552336752415,-0.377433300018
1469105976948948227,1124,1469105976943531515,,0.719487726688,-0.442106246948
1469105976969823828,1125,1469105976963576856,,0.85878020525,-0.464258670807
1469105976989108493,1126,1469105976983633499,,0.974857270718,-0.446783542633
1469105977008498419,1127,1469105977003506966,,1.07107591629,-0.429709434509
1469105977025827253,1128,1469105977023436266,,0.892563283443,-0.410813331604
1469105977049115455,1129,1469105977043398170,,0.743802785873,-0.410813331604
1469105977067696631,1130,1469105977063395595,,0.619835674763,-0.386896133423
1469105977088067806,1131,1469105977083389009,,0.516529738903,-0.333407878876
1469105977107544763,1132,1469105977103653257,,0.430441468954,-0.228773593903
1469105977128073645,1133,1469105977123428650,,0.358701229095,-0.075288772583
1469105977148184091,1134,1469105977143570554,,0.298917710781,0.0658388137817
1469105977168013599,1135,1469105977163445010,,0.249098107219,0.126375198364
1469105977188103576,1136,1469105977183640664,,0.207581758499,0.229771137238
1469105977208064386,1137,1469105977203409860,,0.172984808683,0.330400943756
1469105977228125040,1138,1469105977223358639,,0.144154012203,0.387964248657
1469105977247941684,1139,1469105977243406064,,0.12012834847,0.434178829193
1469105977268169577,1140,1469105977263601978,,0.100106962025,0.440540313721
1469105977288913147,1141,1469105977283546695,,0.0834224745631,0.401144981384
1469105977308409010,1142,1469105977303690265,,0.0695187300444,0.338714122772
1469105977325212324,1143,1469105977323638680,,0.0579322762787,0.257174015045
1469105977345375686,1144,1469105977343778865,,0.0482768975198,0.187510490417
1469105977364604205,1145,1469105977363434571,,0.0402307510376,0.163938522339
1469105977385077046,1146,1469105977383418194,,0.0335256271064,0.163938522339
1469105977405069783,1147,1469105977403414264,,0.0279380232096,0.171494483948
1469105977425034552,1148,1469105977423382418,,0.0232816878706,0.238446712494
1469105977445318904,1149,1469105977443668801,,0.0194014068693,0.31628036499
1469105977465142631,1150,1469105977463477893,,0.0161678399891,0.381896495819
1469105977485359170,1151,1469105977483654693,,0.0134732006118,0.397260189056
1469105977505739302,1152,1469105977503536076,,0.0112276673317,0.37818479538
1469105977525671102,1153,1469105977523534959,,0.00935638975352,0.331571578979
1469105977545056236,1154,1469105977543393426,,0.00779699161649,0.272006511688
1469105977565588660,1155,1469105977563524861,,0.0064974934794,0.227365970612
1469105977585694210,1156,1469105977583495723,,0.00541457813233,0.174446582794
1469105977605017261,1157,1469105977603483877,,0.00451214844361,0.148872852325
1469105977626075049,1158,1469105977623549010,,0.00376012385823,0.137843608856
1469105977645574089,1159,1469105977643484560,,0.00313343666494,0.137843608856
1469105977665592295,1160,1469105977663434589,,0.00261119729839,0.150109291077
1469105977685512168,1161,1469105977683405399,,0.00217599794269,0.19340467453
1469105977705522978,1162,1469105977703375689,,0.00181333173532,0.278402805328
1469105977725201653,1163,1469105977723494311,,0.00151110987645,0.349436283112
1469105977745620223,1164,1469105977743505278,,0.00125925824977,0.391699790955
1469105977770579934,1165,1469105977763384526,,0.00104938191362,0.415465354919
1469105977789101267,1166,1469105977783380440,,0.000874484947417,0.402910709381
1469105977810517336,1167,1469105977803454896,,0.000728737504687,0.363888263702
1469105977830372886,1168,1469105977823637425,,0.00060728128301,0.310844898224
1469105977845448650,1169,1469105977843666568,,0.000506067764945,0.25137758255
1469105977865057012,1170,1469105977863467222,,0.000421723147156,0.187261104584
1469105977885389333,1171,1469105977883766730,,0.000351435970515,0.127863883972
1469105977905969778,1172,1469105977903392541,,0.000292863318464,0.067530632019
1469105977930611572,1173,1469105977923366164,,0.000244052775088,0.067530632019
1469105977952534307,1174,1469105977943399422,,0.000203377319849,0.031078338623
1469105977972668086,1175,1469105977963414763,,0.00016948110715,0.0194520950317
1469105977985475207,1176,1469105977983606094,,0.000141234268085,0.0425572395325
1469105978009914189,1177,1469105978003416852,,0.000117695228255,0.0937919616699
1469105978031696247,1178,1469105978023660631,,9.80793629424e-05,0.160284996033
1469105978048636227,1179,1469105978043398421,,8.17328036646e-05,0.22522354126
1469105978068859069,1180,1469105978063421731,,6.81106757838e-05,0.210921764374
1469105978089236337,1181,1469105978083413479,,5.67588976992e-05,0.155876636505
1469105978108268502,1182,1469105978103381841,,4.7299083235e-05,0.272310256958
1469105978128681395,1183,1469105978123469839,,3.94159033021e-05,0.330439567566
1469105978148806945,1184,1469105978143543461,,3.28465866914e-05,0.217241287231
1469105978168632443,1185,1469105978163662188,,2.73721561825e-05,0.0585074424744
1469105978189321794,1186,1469105978183614665,,2.28101307584e-05,0.0391001701355
1469105978209308125,1187,1469105978203533861,,1.9008442905e-05,0.0369067192078
1469105978228728623,1188,1469105978223703785,,1.58403690875e-05,0.070348739624
1469105978249064433,1189,1469105978243629648,,1.32003078761e-05,0.0893397331238
1469105978265590456,1190,1469105978263502854,,1.10002574729e-05,0.079381942749
1469105978284722205,1191,1469105978283475071,,9.16688168218e-06,0.0393724441528
1469105978314183993,1192,1469105978303401818,,7.63906882639e-06,0.0393724441528
1469105978328005540,1193,1469105978323452108,,6.36589084024e-06,-0.00785207748413
1469105978348357027,1194,1469105978343611928,,5.3049093367e-06,-0.0574102401733
1469105978368463045,1195,1469105978363379562,,4.42075815954e-06,-0.104513168335
1469105978388243700,1196,1469105978383408236,,3.68396536032e-06,-0.134183883667
1469105978410587424,1197,1469105978403418578,,3.0699711715e-06,-0.189468860626
1469105978426271937,1198,1469105978423498450,,2.55830946116e-06,-0.206806659698
1469105978450287534,1199,1469105978443638011,,2.13192470255e-06,-0.18719291687
1469105978471952665,1200,1469105978463398144,,1.77660399459e-06,-0.175714969635
1469105978492198059,1201,1469105978483411662,,1.48050344251e-06,-0.173584938049
1469105978506935854,1202,1469105978503442473,,1.23375298244e-06,-0.182360172272
1469105978530726712,1203,1469105978523411720,,1.02812748537e-06,-0.155515193939
1469105978548560337,1204,1469105978543406854,,8.5677294237e-07,-0.0768604278564
1469105978568705054,1205,1469105978563479539,,7.13977499345e-07,-0.107813358307
1469105978591357215,1206,1469105978583522276,,5.94981258928e-07,-0.0893325805664
1469105978606500062,1207,1469105978603563242,,4.95817744195e-07,-0.0621209144592
1469105978624742072,1208,1469105978623584365,,4.13181481917e-07,-0.131482601166
1469105978652875685,1209,1469105978643649238,,3.44317925283e-07,-0.131482601166
1469105978686206116,1210,1469105978663383902,,2.8693162335e-07,-0.157158851624
1469105978686665386,1211,1469105978683510910,,2.3910970981e-07,-0.156952381134
1469105978711958846,1212,1469105978703375054,,1.99258096245e-07,-0.163206577301
1469105978728240755,1213,1469105978723408781,,1.66048423011e-07,-0.152227401733
1469105978749801823,1214,1469105978743431518,,1.38373692948e-07,-0.134510993958
1469105978770253831,1215,1469105978763402797,,1.15311415527e-07,-0.142634391785
1469105978787982561,1216,1469105978783646680,,9.60928474569e-08,-0.168199539185
1469105978810772482,1217,1469105978803452074,,8.00773776177e-08,-0.281374931335
1469105978829209440,1218,1469105978824260383,,6.6731153936e-08,-0.304874897003
1469105978845792285,1219,1469105978843539788,,5.56092984993e-08,-0.247626781464
1469105978867160230,1220,1469105978863816535,,4.63410856355e-08,-0.26624584198
1469105978886117395,1221,1469105978883584846,,3.86175749156e-08,-0.301162719727
1469105978906479299,1222,1469105978903532531,,3.21813153903e-08,-0.207256793976
1469105978926724119,1223,1469105978923589487,,2.68177640095e-08,-0.113765239716
1469105978948324042,1224,1469105978945347431,,2.23481375627e-08,-0.0296249389648
1469105978968026363,1225,1469105978963613920,,1.86234494493e-08,0.0231590270996
1469105978989230661,1226,1469105978983759522,,1.55195412077e-08,0.0216865539551
1469105979005711580,1227,1469105979003868561,,1.29329515985e-08,-0.0544085502625
1469105979033584100,1228,1469105979023710049,,1.07774598135e-08,-0.0544085502625
1469105979049600800,1229,1469105979044975076,,8.98121665927e-09,-0.128125667572
1469105979067019269,1230,1469105979063488649,,7.48434736408e-09,-0.138510227203
1469105979086381435,1231,1469105979084844249,,6.23695628477e-09,-0.237062931061
1469105979106616776,1232,1469105979103807092,,5.19746379268e-09,-0.198947429657
1469105979126431857,1233,1469105979124734411,,4.33121982724e-09,-0.163143157959
1469105979146437407,1234,1469105979144919804,,3.60934993004e-09,-0.245153427124
1469105979168712277,1235,1469105979166866914,,3.00779179341e-09,-0.341480255127
1469105979186429913,1236,1469105979184802988,,2.50649323519e-09,-0.333431720734
1469105979206430983,1237,1469105979203500205,,2.08874451069e-09,-0.34353685379
1469105979227085230,1238,1469105979224058150,,1.74062053659e-09,-0.384016036987
1469105979247911144,1239,1469105979244696564,,1.45051715084e-09,-0.394232273102
1469105979268762630,1240,1469105979263514980,,1.20876431087e-09,-0.456398963928
1469105979287561931,1241,1469105979284829799,,1.00730368491e-09,-0.555968761444
1469105979308228574,1242,1469105979304900609,,8.39419755927e-10,-0.688028812408
1469105979328068239,1243,1469105979325168138,,6.9951650028e-10,-0.597055435181
1469105979348439673,1244,1469105979345244885,,5.82930426152e-10,-0.540041446686
1469105979368159859,1245,1469105979364931477,,4.85775364378e-10,-0.453030586243
1469105979388932908,1246,1469105979383712758,,4.04812822152e-10,-0.340315341949
1469105979410713560,1247,1469105979405087368,,3.3734404159e-10,-0.191947937012
1469105979429837704,1248,1469105979424893752,,2.8112004391e-10,-0.10439157486
1469105979445768728,1249,1469105979443634772,,2.34266717136e-10,-0.116228103638
1469105979467584484,1250,1469105979465909381,,1.95222268906e-10,-0.116228103638
1469105979486566128,1251,1469105979484040038,,1.62685226401e-10,-0.0870232582092
1469105979506466210,1252,1469105979504848659,,1.35571026627e-10,-0.0647740364075
1469105979526425978,1253,1469105979524804053,,1.12975857836e-10,-0.114628314972
1469105979547030121,1254,1469105979543610177,,9.41465516657e-11,-0.242140769958
1469105979566484578,1255,1469105979564753069,,7.84554643474e-11,-0.28596496582
1469105979587480283,1256,1469105979584197786,,6.53795559358e-11,-0.367593765259
1469105979607595884,1257,1469105979605488751,,5.44829667493e-11,-0.421697616577
1469105979628994974,1258,1469105979625822530,,4.54024734475e-11,-0.406532764435
1469105979646523548,1259,1469105979644027353,,3.78353980091e-11,-0.392881393433
1469105979666356077,1260,1469105979663777070,,3.15295012321e-11,-0.443448543549
1469105979686341002,1261,1469105979683908817,,2.62745849383e-11,-0.414541721344
1469105979707058217,1262,1469105979703681919,,2.18954888942e-11,-0.473533153534
1469105979727528402,1263,1469105979723613615,,1.82462413234e-11,-0.641434669495
1469105979749049627,1264,1469105979743706196,,1.52052016811e-11,-0.641434669495
1469105979768320230,1265,1469105979763997318,,1.26710022683e-11,-0.671123981476
1469105979788373488,1266,1469105979783616306,,1.05591689906e-11,-0.461862564087
1469105979805500395,1267,1469105979803612845,,8.7993076367e-12,-0.323678970337
1469105979835090986,1268,1469105979832488020,,7.3327567976e-12,-0.207183361053
1469105979855035286,1269,1469105979853623361,,6.11063109834e-12,0.0285496711731
1469105979868012406,1270,1469105979866840793,,5.09219272651e-12,0.0538725852966
1469105979886611083,1271,1469105979883508014,,4.24349401104e-12,0.0538725852966
1469105979906348977,1272,1469105979903484918,,3.53624508148e-12,-0.0842728614807
1469105979925699579,1273,1469105979924021717,,2.94687104579e-12,-0.230166435242
1469105979946886013,1274,1469105979943755236,,2.45572594378e-12,-0.452579498291
1469105979966558855,1275,1469105979963783442,,2.04643832262e-12,-0.562731266022
1469105979987126175,1276,1469105979983890502,,1.70536534113e-12,-0.717560768127
1469105980006742402,1277,1469105980003889124,,1.42113783849e-12,-0.717124938965
1469105980027316181,1278,1469105980024104882,,1.18428162242e-12,-0.778364658356
1469105980047672824,1279,1469105980044438453,,9.86901424298e-13,-0.865209102631
1469105980069462278,1280,1469105980063979940,,8.22417871651e-13,-0.746914386749
1469105980089050328,1281,1469105980084267261,,6.85348262516e-13,-0.646551609039
1469105980108275514,1282,1469105980103916613,,5.71123606307e-13,-0.469544410706
1469105980129056272,1283,1469105980124097475,,4.75936347624e-13,-0.469544410706
1469105980146401981,1284,1469105980143819536,,3.96613650125e-13,-0.306339263916
1469105980165267323,1285,1469105980163577325,,3.30511388657e-13,-0.220097541809
1469105980185705581,1286,1469105980184474437,,2.75426166249e-13,-0.141000747681
1469105980206136495,1287,1469105980203781862,,2.29521805208e-13,-0.154030799866
1469105980226504180,1288,1469105980224854598,,1.91268184559e-13,-0.144323825836
1469105980246344990,1289,1469105980243453171,,1.59390160575e-13,-0.231244564056
1469105980266419446,1290,1469105980264843771,,1.32825133813e-13,-0.357918739319
1469105980287191453,1291,1469105980283619166,,1.10687616028e-13,-0.438852310181
1469105980307123201,1292,1469105980305386380,,9.22396856703e-14,-0.48097038269
1469105980326360366,1293,1469105980324660889,,7.68664103722e-14,-0.493539333344
1469105980346864249,1294,1469105980345108626,,6.40553419768e-14,-0.47118806839
1469105980367197559,1295,1469105980364659593,,5.33794539061e-14,-0.422584533691
1469105980385891444,1296,1469105980383558686,,4.44828805138e-14,-0.345452308655
1469105980406202722,1297,1469105980403421267,,3.70690687889e-14,-0.277321815491
1469105980428087384,1298,1469105980424860513,,3.08908917868e-14,-0.21975851059
1469105980446343665,1299,1469105980443619919,,2.5742410387e-14,-0.189421653748
1469105980468350619,1300,1469105980465013904,,2.14520089382e-14,-0.183794975281
1469105980488489919,1301,1469105980485379245,,1.78766743975e-14,-0.193121433258
1469105980507841980,1302,1469105980505521722,,1.48972292293e-14,-0.216975688934
1469105980528911226,1303,1469105980523722743,,1.24143579734e-14,-0.246343612671
1469105980548988443,1304,1469105980545361155,,1.03452987347e-14,-0.246343612671
1469105980568644305,1305,1469105980566871651,,8.62108270243e-15,-0.294270992279
1469105980586823607,1306,1469105980584837047,,7.18423615005e-15,-0.294270992279
1469105980607269677,1307,1469105980605137232,,5.98686359954e-15,-0.319470882416
1469105980626075906,1308,1469105980623502940,,4.98905328196e-15,-0.342219352722
1469105980646611559,1309,1469105980643433906,,4.15754475457e-15,-0.360255241394
1469105980666655234,1310,1469105980663911122,,3.46462076998e-15,-0.368395805359
1469105980686566773,1311,1469105980683752245,,2.88718401028e-15,-0.378473758698
1469105980706507167,1312,1469105980704642586,,2.40598671052e-15,-0.374283790588
1469105980726340634,1313,1469105980724793604,,2.00498903131e-15,-0.367472171783
1469105980746676339,1314,1469105980745101601,,1.67082426335e-15,-0.36824798584
1469105980768744803,1315,1469105980763627674,,1.39235360573e-15,-0.381178379059
1469105980787457178,1316,1469105980783789525,,1.16029474203e-15,-0.401061058044
1469105980806641322,1317,1469105980803779034,,9.66912355609e-16,-0.416030883789
1469105980827667756,1318,1469105980825647810,,8.05760313987e-16,-0.426098823547
1469105980846956744,1319,1469105980843722894,,6.71466945969e-16,-0.419691562653
1469105980868081720,1320,1469105980864828859,,5.59555841247e-16,-0.414223194122
1469105980886473105,1321,1469105980884846961,,4.66296560842e-16,-0.408349990845
1469105980908107299,1322,1469105980904914386,,3.88580493839e-16,-0.414797306061
1469105980926735819,1323,1469105980924976967,,3.23817095845e-16,-0.431054115295
1469105980947033608,1324,1469105980943674028,,2.69847597518e-16,-0.455226898193
1469105980968730041,1325,1469105980963623120,,2.24873006755e-16,-0.455226898193
1469105980988617570,1326,1469105980983783930,,1.87394181119e-16,-0.489533901215
1469105981011048690,1327,1469105981003428907,,1.56161826422e-16,-0.489533901215
1469105981030269762,1328,1469105981024087737,,1.30134859763e-16,-0.482214450836
1469105981048481251,1329,1469105981044705891,,1.08445720881e-16,-0.456027030945
1469105981066506855,1330,1469105981064802690,,9.03714406851e-17,-0.409574985504
1469105981086634436,1331,1469105981084802876,,7.53095405217e-17,-0.369913578033
1469105981107261912,1332,1469105981105298477,,6.27579548464e-17,-0.328000545502
1469105981126709650,1333,1469105981124963246,,5.2298299014e-17,-0.300084114075
1469105981146799575,1334,1469105981145122546,,4.35819163965e-17,-0.278147697449
1469105981165721220,1335,1469105981163447993,,3.63182647666e-17,-0.239386081696
1469105981187064320,1336,1469105981183818282,,3.02652217418e-17,-0.194182872772
1469105981206830547,1337,1469105981204935237,,2.52210197725e-17,-0.156586647034
1469105981227224274,1338,1469105981224669849,,2.10175178557e-17,-0.118100643158
1469105981246571126,1339,1469105981243459671,,1.75145998675e-17,-0.081729888916
1469105981267959643,1340,1469105981264706157,,1.45955009925e-17,-0.0735096931458
1469105981286628840,1341,1469105981283777229,,1.21629183209e-17,-0.0726714134216
1469105981308283451,1342,1469105981305026371,,1.01357658189e-17,-0.0963025093079
1469105981329027229,1343,1469105981324930098,,8.44647192932e-18,-0.12877368927
1469105981348612050,1344,1469105981343739295,,7.03872715922e-18,-0.158843517303
1469105981371103795,1345,1469105981363502554,,5.8656063796e-18,-0.158843517303
1469105981389371378,1346,1469105981385009716,,4.8880054542e-18,-0.189408779144
1469105981407052503,1347,1469105981404656100,,4.07333801636e-18,-0.202477455139
1469105981426070085,1348,1469105981423472016,,3.39444855376e-18,-0.202242851257
1469105981446320583,1349,1469105981444749231,,2.828707266e-18,-0.18584728241
1469105981466469153,1350,1469105981463476813,,2.35725608947e-18,-0.14847946167
1469105981486454391,1351,1469105981484870070,,1.96438024688e-18,-0.107721805573
1469105981507042075,1352,1469105981503622704,,1.636983608e-18,-0.0723600387573
1469105981526275074,1353,1469105981524738565,,1.3641530756e-18,-0.0391345024109
1469105981547323487,1354,1469105981543513179,,1.13679431583e-18,-0.0113682746887
1469105981567454870,1355,1469105981563824822,,9.47328596526e-19,0.0238213539124
1469105981586822712,1356,1469105981583623393,,7.89440548804e-19,0.060827255249
1469105981608065500,1357,1469105981604771598,,6.5786713262e-19,0.101633548737
1469105981627760009,1358,1469105981624855012,,5.48222636366e-19,0.137682437897
1469105981648000558,1359,1469105981644784312,,4.56852214205e-19,0.174541473389
1469105981665822361,1360,1469105981663550280,,3.8071018712e-19,0.199138641357
1469105981687536606,1361,1469105981683783225,,3.172585065e-19,0.211269378662
1469105981709982466,1362,1469105981706042939,,2.64382097366e-19,0.217001914978
1469105981728899736,1363,1469105981723693700,,2.2031841878e-19,0.207828044891
1469105981750838096,1364,1469105981745735341,,1.83598695241e-19,0.207828044891
1469105981768702554,1365,1469105981763539644,,1.52998919164e-19,0.186629772186
1469105981786241284,1366,1469105981783481183,,1.27499099303e-19,0.186629772186
1469105981806664333,1367,1469105981804614804,,1.06249255882e-19,0.184198379517
1469105981837484141,1368,1469105981832932220,,8.85410508762e-20,0.185913562775
1469105981855772922,1369,1469105981850022460,,7.37842133717e-20,0.214317798615
1469105981866550670,1370,1469105981864909735,,6.14868487846e-20,0.214317798615
1469105981886591897,1371,1469105981884853566,,5.1239043885e-20,0.224545955658
1469105981906896509,1372,1469105981903494846,,4.26992053917e-20,0.225992679596
1469105981927733985,1373,1469105981924932061,,3.55826733138e-20,0.226802825928
1469105981948388024,1374,1469105981944878913,,2.96522277615e-20,0.230601787567
1469105981966206857,1375,1469105981963473892,,2.47101903398e-20,0.228077888489
1469105981986750688,1376,1469105981984900950,,2.0591826091e-20,0.22632932663
1469105982006589779,1377,1469105982003485616,,1.71598553451e-20,0.219306468964
1469105982027731057,1378,1469105982024996737,,1.42998799927e-20,0.212129592896
1469105982046849420,1379,1469105982043539737,,1.19165674684e-20,0.203513622284
1469105982068901114,1380,1469105982065093201,,9.93047369814e-21,0.198271274567
1469105982088448695,1381,1469105982083852346,,8.27539515235e-21,0.194005012512
1469105982109853723,1382,1469105982105294613,,6.89616276159e-21,0.194005012512
1469105982129772241,1383,1469105982124831257,,5.74680257059e-21,0.193772792816
1469105982145826129,1384,1469105982143760454,,4.78900254605e-21,0.193772792816
1469105982166308866,1385,1469105982164595951,,3.99083545505e-21,0.192101478577
1469105982187224154,1386,1469105982184794834,,3.32569641449e-21,0.194927692413
1469105982206348871,1387,1469105982204695175,,2.7714137124e-21,0.190777778625
1469105982226581765,1388,1469105982224699736,,2.30951149431e-21,0.192812919617
1469105982247256428,1389,1469105982244727160,,1.9245930129e-21,0.198114395142
1469105982266648593,1390,1469105982264717398,,1.60382757807e-21,0.198278427124
1469105982286916903,1391,1469105982285018937,,1.33652303221e-21,0.207458496094
1469105982306230579,1392,1469105982303477353,,1.11376921034e-21,0.209642410278
1469105982328079616,1393,1469105982324809099,,9.28141075931e-22,0.208835124969
1469105982346698918,1394,1469105982343503348,,7.73450930267e-22,0.205330848694
1469105982368080560,1395,1469105982364855720,,6.44542475547e-22,0.195114135742
1469105982388410640,1396,1469105982384941686,,5.37118754866e-22,0.191990852356
1469105982406447703,1397,1469105982403597706,,4.47598970803e-22,0.188146114349
1469105982426796898,1398,1469105982425214192,,3.72999159165e-22,0.196970462799
1469105982448761143,1399,1469105982444963700,,3.10832653674e-22,0.211354732513
1469105982468895079,1400,1469105982466420498,,2.59027211395e-22,0.223731517792
1469105982485373966,1401,1469105982483465114,,2.15856022117e-22,0.227370262146
1469105982505063787,1402,1469105982503396237,,1.79880026846e-22,0.227370262146
1469105982524701993,1403,1469105982523411213,,1.49900030786e-22,0.226670742035
1469105982544753845,1404,1469105982543455201,,1.24916692322e-22,0.212575435638
1469105982569474910,1405,1469105982563422157,,1.04097245705e-22,0.216399669647
1469105982589427387,1406,1469105982583396196,,8.67477079096e-23,0.242379188538
1469105982609042312,1407,1469105982603393204,,7.22897618504e-23,0.272345542908
1469105982629526403,1408,1469105982623394275,,6.02414703123e-23,0.244761943817
1469105982649967578,1409,1469105982643372377,,5.02012273639e-23,0.240952968597
1469105982667397974,1410,1469105982663408395,,4.18343571884e-23,0.254914283752
1469105982689023783,1411,1469105982683420143,,3.48619659014e-23,0.305914878845
1469105982709474696,1412,1469105982703451943,,2.9051639303e-23,0.353500366211
1469105982727737175,1413,1469105982723404003,,2.42097009968e-23,0.342667102814
1469105982749729962,1414,1469105982743432157,,2.01747516196e-23,0.329653263092
1469105982771487958,1415,1469105982763467186,,1.68122935422e-23,0.313099384308
1469105982791958768,1416,1469105982783980652,,1.40102454074e-23,0.31361246109
1469105982809131560,1417,1469105982803435577,,1.1675205295e-23,0.3191614151
1469105982830555234,1418,1469105982823630606,,9.72933787731e-24,0.3191614151
1469105982849507451,1419,1469105982843422406,,8.10778222181e-24,0.341703414917
1469105982867609097,1420,1469105982863422019,,6.75648557927e-24,0.354614257812
1469105982889340218,1421,1469105982883478610,,5.63040478087e-24,0.364037036896
1469105982909590871,1422,1469105982903576191,,4.69200424701e-24,0.393222332001
1469105982927533507,1423,1469105982923395751,,3.91000367065e-24,0.41660451889
1469105982949781190,1424,1469105982943478645,,3.25833652369e-24,0.418022155762
1469105982969051480,1425,1469105982963415236,,2.71528053502e-24,0.402076244354
1469105982990323070,1426,1469105982983401307,,2.26273391066e-24,0.392546653748
1469105983011436795,1427,1469105983003460867,,1.88561165795e-24,0.390933513641
1469105983031018023,1428,1469105983024264072,,1.57134308116e-24,0.422656059265
1469105983049187950,1429,1469105983043475144,,1.3094526005e-24,0.427383899689
1469105983070599019,1430,1469105983063377725,,1.09121058259e-24,0.427383899689
1469105983086829625,1431,1469105983083419837,,9.09342152161e-25,0.422820568085
1469105983109450901,1432,1469105983103423877,,7.5778515967e-25,0.438627243042
1469105983129277909,1433,1469105983123430989,,6.31487641276e-25,0.408167362213
1469105983149415959,1434,1469105983143430810,,5.2623974215e-25,0.397723674774
1469105983169326196,1435,1469105983163419068,,4.38533151327e-25,0.405865192413
1469105983189365392,1436,1469105983183384566,,3.6544430099e-25,0.394784450531
1469105983209843702,1437,1469105983203446678,,3.04536942144e-25,0.388559341431
1469105983229343367,1438,1469105983223463894,,2.53780793337e-25,0.380029678345
1469105983249236885,1439,1469105983243419548,,2.11483994447e-25,0.379923343658
1469105983270088997,1440,1469105983263402234,,1.76236666148e-25,0.374008178711
1469105983289174443,1441,1469105983283548721,,1.46863898728e-25,0.35157585144
1469105983312712177,1442,1469105983304225207,,1.22386592545e-25,0.204963684082
1469105983329166793,1443,1469105983323520862,,1.0198883123e-25,0.185070037842
1469105983349577238,1444,1469105983343425943,,8.49906968001e-26,0.185070037842
1469105983366314979,1445,1469105983363370139,,7.08255837483e-26,0.308948516846
1469105983390155472,1446,1469105983383403345,,5.90213218445e-26,0.316268444061
1469105983408487587,1447,1469105983403423999,,4.91844358976e-26,0.321091651917
1469105983428805688,1448,1469105983423445434,,4.09870309418e-26,0.328721523285
1469105983448543895,1449,1469105983443427442,,3.41558621997e-26,0.285657405853
1469105983467381217,1450,1469105983463455440,,2.84632200405e-26,0.264658927917
1469105983489148119,1451,1469105983483439896,,2.37193510609e-26,0.241012573242
1469105983509318460,1452,1469105983503415550,,1.9766127168e-26,0.238381385803
1469105983526657971,1453,1469105983523446933,,1.64717731536e-26,0.256939411163
1469105983548003988,1454,1469105983543438420,,1.37264786552e-26,0.269938468933
1469105983568895318,1455,1469105983563409647,,1.14387327262e-26,0.280910968781
1469105983586881912,1456,1469105983583420249,,9.53227778544e-27,0.275194644928
1469105983609412719,1457,1469105983603438664,,7.94356507799e-27,0.253443717957
1469105983627205199,1458,1469105983623400151,,6.61963769338e-27,0.229526042938
1469105983649861683,1459,1469105983643410128,,5.51636487288e-27,0.206006526947
1469105983669155046,1460,1469105983663509792,,4.59697098419e-27,0.188285827637
1469105983690604865,1461,1469105983684038258,,3.83080947448e-27,0.179230213165
1469105983711347601,1462,1469105983704495057,,3.19234135713e-27,0.170618057251
1469105983728583363,1463,1469105983723430348,,2.66028452847e-27,0.180587768555
1469105983749732974,1464,1469105983743394856,,2.21690387002e-27,0.180587768555
1469105983766260350,1465,1469105983763355979,,1.84741998798e-27,0.213897705078
1469105983787858711,1466,1469105983783438872,,1.53951675295e-27,0.217442512512
1469105983808797853,1467,1469105983803400568,,1.28293069166e-27,0.202405452728
1469105983831318452,1468,1469105983823648774,,1.06910894181e-27,0.235406398773
1469105983846164164,1469,1469105983843527240,,8.90924118176e-28,0.296917915344
1469105983865168986,1470,1469105983863442790,,7.42436797246e-28,0.250786304474
1469105983888437709,1471,1469105983883417767,,6.18697339063e-28,0.15912437439
1469105983907918676,1472,1469105983903565348,,5.1558112391e-28,0.191030025482
1469105983928962090,1473,1469105983923425377,,4.29650944617e-28,0.22712469101
1469105983950242482,1474,1469105983943441969,,3.58042461872e-28,0.219952106476
1469105983971716467,1475,1469105983964638871,,2.98368726251e-28,0.207543849945
1469105983988861395,1476,1469105983983463849,,2.48640613234e-28,0.233707427979
1469105984009500434,1477,1469105984003417524,,2.07200523066e-28,0.233707427979
1469105984026412602,1478,1469105984023416355,,1.72667106567e-28,0.214673042297
1469105984048766795,1479,1469105984043432999,,1.43889259485e-28,0.155729293823
1469105984068747657,1480,1469105984063468028,,1.19907724262e-28,0.172773361206
1469105984089243831,1481,1469105984083428265,,9.99231075641e-29,0.168016433716
1469105984108469903,1482,1469105984103402773,,8.32692603158e-29,0.182951450348
1469105984127220767,1483,1469105984123399417,,6.93910512662e-29,0.199782371521
1469105984146825484,1484,1469105984143429915,,5.78258780614e-29,0.188259124756
1469105984169320249,1485,1469105984163414787,,4.81882327209e-29,0.190113544464
1469105984187342208,1486,1469105984183434504,,4.01568611023e-29,0.170881748199
1469105984209547442,1487,1469105984203431929,,3.34640529247e-29,0.177121639252
1469105984226823933,1488,1469105984223414562,,2.78867132783e-29,0.166407108307
1469105984247448857,1489,1469105984243404382,,2.32389282335e-29,0.18579864502
1469105984268448781,1490,1469105984263425297,,1.93657747818e-29,0.205476284027
1469105984287345842,1491,1469105984283433138,,1.61381464038e-29,0.206373691559
1469105984308237485,1492,1469105984303455355,,1.3448455838e-29,0.195415019989
1469105984330280897,1493,1469105984324361008,,1.1207047284e-29,0.208477020264
1469105984348524886,1494,1469105984343470673,,9.33920669694e-30,0.215203762054
1469105984369384081,1495,1469105984363465754,,7.78267237284e-30,0.215203762054
1469105984385919582,1496,1469105984383438544,,6.48556081224e-30,0.216777324677
1469105984412097052,1497,1469105984403420864,,5.40463413559e-30,0.187976837158
1469105984427626149,1498,1469105984423423497,,4.50386203043e-30,0.199069499969
1469105984449391801,1499,1469105984443432485,,3.75321842138e-30,0.145215511322
1469105984467431259,1500,1469105984463435482,,3.1276822059e-30,0.107087612152
1469105984488712953,1501,1469105984483497959,,2.60640199498e-30,0.096688747406
1469105984508957149,1502,1469105984503423665,,2.17200172518e-30,0.0907797813416
1469105984528361189,1503,1469105984523411559,,1.81000156303e-30,0.118787288666
1469105984546866792,1504,1469105984543429921,,1.5083347299e-30,0.149144649506
1469105984567158644,1505,1469105984563409690,,1.25694567094e-30,0.184821605682
1469105984590044242,1506,1469105984583508312,,1.04745480415e-30,0.230184555054
1469105984607422243,1507,1469105984603431727,,8.72879034808e-31,0.245507240295
1469105984630054248,1508,1469105984623455089,,7.27399242693e-31,0.258167743683
1469105984651067036,1509,1469105984644159076,,6.06166043414e-31,0.265355587006
1469105984668657120,1510,1469105984663438585,,5.05138416531e-31,0.266980171204
1469105984690417043,1511,1469105984683440957,,4.20948711789e-31,0.266980171204
1469105984706329160,1512,1469105984703414424,,3.50790600994e-31,0.273408412933
1469105984730030122,1513,1469105984723401015,,2.92325508665e-31,0.273781776428
1469105984748451664,1514,1469105984743417971,,2.43604606228e-31,0.28138589859
1469105984768499036,1515,1469105984763422375,,2.03003854196e-31,0.291666507721
1469105984787898180,1516,1469105984783404384,,1.69169882415e-31,0.29734992981
1469105984808387376,1517,1469105984803435350,,1.40974909849e-31,0.30249786377
1469105984829300424,1518,1469105984824466836,,1.174790935e-31,0.29706287384
1469105984845764780,1519,1469105984843524731,,9.78992485019e-32,0.298645496368
1469105984867316526,1520,1469105984863719030,,8.15827110032e-32,0.309302806854
1469105984887538899,1521,1469105984884646142,,6.79855974006e-32,0.323996067047
1469105984906592470,1522,1469105984903656120,,5.66546664596e-32,0.325030326843
1469105984927877342,1523,1469105984924649637,,4.72122230293e-32,0.332100868225
1469105984948256068,1524,1469105984944820864,,3.93435196808e-32,0.328485488892
1469105984967112817,1525,1469105984963678029,,3.27862683599e-32,0.324903488159
1469105984989486541,1526,1469105984985219775,,2.73218917693e-32,0.322092056274
1469105985009796362,1527,1469105985003701733,,2.27682441206e-32,0.322684288025
1469105985030113682,1528,1469105985024683271,,1.89735382366e-32,0.328787326813
1469105985048389338,1529,1469105985043965437,,1.58112821087e-32,0.338981151581
1469105985068214315,1530,1469105985064441767,,1.31760691586e-32,0.338981151581
1469105985094850690,1531,1469105985088629083,,1.09800583668e-32,0.347732067108
1469105985106133229,1532,1469105985104538960,,9.15004876148e-33,0.347732067108
1469105985126229144,1533,1469105985124408313,,7.62504100191e-33,0.339324951172
1469105985145913236,1534,1469105985143513238,,6.35420083493e-33,0.332970619202
1469105985165894879,1535,1469105985163709257,,5.29516748489e-33,0.332739830017
1469105985186659230,1536,1469105985184721055,,4.41263975441e-33,0.334857940674
1469105985206688999,1537,1469105985203476346,,3.67719979534e-33,0.340580463409
1469105985227692099,1538,1469105985223951166,,3.06433322401e-33,0.345624923706
1469105985248197857,1539,1469105985245356402,,2.55361105062e-33,0.349690437317
1469105985268328302,1540,1469105985265569868,,2.12800936191e-33,0.350358963013
1469105985286438959,1541,1469105985283914691,,1.77334122676e-33,0.33931016922
1469105985308041225,1542,1469105985303720501,,1.47778438624e-33,0.33931016922
1469105985330144377,1543,1469105985323861103,,1.23148700384e-33,0.338390827179
1469105985348697428,1544,1469105985345087224,,1.0262392617e-33,0.338099479675
1469105985368591051,1545,1469105985364791316,,8.55199415366e-34,0.347170829773
1469105985387079780,1546,1469105985384295252,,7.12666225389e-34,0.356560707092
1469105985406214393,1547,1469105985404406010,,5.93888536463e-34,0.35254907608
1469105985426297182,1548,1469105985424406091,,4.94907136678e-34,0.344627380371
1469105985446390961,1549,1469105985444430599,,4.12422652163e-34,0.332426071167
1469105985466677657,1550,1469105985465121200,,3.43685551123e-34,0.322437286377
1469105985486376957,1551,1469105985484739667,,2.86404629762e-34,0.323087692261
1469105985506543392,1552,1469105985504765581,,2.38670536281e-34,0.328629493713
1469105985526147640,1553,1469105985523403060,,1.98892128873e-34,0.338602542877
1469105985546867824,1554,1469105985543533609,,1.65743452207e-34,0.349626541138
1469105985566936187,1555,1469105985563643326,,1.38119553072e-34,0.348202228546
1469105985586457622,1556,1469105985584012469,,1.15099631387e-34,0.341387748718
1469105985606662026,1557,1469105985604247550,,9.59163614022e-35,0.334694385529
1469105985628357939,1558,1469105985625840389,,7.99303040383e-35,0.330795764923
1469105985646653907,1559,1469105985644077764,,6.66085895685e-35,0.329645633698
1469105985667123727,1560,1469105985664372012,,5.55071589303e-35,0.33106470108
1469105985687740839,1561,1469105985685229904,,4.62559667319e-35,0.334951877594
1469105985708014513,1562,1469105985705492172,,3.85466408565e-35,0.338241577148
1469105985727420532,1563,1469105985724505692,,3.2122202627e-35,0.338919639587
1469105985747181291,1564,1469105985744443065,,2.67685031458e-35,0.337262630463
1469105985768413454,1565,1469105985765232676,,2.23070873897e-35,0.33641242981
1469105985786473745,1566,1469105985784114634,,1.85892406872e-35,0.329314231873
1469105985807736169,1567,1469105985805270026,,1.5491035341e-35,0.329314231873
1469105985832113432,1568,1469105985824475316,,1.29091965958e-35,0.326525688171
1469105985847273779,1569,1469105985845368834,,1.07576645473e-35,0.328589439392
1469105985867307246,1570,1469105985865555998,,8.96472069522e-36,0.326193332672
1469105985887586233,1571,1469105985885202642,,7.47060093808e-36,0.329333305359
1469105985908788708,1572,1469105985905582879,,6.22550102089e-36,0.329008579254
1469105985927114312,1573,1469105985925524418,,5.18791775656e-36,0.318821430206
1469105985946028040,1574,1469105985944353198,,4.32326503629e-36,0.322960853577
1469105985967659109,1575,1469105985963433124,,3.60272086357e-36,0.320614814758
1469105985987171378,1576,1469105985983585549,,3.00226756568e-36,0.3260846138
1469105986006965157,1577,1469105986003508703,,2.50188966796e-36,0.329973697662
1469105986026197323,1578,1469105986023616024,,2.08490808653e-36,0.325485229492
1469105986047351309,1579,1469105986045263342,,1.73742355491e-36,0.317288398743
1469105986068716128,1580,1469105986063549988,,1.44785305211e-36,0.314602851868
1469105986087613554,1581,1469105986083463559,,1.20654425493e-36,0.316452026367
1469105986105091607,1582,1469105986103433848,,1.00545357567e-36,0.316452026367
1469105986125901322,1583,1469105986123458512,,8.37878009621e-37,0.318684577942
1469105986149957753,1584,1469105986145196144,,6.98231689631e-37,0.321228981018
1469105986168772418,1585,1469105986163452216,,5.81859748833e-37,0.327275753021
1469105986185830211,1586,1469105986183422818,,4.84883168869e-37,0.322416782379
1469105986205890917,1587,1469105986203447535,,4.04069322338e-37,0.318841457367
1469105986228354172,1588,1469105986223457459,,3.36724442755e-37,0.317273139954
1469105986245877069,1589,1469105986243419728,,2.80603717243e-37,0.315607070923
1469105986266152775,1590,1469105986263508298,,2.33836445983e-37,0.319075107574
1469105986288897436,1591,1469105986284202389,,1.9486371246e-37,0.328357696533
1469105986308130643,1592,1469105986304336168,,1.62386434523e-37,0.331558704376
1469105986326415934,1593,1469105986323752343,,1.35322036243e-37,0.334348201752
1469105986347450858,1594,1469105986344346226,,1.12768372878e-37,0.332763195038
1469105986369722447,1595,1469105986364124901,,9.39736478016e-38,0.330637454987
1469105986388266436,1596,1469105986384548784,,7.83113741022e-38,0.326331138611
