%time,field.header.seq,field.header.stamp,field.header.frame_id,field.temperature,field.variance
1481552488614466285,472,1481552488440451718,,0.0,180.0
1481552488614541336,473,1481552488460699949,,0.0,180.0
1481552488614686180,474,1481552488480659535,,0.0,180.0
1481552488614762273,475,1481552488500408600,,0.0,180.0
1481552488614845138,476,1481552488519990531,,0.0,180.0
1481552488614915346,477,1481552488540425480,,0.0,180.0
1481552488615029564,478,1481552488559929285,,0.0,180.0
1481552488615103366,479,1481552488580001006,,0.0,180.0
1481552488615205814,480,1481552488599994602,,0.0,180.0
1481552488622165067,481,1481552488619875438,,0.0,180.0
1481552488642050226,482,1481552488639910232,,0.0,180.0
1481552488663226736,483,1481552488659928150,,0.0,180.0
1481552488682482677,484,1481552488679879924,,0.0,180.0
1481552488703162886,485,1481552488699954353,,0.0,180.0
1481552488722532317,486,1481552488719995501,,0.0,180.0
1481552488743965233,487,1481552488740026805,,0.0,180.0
1481552488764225286,488,1481552488759996703,,0.0,180.0
1481552488783598519,489,1481552488780568318,,0.0,180.0
1481552488802854148,490,1481552488800588789,,0.0,180.0
1481552488824616594,491,1481552488821045769,,0.0,180.0
1481552488842332175,492,1481552488839958743,,0.0,180.0
1481552488862075667,493,1481552488859962183,,0.0,180.0
1481552488883238375,494,1481552488880516975,,0.0,180.0
1481552488902980253,495,1481552488899892083,,0.0,180.0
1481552488923213327,496,1481552488919900575,,0.0,180.0
1481552488944324160,497,1481552488939813650,,0.0,180.0
1481552488961911512,498,1481552488959832559,,0.0,180.0
1481552488982402346,499,1481552488979826103,,0.0,180.0
1481552489001825735,500,1481552488999817251,,0.0,180.0
1481552489021922039,501,1481552489019863815,,0.0,180.0
1481552489041621886,502,1481552489039814547,,0.0,180.0
1481552489062056835,503,1481552489059839914,,0.0,180.0
1481552489081990848,504,1481552489079868614,,0.0,180.0
1481552489104997249,505,1481552489099826012,,0.0,180.0
1481552489121983248,506,1481552489119857004,,0.0,180.0
1481552489142238562,507,1481552489139887006,,0.0,180.0
1481552489162535647,508,1481552489159978622,,0.0,180.0
1481552489182512837,509,1481552489179876541,,0.0,180.0
1481552489202362371,510,1481552489199843679,,0.0,180.0
1481552489221974666,511,1481552489219850036,,0.0,180.0
1481552489242958884,512,1481552489239891548,,0.0,180.0
1481552489263546437,513,1481552489260483007,,0.0,180.0
1481552489283955865,514,1481552489280289676,,0.0,180.0
1481552489302551861,515,1481552489299891919,,0.0,180.0
1481552489323054674,516,1481552489319897963,,0.0,180.0
1481552489343536863,517,1481552489339826820,,0.0,180.0
1481552489367758104,518,1481552489359830364,,0.0,180.0
1481552489382409057,519,1481552489379856512,,0.0,180.0
1481552489402385414,520,1481552489400409846,,0.0,180.0
1481552489422577863,521,1481552489420395004,,0.0,180.0
1481552489442535991,522,1481552489440407975,,0.0,180.0
1481552489462779378,523,1481552489460380582,,0.0,180.0
1481552489482217871,524,1481552489480036418,,0.0,180.0
1481552489502521518,525,1481552489500022045,,0.0,180.0
1481552489522155115,526,1481552489519821319,,0.0,180.0
1481552489542066784,527,1481552489539909967,,0.0,180.0
1481552489562598921,528,1481552489559931531,,0.0,180.0
1481552489583352723,529,1481552489579992940,,0.0,180.0
1481552489602822101,530,1481552489599980598,,0.0,180.0
1481552489624799442,531,1481552489620186954,,0.0,180.0
1481552489643936791,532,1481552489640883517,,0.0,180.0
1481552489662538307,533,1481552489659987844,,0.0,180.0
1481552489683596692,534,1481552489680020242,,0.0,180.0
1481552489703287997,535,1481552489700237379,,0.0,180.0
1481552489723619404,536,1481552489720618266,,0.0,180.0
1481552489741879880,537,1481552489739953114,,0.0,180.0
1481552489763608576,538,1481552489759854106,,0.0,180.0
1481552489782943163,539,1481552489779963274,,0.0,180.0
1481552489802228063,540,1481552489799836714,,0.0,180.0
1481552489821728483,541,1481552489819865987,,0.0,180.0
1481552489842031870,542,1481552489839834792,,0.0,180.0
1481552489861953799,543,1481552489859891044,,0.0,180.0
1481552489882605883,544,1481552489880007140,,0.0,180.0
1481552489902021460,545,1481552489899834955,,0.0,180.0
1481552489921935941,546,1481552489919803551,,0.0,180.0
1481552489941890839,547,1481552489939950688,,0.0,180.0
1481552489962308809,548,1481552489959915117,,0.0,180.0
1481552489982229958,549,1481552489979918974,,0.0,180.0
1481552490002018762,550,1481552489999829653,,0.0,180.0
1481552490022065275,551,1481552490019851895,,0.0,180.0
1481552490041971267,552,1481552490039816168,,0.0,180.0
1481552490061805176,553,1481552490059845493,,0.0,180.0
1481552490082082209,554,1481552490079911068,,0.0,180.0
1481552490102229398,555,1481552490100033049,,0.0,180.0
1481552490122666482,556,1481552490120304197,,0.0,180.0
1481552490142153100,557,1481552490139949981,,0.0,180.0
1481552490163672891,558,1481552490159830765,,0.0,180.0
1481552490182574875,559,1481552490179845090,,0.0,180.0
1481552490202028732,560,1481552490199805873,,0.0,180.0
1481552490222295974,561,1481552490219829313,,0.0,180.0
1481552490242002487,562,1481552490239842284,,0.0,180.0
1481552490262459571,563,1481552490259831192,,0.0,180.0
1481552490282132804,564,1481552490279793122,,0.0,180.0
1481552490301720359,565,1481552490299802030,,0.0,180.0
1481552490322066558,566,1481552490319876668,,0.0,180.0
1481552490341807394,567,1481552490339830160,,0.0,180.0
1481552490362130364,568,1481552490359840943,,0.0,180.0
1481552490382239221,569,1481552490379890060,,0.0,180.0
1481552490402814169,570,1481552490399994228,,0.0,180.0
1481552490421946830,571,1481552490419882460,,0.0,180.0
1481552490447403173,572,1481552490440052618,,0.0,180.0
1481552490465563596,573,1481552490460446682,,0.0,180.0
1481552490485268912,574,1481552490479885748,,0.0,180.0
1481552490502158140,575,1481552490499843042,,0.0,180.0
1481552490523564858,576,1481552490519829607,,0.0,180.0
1481552490542293040,577,1481552490539841119,,0.0,180.0
1481552490562730906,578,1481552490559859403,,0.0,180.0
1481552490582519815,579,1481552490579863988,,0.0,180.0
1481552490602361015,580,1481552490599877063,,0.0,180.0
1481552490622385705,581,1481552490619889878,,0.0,180.0
1481552490642776383,582,1481552490639858422,,0.0,180.0
1481552490661857169,583,1481552490659864258,,0.0,180.0
1481552490681667589,584,1481552490679834572,,0.0,180.0
1481552490701303998,585,1481552490699893168,,0.0,180.0
1481552490721737697,586,1481552490719892597,,0.0,180.0
1481552490742426447,587,1481552490739898381,,0.0,180.0
1481552490762015617,588,1481552490759915154,,0.0,180.0
1481552490781971766,589,1481552490779883594,,0.0,180.0
1481552490801974424,590,1481552490799975054,,0.0,180.0
1481552490822577914,591,1481552490820635523,,0.0,180.0
1481552490845290097,592,1481552490839912298,,0.0,180.0
1481552490862336357,593,1481552490860557976,,0.0,180.0
1481552490882323547,594,1481552490879912719,,0.0,180.0
1481552490901615790,595,1481552490899839076,,0.0,180.0
1481552490921628032,596,1481552490919844807,,0.0,180.0
1481552490941633399,597,1481552490939811216,,0.0,180.0
1481552490961730901,598,1481552490959848093,,0.0,180.0
1481552490981840642,599,1481552490979859293,,0.0,180.0
1481552491001827363,600,1481552490999891066,,0.0,180.0
1481552491021800438,601,1481552491019851954,,0.0,180.0
1481552491041847836,602,1481552491039847841,,0.0,180.0
1481552491061946797,603,1481552491059837791,,0.0,180.0
1481552491081779508,604,1481552491079831596,,0.0,180.0
1481552491101945186,605,1481552491099894150,,0.0,180.0
1481552491122121386,606,1481552491120047954,,0.0,180.0
1481552491143542062,607,1481552491139943217,,0.0,180.0
1481552491163360294,608,1481552491159856605,,0.0,180.0
1481552491183710035,609,1481552491179875617,,0.0,180.0
1481552491203049361,610,1481552491200469160,,0.0,180.0
1481552491224296496,611,1481552491219954215,,0.0,180.0
1481552491242128847,612,1481552491239953176,,0.0,180.0
1481552491262501713,613,1481552491259996042,,0.0,180.0
1481552491282504372,614,1481552491280198284,,0.0,180.0
1481552491301809896,615,1481552491299766829,,0.0,180.0
1481552491321765888,616,1481552491319814852,,0.0,180.0
1481552491341818963,617,1481552491339844020,,0.0,180.0
1481552491361760476,618,1481552491359832512,,0.0,180.0
1481552491381669124,619,1481552491379825900,,0.0,180.0
1481552491401844074,620,1481552491399829079,,0.0,180.0
1481552491421725066,621,1481552491419831165,,0.0,180.0
1481552491441890693,622,1481552491439868406,,0.0,180.0
1481552491461860747,623,1481552491459844867,,0.0,180.0
1481552491481730646,624,1481552491479847734,,0.0,180.0
1481552491501660179,625,1481552491499821174,,0.0,180.0
1481552491521857785,626,1481552491519862322,,0.0,180.0
1481552491541847006,627,1481552491539885813,,0.0,180.0
1481552491561956748,628,1481552491559846493,,0.0,180.0
1481552491581901490,629,1481552491579891182,,0.0,180.0
1481552491601943888,630,1481552491599957799,,0.0,180.0
1481552491626860857,631,1481552491625008778,,0.0,180.0
1481552491641645091,632,1481552491640043741,,0.0,180.0
1481552491662473528,633,1481552491660357752,,0.0,180.0
1481552491682064990,634,1481552491679942391,,0.0,180.0
1481552491701990305,635,1481552491699936195,,0.0,180.0
1481552491722071557,636,1481552491719975208,,0.0,180.0
1481552491742344631,637,1481552491739893283,,0.0,180.0
1481552491762280311,638,1481552491759861619,,0.0,180.0
1481552491782018907,639,1481552491779860371,,0.0,180.0
1481552491801782712,640,1481552491799763863,,0.0,180.0
1481552491821754694,641,1481552491819832876,,0.0,180.0
1481552491841763342,642,1481552491839813555,,0.0,180.0
1481552491861771521,643,1481552491859814443,,0.0,180.0
1481552491881818086,644,1481552491879868820,,0.0,180.0
1481552491901753869,645,1481552491899841166,,0.0,180.0
1481552491921751892,646,1481552491919826064,,0.0,180.0
1481552491941861217,647,1481552491939856899,,0.0,180.0
1481552491961935907,648,1481552491960060182,,0.0,180.0
1481552491982404502,649,1481552491979833258,,0.0,180.0
1481552492001839870,650,1481552491999849771,,0.0,180.0
1481552492021995861,651,1481552492019939877,,0.0,180.0
1481552492043049819,652,1481552492039949098,,0.0,180.0
1481552492062027636,653,1481552492059908475,,0.0,180.0
1481552492082047014,654,1481552492079884519,,0.0,180.0
1481552492102005922,655,1481552492099849782,,0.0,180.0
1481552492121581863,656,1481552492119843013,,0.0,180.0
1481552492143320611,657,1481552492139869474,,0.0,180.0
1481552492162143116,658,1481552492159838695,,0.0,180.0
1481552492181979525,659,1481552492179866301,,0.0,180.0
1481552492202300255,660,1481552492199859480,,0.0,180.0
1481552492222687444,661,1481552492219852816,,0.0,180.0
1481552492242360260,662,1481552492239844589,,0.0,180.0
1481552492262140523,663,1481552492259838133,,0.0,180.0
1481552492282564691,664,1481552492279884906,,0.0,180.0
1481552492302675682,665,1481552492300386052,,0.0,180.0
1481552492322703497,666,1481552492320409492,,0.0,180.0
1481552492342782770,667,1481552492340553452,,0.0,180.0
1481552492362347825,668,1481552492359890956,,0.0,180.0
1481552492383296002,669,1481552492380917623,,0.0,180.0
1481552492403545535,670,1481552492401641842,,0.0,180.0
1481552492425705792,671,1481552492422851945,,0.0,180.0
1481552492445148035,672,1481552492442304501,,0.0,180.0
1481552492467844437,673,1481552492462446638,,0.0,180.0
1481552492484150803,674,1481552492480635447,,0.0,180.0
1481552492501961904,675,1481552492499877118,,0.0,180.0
1481552492521942583,676,1481552492519829828,,0.0,180.0
1481552492541944773,677,1481552492539822383,,0.0,180.0
1481552492562424045,678,1481552492560020561,,0.0,180.0
1481552492582348318,679,1481552492579829418,,0.0,180.0
1481552492602205404,680,1481552492599940045,,0.0,180.0
1481552492624148526,681,1481552492620695045,,0.0,180.0
1481552492642768063,682,1481552492640005779,,0.0,180.0
1481552492666245817,683,1481552492664442853,,0.0,180.0
1481552492686902485,684,1481552492684979364,,0.0,180.0
1481552492706091760,685,1481552492703153746,,0.0,180.0
1481552492722916145,686,1481552492719862038,,0.0,180.0
1481552492742836564,687,1481552492739880530,,0.0,180.0
1481552492763251044,688,1481552492760306572,,0.0,180.0
1481552492782838912,689,1481552492779980794,,0.0,180.0
1481552492802908497,690,1481552492799957255,,0.0,180.0
1481552492823823081,691,1481552492819854445,,0.0,180.0
1481552492842472774,692,1481552492839848301,,0.0,180.0
1481552492862820796,693,1481552492859884397,,0.0,180.0
1481552492882597726,694,1481552492879844816,,0.0,180.0
1481552492902855123,695,1481552492900414400,,0.0,180.0
1481552492922511324,696,1481552492920023882,,0.0,180.0
1481552492941318673,697,1481552492939829094,,0.0,180.0
1481552492962412266,698,1481552492959894460,,0.0,180.0
1481552492986613925,699,1481552492983217996,,0.0,180.0
1481552493002429302,700,1481552493000336391,,0.0,180.0
1481552493023096959,701,1481552493020833735,,0.0,180.0
1481552493042125661,702,1481552493039862594,,0.0,180.0
1481552493062665610,703,1481552493059839784,,0.0,180.0
1481552493084553576,704,1481552493079932442,,0.0,180.0
1481552493106268731,705,1481552493100243485,,0.0,180.0
1481552493124407852,706,1481552493119946822,,0.0,180.0
1481552493145601185,707,1481552493139853907,,0.0,180.0
1481552493165537124,708,1481552493159981097,,0.0,180.0
1481552493182449374,709,1481552493179906932,,0.0,180.0
1481552493202030992,710,1481552493199874278,,0.0,180.0
1481552493222410316,711,1481552493220008291,,0.0,180.0
1481552493243363753,712,1481552493241101936,,0.0,180.0
1481552493263255370,713,1481552493259897931,,0.0,180.0
1481552493284375005,714,1481552493279832933,,0.0,180.0
1481552493302092201,715,1481552493299823977,,0.0,180.0
1481552493322063765,716,1481552493319787521,,0.0,180.0
1481552493342130486,717,1481552493339852211,,0.0,180.0
1481552493362059968,718,1481552493359831119,,0.0,180.0
1481552493383576945,719,1481552493379842371,,0.0,180.0
1481552493403925853,720,1481552493399817738,,0.0,180.0
1481552493426518557,721,1481552493419925032,,0.0,180.0
1481552493441355187,722,1481552493439838732,,0.0,180.0
1481552493464280078,723,1481552493459940401,,0.0,180.0
1481552493483619404,724,1481552493479848893,,0.0,180.0
1481552493503877843,725,1481552493499963270,,0.0,180.0
1481552493522377797,726,1481552493519836033,,0.0,180.0
1481552493542887434,727,1481552493540545512,,0.0,180.0
1481552493563095508,728,1481552493560829212,,0.0,180.0
1481552493585636077,729,1481552493581863691,,0.0,180.0
1481552493603234679,730,1481552493600731248,,0.0,180.0
1481552493624686136,731,1481552493620029793,,0.0,180.0
1481552493642323488,732,1481552493640474222,,0.0,180.0
1481552493663971559,733,1481552493660932191,,0.0,180.0
1481552493684208696,734,1481552493681775212,,0.0,180.0
1481552493703120888,735,1481552493699877928,,0.0,180.0
1481552493722144487,736,1481552493719815742,,0.0,180.0
1481552493746087396,737,1481552493740498347,,0.0,180.0
1481552493763065166,738,1481552493760477985,,0.0,180.0
1481552493781759651,739,1481552493779829187,,0.0,180.0
1481552493802645536,740,1481552493799970386,,0.0,180.0
1481552493822005019,741,1481552493819795181,,0.0,180.0
1481552493843253924,742,1481552493840677212,,0.0,180.0
1481552493863348978,743,1481552493860028101,,0.0,180.0
1481552493883906687,744,1481552493879836958,,0.0,180.0
1481552493904473928,745,1481552493899852429,,0.0,180.0
1481552493922117634,746,1481552493919926233,,0.0,180.0
1481552493942055345,747,1481552493939867954,,0.0,180.0
1481552493962496908,748,1481552493960014883,,0.0,180.0
1481552493982559358,749,1481552493980009833,,0.0,180.0
1481552494003630295,750,1481552494001194312,,0.0,180.0
1481552494023905609,751,1481552494019928015,,0.0,180.0
1481552494043164520,752,1481552494040891452,,0.0,180.0
1481552494063425407,753,1481552494060364841,,0.0,180.0
1481552494084891238,754,1481552494080250260,,0.0,180.0
1481552494104116503,755,1481552494100017242,,0.0,180.0
1481552494123658486,756,1481552494119834849,,0.0,180.0
1481552494143055625,757,1481552494139832872,,0.0,180.0
1481552494163568386,758,1481552494159863187,,0.0,180.0
1481552494183740107,759,1481552494179876887,,0.0,180.0
1481552494201962301,760,1481552494199873452,,0.0,180.0
1481552494223502351,761,1481552494219881683,,0.0,180.0
1481552494243493812,762,1481552494239880435,,0.0,180.0
1481552494263743084,763,1481552494259905177,,0.0,180.0
1481552494282114549,764,1481552494280231064,,0.0,180.0
1481552494304414858,765,1481552494299856588,,0.0,180.0
1481552494322792572,766,1481552494319855288,,0.0,180.0
1481552494342058983,767,1481552494340656486,,0.0,180.0
1481552494363425440,768,1481552494360412583,,0.0,180.0
1481552494383420234,769,1481552494380696230,,0.0,180.0
1481552494405026482,770,1481552494402065343,,0.0,180.0
1481552494423448155,771,1481552494420977588,,0.0,180.0
1481552494443659406,772,1481552494439959520,,0.0,180.0
1481552494465379040,773,1481552494462243891,,0.0,180.0
1481552494486288467,774,1481552494483239724,,0.0,180.0
1481552494503207279,775,1481552494499931558,,0.0,180.0
1481552494522480564,776,1481552494519849685,,0.0,180.0
1481552494541942651,777,1481552494539848802,,0.0,180.0
1481552494561723643,778,1481552494559848596,,0.0,180.0
1481552494591507163,779,1481552494588072900,,0.0,180.0
1481552494602232969,780,1481552494599847611,,0.0,180.0
1481552494622952241,781,1481552494620676986,,0.0,180.0
1481552494642257349,782,1481552494640065688,,0.0,180.0
1481552494662802089,783,1481552494660227981,,0.0,180.0
1481552494686362916,784,1481552494681341574,,0.0,180.0
1481552494703552717,785,1481552494699837205,,0.0,180.0
1481552494723952770,786,1481552494719938822,,0.0,180.0
1481552494744114386,787,1481552494740409552,,0.0,180.0
1481552494763221891,788,1481552494760691949,,0.0,180.0
1481552494784299807,789,1481552494779837527,,0.0,180.0
1481552494804564079,790,1481552494800454454,,0.0,180.0
1481552494824340749,791,1481552494820627633,,0.0,180.0
1481552494844252939,792,1481552494840250084,,0.0,180.0
1481552494864840856,793,1481552494859846494,,0.0,180.0
1481552494884876796,794,1481552494881057378,,0.0,180.0
1481552494903554406,795,1481552494901426442,,0.0,180.0
1481552494924111906,796,1481552494922295192,,0.0,180.0
1481552494945801644,797,1481552494942840818,,0.0,180.0
1481552494964774149,798,1481552494959858536,,0.0,180.0
1481552494982390303,799,1481552494979899163,,0.0,180.0
1481552495002146972,800,1481552494999907499,,0.0,180.0
1481552495022054839,801,1481552495019822814,,0.0,180.0
1481552495042069268,802,1481552495039866045,,0.0,180.0
1481552495062309218,803,1481552495059835683,,0.0,180.0
1481552495084365882,804,1481552495081228963,,0.0,180.0
1481552495103329637,805,1481552495100191311,,0.0,180.0
1481552495122789223,806,1481552495119887408,,0.0,180.0
1481552495143387141,807,1481552495140243086,,0.0,180.0
1481552495163471362,808,1481552495160853920,,0.0,180.0
1481552495183769436,809,1481552495179960956,,0.0,180.0
1481552495203825688,810,1481552495200829133,,0.0,180.0
1481552495223952461,811,1481552495219900336,,0.0,180.0
1481552495243464756,812,1481552495239959556,,0.0,180.0
1481552495263461112,813,1481552495259863673,,0.0,180.0
1481552495284019759,814,1481552495279981540,,0.0,180.0
1481552495303989605,815,1481552495300198417,,0.0,180.0
1481552495322208778,816,1481552495319827586,,0.0,180.0
1481552495342030552,817,1481552495339831443,,0.0,180.0
1481552495362072116,818,1481552495359841914,,0.0,180.0
1481552495381953890,819,1481552495379840562,,0.0,180.0
1481552495402275141,820,1481552495399848324,,0.0,180.0
1481552495424543784,821,1481552495419831087,,0.0,180.0
1481552495442743165,822,1481552495439858277,,0.0,180.0
1481552495462275721,823,1481552495460366611,,0.0,180.0
1481552495486796233,824,1481552495482084682,,0.0,180.0
1481552495503018484,825,1481552495499891096,,0.0,180.0
1481552495522310779,826,1481552495519834796,,0.0,180.0
1481552495542047761,827,1481552495539853913,,0.0,180.0
1481552495562240836,828,1481552495559886779,,0.0,180.0
1481552495585225570,829,1481552495580466259,,0.0,180.0
1481552495602794433,830,1481552495599989232,,0.0,180.0
1481552495623650995,831,1481552495621477772,,0.0,180.0
1481552495643479592,832,1481552495639970538,,0.0,180.0
1481552495662105275,833,1481552495659935280,,0.0,180.0
1481552495683478034,834,1481552495680302313,,0.0,180.0
1481552495706105894,835,1481552495699990284,,0.0,180.0
1481552495723757777,836,1481552495719910183,,0.0,180.0
1481552495745307203,837,1481552495739878102,,0.0,180.0
1481552495762197890,838,1481552495759838989,,0.0,180.0
1481552495781692268,839,1481552495779840710,,0.0,180.0
1481552495801891176,840,1481552495799842535,,0.0,180.0
1481552495822824926,841,1481552495819800558,,0.0,180.0
1481552495841851337,842,1481552495839833894,,0.0,180.0
1481552495862478837,843,1481552495859863948,,0.0,180.0
1481552495882939932,844,1481552495880023273,,0.0,180.0
1481552495903026445,845,1481552495899830880,,0.0,180.0
1481552495922910718,846,1481552495919883486,,0.0,180.0
1481552495942591398,847,1481552495939851926,,0.0,180.0
1481552495962817337,848,1481552495959833595,,0.0,180.0
1481552495986049102,849,1481552495980201565,,0.0,180.0
1481552496003207237,850,1481552495999928130,,0.0,180.0
1481552496023214999,851,1481552496019912455,,0.0,180.0
1481552496044428853,852,1481552496039979541,,0.0,180.0
1481552496064803073,853,1481552496060197042,,0.0,180.0
1481552496087415933,854,1481552496079991785,,0.0,180.0
1481552496104541099,855,1481552496099953558,,0.0,180.0
1481552496125198860,856,1481552496119906373,,0.0,180.0
1481552496145459121,857,1481552496139828823,,0.0,180.0
1481552496162342413,858,1481552496159832992,,0.0,180.0
1481552496183034705,859,1481552496179810859,,0.0,180.0
1481552496202842051,860,1481552496199866590,,0.0,180.0
1481552496224494133,861,1481552496219950186,,0.0,180.0
1481552496242118464,862,1481552496239819355,,0.0,180.0
1481552496262604038,863,1481552496259849409,,0.0,180.0
1481552496283216434,864,1481552496280763211,,0.0,180.0
1481552496302641334,865,1481552496299898111,,0.0,180.0
1481552496323150449,866,1481552496320339154,,0.0,180.0
1481552496343177535,867,1481552496340583010,,0.0,180.0
1481552496362899569,868,1481552496359839212,,0.0,180.0
1481552496382367541,869,1481552496379903068,,0.0,180.0
1481552496403027438,870,1481552496400249424,,0.0,180.0
1481552496422004057,871,1481552496419909323,,0.0,180.0
1481552496445082906,872,1481552496442715776,,0.0,180.0
1481552496462222394,873,1481552496459896827,,0.0,180.0
1481552496484158329,874,1481552496481138180,,0.0,180.0
1481552496502155420,875,1481552496500219539,,0.0,180.0
1481552496523720783,876,1481552496520579384,,0.0,180.0
1481552496542126882,877,1481552496539830378,,0.0,180.0
1481552496563871568,878,1481552496559957307,,0.0,180.0
1481552496584006986,879,1481552496579858195,,0.0,180.0
1481552496601933087,880,1481552496599810020,,0.0,180.0
1481552496623436576,881,1481552496619964709,,0.0,180.0
1481552496641985488,882,1481552496639842837,,0.0,180.0
1481552496662634811,883,1481552496659829193,,0.0,180.0
1481552496683971060,884,1481552496679960028,,0.0,180.0
1481552496703093669,885,1481552496699843260,,0.0,180.0
1481552496722754401,886,1481552496720343574,,0.0,180.0
1481552496742815757,887,1481552496739839410,,0.0,180.0
1481552496761972324,888,1481552496759978318,,0.0,180.0
1481552496782301596,889,1481552496779865404,,0.0,180.0
1481552496802668993,890,1481552496799815355,,0.0,180.0
1481552496823128369,891,1481552496820855510,,0.0,180.0
1481552496842644935,892,1481552496840367076,,0.0,180.0
1481552496863474415,893,1481552496860303433,,0.0,180.0
1481552496882891397,894,1481552496880342237,,0.0,180.0
1481552496904196396,895,1481552496900742603,,0.0,180.0
1481552496923411713,896,1481552496920213388,,0.0,180.0
1481552496942960362,897,1481552496940024328,,0.0,180.0
1481552496963327030,898,1481552496959989330,,0.0,180.0
1481552496983800677,899,1481552496980729851,,0.0,180.0
1481552497002124485,900,1481552496999980637,,0.0,180.0
1481552497022331362,901,1481552497020007149,,0.0,180.0
1481552497041796314,902,1481552497039851371,,0.0,180.0
1481552497062212669,903,1481552497060012727,,0.0,180.0
1481552497082379858,904,1481552497080444134,,0.0,180.0
1481552497102276996,905,1481552497100348928,,0.0,180.0
1481552497122259655,906,1481552497119864869,,0.0,180.0
1481552497142571062,907,1481552497140202318,,0.0,180.0
1481552497162269607,908,1481552497160320185,,0.0,180.0
1481552497182122422,909,1481552497179999563,,0.0,180.0
1481552497202639298,910,1481552497200018367,,0.0,180.0
1481552497222172218,911,1481552497219889099,,0.0,180.0
1481552497242511178,912,1481552497240050038,,0.0,180.0
1481552497262450243,913,1481552497260046447,,0.0,180.0
1481552497282351339,914,1481552497280265667,,0.0,180.0
1481552497302012175,915,1481552497300202336,,0.0,180.0
1481552497322194469,916,1481552497319881454,,0.0,180.0
1481552497341803482,917,1481552497340023591,,0.0,180.0
1481552497362156661,918,1481552497359940260,,0.0,180.0
1481552497382112965,919,1481552497379893908,,0.0,180.0
1481552497402155051,920,1481552497399964171,,0.0,180.0
1481552497422183907,921,1481552497419980475,,0.0,180.0
1481552497443111303,922,1481552497439892352,,0.0,180.0
1481552497462369588,923,1481552497459840844,,0.0,180.0
1481552497481386311,924,1481552497479894961,,0.0,180.0
1481552497502074072,925,1481552497499871057,,0.0,180.0
1481552497521839440,926,1481552497519831059,,0.0,180.0
1481552497542116941,927,1481552497540049603,,0.0,180.0
1481552497562220693,928,1481552497559877939,,0.0,180.0
1481552497581880800,929,1481552497579982784,,0.0,180.0
1481552497602055073,930,1481552497599848099,,0.0,180.0
1481552497622798511,931,1481552497620565756,,0.0,180.0
1481552497642361066,932,1481552497639968937,,0.0,180.0
1481552497662539818,933,1481552497660348053,,0.0,180.0
1481552497682643674,934,1481552497680049670,,0.0,180.0
1481552497702899822,935,1481552497700417588,,0.0,180.0
1481552497722184669,936,1481552497720255768,,0.0,180.0
1481552497742246494,937,1481552497740165927,,0.0,180.0
1481552497766558309,938,1481552497760875198,,0.0,180.0
1481552497782649466,939,1481552497780002442,,0.0,180.0
1481552497803053322,940,1481552497800207652,,0.0,180.0
1481552497822696814,941,1481552497819953592,,0.0,180.0
1481552497846311704,942,1481552497840477916,,0.0,180.0
1481552497863043641,943,1481552497859842920,,0.0,180.0
1481552497886169156,944,1481552497883586663,,0.0,180.0
1481552497902131981,945,1481552497900182819,,0.0,180.0
1481552497922573961,946,1481552497919957197,,0.0,180.0
1481552497941933184,947,1481552497940002720,,0.0,180.0
1481552497962336206,948,1481552497959849806,,0.0,180.0
1481552497982117094,949,1481552497980051839,,0.0,180.0
1481552498003194802,950,1481552498000649600,,0.0,180.0
1481552498022102880,951,1481552498020063041,,0.0,180.0
1481552498042505850,952,1481552498039897575,,0.0,180.0
1481552498062215124,953,1481552498060421534,,0.0,180.0
1481552498082703979,954,1481552498080274245,,0.0,180.0
1481552498103220698,955,1481552498100896798,,0.0,180.0
1481552498122965962,956,1481552498121010706,,0.0,180.0
1481552498143240234,957,1481552498141405603,,0.0,180.0
1481552498163287476,958,1481552498161333991,,0.0,180.0
1481552498184211642,959,1481552498181669982,,0.0,180.0
1481552498205698985,960,1481552498201193840,,0.0,180.0
1481552498222653890,961,1481552498220249521,,0.0,180.0
1481552498244479929,962,1481552498239972284,,0.0,180.0
1481552498263574726,963,1481552498260315515,,0.0,180.0
1481552498282066971,964,1481552498279830727,,0.0,180.0
1481552498303117023,965,1481552498300556508,,0.0,180.0
1481552498323114421,966,1481552498320637344,,0.0,180.0
1481552498342395102,967,1481552498339878598,,0.0,180.0
1481552498364069840,968,1481552498361136618,,0.0,180.0
1481552498382646616,969,1481552498379900217,,0.0,180.0
1481552498402605473,970,1481552498399934177,,0.0,180.0
1481552498422255528,971,1481552498419886315,,0.0,180.0
1481552498441978291,972,1481552498439937203,,0.0,180.0
1481552498462200428,973,1481552498460346475,,0.0,180.0
1481552498485684432,974,1481552498480837309,,0.0,180.0
1481552498503476992,975,1481552498500515437,,0.0,180.0
1481552498523742462,976,1481552498521345333,,0.0,180.0
1481552498543884235,977,1481552498541134659,,0.0,180.0
1481552498564440642,978,1481552498561664659,,0.0,180.0
1481552498586018870,979,1481552498581356746,,0.0,180.0
1481552498604611375,980,1481552498601162269,,0.0,180.0
1481552498622774195,981,1481552498620477221,,0.0,180.0
1481552498643584091,982,1481552498639973995,,0.0,180.0
1481552498663870394,983,1481552498659911706,,0.0,180.0
1481552498684185916,984,1481552498680379884,,0.0,180.0
1481552498703449046,985,1481552498700880198,,0.0,180.0
1481552498723047955,986,1481552498720030306,,0.0,180.0
1481552498742290720,987,1481552498740259839,,0.0,180.0
1481552498762479471,988,1481552498759838488,,0.0,180.0
1481552498783346711,989,1481552498781429841,,0.0,180.0
1481552498802649840,990,1481552498800374377,,0.0,180.0
1481552498823141924,991,1481552498821095263,,0.0,180.0
1481552498842405001,992,1481552498840442558,,0.0,180.0
1481552498862859377,993,1481552498860519539,,0.0,180.0
1481552498885346665,994,1481552498881743653,,0.0,180.0
1481552498905581823,995,1481552498901895322,,0.0,180.0
1481552498925397815,996,1481552498921440950,,0.0,180.0
1481552498944250841,997,1481552498940742777,,0.0,180.0
1481552498964473811,998,1481552498962658191,,0.0,180.0
1481552498983330587,999,1481552498981194290,,0.0,180.0
1481552499003414391,1000,1481552499001651583,,0.0,180.0
1481552499024440745,1001,1481552499022380594,,0.0,180.0
1481552499042837731,1002,1481552499041542682,,0.0,180.0
1481552499065087779,1003,1481552499061735236,,0.0,180.0
1481552499083024141,1004,1481552499079954982,,0.0,180.0
1481552499108234286,1005,1481552499099857432,,0.0,180.0
1481552499122910500,1006,1481552499119851914,,0.0,180.0
1481552499142059671,1007,1481552499139836864,,0.0,180.0
1481552499162109464,1008,1481552499159867178,,0.0,180.0
1481552499182160300,1009,1481552499179906868,,0.0,180.0
1481552499202541239,1010,1481552499199852964,,0.0,180.0
1481552499222422908,1011,1481552499219854216,,0.0,180.0
1481552499242198275,1012,1481552499239839479,,0.0,180.0
1481552499262288017,1013,1481552499259861825,,0.0,180.0
1481552499282034478,1014,1481552499279845681,,0.0,180.0
1481552499302425573,1015,1481552499299866517,,0.0,180.0
1481552499322733856,1016,1481552499319860061,,0.0,180.0
1481552499342427348,1017,1481552499339879229,,0.0,180.0
1481552499362370475,1018,1481552499359876732,,0.0,180.0
1481552499383894120,1019,1481552499379918348,,0.0,180.0
1481552499402254334,1020,1481552499399924392,,0.0,180.0
1481552499423082303,1021,1481552499419853770,,0.0,180.0
1481552499445108603,1022,1481552499439857782,,0.0,180.0
1481552499461073719,1023,1481552499459864295,,0.0,180.0
1481552499486411260,1024,1481552499479959714,,0.0,180.0
1481552499503352989,1025,1481552499500302319,,0.0,180.0
1481552499524594967,1026,1481552499522908304,,0.0,180.0
1481552499542853255,1027,1481552499539863939,,0.0,180.0
1481552499563771640,1028,1481552499559831337,,0.0,180.0
1481552499585550284,1029,1481552499579929308,,0.0,180.0
1481552499602217377,1030,1481552499599977227,,0.0,180.0
1481552499622938784,1031,1481552499619929104,,0.0,180.0
1481552499641877695,1032,1481552499639839471,,0.0,180.0
1481552499661834468,1033,1481552499659864838,,0.0,180.0
1481552499681887543,1034,1481552499679874476,,0.0,180.0
1481552499702434784,1035,1481552499699863853,,0.0,180.0
1481552499721918381,1036,1481552499719872917,,0.0,180.0
1481552499742227914,1037,1481552499739856149,,0.0,180.0
1481552499761901458,1038,1481552499759866464,,0.0,180.0
1481552499783395519,1039,1481552499780611151,,0.0,180.0
1481552499801994484,1040,1481552499799868499,,0.0,180.0
1481552499821735268,1041,1481552499820218657,,0.0,180.0
1481552499841622458,1042,1481552499839915222,,0.0,180.0
1481552499862356989,1043,1481552499859873141,,0.0,180.0
1481552499885611671,1044,1481552499880356892,,0.0,180.0
1481552499902114286,1045,1481552499899965020,,0.0,180.0
1481552499922749443,1046,1481552499920681896,,0.0,180.0
1481552499942372415,1047,1481552499939987629,,0.0,180.0
1481552499962114553,1048,1481552499959957423,,0.0,180.0
1481552499982756845,1049,1481552499979884040,,0.0,180.0
1481552500001766798,1050,1481552499999873678,,0.0,180.0
1481552500022290497,1051,1481552500020376491,,0.0,180.0
1481552500042396957,1052,1481552500040245348,,0.0,180.0
1481552500061964564,1053,1481552500060010507,,0.0,180.0
1481552500082429357,1054,1481552500080018217,,0.0,180.0
1481552500102184516,1055,1481552500100001657,,0.0,180.0
1481552500122539778,1056,1481552500120385460,,0.0,180.0
1481552500142825457,1057,1481552500139993745,,0.0,180.0
1481552500162381397,1058,1481552500160003643,,0.0,180.0
1481552500183100356,1059,1481552500180022395,,0.0,180.0
1481552500202409787,1060,1481552500200058908,,0.0,180.0
1481552500223461818,1061,1481552500220239847,,0.0,180.0
1481552500242463489,1062,1481552500240056881,,0.0,180.0
1481552500262484481,1063,1481552500260049435,,0.0,180.0
1481552500282359952,1064,1481552500280000323,,0.0,180.0
1481552500301260478,1065,1481552500300037981,,0.0,180.0
1481552500322536831,1066,1481552500320040379,,0.0,180.0
1481552500343597821,1067,1481552500340203142,,0.0,180.0
1481552500362887564,1068,1481552500360017571,,0.0,180.0
1481552500382982774,1069,1481552500380006063,,0.0,180.0
1481552500401690384,1070,1481552500400417887,,0.0,180.0
1481552500423661631,1071,1481552500420158098,,0.0,180.0
1481552500442438043,1072,1481552500440061590,,0.0,180.0
1481552500463823458,1073,1481552500460024041,,0.0,180.0
1481552500483199608,1074,1481552500480425917,,0.0,180.0
1481552500502202686,1075,1481552500500022483,,0.0,180.0
1481552500522905394,1076,1481552500520266130,,0.0,180.0
1481552500544250758,1077,1481552500540258789,,0.0,180.0
1481552500564836227,1078,1481552500560182437,,0.0,180.0
1481552500583048942,1079,1481552500580235095,,0.0,180.0
1481552500605529667,1080,1481552500600382909,,0.0,180.0
1481552500624254725,1081,1481552500620824786,,0.0,180.0
1481552500647415865,1082,1481552500640857652,,0.0,180.0
1481552500662532911,1083,1481552500660426614,,0.0,180.0
1481552500684389315,1084,1481552500681359062,,0.0,180.0
1481552500704764941,1085,1481552500701026877,,0.0,180.0
1481552500722479480,1086,1481552500720588391,,0.0,180.0
1481552500743557917,1087,1481552500740582977,,0.0,180.0
1481552500764559948,1088,1481552500761109071,,0.0,180.0
1481552500783168443,1089,1481552500780726939,,0.0,180.0
1481552500804324120,1090,1481552500800365588,,0.0,180.0
1481552500824142716,1091,1481552500820653142,,0.0,180.0
1481552500845473392,1092,1481552500841397100,,0.0,180.0
1481552500864509334,1093,1481552500860650542,,0.0,180.0
1481552500884899075,1094,1481552500881864864,,0.0,180.0
1481552500906588865,1095,1481552500903105853,,0.0,180.0
1481552500926753294,1096,1481552500923476114,,0.0,180.0
1481552500945984600,1097,1481552500942285494,,0.0,180.0
1481552500964421377,1098,1481552500961722894,,0.0,180.0
1481552500990375791,1099,1481552500984844763,,0.0,180.0
1481552501004210861,1100,1481552501000619099,,0.0,180.0
1481552501025822422,1101,1481552501020884621,,0.0,180.0
1481552501043713315,1102,1481552501040052907,,0.0,180.0
1481552501063825035,1103,1481552501060019003,,0.0,180.0
1481552501085146388,1104,1481552501080797180,,0.0,180.0
1481552501104419361,1105,1481552501100631298,,0.0,180.0
1481552501124110145,1106,1481552501120463800,,0.0,180.0
1481552501144362751,1107,1481552501140499167,,0.0,180.0
1481552501164851762,1108,1481552501161032762,,0.0,180.0
1481552501184654526,1109,1481552501182759791,,0.0,180.0
1481552501204243383,1110,1481552501200893235,,0.0,180.0
1481552501224028386,1111,1481552501220998133,,0.0,180.0
1481552501244545991,1112,1481552501241272041,,0.0,180.0
1481552501263766464,1113,1481552501261129074,,0.0,180.0
1481552501284458600,1114,1481552501281893346,,0.0,180.0
1481552501303141157,1115,1481552501301067777,,0.0,180.0
1481552501324118501,1116,1481552501320647103,,0.0,180.0
1481552501346178446,1117,1481552501341083875,,0.0,180.0
1481552501363675954,1118,1481552501360915492,,0.0,180.0
1481552501388234539,1119,1481552501384900953,,0.0,180.0
1481552501405710068,1120,1481552501400760185,,0.0,180.0
1481552501422236798,1121,1481552501420849822,,0.0,180.0
1481552501446764080,1122,1481552501440464877,,0.0,180.0
1481552501463145810,1123,1481552501461382742,,0.0,180.0
1481552501482603001,1124,1481552501481060974,,0.0,180.0
1481552501503528366,1125,1481552501500028010,,0.0,180.0
1481552501521586654,1126,1481552501519975929,,0.0,180.0
1481552501542946445,1127,1481552501540311035,,0.0,180.0
1481552501562197595,1128,1481552501559999736,,0.0,180.0
1481552501586420711,1129,1481552501580844006,,0.0,180.0
1481552501604485145,1130,1481552501600659790,,0.0,180.0
1481552501625721811,1131,1481552501621869738,,0.0,180.0
1481552501647467330,1132,1481552501640389431,,0.0,180.0
1481552501671495395,1133,1481552501666670303,,0.0,180.0
1481552501682643023,1134,1481552501680319644,,0.0,180.0
1481552501701960007,1135,1481552501700028553,,0.0,180.0
1481552501724039952,1136,1481552501720005222,,0.0,180.0
1481552501742209646,1137,1481552501740023610,,0.0,180.0
1481552501762583553,1138,1481552501760030070,,0.0,180.0
1481552501783684751,1139,1481552501780000437,,0.0,180.0
1481552501802129809,1140,1481552501800001793,,0.0,180.0
1481552501826005010,1141,1481552501820635700,,0.0,180.0
1481552501845222514,1142,1481552501840051850,,0.0,180.0
1481552501862014451,1143,1481552501860019352,,0.0,180.0
1481552501882462317,1144,1481552501880353624,,0.0,180.0
1481552501904866792,1145,1481552501901120031,,0.0,180.0
1481552501924648462,1146,1481552501921594042,,0.0,180.0
1481552501944157424,1147,1481552501941459514,,0.0,180.0
1481552501965411329,1148,1481552501960589674,,0.0,180.0
1481552501984422896,1149,1481552501982275453,,0.0,180.0
1481552502006386539,1150,1481552502003238995,,0.0,180.0
1481552502023572278,1151,1481552502020660514,,0.0,180.0
1481552502044407799,1152,1481552502040616089,,0.0,180.0
1481552502065615350,1153,1481552502060427759,,0.0,180.0
1481552502082269006,1154,1481552502080020626,,0.0,180.0
1481552502102788695,1155,1481552502099992712,,0.0,180.0
1481552502122374531,1156,1481552502120015214,,0.0,180.0
1481552502142278075,1157,1481552502140005008,,0.0,180.0
1481552502162936566,1158,1481552502159978917,,0.0,180.0
1481552502182660162,1159,1481552502180512668,,0.0,180.0
1481552502202875060,1160,1481552502200568086,,0.0,180.0
1481552502222960166,1161,1481552502220528974,,0.0,180.0
1481552502243801728,1162,1481552502240365800,,0.0,180.0
1481552502262784285,1163,1481552502260602885,,0.0,180.0
1481552502283533869,1164,1481552502281122260,,0.0,180.0
1481552502304143818,1165,1481552502301159085,,0.0,180.0
1481552502322487522,1166,1481552502320650808,,0.0,180.0
1481552502342629659,1167,1481552502340458154,,0.0,180.0
1481552502362891171,1168,1481552502360763104,,0.0,180.0
1481552502382943517,1169,1481552502380512481,,0.0,180.0
1481552502402808207,1170,1481552502400405401,,0.0,180.0
1481552502423340916,1171,1481552502421434254,,0.0,180.0
1481552502444394353,1172,1481552502441586287,,0.0,180.0
1481552502462753474,1173,1481552502460337230,,0.0,180.0
1481552502483000038,1174,1481552502480604992,,0.0,180.0
1481552502502696291,1175,1481552502500485047,,0.0,180.0
1481552502524013634,1176,1481552502520502705,,0.0,180.0
1481552502543629210,1177,1481552502540645936,,0.0,180.0
1481552502563333432,1178,1481552502560361616,,0.0,180.0
1481552502586720040,1179,1481552502582021354,,0.0,180.0
1481552502603299947,1180,1481552502600467870,,0.0,180.0
1481552502628454363,1181,1481552502625691505,,0.0,180.0
1481552502643181358,1182,1481552502640815634,,0.0,180.0
1481552502663395318,1183,1481552502660743658,,0.0,180.0
1481552502683265685,1184,1481552502680766785,,0.0,180.0
1481552502703336624,1185,1481552502700575069,,0.0,180.0
1481552502723104388,1186,1481552502720598352,,0.0,180.0
1481552502745117458,1187,1481552502741804133,,0.0,180.0
1481552502764552305,1188,1481552502762060749,,0.0,180.0
1481552502786321105,1189,1481552502781523461,,0.0412000007927,47.5200004578
1481552502803931061,1190,1481552502800447163,,0.0412000007927,47.5200004578
1481552502824539968,1191,1481552502820601228,,0.0412000007927,47.5200004578
1481552502842586538,1192,1481552502839995971,,0.0412000007927,47.5200004578
1481552502862674456,1193,1481552502860011859,,0.0412000007927,47.6399993896
1481552502884724974,1194,1481552502880767901,,0.0412000007927,47.5200004578
1481552502904072582,1195,1481552502900531133,,0.0412000007927,47.5200004578
1481552502923766127,1196,1481552502920010199,,0.0412000007927,47.5200004578
1481552502943382172,1197,1481552502940046867,,0.0412000007927,47.6399993896
1481552502965461700,1198,1481552502960230411,,0.0412000007927,47.5200004578
1481552502985453161,1199,1481552502980999578,,0.0412000007927,47.5200004578
1481552503003694365,1200,1481552503000561612,,0.0412000007927,47.5200004578
1481552503024275095,1201,1481552503021681820,,0.0412000007927,47.6399993896
1481552503046357332,1202,1481552503041288178,,0.0412000007927,47.5200004578
1481552503065089577,1203,1481552503061850939,,0.0412000007927,47.5200004578
1481552503082760626,1204,1481552503080559955,,0.0412000007927,47.5200004578
1481552503103023492,1205,1481552503100652925,,0.0412000007927,47.6399993896
1481552503123712555,1206,1481552503121267405,,0.0412000007927,47.5200004578
1481552503142200478,1207,1481552503140800429,,0.0412000007927,47.5200004578
1481552503164050840,1208,1481552503160774286,,0.0412000007927,47.6399993896
1481552503183722614,1209,1481552503180629601,,0.0412000007927,47.5200004578
1481552503202719338,1210,1481552503200026323,,0.0412000007927,47.5200004578
1481552503223248141,1211,1481552503220492574,,0.0412000007927,47.5200004578
1481552503242709082,1212,1481552503239994088,,0.0412000007927,47.5200004578
1481552503263899185,1213,1481552503259985497,,0.0412000007927,47.6399993896
1481552503284889497,1214,1481552503279999249,,0.0412000007927,47.6399993896
1481552503304068043,1215,1481552503300012689,,0.0412000007927,47.6399993896
1481552503323593411,1216,1481552503320010712,,0.0412000007927,47.6399993896
1481552503343668413,1217,1481552503339993683,,0.0412000007927,47.5200004578
1481552503363515291,1218,1481552503359998737,,0.0412000007927,47.5200004578
1481552503383524355,1219,1481552503380018583,,0.0412000007927,47.5200004578
1481552503402719516,1220,1481552503400013898,,0.0412000007927,47.6399993896
1481552503422376602,1221,1481552503420030723,,0.0412000007927,47.5200004578
1481552503444183788,1222,1481552503440045985,,0.0412000007927,47.5200004578
1481552503465035506,1223,1481552503460023904,,0.0412000007927,47.5200004578
1481552503485219154,1224,1481552503480014844,,0.0412000007927,47.6399993896
1481552503503490567,1225,1481552503500053232,,0.0412000007927,47.6399993896
1481552503522902498,1226,1481552503520256410,,0.0412000007927,47.5200004578
1481552503543640675,1227,1481552503540276985,,0.0412000007927,47.5200004578
1481552503562865783,1228,1481552503560682664,,0.0412000007927,47.6399993896
1481552503581477247,1229,1481552503580315479,,0.0412000007927,47.5200004578
1481552503603401307,1230,1481552503600003868,,0.0412000007927,47.5200004578
1481552503625457554,1231,1481552503620245484,,0.0412000007927,47.5200004578
1481552503642303554,1232,1481552503640359028,,0.0412000007927,47.5200004578
1481552503662354441,1233,1481552503660433925,,0.0412000007927,47.5200004578
1481552503682461266,1234,1481552503680435073,,0.0412000007927,47.5200004578
1481552503703384339,1235,1481552503701511011,,0.0412000007927,47.5200004578
1481552503722321948,1236,1481552503720017266,,0.0412000007927,47.6399993896
1481552503742058201,1237,1481552503740160237,,0.0412000007927,47.6399993896
1481552503763155648,1238,1481552503760038313,,0.0412000007927,47.5200004578
1481552503783719503,1239,1481552503780240866,,0.0412000007927,47.5200004578
1481552503803669454,1240,1481552503800279202,,0.0412000007927,47.5200004578
1481552503823579404,1241,1481552503820713630,,0.0412000007927,47.6399993896
1481552503843220345,1242,1481552503840277279,,0.0412000007927,47.5200004578
1481552503864342219,1243,1481552503860268844,,0.0412000007927,47.5200004578
1481552503884909928,1244,1481552503882047383,,0.0412000007927,47.6399993896
1481552503901579626,1245,1481552503900414942,,0.0412000007927,47.5200004578
1481552503922358377,1246,1481552503920342132,,0.0412000007927,47.5200004578
1481552503942936971,1247,1481552503940380102,,0.0412000007927,47.6399993896
1481552503961978590,1248,1481552503960001981,,0.0412000007927,47.6399993896
1481552503982417810,1249,1481552503980026879,,0.0412000007927,47.5200004578
1481552504003603122,1250,1481552504000041881,,0.0412000007927,47.5200004578
1481552504021507661,1251,1481552504020376101,,0.0412000007927,47.5200004578
1481552504043062242,1252,1481552504040375166,,0.0412000007927,47.6399993896
1481552504063166880,1253,1481552504060445636,,0.0412000007927,47.5200004578
1481552504083614954,1254,1481552504080458139,,0.0412000007927,47.5200004578
1481552504103455217,1255,1481552504100733713,,0.0412000007927,47.5200004578
1481552504123862041,1256,1481552504120522830,,0.0412000007927,47.5200004578
1481552504142616317,1257,1481552504140035438,,0.0412000007927,47.5200004578
1481552504163407150,1258,1481552504160050232,,0.0412000007927,47.5200004578
1481552504184550535,1259,1481552504180440181,,0.0412000007927,47.5200004578
1481552504202228564,1260,1481552504200162996,,0.0412000007927,47.5200004578
1481552504222989710,1261,1481552504220302686,,0.0412000007927,47.6399993896
1481552504245801216,1262,1481552504240330917,,0.0412000007927,47.6399993896
1481552504263453828,1263,1481552504260645137,,0.0412000007927,47.6399993896
1481552504286185751,1264,1481552504282858259,,0.0412000007927,47.6399993896
1481552504304823881,1265,1481552504300528579,,0.0412000007927,47.5200004578
1481552504323097065,1266,1481552504320418634,,0.0412000007927,47.6399993896
1481552504343361493,1267,1481552504340383220,,0.0412000007927,47.5200004578
1481552504362841809,1268,1481552504360001087,,0.0412000007927,47.5200004578
1481552504382600146,1269,1481552504380056871,,0.0412000007927,47.5200004578
1481552504402350617,1270,1481552504400015727,,0.0412000007927,47.5200004578
1481552504422671139,1271,1481552504420030417,,0.0412000007927,47.5200004578
1481552504442927964,1272,1481552504440013075,,0.0412000007927,47.6399993896
1481552504462965935,1273,1481552504460023338,,0.0412000007927,47.5200004578
1481552504482736823,1274,1481552504480049121,,0.0412000007927,47.6399993896
1481552504502723544,1275,1481552504500493758,,0.0412000007927,47.5200004578
1481552504523852971,1276,1481552504520437719,,0.0412000007927,47.5200004578
1481552504543853441,1277,1481552504540468085,,0.0412000007927,47.5200004578
1481552504563595267,1278,1481552504560424077,,0.0412000007927,47.5200004578
1481552504583799488,1279,1481552504580622048,,0.0412000007927,47.5200004578
1481552504604533915,1280,1481552504600862258,,0.0412000007927,47.5200004578
1481552504627828753,1281,1481552504624067929,,0.0412000007927,47.5200004578
1481552504644129598,1282,1481552504640425753,,0.0412000007927,47.5200004578
1481552504662093928,1283,1481552504660366380,,0.0412000007927,47.5200004578
1481552504684220696,1284,1481552504680521903,,0.0412000007927,47.5200004578
1481552504701919974,1285,1481552504700025865,,0.0412000007927,47.6399993896
1481552504723963930,1286,1481552504720502272,,0.0412000007927,47.6399993896
1481552504743504871,1287,1481552504740772013,,0.0412000007927,47.6399993896
1481552504762919614,1288,1481552504760022850,,0.0412000007927,47.6399993896
1481552504785945390,1289,1481552504780008842,,0.0412000007927,47.6399993896
1481552504802909671,1290,1481552504799977126,,0.0412000007927,71.6399993896
1481552504822375716,1291,1481552504819977441,,0.0412000007927,71.6399993896
1481552504844088839,1292,1481552504840451504,,0.0412000007927,71.6399993896
1481552504862999521,1293,1481552504860355309,,0.0412000007927,71.6399993896
1481552504884101135,1294,1481552504880346248,,0.0412000007927,71.6399993896
1481552504912890438,1295,1481552504910451225,,0.0412000007927,71.6399993896
1481552504923534578,1296,1481552504920422034,,0.0412000007927,71.6399993896
1481552504942893019,1297,1481552504940411724,,0.0412000007927,71.6399993896
1481552504962544116,1298,1481552504960227768,,0.0412000007927,71.6399993896
1481552504982848493,1299,1481552504980229801,,0.0412000007927,71.6399993896
1481552505004924531,1300,1481552505001878549,,0.0412000007927,71.6399993896
1481552505024997919,1301,1481552505020354753,,0.0412000007927,71.6399993896
1481552505042808604,1302,1481552505040416058,,0.0412000007927,71.6399993896
1481552505063321521,1303,1481552505060386008,,0.0412000007927,71.6399993896
1481552505082783712,1304,1481552505080366062,,0.0412000007927,71.6399993896
1481552505103371369,1305,1481552505100351585,,0.0412000007927,71.6399993896
1481552505122769602,1306,1481552505120404921,,0.0412000007927,71.6399993896
1481552505144557465,1307,1481552505140390808,,0.0412000007927,71.6399993896
1481552505163042314,1308,1481552505160374925,,0.0412000007927,71.6399993896
1481552505186147257,1309,1481552505180379823,,0.0412000007927,71.6399993896
1481552505203873619,1310,1481552505200423679,,0.0412000007927,71.6399993896
1481552505223382476,1311,1481552505220403317,,0.0412000007927,71.6399993896
1481552505244292424,1312,1481552505240007174,,0.0412000007927,71.6399993896
1481552505262508889,1313,1481552505260051187,,0.0412000007927,71.6399993896
1481552505281895143,1314,1481552505280012335,,0.0412000007927,71.6399993896
1481552505302275248,1315,1481552505300002285,,0.0412000007927,71.6399993896
1481552505322974311,1316,1481552505320014162,,0.0412000007927,71.6399993896
1481552505342969574,1317,1481552505340844058,,0.0412000007927,71.6399993896
1481552505361956141,1318,1481552505360333906,,0.0412000007927,71.6399993896
1481552505384294679,1319,1481552505380790938,,0.0412000007927,71.6399993896
1481552505406631394,1320,1481552505402023073,,0.0412000007927,71.6399993896
1481552505422119220,1321,1481552505420006882,,0.0412000007927,71.6399993896
1481552505443869010,1322,1481552505440411935,,0.0412000007927,71.6399993896
1481552505464870155,1323,1481552505460414437,,0.0412000007927,71.6399993896
1481552505484678491,1324,1481552505480326002,,0.0412000007927,71.6399993896
1481552505503118341,1325,1481552505500406681,,0.0412000007927,71.6399993896
1481552505525971305,1326,1481552505520323507,,0.0412000007927,71.6399993896
1481552505543004596,1327,1481552505540345905,,0.0412000007927,71.6399993896
1481552505564311835,1328,1481552505560331584,,0.0412000007927,71.6399993896
1481552505584063192,1329,1481552505580259868,,0.0412000007927,71.6399993896
1481552505604441630,1330,1481552505600178308,,0.0412000007927,71.6399993896
1481552505624972413,1331,1481552505620032373,,0.0412000007927,71.6399993896
1481552505643069607,1332,1481552505640370812,,0.0412000007927,71.6399993896
1481552505663447056,1333,1481552505660389512,,0.0412000007927,71.6399993896
1481552505684675024,1334,1481552505681113470,,0.0412000007927,71.6399993896
1481552505702239980,1335,1481552505701048108,,0.0412000007927,71.6399993896
1481552505721491911,1336,1481552505720359883,,0.0412000007927,71.6399993896
1481552505742735348,1337,1481552505740337229,,0.0412000007927,71.6399993896
1481552505762944829,1338,1481552505760567126,,0.0412000007927,71.6399993896
1481552505784520504,1339,1481552505780479733,,0.0412000007927,71.6399993896
1481552505805116182,1340,1481552505801575514,,0.0412000007927,71.6399993896
1481552505824875612,1341,1481552505822008796,,0.0412000007927,71.6399993896
1481552505843764002,1342,1481552505842640203,,0.0412000007927,71.6399993896
1481552505863977806,1343,1481552505861949686,,0.0412000007927,71.6399993896
1481552505882079063,1344,1481552505880848233,,0.0412000007927,71.6399993896
1481552505905164526,1345,1481552505901972711,,0.0412000007927,71.6399993896
1481552505923407710,1346,1481552505921056622,,0.0412000007927,71.6399993896
1481552505943901096,1347,1481552505940402928,,0.0412000007927,71.6399993896
1481552505965040002,1348,1481552505960610430,,0.0412000007927,71.6399993896
1481552505983142561,1349,1481552505980564495,,0.0412000007927,71.6399993896
1481552506005990317,1350,1481552506000880381,,0.0412000007927,71.6399993896
1481552506024861468,1351,1481552506021306320,,0.0412000007927,71.6399993896
1481552506045760895,1352,1481552506042264289,,0.0412000007927,71.6399993896
1481552506062832831,1353,1481552506060502524,,0.0412000007927,71.6399993896
1481552506083811321,1354,1481552506081428097,,0.0412000007927,71.6399993896
1481552506105224809,1355,1481552506100622685,,0.0412000007927,71.6399993896
1481552506123997366,1356,1481552506120602948,,0.0412000007927,71.6399993896
1481552506144813981,1357,1481552506140964407,,0.0412000007927,71.6399993896
1481552506163660601,1358,1481552506160371755,,0.0412000007927,71.5199966431
1481552506183241750,1359,1481552506181139984,,0.0412000007927,71.6399993896
1481552506204079458,1360,1481552506201156393,,0.0412000007927,71.6399993896
1481552506225506748,1361,1481552506220523219,,0.0412000007927,71.6399993896
1481552506245307585,1362,1481552506240433951,,0.0412000007927,71.6399993896
1481552506262785978,1363,1481552506260864577,,0.0412000007927,71.6399993896
1481552506282714939,1364,1481552506280389424,,0.0412000007927,71.6399993896
1481552506302614890,1365,1481552506300532291,,0.0412000007927,71.6399993896
1481552506322332340,1366,1481552506320239012,,0.0412000007927,71.6399993896
1481552506343045726,1367,1481552506339972348,,0.0412000007927,71.6399993896
1481552506363316613,1368,1481552506360050111,,0.0412000007927,71.6399993896
1481552506382410316,1369,1481552506380168134,,0.0412000007927,71.5199966431
1481552506403344118,1370,1481552506400204386,,0.0412000007927,71.6399993896
1481552506424553804,1371,1481552506420276002,,0.0412000007927,71.6399993896
1481552506445187815,1372,1481552506440172932,,0.0412000007927,71.6399993896
1481552506465167713,1373,1481552506460041320,,0.0412000007927,71.6399993896
1481552506485060476,1374,1481552506479988666,,0.0412000007927,71.6399993896
1481552506505279957,1375,1481552506499987366,,0.0412000007927,71.6399993896
1481552506524158295,1376,1481552506519999348,,0.0412000007927,71.6399993896
1481552506546285688,1377,1481552506539997735,,0.0412000007927,71.6399993896
1481552506563746009,1378,1481552506559983467,,0.0412000007927,71.6399993896
1481552506584258302,1379,1481552506580008937,,0.0412000007927,71.6399993896
1481552506604179294,1380,1481552506599977638,,0.0412000007927,71.6399993896
1481552506625205908,1381,1481552506620066963,,0.0412000007927,71.6399993896
1481552506643196853,1382,1481552506640000038,,0.0412000007927,71.6399993896
1481552506664289769,1383,1481552506660009780,,0.0412000007927,71.6399993896
1481552506682208891,1384,1481552506680018115,,0.0412000007927,71.6399993896
1481552506703605296,1385,1481552506700010149,,0.0412000007927,71.6399993896
1481552506723562798,1386,1481552506719986557,,0.0412000007927,71.6399993896
1481552506743152645,1387,1481552506740220153,,0.0412000007927,71.6399993896
1481552506763505251,1388,1481552506760008957,,0.0412000007927,71.6399993896
1481552506783893533,1389,1481552506780442917,,0.0412000007927,71.6399993896
1481552506802396977,1390,1481552506799988181,,0.0412000007927,71.6399993896
1481552506823844892,1391,1481552506820471619,,0.0412000007927,71.6399993896
1481552506843658332,1392,1481552506840818912,,0.0412000007927,71.6399993896
1481552506863313075,1393,1481552506860852508,,0.0412000007927,71.6399993896
1481552506886055049,1394,1481552506880720011,,0.0412000007927,71.5199966431
1481552506904945471,1395,1481552506901853135,,0.0412000007927,71.6399993896
1481552506923406310,1396,1481552506921165691,,0.0412000007927,71.6399993896
1481552506946440107,1397,1481552506942941522,,0.0412000007927,71.6399993896
1481552506965534070,1398,1481552506962975431,,0.0412000007927,71.6399993896
1481552506985967404,1399,1481552506983155745,,0.0412000007927,71.6399993896
1481552507002837258,1400,1481552507000318098,,0.0412000007927,71.6399993896
1481552507023772883,1401,1481552507020440391,,0.0412000007927,71.6399993896
1481552507043132574,1402,1481552507041133673,,0.0412000007927,71.6399993896
1481552507063490284,1403,1481552507060682218,,0.0412000007927,71.6399993896
1481552507084687002,1404,1481552507080455606,,0.0412000007927,71.6399993896
1481552507102958884,1405,1481552507100012224,,0.0412000007927,71.6399993896
1481552507122881542,1406,1481552507120012851,,0.0412000007927,71.6399993896
1481552507143560189,1407,1481552507140862227,,0.0412000007927,71.6399993896
1481552507163571753,1408,1481552507160748427,,0.0412000007927,71.6399993896
1481552507182742695,1409,1481552507180786190,,0.0412000007927,71.6399993896
1481552507203007957,1410,1481552507200794421,,0.0412000007927,71.6399993896
1481552507222820408,1411,1481552507220873173,,0.0412000007927,71.6399993896
1481552507243663637,1412,1481552507241645986,,0.0412000007927,71.6399993896
1481552507262720360,1413,1481552507260811875,,0.0412000007927,71.6399993896
1481552507288106078,1414,1481552507285965875,,0.0412000007927,71.6399993896
1481552507303352603,1415,1481552507301425264,,0.0412000007927,71.6399993896
1481552507324182551,1416,1481552507321743130,,0.0412000007927,71.6399993896
1481552507344354688,1417,1481552507341120165,,0.0412000007927,71.6399993896
1481552507362366674,1418,1481552507360217148,,0.0412000007927,71.6399993896
1481552507383461205,1419,1481552507381363814,,0.0412000007927,71.5199966431
1481552507402434179,1420,1481552507400560121,,0.0412000007927,71.6399993896
1481552507423373137,1421,1481552507420604550,,0.0412000007927,71.6399993896
1481552507444229387,1422,1481552507440315594,,0.0412000007927,71.6399993896
1481552507465229595,1423,1481552507460316951,,0.0412000007927,71.6399993896
1481552507484613974,1424,1481552507480307109,,0.0412000007927,71.6399993896
1481552507502152680,1425,1481552507500051904,,0.0412000007927,71.6399993896
1481552507524460489,1426,1481552507520311020,,0.0412000007927,71.6399993896
1481552507544396168,1427,1481552507540573209,,0.0412000007927,71.6399993896
1481552507563758516,1428,1481552507560394201,,0.0412000007927,71.6399993896
1481552507583940497,1429,1481552507580689567,,0.0412000007927,71.6399993896
1481552507603396073,1430,1481552507600386237,,0.0412000007927,71.6399993896
1481552507623893678,1431,1481552507621674986,,0.0412000007927,71.6399993896
1481552507642893579,1432,1481552507640055565,,0.0412000007927,71.6399993896
1481552507662528790,1433,1481552507660015828,,0.0412000007927,71.6399993896
1481552507683007385,1434,1481552507680364423,,0.0412000007927,71.6399993896
1481552507704535613,1435,1481552507701462704,,0.0412000007927,71.6399993896
1481552507722529630,1436,1481552507720058543,,0.0412000007927,71.6399993896
1481552507742489424,1437,1481552507740022608,,0.0412000007927,71.6399993896
1481552507762424010,1438,1481552507760174797,,0.0412000007927,71.6399993896
1481552507782694897,1439,1481552507780440736,,0.0412000007927,71.6399993896
1481552507803429637,1440,1481552507800021260,,0.0412000007927,71.6399993896
1481552507824867917,1441,1481552507820216366,,0.0412000007927,71.5199966431
1481552507844865211,1442,1481552507840314805,,0.0412000007927,71.6399993896
1481552507863644383,1443,1481552507860191162,,0.0412000007927,71.6399993896
1481552507886027035,1444,1481552507880226321,,0.0412000007927,71.6399993896
1481552507902158089,1445,1481552507900180958,,0.0412000007927,71.6399993896
1481552507922320851,1446,1481552507920017107,,0.0412000007927,71.6399993896
1481552507942303614,1447,1481552507940017630,,0.0412000007927,71.6399993896
1481552507962711063,1448,1481552507959988413,,0.0412000007927,71.6399993896
1481552507982347055,1449,1481552507980016697,,0.0412000007927,71.6399993896
1481552508002657734,1450,1481552508000008730,,0.0412000007927,71.6399993896
1481552508022349195,1451,1481552508020046232,,0.0412000007927,71.6399993896
1481552508042952269,1452,1481552508039963579,,0.0412000007927,71.6399993896
1481552508063710238,1453,1481552508060463736,,0.0412000007927,71.6399993896
1481552508084860967,1454,1481552508080225666,,0.0412000007927,71.6399993896
1481552508103471545,1455,1481552508100008377,,0.0412000007927,71.5199966431
1481552508123512120,1456,1481552508120260514,,0.0412000007927,71.5199966431
1481552508147467633,1457,1481552508140059214,,0.0412000007927,71.6399993896
1481552508162304159,1458,1481552508160569840,,0.0412000007927,71.6399993896
1481552508182265463,1459,1481552508180573540,,0.0412000007927,71.6399993896
1481552508202233070,1460,1481552508199981982,,0.0412000007927,71.6399993896
1481552508222349426,1461,1481552508220025525,,0.0412000007927,71.6399993896
1481552508243420675,1462,1481552508239976205,,0.0412000007927,71.6399993896
1481552508263776406,1463,1481552508260043863,,0.0412000007927,71.6399993896
1481552508284918801,1464,1481552508280401521,,0.0412000007927,71.6399993896
1481552508304055680,1465,1481552508300480533,,0.0412000007927,71.6399993896
1481552508324774327,1466,1481552508320315900,,0.0412000007927,71.6399993896
1481552508344198966,1467,1481552508340294184,,0.0412000007927,71.6399993896
1481552508364304645,1468,1481552508360395488,,0.0412000007927,71.6399993896
1481552508383853086,1469,1481552508380395178,,0.0412000007927,71.6399993896
1481552508404177410,1470,1481552508400325388,,0.0412000007927,71.6399993896
1481552508423547570,1471,1481552508420170651,,0.0412000007927,71.6399993896
1481552508443637207,1472,1481552508440405601,,0.0412000007927,71.6399993896
1481552508464754759,1473,1481552508460407270,,0.0412000007927,71.6399993896
1481552508485576270,1474,1481552508481716123,,0.0412000007927,71.6399993896
1481552508502739091,1475,1481552508500055452,,0.0412000007927,71.6399993896
1481552508523123832,1476,1481552508520301495,,0.0412000007927,71.6399993896
1481552508543621750,1477,1481552508540246185,,0.0412000007927,71.6399993896
1481552508563486544,1478,1481552508560201813,,0.0412000007927,71.6399993896
1481552508582768527,1479,1481552508580034940,,0.0412000007927,71.6399993896
1481552508604926024,1480,1481552508600034422,,0.0412000007927,71.6399993896
1481552508625357119,1481,1481552508621711503,,0.0412000007927,71.6399993896
1481552508643354991,1482,1481552508640559112,,0.0412000007927,71.6399993896
1481552508663139629,1483,1481552508660475833,,0.0412000007927,71.6399993896
1481552508686366342,1484,1481552508680315628,,0.0412000007927,71.6399993896
1481552508702015053,1485,1481552508700006672,,0.0412000007927,71.6399993896
1481552508722124430,1486,1481552508720049331,,0.0412000007927,71.6399993896
1481552508742071567,1487,1481552508740019333,,0.0412000007927,71.6399993896
1481552508762224746,1488,1481552508760350584,,0.0412000007927,71.6399993896
1481552508782404904,1489,1481552508780287722,,0.0412000007927,71.6399993896
1481552508802684437,1490,1481552508800062673,,0.0412000007927,71.6399993896
1481552508822643398,1491,1481552508819998040,,0.0412000007927,71.6399993896
1481552508844619645,1492,1481552508841169497,,0.0412000007927,71.6399993896
1481552508863676316,1493,1481552508860926479,,0.0412000007927,71.6399993896
1481552508884435327,1494,1481552508881360751,,0.0412000007927,71.6399993896
1481552508904603037,1495,1481552508900412214,,0.0412000007927,71.6399993896
1481552508926981211,1496,1481552508921464506,,0.0412000007927,71.6399993896
1481552508947253556,1497,1481552508942067006,,0.0412000007927,71.6399993896
1481552508964958512,1498,1481552508960390242,,0.0412000007927,71.6399993896
1481552508986314344,1499,1481552508980387796,,0.0412000007927,71.6399993896
1481552509004116435,1500,1481552509000409361,,0.0412000007927,71.6399993896
1481552509025194455,1501,1481552509020584154,,0.0412000007927,71.6399993896
1481552509041864101,1502,1481552509040429990,,0.0412000007927,71.6399993896
1481552509061903530,1503,1481552509060735408,,0.0412000007927,71.6399993896
1481552509082768687,1504,1481552509079997964,,0.0412000007927,71.6399993896
1481552509104267123,1505,1481552509100367914,,0.0412000007927,71.6399993896
1481552509123956344,1506,1481552509120407760,,0.0412000007927,71.6399993896
1481552509142595100,1507,1481552509140371668,,0.0412000007927,71.6399993896
1481552509165859834,1508,1481552509160371202,,0.0412000007927,71.6399993896
1481552509184288694,1509,1481552509180373600,,0.0412000007927,71.6399993896
1481552509203616510,1510,1481552509200309696,,0.0412000007927,71.6399993896
1481552509224167084,1511,1481552509220469698,,0.0412000007927,71.6399993896
1481552509244694481,1512,1481552509240857563,,0.0412000007927,71.6399993896
1481552509263614069,1513,1481552509260427150,,0.0412000007927,71.6399993896
1481552509284286413,1514,1481552509280931005,,0.0412000007927,71.6399993896
1481552509303467095,1515,1481552509300438613,,0.0412000007927,71.6399993896
1481552509325968445,1516,1481552509320321844,,0.0412000007927,71.6399993896
1481552509344625794,1517,1481552509340347836,,0.0412000007927,71.6399993896
1481552509363201321,1518,1481552509360326172,,0.0412000007927,71.6399993896
1481552509382245128,1519,1481552509380310237,,0.0412000007927,71.6399993896
1481552509402596639,1520,1481552509400313937,,0.0412000007927,71.6399993896
1481552509429746676,1521,1481552509420352897,,0.0412000007927,71.6399993896
1481552509442535186,1522,1481552509440364045,,0.0412000007927,71.6399993896
1481552509462448261,1523,1481552509460340037,,0.0412000007927,71.6399993896
1481552509482950397,1524,1481552509480474258,,0.0412000007927,71.6399993896
1481552509502555088,1525,1481552509500001084,,0.0412000007927,71.6399993896
1481552509522893527,1526,1481552509520038586,,0.0412000007927,71.6399993896
1481552509545079930,1527,1481552509540016505,,0.0412000007927,71.6399993896
1481552509562925615,1528,1481552509559983539,,0.0412000007927,71.6399993896
1481552509587629876,1529,1481552509580032759,,0.0412000007927,71.6399993896
1481552509602375099,1530,1481552509599991147,,0.0412000007927,71.6399993896
1481552509626538633,1531,1481552509620426044,,0.0412000007927,71.6399993896
1481552509644987858,1532,1481552509640055318,,0.0412000007927,71.6399993896
1481552509664829892,1533,1481552509660210268,,0.0412000007927,71.6399993896
1481552509686240724,1534,1481552509680198760,,0.0412000007927,71.6399993896
1481552509706744318,1535,1481552509703079328,,0.0412000007927,71.6399993896
1481552509727188070,1536,1481552509720168139,,0.0412000007927,71.5199966431
1481552509752621600,1537,1481552509749293952,,0.0412000007927,71.6399993896
1481552509769355464,1538,1481552509764413602,,0.0412000007927,71.6399993896
1481552509783248190,1539,1481552509780042052,,0.0412000007927,71.6399993896
1481552509803338765,1540,1481552509800158044,,0.0412000007927,71.6399993896
1481552509823716735,1541,1481552509820366379,,0.0412000007927,71.6399993896
1481552509843108301,1542,1481552509840004924,,0.0412000007927,71.6399993896
1481552509863552313,1543,1481552509860027009,,0.0412000007927,71.6399993896
1481552509884914395,1544,1481552509881557737,,0.0412000007927,71.5199966431
1481552509906917673,1545,1481552509901595968,,0.0412000007927,71.6399993896
1481552509924651692,1546,1481552509921596751,,0.0412000007927,71.6399993896
1481552509946658199,1547,1481552509942878157,,0.0412000007927,71.6399993896
1481552509962684774,1548,1481552509960372019,,0.0412000007927,71.6399993896
1481552509983486337,1549,1481552509980195460,,0.0412000007927,71.6399993896
1481552510004990710,1550,1481552510000212076,,0.0412000007927,71.6399993896
1481552510024183162,1551,1481552510020231974,,0.0412000007927,71.6399993896
1481552510044262227,1552,1481552510040198435,,0.0412000007927,71.6399993896
1481552510067207118,1553,1481552510060249062,,0.0412000007927,71.6399993896
1481552510085459312,1554,1481552510079996721,,0.0412000007927,71.6399993896
1481552510106373166,1555,1481552510099986307,,0.0412000007927,71.5199966431
1481552510126222283,1556,1481552510119983809,,0.0412000007927,71.6399993896
1481552510144279477,1557,1481552510139973342,,0.0412000007927,71.6399993896
1481552510164033491,1558,1481552510160068188,,0.0412000007927,71.6399993896
1481552510184138024,1559,1481552510179996941,,0.0412000007927,71.6399993896
1481552510204684171,1560,1481552510199991578,,0.0412000007927,71.6399993896
1481552510223848342,1561,1481552510219985903,,0.0412000007927,71.6399993896
1481552510245604017,1562,1481552510240368977,,0.0412000007927,71.6399993896
1481552510264336730,1563,1481552510259987001,,0.0412000007927,71.6399993896
1481552510285075220,1564,1481552510280269555,,0.0412000007927,71.6399993896
1481552510303571632,1565,1481552510300048672,,0.0412000007927,71.6399993896
1481552510325654181,1566,1481552510320058935,,0.0412000007927,71.5199966431
1481552510345038352,1567,1481552510340034302,,0.0412000007927,71.6399993896
1481552510364338668,1568,1481552510360297481,,0.0412000007927,71.6399993896
1481552510385943823,1569,1481552510380323785,,0.0412000007927,71.6399993896
1481552510404264819,1570,1481552510400206027,,0.0412000007927,71.6399993896
1481552510425155913,1571,1481552510420056082,,0.0412000007927,71.6399993896
1481552510446652838,1572,1481552510439993532,,0.0412000007927,71.6399993896
1481552510467413984,1573,1481552510459973690,,0.0412000007927,71.6399993896
1481552510489934501,1574,1481552510487916902,,0.0412000007927,71.6399993896
1481552510513114391,1575,1481552510510382627,,0.0412000007927,71.6399993896
1481552510531572887,1576,1481552510523408636,,0.0412000007927,71.6399993896
1481552510545553529,1577,1481552510540315000,,0.0412000007927,71.6399993896
1481552510562531924,1578,1481552510560335211,,0.0412000007927,71.6399993896
1481552510583018488,1579,1481552510580008183,,0.0412000007927,71.6399993896
1481552510604197081,1580,1481552510599992039,,0.0412000007927,71.6399993896
1481552510626293119,1581,1481552510620616519,,0.0412000007927,71.6399993896
1481552510643032921,1582,1481552510639984960,,0.0412000007927,71.6399993896
1481552510663176309,1583,1481552510660590690,,0.0412000007927,71.6399993896
1481552510682122303,1584,1481552510680014496,,0.0412000007927,71.6399993896
1481552510703661572,1585,1481552510700410591,,0.0412000007927,71.6399993896
1481552510721189758,1586,1481552510720203562,,0.0412000007927,71.6399993896
1481552510741246739,1587,1481552510740066169,,0.0412000007927,71.6399993896
1481552510763066997,1588,1481552510760219765,,0.0412000007927,71.6399993896
1481552510783860279,1589,1481552510780738620,,0.0412000007927,71.6399993896
1481552510803587156,1590,1481552510800008676,,0.0412000007927,71.6399993896
1481552510824535750,1591,1481552510819967168,,0.0412000007927,71.6399993896
1481552510844640700,1592,1481552510839988316,,0.0412000007927,71.6399993896
1481552510861692637,1593,1481552510860545035,,0.0412000007927,71.6399993896
1481552510881978107,1594,1481552510880438944,,0.0412000007927,71.5199966431
1481552510902759826,1595,1481552510900314519,,0.0412000007927,71.6399993896
1481552510924068210,1596,1481552510919957648,,0.0412000007927,71.6399993896
1481552510944580815,1597,1481552510939927910,,0.0412000007927,71.6399993896
1481552510963736861,1598,1481552510959980517,,0.0412000007927,71.6399993896
1481552510983793947,1599,1481552510979974946,,0.0412000007927,71.6399993896
1481552511007119357,1600,1481552511000039740,,0.0412000007927,71.6399993896
1481552511023119942,1601,1481552511019992763,,0.0412000007927,71.6399993896
1481552511042354374,1602,1481552511040038911,,0.0412000007927,71.5199966431
1481552511062414844,1603,1481552511060527037,,0.0412000007927,71.6399993896
1481552511086149317,1604,1481552511082505524,,0.0412000007927,71.6399993896
1481552511103093493,1605,1481552511100675114,,0.0412000007927,71.6399993896
1481552511124744116,1606,1481552511120394960,,0.0412000007927,71.6399993896
1481552511144943024,1607,1481552511140241161,,0.0412000007927,71.6399993896
1481552511165091828,1608,1481552511160293194,,0.0412000007927,71.6399993896
1481552511182065536,1609,1481552511180271061,,0.0412000007927,71.6399993896
1481552511208364637,1610,1481552511200566167,,0.0412000007927,71.6399993896
1481552511222584758,1611,1481552511220731950,,0.0412000007927,71.6399993896
1481552511243479393,1612,1481552511240361224,,0.0412000007927,71.6399993896
1481552511268397664,1613,1481552511260481694,,0.0412000007927,71.6399993896
1481552511289053967,1614,1481552511280545759,,0.0412000007927,71.5199966431
1481552511304690595,1615,1481552511300461386,,0.0412000007927,71.6399993896
1481552511323317267,1616,1481552511320370087,,0.0412000007927,71.6399993896
1481552511343534404,1617,1481552511340025611,,0.0412000007927,71.6399993896
1481552511368039707,1618,1481552511359980873,,0.0412000007927,71.6399993896
1481552511382098318,1619,1481552511379999990,,0.0412000007927,71.6399993896
1481552511402043633,1620,1481552511400035201,,0.0412000007927,71.6399993896
1481552511422938477,1621,1481552511420010047,,0.0412000007927,71.6399993896
1481552511442675042,1622,1481552511440033799,,0.0412000007927,71.6399993896
1481552511464325197,1623,1481552511460596195,,0.0412000007927,71.6399993896
1481552511483003119,1624,1481552511480268282,,0.0412000007927,71.6399993896
1481552511502324321,1625,1481552511500023180,,0.0412000007927,71.6399993896
1481552511522257917,1626,1481552511520043547,,0.0412000007927,71.6399993896
1481552511542055003,1627,1481552511540008654,,0.0412000007927,71.6399993896
1481552511562085369,1628,1481552511560170947,,0.0412000007927,71.6399993896
1481552511582218653,1629,1481552511580307303,,0.0412000007927,71.6399993896
1481552511602125374,1630,1481552511600256837,,0.0412000007927,71.6399993896
1481552511622314490,1631,1481552511620248037,,0.0412000007927,71.6399993896
1481552511641969910,1632,1481552511640010436,,0.0412000007927,71.6399993896
1481552511662366682,1633,1481552511659991115,,0.0412000007927,71.6399993896
1481552511682132362,1634,1481552511680159190,,0.0412000007927,71.6399993896
1481552511702356530,1635,1481552511699974349,,0.0412000007927,71.6399993896
1481552511723702623,1636,1481552511720022632,,0.0412000007927,71.6399993896
1481552511742506013,1637,1481552511740185967,,0.0412000007927,71.6399993896
1481552511763226014,1638,1481552511759983053,,0.0412000007927,71.6399993896
1481552511782513882,1639,1481552511780035555,,0.0412000007927,71.6399993896
1481552511803074873,1640,1481552511799996495,,0.0412000007927,71.6399993896
1481552511823343468,1641,1481552511820020455,,0.0412000007927,71.6399993896
1481552511843095294,1642,1481552511840606550,,0.0412000007927,71.6399993896
1481552511862718839,1643,1481552511860064106,,0.0412000007927,71.6399993896
1481552511883540401,1644,1481552511880304472,,0.0412000007927,71.6399993896
1481552511907547477,1645,1481552511900945670,,0.0412000007927,71.6399993896
1481552511925170245,1646,1481552511920001144,,0.0412000007927,71.5199966431
1481552511944352177,1647,1481552511939998958,,0.0412000007927,71.6399993896
1481552511963800566,1648,1481552511959994013,,0.0412000007927,71.6399993896
1481552511983322652,1649,1481552511980682867,,0.0412000007927,71.6399993896
1481552512003329634,1650,1481552512000322923,,0.0412000007927,71.6399993896
1481552512022474846,1651,1481552512019977301,,0.0412000007927,71.6399993896
1481552512042446828,1652,1481552512039977042,,0.0412000007927,71.6399993896
1481552512063206724,1653,1481552512060040638,,0.0412000007927,71.6399993896
1481552512083696829,1654,1481552512080400431,,0.0412000007927,71.6399993896
1481552512103445895,1655,1481552512100065695,,0.0412000007927,71.6399993896
1481552512122689440,1656,1481552512120031426,,0.0412000007927,71.6399993896
1481552512142307308,1657,1481552512140010751,,0.0412000007927,71.6399993896
1481552512162385643,1658,1481552512160053462,,0.0412000007927,71.6399993896
1481552512182985644,1659,1481552512180436848,,0.0412000007927,71.6399993896
1481552512202280336,1660,1481552512200257268,,0.0412000007927,71.6399993896
1481552512223695803,1661,1481552512220969299,,0.0412000007927,71.6399993896
1481552512242587839,1662,1481552512240667948,,0.0412000007927,71.6399993896
1481552512262127895,1663,1481552512260624461,,0.0412000007927,71.6399993896
1481552512282200397,1664,1481552512280340506,,0.0412000007927,71.6399993896
1481552512303090084,1665,1481552512300629049,,0.0412000007927,71.6399993896
1481552512322085193,1666,1481552512319996917,,0.0412000007927,71.6399993896
1481552512342460090,1667,1481552512339987284,,0.0412000007927,71.6399993896
1481552512362098531,1668,1481552512359984578,,0.0412000007927,71.6399993896
1481552512382947229,1669,1481552512380683745,,0.0412000007927,71.6399993896
1481552512402338639,1670,1481552512400005311,,0.0412000007927,71.6399993896
1481552512422004944,1671,1481552512419987345,,0.0412000007927,71.6399993896
1481552512442781976,1672,1481552512440376252,,0.0412000007927,71.6399993896
1481552512463144841,1673,1481552512460363703,,0.0412000007927,71.6399993896
1481552512486711449,1674,1481552512482186982,,0.0412000007927,71.6399993896
1481552512503869896,1675,1481552512502150213,,0.0412000007927,71.6399993896
1481552512522689276,1676,1481552512520790219,,0.0412000007927,71.6399993896
1481552512544069275,1677,1481552512541323605,,0.0412000007927,71.6399993896
1481552512564549172,1678,1481552512561806210,,0.0412000007927,71.6399993896
1481552512582833553,1679,1481552512580531163,,0.0412000007927,71.6399993896
1481552512603205065,1680,1481552512601033196,,0.0412000007927,71.6399993896
1481552512623924336,1681,1481552512621144552,,0.0412000007927,71.6399993896
1481552512646224802,1682,1481552512639994296,,0.0412000007927,71.6399993896
1481552512664625693,1683,1481552512659994924,,0.0412000007927,71.6399993896
1481552512682573721,1684,1481552512679957686,,0.0412000007927,71.6399993896
1481552512702627786,1685,1481552512699980032,,0.0412000007927,71.6399993896
1481552512722670653,1686,1481552512719984253,,0.0412000007927,71.6399993896
1481552512742618884,1687,1481552512740007224,,0.0412000007927,71.6399993896
1481552512762369304,1688,1481552512759999778,,0.0412000007927,71.6399993896
1481552512782068161,1689,1481552512779972906,,0.0412000007927,71.6399993896
1481552512803455972,1690,1481552512799995147,,0.0412000007927,71.6399993896
1481552512822625872,1691,1481552512819956296,,0.0412000007927,71.6399993896
1481552512843037019,1692,1481552512839968017,,0.0412000007927,71.6399993896
1481552512862820720,1693,1481552512859966925,,0.0412000007927,71.6399993896
1481552512883220669,1694,1481552512880030000,,0.0412000007927,71.6399993896
1481552512902988849,1695,1481552512900323543,,0.0412000007927,71.6399993896
1481552512922217134,1696,1481552512920017921,,0.0412000007927,71.6399993896
1481552512942554219,1697,1481552512940059954,,0.0412000007927,71.6399993896
1481552512962387868,1698,1481552512959992040,,0.0412000007927,71.6399993896
1481552512982919587,1699,1481552512980443083,,0.0412000007927,71.6399993896
1481552513006305727,1700,1481552512999999649,,0.0412000007927,71.6399993896
1481552513023470476,1701,1481552513020061317,,0.0412000007927,71.6399993896
1481552513045215890,1702,1481552513039976737,,0.0412000007927,71.6399993896
1481552513062178921,1703,1481552513059973353,,0.0412000007927,71.6399993896
1481552513082249183,1704,1481552513079968720,,0.0412000007927,71.6399993896
1481552513103027621,1705,1481552513099964764,,0.0412000007927,71.6399993896
1481552513124750848,1706,1481552513119973048,,0.0412000007927,71.6399993896
1481552513143192000,1707,1481552513140064820,,0.0412000007927,71.6399993896
1481552513163523095,1708,1481552513160030760,,0.0412000007927,71.6399993896
1481552513182373621,1709,1481552513180023887,,0.0412000007927,71.6399993896
1481552513203037997,1710,1481552513200034983,,0.0412000007927,71.6399993896
1481552513222800083,1711,1481552513220027277,,0.0412000007927,71.6399993896
1481552513242847741,1712,1481552513239992957,,0.0412000007927,71.6399993896
1481552513262895504,1713,1481552513260008428,,0.0412000007927,71.6399993896
1481552513283240193,1714,1481552513280373116,,0.0412000007927,71.6399993896
1481552513304044359,1715,1481552513300166452,,0.0412000007927,71.6399993896
