%time,field.header.seq,field.header.stamp,field.header.frame_id,field.temperature,field.variance
1481552488682425907,484,1481552488679882215,,0.0,0.0
1481552488702076170,485,1481552488699956801,,0.0,0.0
1481552488722483151,486,1481552488719998001,,0.0,0.0
1481552488743364140,487,1481552488740029409,,0.0,0.0
1481552488763586486,488,1481552488759998995,,0.0,0.0
1481552488783752685,489,1481552488780570766,,0.0,0.0
1481552488802197639,490,1481552488800591133,,0.0,0.0
1481552488823337587,491,1481552488821048165,,0.0,0.0
1481552488841726239,492,1481552488839961295,,0.0,0.0
1481552488861038378,493,1481552488859964318,,0.0,0.0
1481552488882857803,494,1481552488880519475,,0.0,0.0
1481552488902102859,495,1481552488899894635,,0.0,0.0
1481552488922394579,496,1481552488919903283,,0.0,0.0
1481552488941656562,497,1481552488939815890,,0.0,0.0
1481552488961702606,498,1481552488959835111,,0.0,0.0
1481552488982123857,499,1481552488979828655,,0.0,0.0
1481552489001612819,500,1481552488999820011,,0.0,0.0
1481552489021067719,501,1481552489019866420,,0.0,0.0
1481552489040994700,502,1481552489039816839,,0.0,0.0
1481552489061882409,503,1481552489059842153,,0.0,0.0
1481552489081551787,504,1481552489079870853,,0.0,0.0
1481552489102884025,505,1481552489099828304,,0.0,0.0
1481552489121011949,506,1481552489119859452,,0.0,0.0
1481552489141407887,507,1481552489139889141,,0.0,0.0
1481552489161380650,508,1481552489159980810,,0.0,0.0
1481552489181071538,509,1481552489179878937,,0.0,0.0
1481552489201804403,510,1481552489199845867,,0.0,0.0
1481552489221313990,511,1481552489219852379,,0.0,0.0
1481552489241667950,512,1481552489239893840,,0.0,0.0
1481552489262056076,513,1481552489260485143,,0.0,0.0
1481552489283706387,514,1481552489280292281,,0.0,0.0
1481552489301649988,515,1481552489299894107,,0.0,0.0
1481552489322563738,516,1481552489319900411,,0.0,0.0
1481552489342798635,517,1481552489339829059,,0.0,0.0
1481552489367698521,518,1481552489359832707,,0.0,0.0
1481552489382192443,519,1481552489379859428,,0.0,0.0
1481552489401748384,520,1481552489400412398,,0.0,0.0
1481552489421693126,521,1481552489420397452,,0.0,0.0
1481552489441740836,522,1481552489440410527,,0.0,0.0
1481552489461720787,523,1481552489460383082,,0.0,0.0
1481552489481419696,524,1481552489480038710,,0.0,0.0
1481552489501467510,525,1481552489500024806,,0.0,0.0
1481552489521370430,526,1481552489519823715,,0.0,0.0
1481552489541097568,527,1481552489539912362,,0.0,0.0
1481552489561474705,528,1481552489559934031,,0.0,0.0
1481552489581574290,529,1481552489579995283,,0.0,0.0
1481552489601621896,530,1481552489599982994,,0.0,0.0
1481552489624155225,531,1481552489620189506,,0.0,0.0
1481552489642671273,532,1481552489640885861,,0.0,0.0
1481552489662259193,533,1481552489659990344,,0.0,0.0
1481552489683422265,534,1481552489680022430,,0.0,0.0
1481552489703093466,535,1481552489700239827,,0.0,0.0
1481552489723408155,536,1481552489720620766,,0.0,0.0
1481552489741718943,537,1481552489739955718,,0.0,0.0
1481552489763426180,538,1481552489759856241,,0.0,0.0
1481552489781998373,539,1481552489779965618,,0.0,0.0
1481552489801893011,540,1481552489799839371,,0.0,0.0
1481552489821518483,541,1481552489819868331,,0.0,0.0
1481552489841568694,542,1481552489839838698,,0.0,0.0
1481552489861730831,543,1481552489859893231,,0.0,0.0
1481552489882200728,544,1481552489880009639,,0.0,0.0
1481552489901741773,545,1481552489899837298,,0.0,0.0
1481552489921521098,546,1481552489919806259,,0.0,0.0
1481552489941717454,547,1481552489939953032,,0.0,0.0
1481552489961911102,548,1481552489959917617,,0.0,0.0
1481552489982040218,549,1481552489979921213,,0.0,0.0
1481552490001888919,550,1481552489999832049,,0.0,0.0
1481552490021904911,551,1481552490019854551,,0.0,0.0
1481552490041792049,552,1481552490039818512,,0.0,0.0
1481552490061428562,553,1481552490059847785,,0.0,0.0
1481552490081936219,554,1481552490079914089,,0.0,0.0
1481552490102075023,555,1481552490100035758,,0.0,0.0
1481552490122521639,556,1481552490120306436,,0.0,0.0
1481552490141984872,557,1481552490139952377,,0.0,0.0
1481552490161263209,558,1481552490159833213,,0.0,0.0
1481552490181235868,559,1481552490179847434,,0.0,0.0
1481552490201903785,560,1481552490199808321,,0.0,0.0
1481552490221290507,561,1481552490219831501,,0.0,0.0
1481552490241840196,562,1481552490239844576,,0.0,0.0
1481552490261342855,563,1481552490259833901,,0.0,0.0
1481552490281716138,564,1481552490279795518,,0.0,0.0
1481552490301585776,565,1481552490299804322,,0.0,0.0
1481552490321631924,566,1481552490319878803,,0.0,0.0
1481552490341608593,567,1481552490339832503,,0.0,0.0
1481552490361715574,568,1481552490359843391,,0.0,0.0
1481552490381883232,569,1481552490379892195,,0.0,0.0
1481552490402668753,570,1481552490399996468,,0.0,0.0
1481552490421799434,571,1481552490419884856,,0.0,0.0
1481552490445024845,572,1481552490440054806,,0.0,0.0
1481552490463433341,573,1481552490460448817,,0.0,0.0
1481552490483846051,574,1481552490479887988,,0.0,0.0
1481552490502097828,575,1481552490499845594,,0.0,0.0
1481552490522271059,576,1481552490519831846,,0.0,0.0
1481552490541959708,577,1481552490539843411,,0.0,0.0
1481552490562256168,578,1481552490559861746,,0.0,0.0
1481552490582349555,579,1481552490579866436,,0.0,0.0
1481552490601936173,580,1481552490599879615,,0.0,0.0
1481552490622160445,581,1481552490619892013,,0.0,0.0
1481552490641252533,582,1481552490639860818,,0.0,0.0
1481552490661706857,583,1481552490659866914,,0.0,0.0
1481552490681496287,584,1481552490679837124,,0.0,0.0
1481552490701204207,585,1481552490699895460,,0.0,0.0
1481552490721597489,586,1481552490719894733,,0.0,0.0
1481552490741699991,587,1481552490739901193,,0.0,0.0
1481552490761734472,588,1481552490759917446,,0.0,0.0
1481552490781734110,589,1481552490779885885,,0.0,0.0
1481552490801779320,590,1481552490799977502,,0.0,0.0
1481552490822445935,591,1481552490820637919,,0.0,0.0
1481552490844441610,592,1481552490839915111,,0.0,0.0
1481552490861645109,593,1481552490860560372,,0.0,0.0
1481552490881293445,594,1481552490879915271,,0.0,0.0
1481552490900979750,595,1481552490899841263,,0.0,0.0
1481552490921028502,596,1481552490919847151,,0.0,0.0
1481552490941009234,597,1481552490939813507,,0.0,0.0
1481552490961595745,598,1481552490959850541,,0.0,0.0
1481552490981644445,599,1481552490979861585,,0.0,0.0
1481552491001669603,600,1481552490999893514,,0.0,0.0
1481552491021527835,601,1481552491019854245,,0.0,0.0
1481552491041580962,602,1481552491039850237,,0.0,0.0
1481552491061794662,603,1481552491059840291,,0.0,0.0
1481552491081626643,604,1481552491079833731,,0.0,0.0
1481552491101746020,605,1481552491099896546,,0.0,0.0
1481552491122195761,606,1481552491120050610,,0.0,0.0
1481552491142755397,607,1481552491139945300,,0.0,0.0
1481552491161004727,608,1481552491159858844,,0.0,0.0
1481552491182944047,609,1481552491179877961,,0.0,0.0
1481552491202793685,610,1481552491200471451,,0.0,0.0
1481552491223912851,611,1481552491219956403,,0.0,0.0
1481552491241934629,612,1481552491239956092,,0.0,0.0
1481552491262316453,613,1481552491259998334,,0.0,0.0
1481552491282565049,614,1481552491280200523,,0.0,0.0
1481552491301663491,615,1481552491299769277,,0.0,0.0
1481552491321585160,616,1481552491319817300,,0.0,0.0
1481552491341774432,617,1481552491339846208,,0.0,0.0
1481552491361614070,618,1481552491359834960,,0.0,0.0
1481552491381520896,619,1481552491379828244,,0.0,0.0
1481552491401616262,620,1481552491399831423,,0.0,0.0
1481552491421588035,621,1481552491419833300,,0.0,0.0
1481552491441716943,622,1481552491439870646,,0.0,0.0
1481552491461680019,623,1481552491459847002,,0.0,0.0
1481552491481535230,624,1481552491479850025,,0.0,0.0
1481552491501524242,625,1481552491499823674,,0.0,0.0
1481552491521731327,626,1481552491519864613,,0.0,0.0
1481552491541797892,627,1481552491539888261,,0.0,0.0
1481552491561790759,628,1481552491559848836,,0.0,0.0
1481552491581650188,629,1481552491579893786,,0.0,0.0
1481552491601777482,630,1481552491599959986,,0.0,0.0
1481552491626686847,631,1481552491625011278,,0.0,0.0
1481552491641438477,632,1481552491640046657,,0.0,0.0
1481552491661947176,633,1481552491660359888,,0.0,0.0
1481552491681808324,634,1481552491679944527,,0.0,0.0
1481552491701688274,635,1481552491699938748,,0.0,0.0
1481552491722019265,636,1481552491719978281,,0.0,0.0
1481552491741598487,637,1481552491739895419,,0.0,0.0
1481552491761905520,638,1481552491759864067,,0.0,0.0
1481552491781967606,639,1481552491779862819,,0.0,0.0
1481552491801651306,640,1481552491799766259,,0.0,0.0
1481552491821602819,641,1481552491819835115,,0.0,0.0
1481552491841607405,642,1481552491839815743,,0.0,0.0
1481552491861616522,643,1481552491859816734,,0.0,0.0
1481552491881646524,644,1481552491879871163,,0.0,0.0
1481552491901604234,645,1481552491899843510,,0.0,0.0
1481552491921584757,646,1481552491919828251,,0.0,0.0
1481552491941749551,647,1481552491939859556,,0.0,0.0
1481552491961791220,648,1481552491960062786,,0.0,0.0
1481552491982382522,649,1481552491979835758,,0.0,0.0
1481552492001596068,650,1481552491999852271,,0.0,0.0
1481552492021802008,651,1481552492019942325,,0.0,0.0
1481552492042792268,652,1481552492039951858,,0.0,0.0
1481552492061805293,653,1481552492059910871,,0.0,0.0
1481552492081684671,654,1481552492079886654,,0.0,0.0
1481552492101805766,655,1481552492099852021,,0.0,0.0
1481552492121445092,656,1481552492119845409,,0.0,0.0
1481552492142505248,657,1481552492139872338,,0.0,0.0
1481552492161807023,658,1481552492159840882,,0.0,0.0
1481552492181644109,659,1481552492179868645,,0.0,0.0
1481552492201340779,660,1481552492199861876,,0.0,0.0
1481552492221417135,661,1481552492219855107,,0.0,0.0
1481552492242312968,662,1481552492239847089,,0.0,0.0
1481552492261967450,663,1481552492259840685,,0.0,0.0
1481552492282382295,664,1481552492279887302,,0.0,0.0
1481552492302618026,665,1481552492300388292,,0.0,0.0
1481552492321809645,666,1481552492320411992,,0.0,0.0
1481552492341896470,667,1481552492340555900,,0.0,0.0
1481552492361452098,668,1481552492359893560,,0.0,0.0
1481552492382300484,669,1481552492380920070,,0.0,0.0
1481552492403481941,670,1481552492401644185,,0.0,0.0
1481552492425164075,671,1481552492422854341,,0.0,0.0
1481552492443968403,672,1481552492442306792,,0.0,0.0
1481552492467047668,673,1481552492462448982,,0.0,0.0
1481552492481940496,674,1481552492480637947,,0.0,0.0
1481552492501312895,675,1481552492499879357,,0.0,0.0
1481552492521328054,676,1481552492519832172,,0.0,0.0
1481552492541377535,677,1481552492539824883,,0.0,0.0
1481552492561529881,678,1481552492560023009,,0.0,0.0
1481552492582261443,679,1481552492579831658,,0.0,0.0
1481552492601592072,680,1481552492599942597,,0.0,0.0
1481552492623216393,681,1481552492620697545,,0.0,0.0
1481552492641733066,682,1481552492640008070,,0.0,0.0
1481552492666044203,683,1481552492664445145,,0.0,0.0
1481552492686869672,684,1481552492684981500,,0.0,0.0
1481552492705645042,685,1481552492703156767,,0.0,0.0
1481552492722206615,686,1481552492719864642,,0.0,0.0
1481552492742355471,687,1481552492739883134,,0.0,0.0
1481552492762756514,688,1481552492760308864,,0.0,0.0
1481552492782444798,689,1481552492779982982,,0.0,0.0
1481552492802358707,690,1481552492799959599,,0.0,0.0
1481552492823065739,691,1481552492819856945,,0.0,0.0
1481552492842145014,692,1481552492839850489,,0.0,0.0
1481552492862402776,693,1481552492859886532,,0.0,0.0
1481552492881544760,694,1481552492879847160,,0.0,0.0
1481552492901770491,695,1481552492900416640,,0.0,0.0
1481552492921488306,696,1481552492920026070,,0.0,0.0
1481552492943126117,697,1481552492939831333,,0.0,0.0
1481552492961393415,698,1481552492959896856,,0.0,0.0
1481552492985670906,699,1481552492983220496,,0.0,0.0
1481552493001656023,700,1481552493000338838,,0.0,0.0
1481552493022229878,701,1481552493020836287,,0.0,0.0
1481552493041327486,702,1481552493039864990,,0.0,0.0
1481552493061274676,703,1481552493059842596,,0.0,0.0
1481552493083822745,704,1481552493079934890,,0.0,0.0
1481552493105492118,705,1481552493100245777,,0.0,0.0
1481552493123185199,706,1481552493119949894,,0.0,0.0
1481552493141667288,707,1481552493139856303,,0.0,0.0
1481552493164544575,708,1481552493159983597,,0.0,0.0
1481552493182148385,709,1481552493179909224,,0.0,0.0
1481552493201908284,710,1481552493199876518,,0.0,0.0
1481552493222068702,711,1481552493220010791,,0.0,0.0
1481552493243042087,712,1481552493241104280,,0.0,0.0
1481552493263645890,713,1481552493259900275,,0.0,0.0
1481552493283179748,714,1481552493279835694,,0.0,0.0
1481552493301802618,715,1481552493299826113,,0.0,0.0
1481552493321832724,716,1481552493319789865,,0.0,0.0
1481552493341913247,717,1481552493339855023,,0.0,0.0
1481552493361896687,718,1481552493359833619,,0.0,0.0
1481552493383178665,719,1481552493379844767,,0.0,0.0
1481552493403174813,720,1481552493399820030,,0.0,0.0
1481552493424764811,721,1481552493419927428,,0.0,0.0
1481552493441270499,722,1481552493439841284,,0.0,0.0
1481552493463093622,723,1481552493459942849,,0.0,0.0
1481552493483548467,724,1481552493479851185,,0.0,0.0
1481552493501680245,725,1481552493499965457,,0.0,0.0
1481552493522316183,726,1481552493519838429,,0.0,0.0
1481552493542705299,727,1481552493540548064,,0.0,0.0
1481552493562472176,728,1481552493560831451,,0.0,0.0
1481552493584892485,729,1481552493581866555,,0.0,0.0
1481552493603076554,730,1481552493600791716,,0.0,0.0
1481552493623976138,731,1481552493620032189,,0.0,0.0
1481552493642259061,732,1481552493640476982,,0.0,0.0
1481552493663875622,733,1481552493660934639,,0.0,0.0
1481552493684156769,734,1481552493681777608,,0.0,0.0
1481552493703736928,735,1481552493699880428,,0.0,0.0
1481552493721926623,736,1481552493719817930,,0.0,0.0
1481552493741998864,737,1481552493740500795,,0.0,0.0
1481552493762895375,738,1481552493760480276,,0.0,0.0
1481552493781619599,739,1481552493779831687,,0.0,0.0
1481552493802376526,740,1481552493799972626,,0.0,0.0
1481552493821679499,741,1481552493819797681,,0.0,0.0
1481552493841810230,742,1481552493840679556,,0.0,0.0
1481552493862047159,743,1481552493860030705,,0.0,0.0
1481552493881748047,744,1481552493879839250,,0.0,0.0
1481552493903432420,745,1481552493899854825,,0.0,0.0
1481552493921501802,746,1481552493919928785,,0.0,0.0
1481552493941930970,747,1481552493939870350,,0.0,0.0
1481552493961656285,748,1481552493960017591,,0.0,0.0
1481552493984124979,749,1481552493980012594,,0.0,0.0
1481552494003324515,750,1481552494001196968,,0.0,0.0
1481552494022792435,751,1481552494019930567,,0.0,-0.00217938423157
1481552494042514625,752,1481552494040893692,,0.0,0.000857353210449
1481552494062168066,753,1481552494060367133,,0.0,0.00227022171021
1481552494081624372,754,1481552494080252813,,0.0,0.00227022171021
1481552494103323745,755,1481552494100020940,,0.0,0.00327110290527
1481552494123499371,756,1481552494119837089,,0.0,0.00369644165039
1481552494141924482,757,1481552494139835112,,0.0,0.00343155860901
1481552494162803596,758,1481552494159865583,,0.0,0.00245904922485
1481552494183034327,759,1481552494179879075,,0.0,0.00230717658997
1481552494201801416,760,1481552494199875952,,0.0,0.00320219993591
1481552494222788238,761,1481552494219884496,,0.0,0.00119256973267
1481552494242789751,762,1481552494239882935,,0.0,-0.00056791305542
1481552494263029388,763,1481552494259907729,,0.0,-0.00117897987366
1481552494281954445,764,1481552494280233408,,0.0,0.000783443450928
1481552494303389079,765,1481552494299859244,,0.0,0.00216841697693
1481552494322363198,766,1481552494319857788,,0.0,0.002112865448
1481552494344544862,767,1481552494340658934,,0.0,0.00213813781738
1481552494363063982,768,1481552494360415187,,0.0,0.00341057777405
1481552494383273932,769,1481552494380698678,,0.0,0.00453686714172
1481552494404651899,770,1481552494402067583,,0.0,0.00825142860413
1481552494425417577,771,1481552494420980348,,0.0,0.00749135017395
1481552494442909669,772,1481552494439961759,,0.0,0.00963759422302
1481552494465062895,773,1481552494462246287,,0.0,0.0120027065277
1481552494485863884,774,1481552494483242016,,0.0,0.0132918357849
1481552494502812905,775,1481552494499933797,,0.0,0.0124890804291
1481552494522159315,776,1481552494519851769,,0.0,0.0120937824249
1481552494541746089,777,1481552494539851042,,0.0,0.0120937824249
1481552494561611039,778,1481552494559850731,,0.0,0.0137956142426
1481552494589730553,779,1481552494588075348,,0.0,0.0132164955139
1481552494601432294,780,1481552494599850111,,0.0,0.0128135681152
1481552494622059639,781,1481552494620679538,,0.0,0.0128135681152
1481552494641468965,782,1481552494640068188,,0.0,0.0131437778473
1481552494662078914,783,1481552494660231210,,0.0,0.0134570598602
1481552494684201723,784,1481552494681343814,,0.0,0.0134248733521
1481552494702477876,785,1481552494699839653,,0.0,0.0152671337128
1481552494723191209,786,1481552494719941113,,0.0,0.0169713497162
1481552494743343034,787,1481552494740411948,,0.0,0.0149421691895
1481552494762833923,788,1481552494760694085,,0.0,0.0120437145233
1481552494783825642,789,1481552494779839766,,0.0,0.0126159191132
1481552494803032417,790,1481552494800457527,,0.0,0.0139756202698
1481552494823362522,791,1481552494820629821,,0.0,0.0144543647766
1481552494843136535,792,1481552494840253105,,0.0,0.0143103599548
1481552494863751588,793,1481552494859849098,,0.0,0.0159614086151
1481552494884801379,794,1481552494881059878,,0.0,0.0136067867279
1481552494903362739,795,1481552494901428838,,0.0,0.0157299041748
1481552494923969303,796,1481552494922297588,,0.0,0.0151214599609
1481552494944391752,797,1481552494942843005,,0.0,0.0113608837128
1481552494964341650,798,1481552494959860723,,0.0,0.0113608837128
1481552494981404211,799,1481552494979901871,,0.0,0.012859582901
1481552495001914369,800,1481552494999909999,,0.0,0.011999130249
1481552495021918121,801,1481552495019825157,,0.0,0.0103099346161
1481552495041939894,802,1481552495039868545,,0.0,0.00898170471191
1481552495061918073,803,1481552495059837818,,0.0,0.00957655906677
1481552495083997133,804,1481552495081231567,,0.0,0.00999593734741
1481552495103088752,805,1481552495100193499,,0.0,0.0128147602081
1481552495122589484,806,1481552495119889699,,0.0,0.0138728618622
1481552495142968652,807,1481552495140245378,,0.0,0.017728805542
1481552495163415424,808,1481552495160856212,,0.0,0.0181522369385
1481552495182850167,809,1481552495179963404,,0.0,0.0185279846191
1481552495203420689,810,1481552495200831581,,0.0,0.0176222324371
1481552495223542826,811,1481552495219902679,,0.0,0.0178413391113
1481552495243015538,812,1481552495239961640,,0.0,0.0161621570587
1481552495262995384,813,1481552495259866225,,0.0,0.0159170627594
1481552495283259292,814,1481552495279983884,,0.0,0.0162498950958
1481552495303545492,815,1481552495300200864,,0.0,0.0178484916687
1481552495321739300,816,1481552495319830243,,0.0,0.0178484916687
1481552495341747063,817,1481552495339833630,,0.0,0.0190012454987
1481552495361299775,818,1481552495359844257,,0.0,0.0205864906311
1481552495381814098,819,1481552495379843114,,0.0,0.0182139873505
1481552495401633789,820,1481552495399850616,,0.0,0.018522977829
1481552495423462640,821,1481552495419834785,,0.0,0.0176272392273
1481552495441995459,822,1481552495439860620,,0.0,0.0188500881195
1481552495462138794,823,1481552495460368851,,0.0,0.0167758464813
1481552495485637069,824,1481552495482087182,,0.0,0.0189414024353
1481552495501925830,825,1481552495499893648,,0.0,0.0187692642212
1481552495522175363,826,1481552495519837088,,0.0,0.0183243751526
1481552495541894689,827,1481552495539856048,,0.0,0.0169470310211
1481552495562080941,828,1481552495559889123,,0.0,0.0150377750397
1481552495584241510,829,1481552495580469020,,0.0,0.015956401825
1481552495602628548,830,1481552495599991679,,0.0,0.0162897109985
1481552495623584641,831,1481552495621480115,,0.0,0.0151607990265
1481552495643116676,832,1481552495639972726,,0.0,0.013843536377
1481552495661205433,833,1481552495659937728,,0.0,0.0139632225037
1481552495683206316,834,1481552495680304969,,0.0,0.0072717666626
1481552495704136003,835,1481552495700005076,,0.0,0.00678539276123
1481552495723312518,836,1481552495719912526,,0.0,0.00571441650391
1481552495744249705,837,1481552495739880497,,0.0,0.00571441650391
1481552495761981848,838,1481552495759841333,,0.0,0.00588178634644
1481552495781606279,839,1481552495779843158,,0.0,0.00648975372314
1481552495801666072,840,1481552495799844671,,0.0,0.00372672080994
1481552495822427583,841,1481552495819802694,,0.0,0.00186204910278
1481552495841602275,842,1481552495839836290,,0.0,0.00554442405701
1481552495862034151,843,1481552495859866292,,0.0,0.00726294517517
1481552495882564829,844,1481552495880025669,,0.0,0.00534820556641
1481552495902683946,845,1481552495899833328,,0.0,0.00857186317444
1481552495921944210,846,1481552495919885830,,0.0,0.00910973548889
1481552495941055464,847,1481552495939854738,,0.0,0.0113377571106
1481552495962475724,848,1481552495959835938,,0.0,0.0116403102875
1481552495985395666,849,1481552495980204534,,0.0,0.0110423564911
1481552496002776925,850,1481552495999930734,,0.0,0.0135884284973
1481552496022372814,851,1481552496019914747,,0.0,0.0139939785004
1481552496043305991,852,1481552496039981937,,0.0,0.0153179168701
1481552496064579427,853,1481552496060199386,,0.0,0.0144622325897
1481552496085571458,854,1481552496079994701,,0.0,0.0135371685028
1481552496103329591,855,1481552496099955954,,0.0,0.0135371685028
1481552496124353601,856,1481552496119908716,,0.0,0.0120656490326
1481552496144084125,857,1481552496139830958,,0.0,0.0116736888885
1481552496161979966,858,1481552496159835284,,0.0,0.012238740921
1481552496182346009,859,1481552496179813150,,0.0,0.0142965316772
1481552496201965231,860,1481552496199868830,,0.0,0.0126984119415
1481552496223471167,861,1481552496219952373,,0.0,0.0141458511353
1481552496241914350,862,1481552496239821542,,0.0,0.0113255977631
1481552496262234091,863,1481552496259852170,,0.0,0.0123615264893
1481552496282972112,864,1481552496280765399,,0.0,0.0131151676178
1481552496301749409,865,1481552496299900403,,0.0,0.0118870735168
1481552496321937692,866,1481552496320341394,,0.0,0.0136170387268
1481552496342197277,867,1481552496340585822,,0.0,0.0147793292999
1481552496361756238,868,1481552496359841399,,0.0,0.0166444778442
1481552496381954209,869,1481552496379905464,,0.0,0.017863035202
1481552496402115825,870,1481552496400251976,,0.0,0.0176918506622
1481552496421794995,871,1481552496419911771,,0.0,0.0191245079041
1481552496444020148,872,1481552496442718068,,0.0,0.0167140960693
1481552496461771614,873,1481552496459899171,,0.0,0.0139696598053
1481552496483170519,874,1481552496481140524,,0.0,0.0170030593872
1481552496501998701,875,1481552496500221987,,0.0,0.0145845413208
1481552496523388179,876,1481552496520581572,,0.0,0.0149221420288
1481552496541726519,877,1481552496539832669,,0.0,0.0145943164825
1481552496563212247,878,1481552496559959807,,0.0,0.0138237476349
1481552496583432404,879,1481552496579860330,,0.0,0.0136513710022
1481552496601690119,880,1481552496599812312,,0.0,0.0136513710022
1481552496621653142,881,1481552496619967313,,0.0,0.0134582519531
1481552496641810957,882,1481552496639845024,,0.0,0.0107638835907
1481552496662424395,883,1481552496659831485,,0.0,0.0108840465546
1481552496683910331,884,1481552496679962268,,0.0,0.0126054286957
1481552496702761951,885,1481552496699845604,,0.0,0.0128281116486
1481552496721652581,886,1481552496720346073,,0.0,0.0115392208099
1481552496741523104,887,1481552496739842067,,0.0,0.0121176242828
1481552496761381127,888,1481552496759980923,,0.0,0.0118865966797
1481552496781392119,889,1481552496779867800,,0.0,0.00976729393005
1481552496802256755,890,1481552496799817750,,0.0,0.00883150100708
1481552496822944255,891,1481552496820858062,,0.0,0.00765776634216
1481552496841751812,892,1481552496840369576,,0.0,0.00631642341614
1481552496861882439,893,1481552496860306141,,0.0,0.00705146789551
1481552496881958796,894,1481552496880344685,,0.0,0.0107736587524
1481552496901851715,895,1481552496900745467,,0.0,0.0106482505798
1481552496922570726,896,1481552496920215627,,0.0,0.0087742805481
1481552496942990623,897,1481552496940026984,,0.0,0.0103890895844
1481552496962961041,898,1481552496959992663,,0.0,0.0105986595154
1481552496982540628,899,1481552496980732247,,0.0,0.00955986976624
1481552497001947976,900,1481552496999982876,,0.0,0.010694026947
1481552497022056675,901,1481552497020009337,,0.0,0.010694026947
1481552497041620950,902,1481552497039853662,,0.0,0.0108866691589
1481552497061799180,903,1481552497060015174,,0.0,0.0128793716431
1481552497082194807,904,1481552497080446478,,0.0,0.0141415596008
1481552497102020486,905,1481552497100358355,,0.0,0.0170743465424
1481552497121985332,906,1481552497119867317,,0.0,0.0165665149689
1481552497142256584,907,1481552497140204766,,0.0,0.0158865451813
1481552497162075649,908,1481552497160352372,,0.0,0.013991355896
1481552497181932579,909,1481552497180001750,,0.0,0.0139417648315
1481552497201440291,910,1481552497200020815,,0.0,0.0143778324127
1481552497221629928,911,1481552497219891755,,0.0,0.0121335983276
1481552497241683367,912,1481552497240052590,,0.0,0.0128889083862
1481552497261255558,913,1481552497260048634,,0.0,0.0106534957886
1481552497281715507,914,1481552497280268375,,0.0,0.00856280326843
1481552497301390354,915,1481552497300204680,,0.0,0.00737881660461
1481552497321587908,916,1481552497319883641,,0.0,0.00746440887451
1481552497341213640,917,1481552497340025987,,0.0,0.00746440887451
1481552497361859214,918,1481552497359942864,,0.0,0.00642251968384
1481552497381890622,919,1481552497379896304,,0.0,0.00700831413269
1481552497402113644,920,1481552497399966566,,0.0,0.00703954696655
1481552497422000470,921,1481552497419982871,,0.0,0.00895953178406
1481552497442100003,922,1481552497439894956,,0.0,0.0108504295349
1481552497462024589,923,1481552497459843240,,0.0,0.0108504295349
1481552497481297770,924,1481552497479897200,,0.0,0.0119333267212
1481552497501191835,925,1481552497499873974,,0.0,0.011595249176
1481552497521237514,926,1481552497519833507,,0.0,0.0111904144287
1481552497541251370,927,1481552497540051894,,0.0,0.0095546245575
1481552497561093196,928,1481552497559880282,,0.0,0.00719618797302
1481552497581729707,929,1481552497579985493,,0.0,0.00197839736938
1481552497601771636,930,1481552497599850287,,0.0,0.00238275527954
1481552497622580855,931,1481552497620568516,,0.0,0.0025646686554
1481552497642211587,932,1481552497639971853,,0.0,0.00289106369019
1481552497662469558,933,1481552497660350761,,0.0,0.00231266021729
1481552497682502841,934,1481552497680051962,,0.0,0.000433444976807
1481552497702767061,935,1481552497700420036,,0.0,0.00175476074219
1481552497722035034,936,1481552497720258216,,0.0,0.00144672393799
1481552497741973214,937,1481552497740168687,,0.0,0.00144672393799
1481552497764838886,938,1481552497760877489,,0.0,0.00361084938049
1481552497782120145,939,1481552497780004786,,0.0,0.004878282547
1481552497802619260,940,1481552497800210256,,0.0,0.00556468963623
1481552497822516919,941,1481552497819956092,,0.0,0.00556468963623
1481552497843282753,942,1481552497840480572,,0.0,0.00724840164185
1481552497861781821,943,1481552497859845316,,0.0,0.00853419303894
1481552497885779470,944,1481552497883589163,,0.0,0.00687694549561
1481552497902342085,945,1481552497900185111,,0.0,0.00238156318665
1481552497922195837,946,1481552497919959384,,0.0,0.00238156318665
1481552497941824695,947,1481552497940004907,,0.0,0.00235080718994
1481552497961956936,948,1481552497959852098,,0.0,0.00241494178772
1481552497982150531,949,1481552497980054287,,0.0,0.00192928314209
1481552498002760793,950,1481552498000651787,,0.0,0.00236368179321
1481552498022005328,951,1481552498020065229,,0.0,0.00223565101624
1481552498042138976,952,1481552498039900231,,0.0,0.00345683097839
1481552498062074134,953,1481552498060423670,,0.0,0.0035719871521
1481552498082387782,954,1481552498080276745,,0.0,0.00249314308167
1481552498103102522,955,1481552498100906121,,0.0,0.00139260292053
1481552498122836639,956,1481552498121012894,,0.0,0.00239396095276
1481552498143196015,957,1481552498141407947,,0.0,0.00470542907715
1481552498163067528,958,1481552498161336387,,0.0,0.00675535202026
1481552498183848310,959,1481552498181672742,,0.0,0.00814819335938
1481552498202343941,960,1481552498201196444,,0.0,0.00735139846802
1481552498222207641,961,1481552498220251761,,0.0,0.00814509391785
1481552498244039618,962,1481552498239974732,,0.0,0.00772285461426
1481552498262560249,963,1481552498260317911,,0.0,0.00829935073853
1481552498282019888,964,1481552498279833071,,0.0,0.00824999809265
1481552498302971086,965,1481552498300558904,,0.0,0.00824999809265
1481552498323058588,966,1481552498320639531,,0.0,0.00605535507202
1481552498341496667,967,1481552498339880942,,0.0,0.00781106948853
1481552498362734791,968,1481552498361139326,,0.0,0.0078718662262
1481552498382405888,969,1481552498379902613,,0.0,0.00907278060913
1481552498401534694,970,1481552498399936625,,0.0,0.00959396362305
1481552498421996518,971,1481552498419889023,,0.0,0.00747394561768
1481552498441690427,972,1481552498439939442,,0.0,0.00735664367676
1481552498462030897,973,1481552498460356266,,0.0,0.00665879249573
1481552498484975892,974,1481552498480839653,,0.0,0.00390791893005
1481552498502431474,975,1481552498500517677,,0.0,0.00397753715515
1481552498523143974,976,1481552498521347729,,0.0,0.00394368171692
1481552498543222622,977,1481552498541137002,,0.0,0.00527787208557
1481552498563805592,978,1481552498561667212,,0.0,0.00576066970825
1481552498583942156,979,1481552498581359402,,0.0,0.00409388542175
1481552498603284139,980,1481552498601164613,,0.0,0.00294089317322
1481552498622706539,981,1481552498620479773,,0.0,0.00260782241821
1481552498642677322,982,1481552498639976912,,0.0,0.0042142868042
1481552498662361231,983,1481552498659914519,,0.0,0.00440382957458
1481552498682507535,984,1481552498680382280,,0.0,0.00326824188232
1481552498703292171,985,1481552498700882958,,0.0,0.00326824188232
1481552498722346186,986,1481552498720032754,,0.0,0.000861644744873
1481552498741684211,987,1481552498740262547,,0.0,-0.00104355812073
1481552498761880358,988,1481552498759840676,,0.0,-0.000287532806396
1481552498783131139,989,1481552498781432289,,0.0,0.000692367553711
1481552498802119997,990,1481552498800376981,,0.0,0.00133442878723
1481552498822883331,991,1481552498821097502,,0.0,0.00283885002136
1481552498842057450,992,1481552498840445162,,0.0,-0.000116348266602
1481552498861971723,993,1481552498860521883,,0.0,-0.000277757644653
1481552498884161980,994,1481552498881745997,,0.0,0.00163698196411
1481552498903448755,995,1481552498901897717,,0.0,0.00307989120483
1481552498924214224,996,1481552498921443189,,0.0,0.00670456886292
1481552498943014542,997,1481552498940745381,,0.0,0.0093252658844
1481552498967000993,998,1481552498962660535,,0.0,0.00946640968323
1481552498986439017,999,1481552498981196947,,0.0,0.00957179069519
1481552499005095793,1000,1481552499001653823,,0.0,0.00837755203247
1481552499023835330,1001,1481552499022382938,,0.0,0.00629234313965
1481552499046442513,1002,1481552499041544921,,0.0,0.00700521469116
1481552499064293719,1003,1481552499061747267,,0.0,0.00878357887268
1481552499082977058,1004,1481552499079957482,,0.0,0.0078558921814
1481552499102407790,1005,1481552499099859724,,0.0,0.0078558921814
1481552499121850606,1006,1481552499119854361,,0.0,0.00843262672424
1481552499141858890,1007,1481552499139839155,,0.0,0.007000207901
1481552499161906184,1008,1481552499159869522,,0.0,0.00794315338135
1481552499182005092,1009,1481552499179909212,,0.0,0.00727534294128
1481552499202395979,1010,1481552499199855360,,0.0,0.00864887237549
1481552499222261606,1011,1481552499219856404,,0.0,0.00961852073669
1481552499241965984,1012,1481552499239842239,,0.0,0.00904083251953
1481552499262228590,1013,1481552499259864169,,0.0,0.0124177932739
1481552499281847395,1014,1481552499279847973,,0.0,0.0114681720734
1481552499302264011,1015,1481552499299868913,,0.0,0.0106196403503
1481552499321865160,1016,1481552499319862404,,0.0,0.010724067688
1481552499342281255,1017,1481552499339881469,,0.0,0.0119597911835
1481552499362315580,1018,1481552499359879128,,0.0,0.0143330097198
1481552499383596308,1019,1481552499379922255,,0.0,0.0159058570862
1481552499402204230,1020,1481552499399926684,,0.0,0.0155212879181
1481552499423042199,1021,1481552499419855905,,0.0,0.0159940719604
1481552499443293347,1022,1481552499439860126,,0.0,0.0156631469727
1481552499464338190,1023,1481552499459866534,,0.0,0.0142960548401
1481552499482851373,1024,1481552499479962161,,0.0,0.0153567790985
1481552499502956792,1025,1481552499500304715,,0.0,0.0153567790985
1481552499526815951,1026,1481552499522910804,,0.0,0.0122718811035
1481552499543914762,1027,1481552499539866387,,0.0,0.0114271640778
1481552499563724401,1028,1481552499559834202,,0.0,0.0103771686554
1481552499584539297,1029,1481552499579931756,,0.0,0.0103771686554
1481552499602205294,1030,1481552499599979571,,0.0,0.00827527046204
1481552499622021911,1031,1481552499619931552,,0.0,0.00650072097778
1481552499641742748,1032,1481552499639841815,,0.0,0.00598740577698
1481552499661704417,1033,1481552499659867546,,0.0,0.00627541542053
1481552499681977387,1034,1481552499679876871,,0.0,0.00765132904053
1481552499702213743,1035,1481552499699866301,,0.0,0.00742244720459
1481552499721722236,1036,1481552499719875365,,0.0,0.00973010063171
1481552499741924008,1037,1481552499739858701,,0.0,0.0123624801636
1481552499761606824,1038,1481552499759868807,,0.0,0.0131912231445
1481552499782389272,1039,1481552499780613495,,0.0,0.0132949352264
1481552499801698495,1040,1481552499799870791,,0.0,0.0118610858917
1481552499821632507,1041,1481552499820221001,,0.0,0.00952482223511
1481552499841502198,1042,1481552499839917983,,0.0,0.00960040092468
1481552499862082407,1043,1481552499859875641,,0.0,0.00855207443237
1481552499885505213,1044,1481552499880360017,,0.0,0.00743198394775
1481552499901841266,1045,1481552499899967312,,0.0,0.00789523124695
1481552499922490537,1046,1481552499920684396,,0.0,0.0051372051239
1481552499941705541,1047,1481552499939989817,,0.0,0.00398778915405
1481552499961947053,1048,1481552499959959610,,0.0,0.00365018844604
1481552499982177368,1049,1481552499979886332,,0.0,0.00384998321533
1481552500001721277,1050,1481552499999875813,,0.0,0.00384998321533
1481552500022130966,1051,1481552500020380710,,0.0,0.00496506690979
1481552500042140656,1052,1481552500040249306,,0.0,0.00673365592957
1481552500061884408,1053,1481552500060013424,,0.0,0.00805974006653
1481552500082055764,1054,1481552500080021186,,0.0,0.00615072250366
1481552500102100350,1055,1481552500100004365,,0.0,0.00554013252258
1481552500122084987,1056,1481552500120388377,,0.0,0.00236964225769
1481552500142167281,1057,1481552500139996766,,0.0,-0.000139951705933
1481552500161934576,1058,1481552500160006351,,0.0,-6.03199005127e-05
1481552500182273119,1059,1481552500180024999,,0.0,0.000952959060669
1481552500202256402,1060,1481552500200062189,,0.0,0.00105857849121
1481552500222260363,1061,1481552500220243128,,0.0,-0.000729084014893
1481552500242332188,1062,1481552500240060006,,0.0,-0.00242495536804
1481552500262137763,1063,1481552500260052143,,0.0,-0.00347709655762
1481552500281556882,1064,1481552500280003656,,0.0,-0.00289821624756
1481552500302242663,1065,1481552500300041731,,0.0,-0.00417184829712
1481552500322350530,1066,1481552500320043192,,0.0,-0.00431180000305
1481552500343250009,1067,1481552500340207412,,0.0,-0.00230383872986
1481552500362686679,1068,1481552500360020280,,0.0,-0.00197863578796
1481552500382885900,1069,1481552500380008615,,0.0,-0.00197863578796
1481552500404131263,1070,1481552500400421481,,0.0,-0.00119781494141
1481552500423609548,1071,1481552500420162213,,0.0,0.0012674331665
1481552500442545595,1072,1481552500440064351,,0.0,0.00367975234985
1481552500463535230,1073,1481552500460027166,,0.0,0.00557923316956
1481552500482925338,1074,1481552500480428834,,0.0,0.00459337234497
1481552500502152582,1075,1481552500500025712,,0.0,0.00399565696716
1481552500522398156,1076,1481552500520268995,,0.0,0.00711703300476
1481552500542386700,1077,1481552500540261497,,0.0,0.00706768035889
1481552500563066596,1078,1481552500560186291,,0.0,0.00403618812561
1481552500582827016,1079,1481552500580238428,,0.0,0.00156950950623
1481552500603160871,1080,1481552500600386712,,0.0,0.00192761421204
1481552500626891958,1081,1481552500620829734,,0.0,-0.00049352645874
1481552500647162741,1082,1481552500640860934,,0.0,-0.00111889839172
1481552500661808173,1083,1481552500660430364,,0.0,-0.00111889839172
1481552500683595150,1084,1481552500681362291,,0.0,0.00179314613342
1481552500704714056,1085,1481552500701030836,,0.0,0.000520706176758
1481552500722336720,1086,1481552500720591881,,0.0,0.00293183326721
1481552500742413857,1087,1481552500740586154,,0.0,0.00434637069702
1481552500764477969,1088,1481552500761112144,,0.0,0.000442266464233
1481552500782902819,1089,1481552500780730741,,0.0,-0.000258445739746
1481552500803507559,1090,1481552500800368817,,0.0,-0.00268411636353
1481552500824066883,1091,1481552500820656527,,0.0,-0.00276589393616
1481552500844527769,1092,1481552500841400798,,0.0,0.000952005386353
1481552500864393449,1093,1481552500860654552,,0.0,-0.000187873840332
1481552500884624076,1094,1481552500881868562,,0.0,0.00084662437439
1481552500905576263,1095,1481552500903109238,,0.0,-0.000694513320923
1481552500926029754,1096,1481552500923556583,,0.0,-0.000403642654419
1481552500945057206,1097,1481552500942296224,,0.0,-0.00366139411926
1481552500963619556,1098,1481552500961726019,,0.0,-0.000574827194214
1481552500988552358,1099,1481552500984849190,,0.0,-0.00204968452454
1481552501003979299,1100,1481552501000622849,,0.0,-0.00282287597656
1481552501023672583,1101,1481552501020887590,,0.0,-0.00555944442749
1481552501042399672,1102,1481552501040055719,,0.0,-0.00555944442749
1481552501062987381,1103,1481552501060021711,,0.0,-0.0035514831543
1481552501083871079,1104,1481552501080799837,,0.0,-0.00187301635742
1481552501102352647,1105,1481552501100634162,,0.0,-0.000504970550537
1481552501123242908,1106,1481552501120468748,,0.0,-0.00260710716248
1481552501143468795,1107,1481552501140502813,,0.0,-0.00285840034485
1481552501164092650,1108,1481552501161036147,,0.0,-0.00207090377808
1481552501184447703,1109,1481552501182763332,,0.0,-0.00408172607422
1481552501202612918,1110,1481552501200896100,,0.0,-0.00347495079041
1481552501223941355,1111,1481552501221001102,,0.0,-0.00327682495117
1481552501243018547,1112,1481552501241274801,,0.0,-0.00355052947998
1481552501263533391,1113,1481552501261139856,,0.0,-0.00302481651306
1481552501283953861,1114,1481552501281896679,,0.0,-0.00423002243042
1481552501302887877,1115,1481552501301071787,,0.0,-0.0044264793396
1481552501323290065,1116,1481552501320650905,,0.0,-0.00256824493408
1481552501344776835,1117,1481552501341087469,,0.0,-0.00301909446716
1481552501363532777,1118,1481552501360919399,,0.0,-0.00454330444336
1481552501388061571,1119,1481552501384904912,,0.0,-0.00153827667236
1481552501404590904,1120,1481552501400763414,,0.0,-0.0018355846405
1481552501421855809,1121,1481552501420882062,,0.0,-0.00255584716797
1481552501446001634,1122,1481552501440469044,,0.0,-0.00450301170349
1481552501462999248,1123,1481552501461385867,,0.0,-0.00450301170349
1481552501482504408,1124,1481552501481064516,,0.0,-0.00628614425659
1481552501501536288,1125,1481552501500031083,,0.0,-0.00536012649536
1481552501521465196,1126,1481552501519978898,,0.0,-0.00825953483582
1481552501541959676,1127,1481552501540338326,,0.0,-0.00410389900208
1481552501561556919,1128,1481552501560002548,,0.0,-0.00675845146179
1481552501584407956,1129,1481552501580847913,,0.0,-0.00751829147339
1481552501603152076,1130,1481552501600663020,,0.0,-0.00801563262939
1481552501625651343,1131,1481552501621873071,,0.0,-0.00915765762329
1481552501645009992,1132,1481552501640392608,,0.0,-0.00918936729431
1481552501670576387,1133,1481552501666673897,,0.0,-0.0046169757843
1481552501682508753,1134,1481552501680323186,,0.0,-0.00360894203186
1481552501701918653,1135,1481552501700031678,,0.0,-0.00445055961609
1481552501721726832,1136,1481552501720008607,,0.0,-0.00445055961609
1481552501741820845,1137,1481552501740026839,,0.0,-0.00387120246887
1481552501761761837,1138,1481552501760032831,,0.0,-0.00438594818115
1481552501782490327,1139,1481552501780003197,,0.0,-0.0051372051239
1481552501801984966,1140,1481552501800004450,,0.0,-0.00670409202576
1481552501824422514,1141,1481552501820638825,,0.0,-0.00639724731445
1481552501843805486,1142,1481552501840054662,,0.0,-0.00643849372864
1481552501861631379,1143,1481552501860021956,,0.0,-0.00548386573792
1481552501882293099,1144,1481552501880357583,,0.0,-0.00490355491638
1481552501904690699,1145,1481552501901124041,,0.0,-0.00647211074829
1481552501926257312,1146,1481552501921597896,,0.0,-0.0112798213959
1481552501947427676,1147,1481552501941463420,,0.0,-0.00894618034363
1481552501964583310,1148,1481552501960593580,,0.0,-0.0081729888916
1481552501984410917,1149,1481552501982278422,,0.0,-0.00718426704407
1481552502005818103,1150,1481552502003242276,,0.0,-0.00562810897827
1481552502023511288,1151,1481552502020664681,,0.0,-0.00527715682983
1481552502043501134,1152,1481552502040619996,,0.0,-0.00778317451477
1481552502064446186,1153,1481552502060431196,,0.0,-0.00778317451477
1481552502082031403,1154,1481552502080023804,,0.0,-0.00920987129211
1481552502102572289,1155,1481552502099995472,,0.0,-0.0103046894073
1481552502121566981,1156,1481552502120018235,,0.0,-0.0114150047302
1481552502142079951,1157,1481552502140007664,,0.0,-0.00744986534119
1481552502161284018,1158,1481552502159981781,,0.0,-0.00535154342651
1481552502181996674,1159,1481552502180515740,,0.0,-0.00492238998413
1481552502201942718,1160,1481552502200571628,,0.0,-0.00543713569641
1481552502222101939,1161,1481552502220532880,,0.0,-0.00856328010559
1481552502241978660,1162,1481552502240369289,,0.0,-0.0118169784546
1481552502262339911,1163,1481552502260605541,,0.0,-0.0110146999359
1481552502283279911,1164,1481552502281125646,,0.0,-0.0121207237244
1481552502302772936,1165,1481552502301162783,,0.0,-0.0114035606384
1481552502322487314,1166,1481552502320655808,,0.0,-0.0138642787933
1481552502342268618,1167,1481552502340461904,,0.0,-0.0160994529724
1481552502362654349,1168,1481552502360766854,,0.0,-0.0142724514008
1481552502382642632,1169,1481552502380515606,,0.0,-0.0101952552795
1481552502402302427,1170,1481552502400408161,,0.0,-0.0101952552795
1481552502423091802,1171,1481552502421437952,,0.0,-0.00238418579102
1481552502443219565,1172,1481552502441589256,,0.0,-0.0578918457031
1481552502462653214,1173,1481552502460340928,,0.0,-0.234366416931
1481552502482557852,1174,1481552502480609003,,0.0,-0.50178027153
1481552502502298896,1175,1481552502500488380,,0.0,-0.50178027153
1481552502523424573,1176,1481552502520506559,,0.0,-0.790587186813
1481552502542434994,1177,1481552502540649217,,0.0,-0.998292684555
1481552502562187914,1178,1481552502560365366,,0.0,-1.38019585609
1481552502585505929,1179,1481552502582024635,,0.0,-1.4770450592
1481552502602016929,1180,1481552502600471464,,0.0,-1.26086711884
1481552502627191033,1181,1481552502625694630,,0.0,-0.899735927582
1481552502642185266,1182,1481552502640818759,,0.0,-0.628397226334
1481552502662238393,1183,1481552502660747408,,0.0,-0.224771976471
1481552502682328708,1184,1481552502680769858,,0.0,0.0581970214844
1481552502702261054,1185,1481552502700578246,,0.0,0.416469335556
1481552502722208921,1186,1481552502720601842,,0.0,0.6674015522
1481552502743972825,1187,1481552502741808247,,0.0,1.10030245781
1481552502763428662,1188,1481552502762064603,,0.0,1.47426199913
1481552502784136319,1189,1481552502781526846,,0.0,1.97209000587
1481552502803069188,1190,1481552502800537163,,0.0,2.43801140785
1481552502822258620,1191,1481552502820604457,,0.0,2.72512793541
1481552502842314872,1192,1481552502839998679,,0.0,2.72512793541
1481552502862466123,1193,1481552502860014671,,0.0,3.04184365273
1481552502883304665,1194,1481552502880777901,,0.0,3.56729245186
1481552502903063053,1195,1481552502900533633,,0.0,4.00545406342
1481552502923282847,1196,1481552502920012907,,0.0,4.40539550781
1481552502942416549,1197,1481552502940049888,,0.0,4.80672073364
1481552502965291752,1198,1481552502960233536,,0.0,5.09448051453
1481552502984201132,1199,1481552502981003015,,0.0,5.6230764389
1481552503002657128,1200,1481552503000565050,,0.0,6.0060377121
1481552503023845981,1201,1481552503021685101,,0.0,6.45004749298
1481552503044688586,1202,1481552503041291250,,0.060322381556,6.71273803711
1481552503064467286,1203,1481552503061854480,,0.117772266269,6.93908596039
1481552503082482085,1204,1481552503080562871,,0.172486454248,7.19298458099
1481552503102909743,1205,1481552503100655894,,0.224498063326,7.42070388794
1481552503123322452,1206,1481552503121278707,,0.27413007617,7.81706237793
1481552503143894640,1207,1481552503140805377,,0.321301519871,8.24830818176
1481552503163182717,1208,1481552503160778400,,0.366226702929,8.60713768005
1481552503183562146,1209,1481552503180632570,,0.421267718077,8.90503692627
1481552503202522567,1210,1481552503200029084,,0.47368773818,9.05179977417
1481552503223145068,1211,1481552503220495960,,0.523611605167,9.05179977417
1481552503241992365,1212,1481552503239996953,,0.571158111095,8.83535289764
1481552503263521790,1213,1481552503259988153,,0.616440474987,8.89708518982
1481552503283081533,1214,1481552503280002322,,0.666660368443,9.19784164429
1481552503303323930,1215,1481552503300015657,,0.714488863945,9.18852043152
1481552503323363255,1216,1481552503320013576,,0.760039806366,9.21086025238
1481552503343425237,1217,1481552503339996287,,0.803421676159,9.48590564728
1481552503363505343,1218,1481552503360001602,,0.844737708569,9.62806034088
1481552503382345348,1219,1481552503380021552,,0.884086310863,9.69465065002
1481552503402372225,1220,1481552503400016554,,0.929574489594,9.92551708221
1481552503422227384,1221,1481552503420033379,,0.972691953182,10.2796411514
1481552503442671916,1222,1481552503440048954,,1.01375615597,10.8054552078
1481552503461689213,1223,1481552503460026717,,1.05306959152,11.4531154633
1481552503481867756,1224,1481552503480017917,,1.09030628204,12.2825393677
1481552503501717759,1225,1481552503500056200,,1.12576985359,13.0974292755
1481552503522489634,1226,1481552503520259640,,1.16206538677,13.7535190582
1481552503543347915,1227,1481552503540280267,,1.19684910774,14.9254398346
1481552503562827450,1228,1481552503560685685,,1.22975993156,14.9254398346
1481552503582902556,1229,1481552503580318813,,1.26110351086,17.6479949951
1481552503603241308,1230,1481552503600006524,,1.29117119312,17.6479949951
1481552503626006303,1231,1481552503620249859,,1.31959044933,19.1404914856
1481552503642073763,1232,1481552503640362361,,1.34665644169,21.3452148438
1481552503662201681,1233,1481552503660438300,,1.37265014648,22.9658603668
1481552503682430433,1234,1481552503680438146,,1.39718949795,24.8570804596
1481552503703201996,1235,1481552503701514917,,1.42056024075,26.9328269958
1481552503721935387,1236,1481552503720020027,,1.44070768356,29.5697822571
1481552503741899660,1237,1481552503740163675,,1.45989573002,32.8734512329
1481552503762049297,1238,1481552503760041177,,1.47796440125,36.1397438049
1481552503781811956,1239,1481552503780244043,,1.49517273903,39.0517578125
1481552503801649771,1240,1481552503800282431,,1.51156163216,42.396156311
1481552503822065137,1241,1481552503820716599,,1.52696537971,43.833946228
1481552503842343003,1242,1481552503840280508,,1.54163563251,42.3254966736
1481552503863306805,1243,1481552503860272333,,1.55560731888,42.3254966736
1481552503884393107,1244,1481552503882062435,,1.5689136982,40.753112793
1481552503905408575,1245,1481552503900418379,,1.58158648014,41.7233695984
1481552503921665410,1246,1481552503920345725,,1.59365570545,42.1224708557
1481552503941902338,1247,1481552503940383644,,1.60515022278,42.1224708557
1481552503961544685,1248,1481552503960005106,,1.61609745026,41.4359664917
1481552503982154373,1249,1481552503980029639,,1.62652337551,40.1326370239
1481552504003594268,1250,1481552504000044954,,1.60759866238,39.0968284607
1481552504023797290,1251,1481552504020379799,,1.58948373795,38.9628219604
1481552504041864068,1252,1481552504040378134,,1.57232284546,39.0287818909
1481552504061991883,1253,1481552504060450063,,1.55597913265,39.3492088318
1481552504081979697,1254,1481552504080463243,,1.54032218456,39.567325592
1481552504102499021,1255,1481552504100737203,,1.5255023241,39.3232192993
1481552504122541575,1256,1481552504120526737,,1.52085924149,39.406703949
1481552504141592882,1257,1481552504140038094,,1.51643705368,39.1382904053
1481552504161780332,1258,1481552504160052940,,1.5122256279,38.8941917419
1481552504183610590,1259,1481552504180444243,,1.50821471214,38.1918869019
1481552504201358410,1260,1481552504200166694,,1.50439476967,38.1170082092
1481552504221854036,1261,1481552504220306175,,1.50063323975,37.992805481
1481552504245775018,1262,1481552504240334355,,1.49705088139,37.8707962036
1481552504262365498,1263,1481552504260648262,,1.49376249313,37.6946411133
1481552504284235964,1264,1481552504282861019,,1.48043596745,37.6274642944
1481552504301913836,1265,1481552504300532225,,1.46765494347,38.0100402832
1481552504321793214,1266,1481552504320423269,,1.45548248291,38.0100402832
1481552504341868164,1267,1481552504340387022,,1.44397890568,36.5649757385
1481552504362401081,1268,1481552504360004056,,1.43293392658,36.1809043884
1481552504382249782,1269,1481552504380059735,,1.42250406742,36.1905288696
1481552504401825514,1270,1481552504400019269,,1.41257083416,35.8383178711
1481552504422400567,1271,1481552504420033073,,1.40302145481,35.6646461487
1481552504442616715,1272,1481552504440016096,,1.39401602745,35.7268104553
1481552504462664686,1273,1481552504460026515,,1.38535022736,35.6139030457
1481552504482332501,1274,1481552504480051986,,1.3664842844,35.686504364
1481552504502562503,1275,1481552504500496883,,1.34851682186,35.1808128357
1481552504521868340,1276,1481552504520441364,,1.33140492439,35.4593582153
1481552504542491153,1277,1481552504540471262,,1.31510782242,36.1960296631
1481552504562398968,1278,1481552504560427254,,1.29958677292,35.9041213989
1481552504582629022,1279,1481552504580625589,,1.28480482101,36.0412826538
1481552504604372978,1280,1481552504600865383,,1.27072679996,36.5860214233
1481552504627210629,1281,1481552504624071054,,1.25731921196,36.0027198792
1481552504643244131,1282,1481552504640429138,,1.2445499897,36.1582984924
1481552504661750179,1283,1481552504660370078,,1.23238885403,36.1582984924
1481552504682965803,1284,1481552504680524872,,1.22080683708,36.5376853943
1481552504701919297,1285,1481552504700028521,,1.20977640152,35.9310798645
1481552504723455806,1286,1481552504720505761,,1.19927120209,35.9600219727
1481552504742884664,1287,1481552504740777221,,1.18920695782,35.7592010498
1481552504762331907,1288,1481552504760025455,,1.20649087429,35.6007843018
1481552504782206024,1289,1481552504780011551,,1.22295176983,35.7954673767
1481552504802820817,1290,1481552504799980251,,1.2018558979,35.6948509216
1481552504822142591,1291,1481552504819980253,,1.14462471008,35.8427810669
1481552504843943787,1292,1481552504840455046,,1.09011876583,36.1021118164
1481552504862805042,1293,1481552504860358850,,1.03820836544,36.1502571106
1481552504883417803,1294,1481552504880349582,,0.988769888878,36.0549926758
1481552504911880597,1295,1481552504910455027,,0.94168561697,36.0534095764
1481552504923365099,1296,1481552504920425367,,0.89684343338,35.9932098389
1481552504942671145,1297,1481552504940415682,,0.854136586189,35.6690292358
1481552504962279846,1298,1481552504960231257,,0.813463389874,35.8626441956
1481552504982761878,1299,1481552504980233187,,0.77472704649,35.8199691772
1481552505004150002,1300,1481552505001882352,,0.737835288048,35.8199691772
1481552505024568337,1301,1481552505020358608,,0.702700257301,36.080997467
1481552505042647823,1302,1481552505040419183,,0.669238328934,36.080997467
1481552505062879074,1303,1481552505060390174,,0.637369811535,36.1563987732
1481552505082640275,1304,1481552505080369291,,0.681078076363,36.3475112915
1481552505102801267,1305,1481552505100355023,,0.722705006599,36.6207733154
1481552505122606946,1306,1481552505120408775,,0.762349665165,36.7356681824
1481552505144044080,1307,1481552505140394662,,0.800106465816,36.8863449097
1481552505162890179,1308,1481552505160378258,,0.836065351963,37.0177574158
1481552505182557891,1309,1481552505180383156,,0.870311915874,36.9611129761
1481552505203419922,1310,1481552505200427377,,0.902927696705,37.0504837036
1481552505223017842,1311,1481552505220406598,,0.933990359306,37.0470123291
1481552505244243153,1312,1481552505240009935,,0.963427424431,37.0075950623
1481552505262156130,1313,1481552505260053843,,0.991609096527,37.0825843811
1481552505281802331,1314,1481552505280015252,,1.01844882965,37.1643943787
1481552505302055509,1315,1481552505300005254,,1.04401040077,37.2411079407
1481552505322446396,1316,1481552505320016975,,1.06835472584,37.3280105591
1481552505342933584,1317,1481552505340847496,,1.09153985977,37.441192627
1481552505362394005,1318,1481552505360336979,,1.11362087727,37.5188064575
1481552505383403484,1319,1481552505380793803,,1.13465046883,37.5592689514
1481552505405299158,1320,1481552505402026041,,1.15453231335,37.6325149536
1481552505422253178,1321,1481552505420009851,,1.17361366749,37.6343307495
1481552505446282858,1322,1481552505440415477,,1.19178640842,37.6343307495
1481552505464484584,1323,1481552505460418708,,1.20909380913,37.7087440491
1481552505484615731,1324,1481552505480328919,,1.2255769968,37.7087440491
1481552505502898186,1325,1481552505500410223,,1.24127531052,37.7331161499
1481552505523612874,1326,1481552505520326892,,1.25622606277,37.8023109436
1481552505542795013,1327,1481552505540348978,,1.27046489716,37.8694343567
1481552505563116421,1328,1481552505560335386,,1.2840256691,38.0073509216
1481552505582843768,1329,1481552505580263774,,1.29694068432,37.9974212646
1481552505603662309,1330,1481552505600181745,,1.30924069881,38.0703353882
1481552505624037259,1331,1481552505620035185,,1.32095503807,38.2196006775
1481552505642875701,1332,1481552505640374301,,1.33211159706,38.194278717
1481552505663235650,1333,1481552505660392949,,1.34273684025,38.1872444153
1481552505684518202,1334,1481552505681116856,,1.35285615921,37.9933853149
1481552505704588829,1335,1481552505701051181,,1.36249351501,37.8349075317
1481552505724079978,1336,1481552505720363320,,1.37167203426,37.93309021
1481552505741790142,1337,1481552505740340979,,1.38041341305,37.9061737061
1481552505762000196,1338,1481552505760570668,,1.3887386322,37.8481750488
1481552505782576395,1339,1481552505780483223,,1.39652109146,37.7617874146
1481552505804424100,1340,1481552505801579212,,1.40407919884,37.54454422
1481552505823390564,1341,1481552505822012650,,1.41127741337,37.3031730652
1481552505845556342,1342,1481552505842643172,,1.41813290119,37.1396827698
1481552505863794994,1343,1481552505861952759,,1.42466187477,36.8488883972
1481552505884442286,1344,1481552505880851774,,1.43087995052,36.6577262878
1481552505903995571,1345,1481552505901977555,,1.4368019104,36.6577262878
1481552505923285523,1346,1481552505921060164,,1.44244194031,36.5542869568
1481552505941909487,1347,1481552505940405949,,1.44781339169,36.3228530884
1481552505963663860,1348,1481552505960613346,,1.45292901993,35.8004150391
1481552505982189751,1349,1481552505980567463,,1.45780110359,35.3169975281
1481552506005063131,1350,1481552506000891579,,1.46244108677,34.6193809509
1481552506023927980,1351,1481552506021309914,,1.46686017513,33.8187789917
1481552506045683551,1352,1481552506042268403,,1.4710688591,32.9526634216
1481552506061779500,1353,1481552506060506274,,1.47507715225,32.0336647034
1481552506082829917,1354,1481552506081431535,,1.47889447212,30.8517189026
1481552506104427415,1355,1481552506100626383,,1.48253011703,29.6711387634
1481552506123689711,1356,1481552506120606385,,1.48599255085,28.4750595093
1481552506144339607,1357,1481552506140968261,,1.48929011822,28.4750595093
1481552506162775551,1358,1481552506160375817,,1.49243068695,27.4701080322
1481552506183010292,1359,1481552506181143422,,1.49542164803,26.7503948212
1481552506203946802,1360,1481552506201159518,,1.49827027321,26.1713256836
1481552506225506644,1361,1481552506220526969,,1.50098323822,25.7265415192
1481552506245226595,1362,1481552506240446086,,1.50356698036,25.3706626892
1481552506262634625,1363,1481552506260868119,,1.50602769852,24.9543056488
1481552506282561294,1364,1481552506280392810,,1.50837123394,24.380645752
1481552506302380828,1365,1481552506300535676,,1.51060318947,23.7825489044
1481552506322280049,1366,1481552506320242710,,1.51272881031,22.8807010651
1481552506342963539,1367,1481552506339975630,,1.51475322247,22.0139408112
1481552506363009166,1368,1481552506360053392,,1.51668119431,20.7330436707
1481552506382211462,1369,1481552506380172457,,1.51851737499,18.9682445526
1481552506403187243,1370,1481552506400207719,,1.52026617527,16.7583084106
1481552506423547921,1371,1481552506420278919,,1.52193164825,14.0789680481
1481552506445037972,1372,1481552506440177047,,1.52351784706,11.5591449738
1481552506463753238,1373,1481552506460044497,,1.52502846718,9.16172504425
1481552506484989226,1374,1481552506479991687,,1.52646720409,7.02935218811
1481552506502921838,1375,1481552506499990179,,1.52783739567,7.02935218811
1481552506524022202,1376,1481552506520002629,,1.52914237976,5.24718952179
1481552506544098350,1377,1481552506540000496,,1.53038525581,3.91302704811
1481552506563516062,1378,1481552506559986383,,1.53156888485,2.87668204308
1481552506583416325,1379,1481552506580011802,,1.53254985809,2.15625977516
1481552506604106013,1380,1481552506599980190,,1.53363037109,1.68668961525
1481552506624100338,1381,1481552506620070088,,1.53465950489,1.42906212807
1481552506642320865,1382,1481552506640003007,,1.53563964367,1.28950667381
1481552506662997012,1383,1481552506660012592,,1.53642678261,1.17089438438
1481552506682012329,1384,1481552506680020928,,1.53732275963,1.11440968513
1481552506702522278,1385,1481552506700012961,,1.53817605972,1.10813069344
1481552506723287799,1386,1481552506719989630,,1.53898870945,1.02865767479
1481552506743151760,1387,1481552506740223434,,1.53976261616,0.815939188004
1481552506763262908,1388,1481552506760011718,,1.54049968719,0.509954214096
1481552506783637544,1389,1481552506780447084,,1.5412017107,0.063469171524
1481552506802221196,1390,1481552506799990889,,1.5418702364,-0.563241481781
1481552506823783486,1391,1481552506820474796,,1.54250693321,-1.19784927368
1481552506842623699,1392,1481552506840822506,,1.54311335087,-1.82482790947
1481552506862449223,1393,1481552506860856362,,1.54369091988,-2.44512248039
1481552506882602298,1394,1481552506880725688,,1.54424095154,-2.94097471237
1481552506904471045,1395,1481552506901857822,,1.54476475716,-3.40964150429
1481552506923208082,1396,1481552506921169233,,1.54526364803,-3.86457443237
1481552506945608078,1397,1481552506942944908,,1.54573881626,-4.20063734055
1481552506965294539,1398,1481552506962978764,,1.54619133472,-4.46691322327
1481552506985480374,1399,1481552506983159026,,1.54662227631,-4.64874649048
1481552507002489134,1400,1481552507000322264,,1.54703271389,-4.76523208618
1481552507023255332,1401,1481552507020443829,,1.54742360115,-4.76523208618
1481552507042909658,1402,1481552507041137215,,1.54779589176,-4.81961917877
1481552507063011535,1403,1481552507060685343,,1.54815042019,-4.81939125061
1481552507083026642,1404,1481552507080459096,,1.54848814011,-4.87710523605
1481552507102714874,1405,1481552507100014985,,1.54880976677,-4.97880363464
1481552507122647272,1406,1481552507120015976,,1.54911601543,-5.23966836929
1481552507143323887,1407,1481552507140865716,,1.54940772057,-5.7723197937
1481552507163345452,1408,1481552507160752229,,1.54968547821,-6.54605150223
1481552507182495769,1409,1481552507180789575,,1.54995012283,-7.49170684814
1481552507202961759,1410,1481552507200797546,,1.55020213127,-7.49170684814
1481552507222652179,1411,1481552507220876662,,1.55044209957,-10.1131734848
1481552507243446919,1412,1481552507241648850,,1.55067062378,-11.6943979263
1481552507262501923,1413,1481552507260815052,,1.55088829994,-13.5009870529
1481552507287933214,1414,1481552507285969521,,1.5509493351,-15.3609056473
1481552507302862916,1415,1481552507301428389,,1.55115377903,-17.0592536926
1481552507323912395,1416,1481552507321746203,,1.5513484478,-18.6094417572
1481552507343662919,1417,1481552507341122977,,1.55153381824,-20.0902671814
1481552507362069956,1418,1481552507360220430,,1.5517103672,-21.5701656342
1481552507383232403,1419,1481552507381367356,,1.55187857151,-23.1082439423
1481552507402311835,1420,1481552507400564131,,1.55203866959,-24.5271530151
1481552507422966523,1421,1481552507420607935,,1.55219125748,-25.6898059845
1481552507443910169,1422,1481552507440318772,,1.5523365736,-25.6898059845
1481552507464674961,1423,1481552507460320388,,1.55247497559,-26.4442100525
1481552507484568401,1424,1481552507480310911,,1.55260670185,-26.729139328
1481552507501954035,1425,1481552507500054560,,1.55273222923,-26.6267471313
1481552507523853042,1426,1481552507520314510,,1.55285167694,-26.2754135132
1481552507543635024,1427,1481552507540576647,,1.55296552181,-25.4242591858
1481552507563355131,1428,1481552507560397639,,1.55307388306,-24.1275291443
1481552507583689352,1429,1481552507580693161,,1.5531771183,-22.5889663696
1481552507603221699,1430,1481552507600389570,,1.55327546597,-20.7006473541
1481552507623653575,1431,1481552507621678267,,1.55336904526,-18.5338878632
1481552507642670819,1432,1481552507640058690,,1.55345821381,-16.4130058289
1481552507662418739,1433,1481552507660018588,,1.55354309082,-14.1844015121
1481552507682541241,1434,1481552507680367861,,1.55362403393,-11.8556194305
1481552507704277072,1435,1481552507701468329,,1.55370104313,-9.61355686188
1481552507722298902,1436,1481552507720061199,,1.55377435684,-7.6617770195
1481552507742222185,1437,1481552507740026045,,1.55384421349,-6.14635848999
1481552507762206302,1438,1481552507760178391,,1.55391073227,-5.02818632126
1481552507782405262,1439,1481552507780444799,,1.55397415161,-4.12910747528
1481552507803290002,1440,1481552507800024385,,1.55403447151,-3.47391843796
1481552507824381460,1441,1481552507820220168,,1.55409193039,-3.10915493965
1481552507844341306,1442,1481552507840318972,,1.55414664745,-3.11061525345
1481552507862966624,1443,1481552507860195225,,1.55419874191,-3.44624638557
1481552507885713755,1444,1481552507880229914,,1.55424845219,-3.99204134941
1481552507901970850,1445,1481552507900184083,,1.55429577827,-3.99204134941
1481552507921909654,1446,1481552507920020336,,1.55434083939,-4.5800075531
1481552507941964396,1447,1481552507940021119,,1.55438375473,-5.28542757034
1481552507962474188,1448,1481552507959991590,,1.55427837372,-6.0929145813
1481552507982061587,1449,1481552507980020082,,1.55432426929,-6.7065114975
1481552508002402839,1450,1481552508000011595,,1.5543680191,-7.25195217133
1481552508022238206,1451,1481552508020049305,,1.55440962315,-7.68151140213
1481552508042961644,1452,1481552508039966339,,1.55444920063,-7.97834587097
1481552508063166698,1453,1481552508060466861,,1.55448698997,-8.20850086212
1481552508084325655,1454,1481552508080229989,,1.55452299118,-8.30044460297
1481552508102952588,1455,1481552508100011814,,1.55455720425,-8.25636577606
1481552508123253110,1456,1481552508120264472,,1.55458974838,-8.06470966339
1481552508145501180,1457,1481552508140062860,,1.5546207428,-7.70800685883
1481552508162323898,1458,1481552508160573174,,1.5546503067,-7.24264717102
1481552508182161714,1459,1481552508180578228,,1.55467844009,-6.7328119278
1481552508202039737,1460,1481552508199984586,,1.55470526218,-6.29295253754
1481552508221992395,1461,1481552508220028390,,1.55473077297,-6.29295253754
1481552508242530990,1462,1481552508239978965,,1.55475509167,-5.96625900269
1481552508262807398,1463,1481552508260047040,,1.55477821827,-5.7263712883
1481552508284750572,1464,1481552508280405219,,1.55480027199,-5.57149600983
1481552508303990004,1465,1481552508300484387,,1.55482125282,-5.51352405548
1481552508324520369,1466,1481552508320319182,,1.55484127998,-5.50572156906
1481552508344003029,1467,1481552508340297465,,1.55486035347,-5.52915287018
1481552508363473657,1468,1481552508360399863,,1.55487847328,-5.64677143097
1481552508383614076,1469,1481552508380398511,,1.55489575863,-5.88350200653
1481552508403517932,1470,1481552508400328878,,1.55491220951,-6.24188804626
1481552508422899238,1471,1481552508420174558,,1.55492794514,-6.58832502365
1481552508443036792,1472,1481552508440409195,,1.5549428463,-6.85990333557
1481552508463902886,1473,1481552508460410551,,1.5549570322,-7.03366374969
1481552508484292887,1474,1481552508481719248,,1.55497062206,-7.15306854248
1481552508502314769,1475,1481552508500058838,,1.55498349667,-7.26846027374
1481552508522598990,1476,1481552508520304985,,1.55499577522,-7.41423606873
1481552508543059668,1477,1481552508540249102,,1.55486118793,-7.51320743561
1481552508562851650,1478,1481552508560204938,,1.55487930775,-7.48048496246
1481552508582023842,1479,1481552508580038013,,1.55489659309,-7.2601776123
1481552508603971808,1480,1481552508600037182,,1.55491304398,-6.92350006104
1481552508624761391,1481,1481552508621714524,,1.55492866039,-6.92350006104
1481552508642475722,1482,1481552508640563175,,1.55494356155,-6.59485054016
1481552508662267131,1483,1481552508660480000,,1.55495774746,-6.33864927292
1481552508686106551,1484,1481552508680318753,,1.55497121811,-6.12545728683
1481552508701460523,1485,1481552508700009485,,1.55498409271,-5.94336271286
1481552508721417817,1486,1481552508720052352,,1.55499637127,-5.73774290085
1481552508741529850,1487,1481552508740022093,,1.55500805378,-5.52537202835
1481552508761497196,1488,1481552508760353449,,1.55501914024,-5.43836641312
1481552508781723344,1489,1481552508780291003,,1.55502974987,-5.50394630432
1481552508801427722,1490,1481552508800065433,,1.55503988266,-5.62751245499
1481552508822594335,1491,1481552508820000540,,1.55504953861,-5.65442800522
1481552508843693554,1492,1481552508841173820,,1.55505871773,-5.52477741241
1481552508862786006,1493,1481552508860930177,,1.55506742001,-5.26814317703
1481552508883003039,1494,1481552508881364449,,1.55507576466,-4.95994234085
1481552508904357465,1495,1481552508900415287,,1.55508363247,-4.6861577034
1481552508925147413,1496,1481552508921468099,,1.55509114265,-4.64333820343
1481552508946429287,1497,1481552508942070027,,1.55509829521,-4.79345655441
1481552508964869397,1498,1481552508960393731,,1.55510509014,-5.0050573349
1481552508984449974,1499,1481552508980392223,,1.55511164665,-5.0050573349
1481552509002700084,1500,1481552509000413059,,1.55511784554,-5.1293129921
1481552509024261437,1501,1481552509020587852,,1.555123806,-5.09802055359
1481552509043631753,1502,1481552509040433844,,1.55512940884,-4.95556735992
1481552509064815763,1503,1481552509060738637,,1.55513477325,-4.7822227478
1481552509081751554,1504,1481552509080001089,,1.55513989925,-4.61624526978
1481552509103287333,1505,1481552509100372289,,1.55499851704,-4.42908811569
1481552509123652335,1506,1481552509120411457,,1.55501008034,-4.21019268036
1481552509142340986,1507,1481552509140375731,,1.5550211668,-3.93852496147
1481552509164141244,1508,1481552509160375264,,1.55488538742,-3.67953562737
1481552509184113278,1509,1481552509180377089,,1.55490231514,-3.45666599274
1481552509203405001,1510,1481552509200313342,,1.5549185276,-3.30792570114
1481552509223968699,1511,1481552509220472823,,1.5549339056,-3.21500182152
1481552509243532088,1512,1481552509240861001,,1.55494856834,-3.18760108948
1481552509263374799,1513,1481552509260430015,,1.55496251583,-3.22122073174
1481552509283727665,1514,1481552509280934234,,1.55497586727,-3.29099464417
1481552509302910586,1515,1481552509300442675,,1.55498850346,-3.39197492599
1481552509325143499,1516,1481552509320325959,,1.55500054359,-3.55581688881
1481552509344224806,1517,1481552509340351534,,1.55501198769,-3.55581688881
1481552509362914394,1518,1481552509360328984,,1.55502295494,-3.78224730492
1481552509382037107,1519,1481552509380313726,,1.55503332615,-4.05391597748
1481552509402409348,1520,1481552509400317166,,1.55504322052,-4.34192562103
1481552509424519970,1521,1481552509420356126,,1.55505263805,-4.55257892609
1481552509441727063,1522,1481552509440367378,,1.55506169796,-4.66502666473
1481552509461986387,1523,1481552509460343318,,1.55507028103,-4.70933151245
1481552509482735867,1524,1481552509480477591,,1.55507850647,-4.69176387787
1481552509502092693,1525,1481552509500003948,,1.55508625507,-4.61835002899
1481552509522678579,1526,1481552509520041346,,1.55509364605,-4.49364042282
1481552509544498004,1527,1481552509540019890,,1.5551006794,-4.32275295258
1481552509562588480,1528,1481552509559986403,,1.55510735512,-4.13375711441
1481552509586933575,1529,1481552509580035468,,1.55511379242,-3.9663977623
1481552509602245100,1530,1481552509599994220,,1.55511987209,-3.85756897926
1481552509624859471,1531,1481552509620429482,,1.55512571335,-3.82041406631
1481552509642810103,1532,1481552509640058756,,1.55513119698,-3.84472131729
1481552509664768486,1533,1481552509660213914,,1.55513644218,-3.9044907093
1481552509685573902,1534,1481552509680201989,,1.55514144897,-4.01010513306
1481552509706565569,1535,1481552509703082713,,1.55514621735,-4.16374158859
1481552509724491983,1536,1481552509720171629,,1.5551507473,-4.34983921051
1481552509751653165,1537,1481552509749298014,,1.55515503883,-4.53732967377
1481552509768236405,1538,1481552509764417873,,1.55515921116,-4.6613035202
1481552509782007881,1539,1481552509780044761,,1.55516314507,-4.6613035202
1481552509803055745,1540,1481552509800161325,,1.55516684055,-4.68056583405
1481552509822647988,1541,1481552509820370233,,1.55517041683,-4.55040121078
1481552509842891219,1542,1481552509840007528,,1.5551738739,-4.32808494568
1481552509863345699,1543,1481552509860029561,,1.55517709255,-4.04489040375
1481552509884718979,1544,1481552509881561747,,1.55518019199,-3.70989131927
1481552509903873879,1545,1481552509901600187,,1.55518317223,-3.37669658661
1481552509924332474,1546,1481552509921600606,,1.55518591404,-3.09317731857
1481552509944876016,1547,1481552509942882375,,1.55518853664,-2.88151407242
1481552509962160713,1548,1481552509960374936,,1.55519104004,-2.76917719841
1481552509982731859,1549,1481552509980199314,,1.55519342422,-2.76917719841
1481552510003120767,1550,1481552510000215722,,1.5551956892,-2.82594490051
1481552510023641549,1551,1481552510020235203,,1.55505156517,-2.97560143471
1481552510044264206,1552,1481552510040201924,,1.55506062508,-3.1871099472
1481552510065921756,1553,1481552510060252864,,1.55506920815,-3.44201159477
1481552510084724105,1554,1481552510079999794,,1.55507743359,-3.44201159477
1481552510104806868,1555,1481552510099989275,,1.5550853014,-3.70815348625
1481552510126161762,1556,1481552510119986882,,1.55509281158,-3.96183180809
1481552510143763645,1557,1481552510139975999,,1.55509996414,-4.18613147736
1481552510163642190,1558,1481552510160136782,,1.55496048927,-4.36560773849
1481552510183766879,1559,1481552510179999493,,1.55497384071,-4.48048448563
1481552510203576309,1560,1481552510199994391,,1.55498659611,-4.51826572418
1481552510223590009,1561,1481552510219989549,,1.55499875546,-4.51373052597
1481552510244680946,1562,1481552510240372415,,1.55501031876,-4.49388217926
1481552510263532357,1563,1481552510259990231,,1.55502128601,-4.46511602402
1481552510284269181,1564,1481552510280272420,,1.55503177643,-4.4422712326
1481552510303193560,1565,1481552510300051589,,1.55504179001,-4.43267726898
1481552510325445067,1566,1481552510320061956,,1.55505132675,-4.43986845016
1481552510344822155,1567,1481552510340037114,,1.55506038666,-4.47440242767
1481552510364172835,1568,1481552510360300970,,1.55506896973,-4.51974010468
1481552510385398564,1569,1481552510380327951,,1.55507719517,-4.57212591171
1481552510404069455,1570,1481552510400209569,,1.55493879318,-4.64554405212
1481552510424857528,1571,1481552510420058946,,1.55495321751,-4.73705768585
1481552510446114402,1572,1481552510439996240,,1.55496692657,-4.8171582222
1481552510467538463,1573,1481552510459976190,,1.5549800396,-4.8171582222
1481552510489317419,1574,1481552510487920652,,1.55499255657,-4.89090681076
1481552510512161373,1575,1481552510510386846,,1.5550044775,-5.05318641663
1481552510528883571,1576,1481552510523412438,,1.55501580238,-5.13072776794
1481552510541809945,1577,1481552510540317865,,1.55502653122,-5.13072776794
1481552510562439112,1578,1481552510560338128,,1.55503678322,-5.17109584808
1481552510582983852,1579,1481552510580011047,,1.55504655838,-5.14363861084
1481552510601752608,1580,1481552510599994487,,1.5550558567,-5.03739309311
1481552510625769787,1581,1481552510620619592,,1.55506467819,-4.8614320755
1481552510642574902,1582,1481552510639988606,,1.55507314205,-4.6610584259
1481552510662237144,1583,1481552510660593711,,1.55508112907,-4.49424743652
1481552510683040947,1584,1481552510680018142,,1.55508875847,-4.36884260178
1481552510701833608,1585,1481552510700413976,,1.55509603024,-4.22314357758
1481552510723526887,1586,1481552510720210073,,1.55510294437,-3.95450687408
1481552510742707673,1587,1481552510740069190,,1.55510950089,-3.55216670036
1481552510762918039,1588,1481552510760223254,,1.55511581898,-3.05457806587
1481552510783429238,1589,1481552510780741797,,1.55512177944,-3.05457806587
1481552510804059082,1590,1481552510800011645,,1.55498123169,-1.64415001869
1481552510824490177,1591,1481552510819969928,,1.55499362946,-0.837940692902
1481552510843333412,1592,1481552510839991024,,1.55500543118,-0.837940692902
1481552510866473093,1593,1481552510860547952,,1.55501663685,0.00957775115967
1481552510884762006,1594,1481552510880442642,,1.55502736568,1.74499297142
1481552510901813995,1595,1481552510900317905,,1.55503761768,1.74499297142
1481552510923965763,1596,1481552510919960356,,1.55504739285,2.63685441017
1481552510943656130,1597,1481552510939930671,,1.55505669117,3.43900418282
1481552510963565924,1598,1481552510959983694,,1.55506551266,4.21127128601
1481552510983300771,1599,1481552510979977550,,1.55507385731,4.86679172516
1481552511006325141,1600,1481552511000042865,,1.55508184433,5.27119445801
1481552511022909891,1601,1481552511019995627,,1.55508947372,5.48730659485
1481552511042132395,1602,1481552511040041984,,1.55509674549,5.5550737381
1481552511062222605,1603,1481552511060530839,,1.55510365963,5.50731658936
1481552511085308225,1604,1481552511082509742,,1.55511021614,5.36078929901
1481552511102122037,1605,1481552511100678655,,1.55497026443,5.07224273682
1481552511123230214,1606,1481552511120398919,,1.55498313904,4.65577220917
1481552511144061412,1607,1481552511140244442,,1.55499541759,4.16422748566
1481552511164581673,1608,1481552511160296580,,1.55500710011,3.57895731926
1481552511182021473,1609,1481552511180274915,,1.55501830578,2.95458340645
1481552511206841099,1610,1481552511200569240,,1.55502891541,2.35033774376
1481552511223190173,1611,1481552511220734866,,1.55503904819,1.82391142845
1481552511247089332,1612,1481552511240364192,,1.55504870415,1.35304808617
1481552511266725533,1613,1481552511260485288,,1.55505788326,0.942982435226
1481552511288080063,1614,1481552511280549613,,1.55506658554,0.627959489822
1481552511304285543,1615,1481552511300465293,,1.55507493019,0.627959489822
1481552511326603092,1616,1481552511320373628,,1.55508291721,0.437167882919
1481552511343551018,1617,1481552511340028475,,1.5550904274,0.381467103958
1481552511366647523,1618,1481552511359983478,,1.55509757996,0.44798541069
1481552511381913214,1619,1481552511380002646,,1.55510449409,0.600951433182
1481552511401818998,1620,1481552511400037753,,1.55511105061,0.715793848038
1481552511421882073,1621,1481552511420012807,,1.55497097969,0.74037528038
1481552511442392387,1622,1481552511440036611,,1.55498385429,0.693547964096
1481552511463545928,1623,1481552511460599008,,1.55499613285,0.585847616196
1481552511482472651,1624,1481552511480271667,,1.55500781536,0.489125013351
1481552511502228800,1625,1481552511500026201,,1.55501890182,0.441788911819
1481552511522038230,1626,1481552511520046464,,1.55502951145,0.453953027725
1481552511541873180,1627,1481552511540011779,,1.55503964424,0.47974562645
1481552511562238390,1628,1481552511560174020,,1.55504930019,0.507640600204
1481552511582144590,1629,1481552511580311001,,1.55505847931,0.634327173233
1481552511601894385,1630,1481552511600260014,,1.55506718159,0.8087246418
1481552511622266313,1631,1481552511620251110,,1.55507552624,0.978435277939
1481552511641805587,1632,1481552511640013404,,1.55508339405,0.978435277939
1481552511662161214,1633,1481552511659993927,,1.55509090424,1.18149638176
1481552511681869862,1634,1481552511680163148,,1.55509805679,1.29219841957
1481552511702172312,1635,1481552511699977526,,1.55510485172,1.41081595421
1481552511721686586,1636,1481552511720025549,,1.55511140823,1.52736210823
1481552511742462836,1637,1481552511740189457,,1.55511760712,1.54103064537
1481552511762769557,1638,1481552511759985866,,1.55512356758,1.48694014549
1481552511782320341,1639,1481552511780038472,,1.55512917042,1.46341013908
1481552511802824873,1640,1481552511799999568,,1.55513453484,1.4556658268
1481552511823279301,1641,1481552511820023164,,1.55513966084,1.4408891201
1481552511842932482,1642,1481552511840609102,,1.55514454842,1.42076945305
1481552511861645768,1643,1481552511860067074,,1.55514919758,1.38950705528
1481552511882214832,1644,1481552511880307493,,1.55515360832,1.32783675194
1481552511906338730,1645,1481552511900949837,,1.55515778065,1.20202374458
1481552511923327437,1646,1481552511920003852,,1.55516183376,1.20202374458
1481552511942976295,1647,1481552511940001719,,1.55516564846,0.975545167923
1481552511963033849,1648,1481552511959997086,,1.55516922474,0.716449022293
1481552511982155572,1649,1481552511980686461,,1.55502641201,0.424214601517
1481552512002049481,1650,1481552512000326464,,1.55503666401,0.243416547775
1481552512022242503,1651,1481552512019980582,,1.55504643917,0.187345743179
1481552512042393391,1652,1481552512039980011,,1.5550557375,0.292689085007
1481552512062881881,1653,1481552512060043607,,1.55506455898,0.550673246384
1481552512083260476,1654,1481552512080403660,,1.55507302284,0.91916680336
1481552512102106575,1655,1481552512100069132,,1.55508100986,1.27152514458
1481552512122513035,1656,1481552512120034395,,1.55508863926,1.57635855675
1481552512141496112,1657,1481552512140014085,,1.55509591103,1.79032635689
1481552512161582729,1658,1481552512160056847,,1.55510282516,1.90344214439
1481552512182293719,1659,1481552512180440442,,1.55510950089,1.90253090858
1481552512201377213,1660,1481552512200260862,,1.55511581898,1.80837082863
1481552512222320807,1661,1481552512220972893,,1.55497550964,1.68182301521
1481552512241810498,1662,1481552512240670917,,1.55498814583,1.4871609211
1481552512261396595,1663,1481552512260628159,,1.55500018597,1.22214627266
1481552512282042220,1664,1481552512280344047,,1.55501174927,0.895706892014
1481552512302768106,1665,1481552512300633007,,1.55502271652,0.895706892014
1481552512321930558,1666,1481552512320000042,,1.55503320694,0.514051198959
1481552512342242799,1667,1481552512339990461,,1.55504310131,0.114805936813
1481552512361951135,1668,1481552512359987286,,1.55505251884,-0.261298894882
1481552512382802386,1669,1481552512380686610,,1.55506157875,-0.636931419373
1481552512402067963,1670,1481552512400008176,,1.55507016182,-0.946766614914
1481552512421871976,1671,1481552512419990366,,1.55507838726,-1.26859021187
1481552512442392341,1672,1481552512440379898,,1.55508613586,-1.60244703293
1481552512462768853,1673,1481552512460367088,,1.55509352684,-1.92284858227
1481552512484769788,1674,1481552512482350523,,1.55510056019,-2.16597557068
1481552512505920829,1675,1481552512502153182,,1.55510723591,-2.35581469536
1481552512521966518,1676,1481552512520793396,,1.55511367321,-2.53971624374
1481552512542677768,1677,1481552512541326626,,1.55511975288,-2.72758054733
1481552512564451724,1678,1481552512561809127,,1.55512559414,-2.94521093369
1481552512582726210,1679,1481552512580534028,,1.55513107777,-3.14499950409
1481552512603106993,1680,1481552512601035852,,1.55513632298,-3.27552652359
1481552512623884337,1681,1481552512621147208,,1.55514132977,-3.32855319977
1481552512644303140,1682,1481552512639997057,,1.55514609814,-3.29687690735
1481552512663095697,1683,1481552512659997528,,1.55500435829,-3.29687690735
1481552512682386378,1684,1481552512679960603,,1.55501568317,-3.23495459557
1481552512702322526,1685,1481552512699982949,,1.55502641201,-3.17519021034
1481552512722471487,1686,1481552512719987326,,1.55503666401,-3.11931061745
1481552512742265343,1687,1481552512740010037,,1.55504643917,-3.03540086746
1481552512762162690,1688,1481552512760002487,,1.5550557375,-2.91511106491
1481552512781852172,1689,1481552512779975979,,1.55506455898,-2.79788327217
1481552512802581808,1690,1481552512799998168,,1.55507302284,-2.72241163254
1481552512822278581,1691,1481552512819959264,,1.55508100986,-2.63261938095
1481552512842813218,1692,1481552512839970881,,1.55508863926,-2.51243257523
1481552512861814785,1693,1481552512859970050,,1.55509591103,-2.35464143753
1481552512882198120,1694,1481552512880033333,,1.55510282516,-2.19675040245
1481552512902780985,1695,1481552512900326772,,1.55510950089,-2.05455732346
1481552512921840833,1696,1481552512920020734,,1.55511581898,-1.93806922436
1481552512942071564,1697,1481552512940062923,,1.55512177944,-1.81319665909
1481552512961975681,1698,1481552512959995530,,1.55512750149,-1.67174720764
1481552512982274901,1699,1481552512980446520,,1.55513298512,-1.52861738205
1481552513005504114,1700,1481552513000002461,,1.55513811111,-1.36690235138
1481552513023201049,1701,1481552513020064182,,1.5551429987,-1.36690235138
1481552513044810110,1702,1481552513039979289,,1.55514764786,-1.0322906971
1481552513061957671,1703,1481552513059976374,,1.55515217781,-1.0322906971
1481552513081826528,1704,1481552513079971741,,1.55515646935,-0.912579536438
1481552513102608560,1705,1481552513099967889,,1.55516052246,-0.846312046051
1481552513124202672,1706,1481552513119976068,,1.55516433716,-0.834558963776
1481552513142521377,1707,1481552513140067477,,1.55516803265,-0.828235149384
1481552513163071482,1708,1481552513160033729,,1.55517148972,-0.830031394958
1481552513182129299,1709,1481552513180026960,,1.55517482758,-0.838096857071
1481552513202656800,1710,1481552513200037848,,1.55503177643,-0.843279838562
1481552513222342376,1711,1481552513220030142,,1.55489552021,-0.843361616135
1481552513242497377,1712,1481552513239995925,,1.55491197109,-0.827993392944
1481552513262555817,1713,1481552513260011188,,1.55492770672,-0.800702810287
1481552513282784360,1714,1481552513280376762,,1.55494260788,-0.761868953705
1481552513302739363,1715,1481552513300169734,,1.55495691299,-0.723765134811
