%time,field.header.seq,field.header.stamp,field.header.frame_id,field.status.status,field.status.service,field.latitude,field.longitude,field.altitude,field.position_covariance0,field.position_covariance1,field.position_covariance2,field.position_covariance3,field.position_covariance4,field.position_covariance5,field.position_covariance6,field.position_covariance7,field.position_covariance8,field.position_covariance_type
1481888376086489307,57,1481888376083459894,,0,0,46.518497467,6.5665974617,2.77602830977e-40,1.0,0.0,0.0,0.0,1.0,0.0,0.0,0.0,1.0,0
1481888376281374233,58,1481888376278796537,,0,0,46.518497467,6.5665974617,2.77602830977e-40,1.0,0.0,0.0,0.0,1.0,0.0,0.0,0.0,1.0,0
1481888376482869702,59,1481888376480325807,,0,0,46.518497467,6.5665974617,2.77602830977e-40,1.0,0.0,0.0,0.0,1.0,0.0,0.0,0.0,1.0,0
1481888376687017345,60,1481888376682895802,,0,0,46.5185012817,6.56660223007,2.77602830977e-40,1.0,0.0,0.0,0.0,1.0,0.0,0.0,0.0,1.0,0
1481888376888738490,61,1481888376885736473,,0,0,46.5185012817,6.56660079956,2.77602830977e-40,1.0,0.0,0.0,0.0,1.0,0.0,0.0,0.0,1.0,0
1481888377090398072,62,1481888377087960479,,0,0,46.5185012817,6.56659507751,2.77602830977e-40,1.0,0.0,0.0,0.0,1.0,0.0,0.0,0.0,1.0,0
1481888377293417388,63,1481888377291025419,,0,0,46.5185012817,6.56659555435,2.77602830977e-40,1.0,0.0,0.0,0.0,1.0,0.0,0.0,0.0,1.0,0
1481888377486005397,64,1481888377483085880,,0,0,46.5185012817,6.56659555435,2.77602830977e-40,1.0,0.0,0.0,0.0,1.0,0.0,0.0,0.0,1.0,0
1481888377689147837,65,1481888377686480506,,0,0,46.5185012817,6.56659603119,2.77602830977e-40,1.0,0.0,0.0,0.0,1.0,0.0,0.0,0.0,1.0,0
1481888377881892461,66,1481888377877611075,,0,0,46.5185012817,6.56659603119,2.77602830977e-40,1.0,0.0,0.0,0.0,1.0,0.0,0.0,0.0,1.0,0
1481888378083936312,67,1481888378081459501,,0,0,46.5185012817,6.56659603119,2.77602830977e-40,1.0,0.0,0.0,0.0,1.0,0.0,0.0,0.0,1.0,0
1481888378276576145,68,1481888378274147771,,0,0,46.5185012817,6.56659603119,2.77602830977e-40,1.0,0.0,0.0,0.0,1.0,0.0,0.0,0.0,1.0,0
1481888378479318691,69,1481888378477054743,,0,0,46.5185012817,6.56659603119,2.77602830977e-40,1.0,0.0,0.0,0.0,1.0,0.0,0.0,0.0,1.0,0
1481888378684497892,70,1481888378681833686,,0,0,46.5185012817,6.56659603119,2.77602830977e-40,1.0,0.0,0.0,0.0,1.0,0.0,0.0,0.0,1.0,0
1481888378885503988,71,1481888378882821396,,0,0,46.5185012817,6.56659603119,2.77602830977e-40,1.0,0.0,0.0,0.0,1.0,0.0,0.0,0.0,1.0,0
1481888379081429430,72,1481888379075933466,,0,0,46.5185012817,6.56659603119,2.77602830977e-40,1.0,0.0,0.0,0.0,1.0,0.0,0.0,0.0,1.0,0
1481888379275840713,73,1481888379269501836,,0,0,46.5185012817,6.5665974617,2.77602830977e-40,1.0,0.0,0.0,0.0,1.0,0.0,0.0,0.0,1.0,0
1481888379366711019,74,1481888379361585626,,0,0,46.5185012817,6.56659650803,2.77602830977e-40,1.0,0.0,0.0,0.0,1.0,0.0,0.0,0.0,1.0,0
1481888379472887191,75,1481888379470388974,,0,0,46.5185012817,6.56659650803,2.77602830977e-40,1.0,0.0,0.0,0.0,1.0,0.0,0.0,0.0,1.0,0
1481888379675964111,76,1481888379671424288,,0,0,46.5185012817,6.56659650803,2.77602830977e-40,1.0,0.0,0.0,0.0,1.0,0.0,0.0,0.0,1.0,0
1481888379881605289,77,1481888379872179395,,0,0,46.5185012817,6.56659650803,2.77602830977e-40,1.0,0.0,0.0,0.0,1.0,0.0,0.0,0.0,1.0,0
1481888380087229905,78,1481888380082802425,,0,0,46.5185012817,6.5665974617,2.77602830977e-40,1.0,0.0,0.0,0.0,1.0,0.0,0.0,0.0,1.0,0
1481888380279265469,79,1481888380273855286,,0,0,46.5185012817,6.5665974617,2.77602830977e-40,1.0,0.0,0.0,0.0,1.0,0.0,0.0,0.0,1.0,0
1481888380489276211,80,1481888380485679613,,0,0,46.5185012817,6.5665974617,2.77602830977e-40,1.0,0.0,0.0,0.0,1.0,0.0,0.0,0.0,1.0,0
1481888380671277655,81,1481888380668473189,,0,0,46.5185012817,6.56659698486,2.77602830977e-40,1.0,0.0,0.0,0.0,1.0,0.0,0.0,0.0,1.0,0
1481888380885323326,82,1481888380880913711,,0,0,46.5185012817,6.56659698486,2.77602830977e-40,1.0,0.0,0.0,0.0,1.0,0.0,0.0,0.0,1.0,0
1481888381088888003,83,1481888381085616716,,0,0,46.5185012817,6.5665974617,2.77602830977e-40,1.0,0.0,0.0,0.0,1.0,0.0,0.0,0.0,1.0,0
1481888381288536657,84,1481888381285926201,,0,0,46.5185012817,6.56659698486,2.77602830977e-40,1.0,0.0,0.0,0.0,1.0,0.0,0.0,0.0,1.0,0
1481888381488955672,85,1481888381485829801,,0,0,46.5185012817,6.56659698486,2.77602830977e-40,1.0,0.0,0.0,0.0,1.0,0.0,0.0,0.0,1.0,0
1481888381680386135,86,1481888381677922449,,0,0,46.5185012817,6.56659650803,2.77602830977e-40,1.0,0.0,0.0,0.0,1.0,0.0,0.0,0.0,1.0,0
1481888381888019857,87,1481888381881902593,,0,0,46.5185012817,6.56659650803,2.77602830977e-40,1.0,0.0,0.0,0.0,1.0,0.0,0.0,0.0,1.0,0
1481888382064321796,88,1481888382061336029,,0,0,46.5185012817,6.56659650803,2.77602830977e-40,1.0,0.0,0.0,0.0,1.0,0.0,0.0,0.0,1.0,0
1481888382184665611,89,1481888382181751094,,0,0,46.5185012817,6.56659650803,2.77602830977e-40,1.0,0.0,0.0,0.0,1.0,0.0,0.0,0.0,1.0,0
1481888382375132173,90,1481888382372174947,,0,0,46.5185012817,6.56659650803,2.77602830977e-40,1.0,0.0,0.0,0.0,1.0,0.0,0.0,0.0,1.0,0
1481888382584360782,91,1481888382574829889,,0,0,46.5185012817,6.5665974617,2.77602830977e-40,1.0,0.0,0.0,0.0,1.0,0.0,0.0,0.0,1.0,0
1481888382782561735,92,1481888382776932542,,0,0,46.5185012817,6.56659650803,2.77602830977e-40,1.0,0.0,0.0,0.0,1.0,0.0,0.0,0.0,1.0,0
1481888382986492661,93,1481888382980013680,,0,0,46.5185012817,6.56659650803,2.77602830977e-40,1.0,0.0,0.0,0.0,1.0,0.0,0.0,0.0,1.0,0
1481888383187230372,94,1481888383181528732,,0,0,46.5185012817,6.56659650803,2.77602830977e-40,1.0,0.0,0.0,0.0,1.0,0.0,0.0,0.0,1.0,0
1481888383381507489,95,1481888383373910597,,0,0,46.5185012817,6.56659650803,2.77602830977e-40,1.0,0.0,0.0,0.0,1.0,0.0,0.0,0.0,1.0,0
1481888383573093264,96,1481888383566998084,,0,0,46.5185012817,6.5665974617,2.77602830977e-40,1.0,0.0,0.0,0.0,1.0,0.0,0.0,0.0,1.0,0
1481888383686735547,97,1481888383677054342,,0,0,46.5185012817,6.56659650803,2.77602830977e-40,1.0,0.0,0.0,0.0,1.0,0.0,0.0,0.0,1.0,0
1481888383874969254,98,1481888383869944434,,0,0,46.5185012817,6.56659650803,2.77602830977e-40,1.0,0.0,0.0,0.0,1.0,0.0,0.0,0.0,1.0,0
1481888384078415078,99,1481888384073595517,,0,0,46.5185012817,6.56659650803,2.77602830977e-40,1.0,0.0,0.0,0.0,1.0,0.0,0.0,0.0,1.0,0
1481888384289415242,100,1481888384275961138,,0,0,46.5185012817,6.56659650803,2.77602830977e-40,1.0,0.0,0.0,0.0,1.0,0.0,0.0,0.0,1.0,0
1481888384469922266,101,1481888384467535194,,0,0,46.5185012817,6.56659698486,2.77602830977e-40,1.0,0.0,0.0,0.0,1.0,0.0,0.0,0.0,1.0,0
1481888384679176709,102,1481888384676517555,,0,0,46.5185012817,6.56659698486,2.77602830977e-40,1.0,0.0,0.0,0.0,1.0,0.0,0.0,0.0,1.0,0
1481888384862340492,103,1481888384859224205,,0,0,46.5185012817,6.56659698486,2.77602830977e-40,1.0,0.0,0.0,0.0,1.0,0.0,0.0,0.0,1.0,0
1481888384967985469,104,1481888384959765924,,0,0,46.5185012817,6.56659698486,2.77602830977e-40,1.0,0.0,0.0,0.0,1.0,0.0,0.0,0.0,1.0,0
1481888385073941330,105,1481888385071071291,,0,0,46.5185012817,6.56659698486,2.77602830977e-40,1.0,0.0,0.0,0.0,1.0,0.0,0.0,0.0,1.0,0
1481888385294781709,106,1481888385291540890,,0,0,46.5185012817,6.56659698486,2.77602830977e-40,1.0,0.0,0.0,0.0,1.0,0.0,0.0,0.0,1.0,0
1481888385487645082,107,1481888385482682292,,0,0,46.5185012817,6.56659650803,2.77602830977e-40,1.0,0.0,0.0,0.0,1.0,0.0,0.0,0.0,1.0,0
1481888385692468764,108,1481888385687654515,,0,0,46.5185012817,6.56659650803,2.77602830977e-40,1.0,0.0,0.0,0.0,1.0,0.0,0.0,0.0,1.0,0
1481888385884718494,109,1481888385880356379,,0,0,46.5185012817,6.56659650803,2.77602830977e-40,1.0,0.0,0.0,0.0,1.0,0.0,0.0,0.0,1.0,0
1481888386097983647,110,1481888386092846119,,0,0,46.5185012817,6.56659650803,2.77602830977e-40,1.0,0.0,0.0,0.0,1.0,0.0,0.0,0.0,1.0,0
1481888386274927459,111,1481888386272576897,,0,0,46.5185012817,6.56659650803,2.77602830977e-40,1.0,0.0,0.0,0.0,1.0,0.0,0.0,0.0,1.0,0
1481888386487900166,112,1481888386484466119,,0,0,46.5185012817,6.56659603119,2.77602830977e-40,1.0,0.0,0.0,0.0,1.0,0.0,0.0,0.0,1.0,0
1481888386689246729,113,1481888386686869031,,0,0,46.5185012817,6.566593647,2.77602830977e-40,1.0,0.0,0.0,0.0,1.0,0.0,0.0,0.0,1.0,0
1481888386884093634,114,1481888386881416459,,0,0,46.5185012817,6.56658840179,2.77602830977e-40,1.0,0.0,0.0,0.0,1.0,0.0,0.0,0.0,1.0,0
1481888387086721389,115,1481888387082261722,,0,0,46.518497467,6.56658124924,2.77602830977e-40,1.0,0.0,0.0,0.0,1.0,0.0,0.0,0.0,1.0,0
1481888387402586585,116,1481888387398447126,,0,0,46.518497467,6.56657314301,2.77602830977e-40,1.0,0.0,0.0,0.0,1.0,0.0,0.0,0.0,1.0,0
1481888387826351488,117,1481888387815843047,,0,0,46.518497467,6.56655788422,2.77602830977e-40,1.0,0.0,0.0,0.0,1.0,0.0,0.0,0.0,1.0,0
1481888388421634238,118,1481888388416336502,,0,0,46.518497467,6.56653594971,2.77602830977e-40,1.0,0.0,0.0,0.0,1.0,0.0,0.0,0.0,1.0,0
1481888389088287750,119,1481888389084393758,,0,0,46.5184936523,6.56649971008,2.77602830977e-40,1.0,0.0,0.0,0.0,1.0,0.0,0.0,0.0,1.0,0
1481888389591291815,120,1481888389588206517,,0,0,46.5184898376,6.56645393372,2.77602830977e-40,1.0,0.0,0.0,0.0,1.0,0.0,0.0,0.0,1.0,0
1481888390162132023,121,1481888390159879273,,0,0,46.5184898376,6.56642055511,2.77602830977e-40,1.0,0.0,0.0,0.0,1.0,0.0,0.0,0.0,1.0,0
1481888390659444031,122,1481888390654756917,,0,0,46.5184822083,6.56638717651,2.77602830977e-40,1.0,0.0,0.0,0.0,1.0,0.0,0.0,0.0,1.0,0
1481888391158095720,123,1481888391155301671,,0,0,46.5184707642,6.56635427475,2.77602830977e-40,1.0,0.0,0.0,0.0,1.0,0.0,0.0,0.0,1.0,0
1481888391625082297,124,1481888391620040133,,0,0,46.5184593201,6.56632375717,2.77602830977e-40,1.0,0.0,0.0,0.0,1.0,0.0,0.0,0.0,1.0,0
1481888392110325507,125,1481888392106655680,,0,0,46.5184364319,6.56630325317,2.77602830977e-40,1.0,0.0,0.0,0.0,1.0,0.0,0.0,0.0,1.0,0
1481888392701592391,126,1481888392697987564,,0,0,46.5184135437,6.5662946701,2.77602830977e-40,1.0,0.0,0.0,0.0,1.0,0.0,0.0,0.0,1.0,0
1481888393320518572,127,1481888393316672913,,0,0,46.5183830261,6.56629800797,2.77602830977e-40,1.0,0.0,0.0,0.0,1.0,0.0,0.0,0.0,1.0,0
1481888393982343617,128,1481888393978306292,,0,0,46.5183525085,6.56631374359,2.77602830977e-40,1.0,0.0,0.0,0.0,1.0,0.0,0.0,0.0,1.0,0
1481888394610293350,129,1481888394604555252,,0,0,46.5183258057,6.56634426117,2.77602830977e-40,1.0,0.0,0.0,0.0,1.0,0.0,0.0,0.0,1.0,0
1481888395137067461,130,1481888395132931699,,0,0,46.5183067322,6.56637954712,2.77602830977e-40,1.0,0.0,0.0,0.0,1.0,0.0,0.0,0.0,1.0,0
1481888395529434281,131,1481888395526198098,,0,0,46.5182991028,6.56641244888,2.77602830977e-40,1.0,0.0,0.0,0.0,1.0,0.0,0.0,0.0,1.0,0
1481888395850287214,132,1481888395847140875,,0,0,46.5182952881,6.5664396286,2.77602830977e-40,1.0,0.0,0.0,0.0,1.0,0.0,0.0,0.0,1.0,0
1481888396194760872,133,1481888396192365362,,0,0,46.5182991028,6.5664601326,2.77602830977e-40,1.0,0.0,0.0,0.0,1.0,0.0,0.0,0.0,1.0,0
1481888396674581711,134,1481888396671542819,,0,0,46.5183029175,6.56648588181,2.77602830977e-40,1.0,0.0,0.0,0.0,1.0,0.0,0.0,0.0,1.0,0
1481888397264204488,135,1481888397260466276,,0,0,46.5183105469,6.5665140152,2.77602830977e-40,1.0,0.0,0.0,0.0,1.0,0.0,0.0,0.0,1.0,0
1481888397816913269,136,1481888397813869481,,0,0,46.5183258057,6.56653738022,2.77602830977e-40,1.0,0.0,0.0,0.0,1.0,0.0,0.0,0.0,1.0,0
1481888398298065405,137,1481888398295581614,,0,0,46.5183486938,6.56655788422,2.77602830977e-40,1.0,0.0,0.0,0.0,1.0,0.0,0.0,0.0,1.0,0
1481888398717184912,138,1481888398714650601,,0,0,46.5183677673,6.56656742096,2.77602830977e-40,1.0,0.0,0.0,0.0,1.0,0.0,0.0,0.0,1.0,0
1481888399160447901,139,1481888399156020891,,0,0,46.5183830261,6.56656694412,2.77602830977e-40,1.0,0.0,0.0,0.0,1.0,0.0,0.0,0.0,1.0,0
1481888399700492263,140,1481888399696743582,,0,0,46.5184020996,6.5665602684,2.77602830977e-40,1.0,0.0,0.0,0.0,1.0,0.0,0.0,0.0,1.0,0
1481888400337925598,141,1481888400335508005,,0,0,46.5184249878,6.56656217575,2.77602830977e-40,1.0,0.0,0.0,0.0,1.0,0.0,0.0,0.0,1.0,0
1481888400898032366,142,1481888400894871547,,0,0,46.5184440613,6.56653308868,2.77602830977e-40,1.0,0.0,0.0,0.0,1.0,0.0,0.0,0.0,1.0,0
1481888401433984299,143,1481888401430131192,,0,0,46.5184669495,6.56651973724,2.77602830977e-40,1.0,0.0,0.0,0.0,1.0,0.0,0.0,0.0,1.0,0
1481888401978750044,144,1481888401975204800,,0,0,46.518497467,6.5665230751,2.77602830977e-40,1.0,0.0,0.0,0.0,1.0,0.0,0.0,0.0,1.0,0
1481888402681144327,145,1481888402673822747,,0,0,46.5185203552,6.56653165817,2.77602830977e-40,1.0,0.0,0.0,0.0,1.0,0.0,0.0,0.0,1.0,0
1481888403306304751,146,1481888403300526548,,0,0,46.5185432434,6.56649112701,2.77602830977e-40,1.0,0.0,0.0,0.0,1.0,0.0,0.0,0.0,1.0,0
1481888403974916274,147,1481888403972062381,,0,0,46.5185585022,6.5664525032,2.77602830977e-40,1.0,0.0,0.0,0.0,1.0,0.0,0.0,0.0,1.0,0
1481888404482010268,148,1481888404477504925,,0,0,46.518573761,6.5664100647,2.77602830977e-40,1.0,0.0,0.0,0.0,1.0,0.0,0.0,0.0,1.0,0
1481888404853889475,149,1481888404850724906,,0,0,46.5185928345,6.56638479233,2.77602830977e-40,1.0,0.0,0.0,0.0,1.0,0.0,0.0,0.0,1.0,0
1481888405314350717,150,1481888405311115940,,0,0,46.5186004639,6.56636810303,2.77602830977e-40,1.0,0.0,0.0,0.0,1.0,0.0,0.0,0.0,1.0,0
1481888405591429271,151,1481888405588863762,,0,0,46.518611908,6.5663356781,2.77602830977e-40,1.0,0.0,0.0,0.0,1.0,0.0,0.0,0.0,1.0,0
1481888406036825740,152,1481888406033702473,,0,0,46.5186157227,6.56631422043,2.77602830977e-40,1.0,0.0,0.0,0.0,1.0,0.0,0.0,0.0,1.0,0
1481888406513079565,153,1481888406510816815,,0,0,46.518611908,6.56628608704,2.77602830977e-40,1.0,0.0,0.0,0.0,1.0,0.0,0.0,0.0,1.0,0
1481888406952483093,154,1481888406950215134,,0,0,46.5186042786,6.56625509262,2.77602830977e-40,1.0,0.0,0.0,0.0,1.0,0.0,0.0,0.0,1.0,0
1481888407225936768,155,1481888407223199541,,0,0,46.5185890198,6.56623411179,2.77602830977e-40,1.0,0.0,0.0,0.0,1.0,0.0,0.0,0.0,1.0,0
1481888407643697375,156,1481888407634807365,,0,0,46.518573761,6.56622028351,2.77602830977e-40,1.0,0.0,0.0,0.0,1.0,0.0,0.0,0.0,1.0,0
1481888408051202770,157,1481888408047812786,,0,0,46.5185585022,6.56621074677,2.77602830977e-40,1.0,0.0,0.0,0.0,1.0,0.0,0.0,0.0,1.0,0
1481888408472620132,158,1481888408467347865,,0,0,46.5185394287,6.56620693207,2.77602830977e-40,1.0,0.0,0.0,0.0,1.0,0.0,0.0,0.0,1.0,0
1481888408965293568,159,1481888408955923976,,0,0,46.5185127258,6.56621265411,2.77602830977e-40,1.0,0.0,0.0,0.0,1.0,0.0,0.0,0.0,1.0,0
1481888409378323052,160,1481888409375802751,,0,0,46.518497467,6.56622600555,2.77602830977e-40,1.0,0.0,0.0,0.0,1.0,0.0,0.0,0.0,1.0,0
1481888409859705603,161,1481888409851318715,,0,0,46.5184783936,6.56625080109,2.77602830977e-40,1.0,0.0,0.0,0.0,1.0,0.0,0.0,0.0,1.0,0
1481888410264430021,162,1481888410261306754,,0,0,46.5184669495,6.56627511978,2.77602830977e-40,1.0,0.0,0.0,0.0,1.0,0.0,0.0,0.0,1.0,0
1481888410729656970,163,1481888410726782921,,0,0,46.5184593201,6.5663022995,2.77602830977e-40,1.0,0.0,0.0,0.0,1.0,0.0,0.0,0.0,1.0,0
1481888411288679785,164,1481888411284383243,,0,0,46.5184555054,6.56633853912,2.77602830977e-40,1.0,0.0,0.0,0.0,1.0,0.0,0.0,0.0,1.0,0
1481888411801488648,165,1481888411795996851,,0,0,46.5184631348,6.566385746,2.77602830977e-40,1.0,0.0,0.0,0.0,1.0,0.0,0.0,0.0,1.0,0
1481888412302751315,166,1481888412299604455,,0,0,46.5184593201,6.56641864777,2.77602830977e-40,1.0,0.0,0.0,0.0,1.0,0.0,0.0,0.0,1.0,0
1481888412725072527,167,1481888412721203326,,0,0,46.518447876,6.56644821167,2.77602830977e-40,1.0,0.0,0.0,0.0,1.0,0.0,0.0,0.0,1.0,0
1481888413325313066,168,1481888413319541947,,0,0,46.5184364319,6.56646823883,2.77602830977e-40,1.0,0.0,0.0,0.0,1.0,0.0,0.0,0.0,1.0,0
1481888413893281308,169,1481888413889671273,,0,0,46.518409729,6.56648778915,2.77602830977e-40,1.0,0.0,0.0,0.0,1.0,0.0,0.0,0.0,1.0,0
1481888414563969332,170,1481888414558937689,,0,0,46.5183830261,6.56649637222,2.77602830977e-40,1.0,0.0,0.0,0.0,1.0,0.0,0.0,0.0,1.0,0
1481888415031935488,171,1481888415028856127,,0,0,46.5183563232,6.56649780273,2.77602830977e-40,1.0,0.0,0.0,0.0,1.0,0.0,0.0,0.0,1.0,0
1481888415542465611,172,1481888415538359797,,0,0,46.5183334351,6.56649112701,2.77602830977e-40,1.0,0.0,0.0,0.0,1.0,0.0,0.0,0.0,1.0,0
1481888416005976214,173,1481888416001805088,,0,0,46.5183105469,6.56647825241,2.77602830977e-40,1.0,0.0,0.0,0.0,1.0,0.0,0.0,0.0,1.0,0
1481888416550088005,174,1481888416547370934,,0,0,46.5182876587,6.56645870209,2.77602830977e-40,1.0,0.0,0.0,0.0,1.0,0.0,0.0,0.0,1.0,0
1481888417053219413,175,1481888417045029607,,0,0,46.5182685852,6.56643342972,2.77602830977e-40,1.0,0.0,0.0,0.0,1.0,0.0,0.0,0.0,1.0,0
1481888417604898095,176,1481888417598927811,,0,0,46.5182609558,6.56641340256,2.77602830977e-40,1.0,0.0,0.0,0.0,1.0,0.0,0.0,0.0,1.0,0
1481888418235441775,177,1481888418232670225,,0,0,46.5182380676,6.56637477875,2.77602830977e-40,1.0,0.0,0.0,0.0,1.0,0.0,0.0,0.0,1.0,0
1481888418562515878,178,1481888418558396053,,0,0,46.5182304382,6.56633520126,2.77602830977e-40,1.0,0.0,0.0,0.0,1.0,0.0,0.0,0.0,1.0,0
1481888418945781281,179,1481888418940917137,,0,0,46.5182266235,6.56631183624,2.77602830977e-40,1.0,0.0,0.0,0.0,1.0,0.0,0.0,0.0,1.0,0
1481888419081420129,180,1481888419074016362,,0,0,46.5182304382,6.56630277634,2.77602830977e-40,1.0,0.0,0.0,0.0,1.0,0.0,0.0,0.0,1.0,0
1481888419262438349,181,1481888419259565863,,0,0,46.5182228088,6.56630516052,2.77602830977e-40,1.0,0.0,0.0,0.0,1.0,0.0,0.0,0.0,1.0,0
1481888419470620245,182,1481888419466890106,,0,0,46.5182304382,6.56631565094,2.77602830977e-40,1.0,0.0,0.0,0.0,1.0,0.0,0.0,0.0,1.0,0
1481888419665122621,183,1481888419662242374,,0,0,46.5182228088,6.56630659103,2.77602830977e-40,1.0,0.0,0.0,0.0,1.0,0.0,0.0,0.0,1.0,0
1481888419858231982,184,1481888419854011221,,0,0,46.5182266235,6.56629610062,2.77602830977e-40,1.0,0.0,0.0,0.0,1.0,0.0,0.0,0.0,1.0,0
1481888419969156883,185,1481888419965748513,,0,0,46.5182342529,6.56629419327,2.77602830977e-40,1.0,0.0,0.0,0.0,1.0,0.0,0.0,0.0,1.0,0
1481888420172565728,186,1481888420169296055,,0,0,46.5182342529,6.56631278992,2.77602830977e-40,1.0,0.0,0.0,0.0,1.0,0.0,0.0,0.0,1.0,0
1481888420368607003,187,1481888420364743844,,0,0,46.5182304382,6.56632423401,2.77602830977e-40,1.0,0.0,0.0,0.0,1.0,0.0,0.0,0.0,1.0,0
1481888420574980105,188,1481888420572357721,,0,0,46.5182228088,6.56631422043,2.77602830977e-40,1.0,0.0,0.0,0.0,1.0,0.0,0.0,0.0,1.0,0
1481888420752088812,189,1481888420747738051,,0,0,46.5182266235,6.56628656387,2.77602830977e-40,1.0,0.0,0.0,0.0,1.0,0.0,0.0,0.0,1.0,0
1481888420866341926,190,1481888420862158976,,0,0,46.5182342529,6.56629323959,2.77602830977e-40,1.0,0.0,0.0,0.0,1.0,0.0,0.0,0.0,1.0,0
1481888421071753678,191,1481888421068120257,,0,0,46.5182342529,6.56628990173,2.77602830977e-40,1.0,0.0,0.0,0.0,1.0,0.0,0.0,0.0,1.0,0
1481888421268625835,192,1481888421265636630,,0,0,46.5182189941,6.56631374359,2.77602830977e-40,1.0,0.0,0.0,0.0,1.0,0.0,0.0,0.0,1.0,0
1481888421471175152,193,1481888421468691049,,0,0,46.5182228088,6.56631565094,2.77602830977e-40,1.0,0.0,0.0,0.0,1.0,0.0,0.0,0.0,1.0,0
1481888421675989251,194,1481888421671519116,,0,0,46.5182228088,6.56631660461,2.77602830977e-40,1.0,0.0,0.0,0.0,1.0,0.0,0.0,0.0,1.0,0
1481888421871435060,195,1481888421865609775,,0,0,46.5182266235,6.56630945206,2.77602830977e-40,1.0,0.0,0.0,0.0,1.0,0.0,0.0,0.0,1.0,0
1481888422067383315,196,1481888422059608090,,0,0,46.5182266235,6.56631708145,2.77602830977e-40,1.0,0.0,0.0,0.0,1.0,0.0,0.0,0.0,1.0,0
1481888422265926401,197,1481888422261752879,,0,0,46.5182266235,6.56632375717,2.77602830977e-40,1.0,0.0,0.0,0.0,1.0,0.0,0.0,0.0,1.0,0
1481888422470697583,198,1481888422467251974,,0,0,46.5182304382,6.56632375717,2.77602830977e-40,1.0,0.0,0.0,0.0,1.0,0.0,0.0,0.0,1.0,0
1481888422669102337,199,1481888422664978242,,0,0,46.5182342529,6.56632852554,2.77602830977e-40,1.0,0.0,0.0,0.0,1.0,0.0,0.0,0.0,1.0,0
1481888422869107552,200,1481888422862709248,,0,0,46.5182189941,6.56634044647,2.77602830977e-40,1.0,0.0,0.0,0.0,1.0,0.0,0.0,0.0,1.0,0
1481888423073211967,201,1481888423069237402,,0,0,46.5182189941,6.56634521484,2.77602830977e-40,1.0,0.0,0.0,0.0,1.0,0.0,0.0,0.0,1.0,0
1481888423267344136,202,1481888423263262384,,0,0,46.5182228088,6.56634140015,2.77602830977e-40,1.0,0.0,0.0,0.0,1.0,0.0,0.0,0.0,1.0,0
1481888423449825630,203,1481888423446072054,,0,0,46.5182266235,6.56634521484,2.77602830977e-40,1.0,0.0,0.0,0.0,1.0,0.0,0.0,0.0,1.0,0
1481888423552153539,204,1481888423548391890,,0,0,46.5182266235,6.56635522842,2.77602830977e-40,1.0,0.0,0.0,0.0,1.0,0.0,0.0,0.0,1.0,0
1481888423667172848,205,1481888423661056001,,0,0,46.5182228088,6.56634569168,2.77602830977e-40,1.0,0.0,0.0,0.0,1.0,0.0,0.0,0.0,1.0,0
1481888423868111913,206,1481888423865464633,,0,0,46.5182228088,6.56634569168,2.77602830977e-40,1.0,0.0,0.0,0.0,1.0,0.0,0.0,0.0,1.0,0
1481888424065110996,207,1481888424062336217,,0,0,46.5182266235,6.56632900238,2.77602830977e-40,1.0,0.0,0.0,0.0,1.0,0.0,0.0,0.0,1.0,0
1481888424263841685,208,1481888424261359041,,0,0,46.5182228088,6.56633710861,2.77602830977e-40,1.0,0.0,0.0,0.0,1.0,0.0,0.0,0.0,1.0,0
1481888424464992364,209,1481888424458930881,,0,0,46.5182266235,6.56632518768,2.77602830977e-40,1.0,0.0,0.0,0.0,1.0,0.0,0.0,0.0,1.0,0
1481888424667704910,210,1481888424665041172,,0,0,46.5182304382,6.56630182266,2.77602830977e-40,1.0,0.0,0.0,0.0,1.0,0.0,0.0,0.0,1.0,0
1481888424852532956,211,1481888424849602084,,0,0,46.5182266235,6.56630325317,2.77602830977e-40,1.0,0.0,0.0,0.0,1.0,0.0,0.0,0.0,1.0,0
1481888424953590714,212,1481888424951048903,,0,0,46.5182304382,6.56629371643,2.77602830977e-40,1.0,0.0,0.0,0.0,1.0,0.0,0.0,0.0,1.0,0
1481888425168242007,213,1481888425165058741,,0,0,46.5182228088,6.56632137299,2.77602830977e-40,1.0,0.0,0.0,0.0,1.0,0.0,0.0,0.0,1.0,0
1481888425371108250,214,1481888425368307222,,0,0,46.5182304382,6.56631803513,2.77602830977e-40,1.0,0.0,0.0,0.0,1.0,0.0,0.0,0.0,1.0,0
1481888425566248644,215,1481888425562358662,,0,0,46.5182380676,6.56630992889,2.77602830977e-40,1.0,0.0,0.0,0.0,1.0,0.0,0.0,0.0,1.0,0
1481888425770902744,216,1481888425767203334,,0,0,46.5182380676,6.56632232666,2.77602830977e-40,1.0,0.0,0.0,0.0,1.0,0.0,0.0,0.0,1.0,0
1481888425988527095,217,1481888425985690234,,0,0,46.5182380676,6.56630706787,2.77602830977e-40,1.0,0.0,0.0,0.0,1.0,0.0,0.0,0.0,1.0,0
1481888426165041743,218,1481888426162120819,,0,0,46.5182418823,6.56628751755,2.77602830977e-40,1.0,0.0,0.0,0.0,1.0,0.0,0.0,0.0,1.0,0
1481888426360944633,219,1481888426358510790,,0,0,46.5182418823,6.56629896164,2.77602830977e-40,1.0,0.0,0.0,0.0,1.0,0.0,0.0,0.0,1.0,0
1481888426575868580,220,1481888426572850626,,0,0,46.5182418823,6.56629037857,2.77602830977e-40,1.0,0.0,0.0,0.0,1.0,0.0,0.0,0.0,1.0,0
1481888426769386898,221,1481888426766935608,,0,0,46.5182418823,6.56628370285,2.77602830977e-40,1.0,0.0,0.0,0.0,1.0,0.0,0.0,0.0,1.0,0
1481888426964161409,222,1481888426959426170,,0,0,46.5182418823,6.5662894249,2.77602830977e-40,1.0,0.0,0.0,0.0,1.0,0.0,0.0,0.0,1.0,0
1481888427167163380,223,1481888427164417768,,0,0,46.518245697,6.5662856102,2.77602830977e-40,1.0,0.0,0.0,0.0,1.0,0.0,0.0,0.0,1.0,0
1481888427371157535,224,1481888427369105513,,0,0,46.5182418823,6.56629943848,2.77602830977e-40,1.0,0.0,0.0,0.0,1.0,0.0,0.0,0.0,1.0,0
1481888427558508278,225,1481888427554792618,,0,0,46.5182418823,6.56630039215,2.77602830977e-40,1.0,0.0,0.0,0.0,1.0,0.0,0.0,0.0,1.0,0
1481888427765268149,226,1481888427762394672,,0,0,46.5182380676,6.56630802155,2.77602830977e-40,1.0,0.0,0.0,0.0,1.0,0.0,0.0,0.0,1.0,0
1481888427972882651,227,1481888427970627401,,0,0,46.5182380676,6.56629753113,2.77602830977e-40,1.0,0.0,0.0,0.0,1.0,0.0,0.0,0.0,1.0,0
1481888428163279057,228,1481888428157053096,,0,0,46.5182380676,6.56629371643,2.77602830977e-40,1.0,0.0,0.0,0.0,1.0,0.0,0.0,0.0,1.0,0
1481888428363821769,229,1481888428359173561,,0,0,46.5182418823,6.56628513336,2.77602830977e-40,1.0,0.0,0.0,0.0,1.0,0.0,0.0,0.0,1.0,0
1481888428568378473,230,1481888428563648443,,0,0,46.5182418823,6.56628990173,2.77602830977e-40,1.0,0.0,0.0,0.0,1.0,0.0,0.0,0.0,1.0,0
1481888428763095171,231,1481888428758383943,,0,0,46.5182418823,6.56629323959,2.77602830977e-40,1.0,0.0,0.0,0.0,1.0,0.0,0.0,0.0,1.0,0
1481888428953007360,232,1481888428950889297,,0,0,46.5182380676,6.56629943848,2.77602830977e-40,1.0,0.0,0.0,0.0,1.0,0.0,0.0,0.0,1.0,0
1481888429160607540,233,1481888429154802879,,0,0,46.5182380676,6.56628704071,2.77602830977e-40,1.0,0.0,0.0,0.0,1.0,0.0,0.0,0.0,1.0,0
1481888429354877573,234,1481888429352405345,,0,0,46.5182380676,6.56629562378,2.77602830977e-40,1.0,0.0,0.0,0.0,1.0,0.0,0.0,0.0,1.0,0
1481888429552339362,235,1481888429550043123,,0,0,46.5182380676,6.56630277634,2.77602830977e-40,1.0,0.0,0.0,0.0,1.0,0.0,0.0,0.0,1.0,0
1481888429759474231,236,1481888429757299710,,0,0,46.5182418823,6.56630945206,2.77602830977e-40,1.0,0.0,0.0,0.0,1.0,0.0,0.0,0.0,1.0,0
1481888429966630611,237,1481888429964289580,,0,0,46.5182418823,6.56630659103,2.77602830977e-40,1.0,0.0,0.0,0.0,1.0,0.0,0.0,0.0,1.0,0
1481888430160597885,238,1481888430158533312,,0,0,46.518245697,6.56629991531,2.77602830977e-40,1.0,0.0,0.0,0.0,1.0,0.0,0.0,0.0,1.0,0
1481888430343094223,239,1481888430340889442,,0,0,46.5182495117,6.56630039215,2.77602830977e-40,1.0,0.0,0.0,0.0,1.0,0.0,0.0,0.0,1.0,0
1481888430453674959,240,1481888430451572364,,0,0,46.518245697,6.56630277634,2.77602830977e-40,1.0,0.0,0.0,0.0,1.0,0.0,0.0,0.0,1.0,0
1481888430565848134,241,1481888430563528145,,0,0,46.518245697,6.56630325317,2.77602830977e-40,1.0,0.0,0.0,0.0,1.0,0.0,0.0,0.0,1.0,0
1481888430763488308,242,1481888430758302030,,0,0,46.5182495117,6.56628513336,2.77602830977e-40,1.0,0.0,0.0,0.0,1.0,0.0,0.0,0.0,1.0,0
1481888430948014429,243,1481888430943370961,,0,0,46.5182495117,6.56628847122,2.77602830977e-40,1.0,0.0,0.0,0.0,1.0,0.0,0.0,0.0,1.0,0
1481888431048658075,244,1481888431046333867,,0,0,46.518245697,6.56629276276,2.77602830977e-40,1.0,0.0,0.0,0.0,1.0,0.0,0.0,0.0,1.0,0
1481888431163643477,245,1481888431160951771,,0,0,46.5182495117,6.56629180908,2.77602830977e-40,1.0,0.0,0.0,0.0,1.0,0.0,0.0,0.0,1.0,0
1481888431361317297,246,1481888431357644762,,0,0,46.5182495117,6.56629371643,2.77602830977e-40,1.0,0.0,0.0,0.0,1.0,0.0,0.0,0.0,1.0,0
1481888431566109208,247,1481888431563570991,,0,0,46.518245697,6.56629610062,2.77602830977e-40,1.0,0.0,0.0,0.0,1.0,0.0,0.0,0.0,1.0,0
1481888431741420215,248,1481888431736827893,,0,0,46.518245697,6.56629943848,2.77602830977e-40,1.0,0.0,0.0,0.0,1.0,0.0,0.0,0.0,1.0,0
1481888431863795739,249,1481888431859472686,,0,0,46.518245697,6.56629943848,2.77602830977e-40,1.0,0.0,0.0,0.0,1.0,0.0,0.0,0.0,1.0,0
1481888432066606618,250,1481888432062997520,,0,0,46.5182418823,6.56629085541,2.77602830977e-40,1.0,0.0,0.0,0.0,1.0,0.0,0.0,0.0,1.0,0
1481888432279482346,251,1481888432276788140,,0,0,46.518245697,6.56629085541,2.77602830977e-40,1.0,0.0,0.0,0.0,1.0,0.0,0.0,0.0,1.0,0
1481888432462152694,252,1481888432459899215,,0,0,46.518245697,6.56629180908,2.77602830977e-40,1.0,0.0,0.0,0.0,1.0,0.0,0.0,0.0,1.0,0
1481888432672230987,253,1481888432668103558,,0,0,46.5182571411,6.5662779808,2.77602830977e-40,1.0,0.0,0.0,0.0,1.0,0.0,0.0,0.0,1.0,0
1481888432868536167,254,1481888432864768737,,0,0,46.5182647705,6.56627178192,2.77602830977e-40,1.0,0.0,0.0,0.0,1.0,0.0,0.0,0.0,1.0,0
1481888433069729866,255,1481888433061609904,,0,0,46.5182533264,6.56626939774,2.77602830977e-40,1.0,0.0,0.0,0.0,1.0,0.0,0.0,0.0,1.0,0
1481888433275504116,256,1481888433270317838,,0,0,46.5182418823,6.56628370285,2.77602830977e-40,1.0,0.0,0.0,0.0,1.0,0.0,0.0,0.0,1.0,0
1481888433470826072,257,1481888433466263176,,0,0,46.518245697,6.56629228592,2.77602830977e-40,1.0,0.0,0.0,0.0,1.0,0.0,0.0,0.0,1.0,0
1481888433665801414,258,1481888433659880557,,0,0,46.5182418823,6.56630516052,2.77602830977e-40,1.0,0.0,0.0,0.0,1.0,0.0,0.0,0.0,1.0,0
1481888433866317981,259,1481888433862203990,,0,0,46.5182418823,6.56629323959,2.77602830977e-40,1.0,0.0,0.0,0.0,1.0,0.0,0.0,0.0,1.0,0
1481888434080230058,260,1481888434077619862,,0,0,46.518245697,6.56627941132,2.77602830977e-40,1.0,0.0,0.0,0.0,1.0,0.0,0.0,0.0,1.0,0
1481888434263980193,261,1481888434256818976,,0,0,46.5182418823,6.56626796722,2.77602830977e-40,1.0,0.0,0.0,0.0,1.0,0.0,0.0,0.0,1.0,0
1481888434469435226,262,1481888434465605973,,0,0,46.5182418823,6.5662779808,2.77602830977e-40,1.0,0.0,0.0,0.0,1.0,0.0,0.0,0.0,1.0,0
1481888434675271456,263,1481888434672617822,,0,0,46.5182380676,6.56626701355,2.77602830977e-40,1.0,0.0,0.0,0.0,1.0,0.0,0.0,0.0,1.0,0
1481888434871623771,264,1481888434869100033,,0,0,46.5182342529,6.56628799438,2.77602830977e-40,1.0,0.0,0.0,0.0,1.0,0.0,0.0,0.0,1.0,0
1481888435067962492,265,1481888435064934590,,0,0,46.5182304382,6.56628465652,2.77602830977e-40,1.0,0.0,0.0,0.0,1.0,0.0,0.0,0.0,1.0,0
1481888435262370910,266,1481888435259363164,,0,0,46.5182380676,6.56628847122,2.77602830977e-40,1.0,0.0,0.0,0.0,1.0,0.0,0.0,0.0,1.0,0
1481888435473247637,267,1481888435470585775,,0,0,46.5182380676,6.56628847122,2.77602830977e-40,1.0,0.0,0.0,0.0,1.0,0.0,0.0,0.0,1.0,0
1481888435665858720,268,1481888435663428054,,0,0,46.5182342529,6.56629371643,2.77602830977e-40,1.0,0.0,0.0,0.0,1.0,0.0,0.0,0.0,1.0,0
1481888435851141712,269,1481888435848795473,,0,0,46.5182342529,6.56629562378,2.77602830977e-40,1.0,0.0,0.0,0.0,1.0,0.0,0.0,0.0,1.0,0
1481888435942764358,270,1481888435939904892,,0,0,46.5182342529,6.56630134583,2.77602830977e-40,1.0,0.0,0.0,0.0,1.0,0.0,0.0,0.0,1.0,0
1481888436068978198,271,1481888436064391657,,0,0,46.5182342529,6.56629896164,2.77602830977e-40,1.0,0.0,0.0,0.0,1.0,0.0,0.0,0.0,1.0,0
1481888436266639622,272,1481888436260882982,,0,0,46.5182495117,6.56627702713,2.77602830977e-40,1.0,0.0,0.0,0.0,1.0,0.0,0.0,0.0,1.0,0
1481888436469285553,273,1481888436466421088,,0,0,46.518245697,6.56628131866,2.77602830977e-40,1.0,0.0,0.0,0.0,1.0,0.0,0.0,0.0,1.0,0
1481888436702334312,274,1481888436698065791,,0,0,46.5182418823,6.56628227234,2.77602830977e-40,1.0,0.0,0.0,0.0,1.0,0.0,0.0,0.0,1.0,0
1481888436858507961,275,1481888436856107763,,0,0,46.5182380676,6.56628894806,2.77602830977e-40,1.0,0.0,0.0,0.0,1.0,0.0,0.0,0.0,1.0,0
1481888437063979140,276,1481888437061419881,,0,0,46.5182304382,6.56629419327,2.77602830977e-40,1.0,0.0,0.0,0.0,1.0,0.0,0.0,0.0,1.0,0
1481888437246882247,277,1481888437242939869,,0,0,46.5182342529,6.5662984848,2.77602830977e-40,1.0,0.0,0.0,0.0,1.0,0.0,0.0,0.0,1.0,0
1481888437346935896,278,1481888437344134346,,0,0,46.5182304382,6.56630182266,2.77602830977e-40,1.0,0.0,0.0,0.0,1.0,0.0,0.0,0.0,1.0,0
1481888437459387820,279,1481888437457085435,,0,0,46.5182304382,6.56630659103,2.77602830977e-40,1.0,0.0,0.0,0.0,1.0,0.0,0.0,0.0,1.0,0
1481888437667864506,280,1481888437661364953,,0,0,46.5182380676,6.56630134583,2.77602830977e-40,1.0,0.0,0.0,0.0,1.0,0.0,0.0,0.0,1.0,0
1481888437847837991,281,1481888437844784724,,0,0,46.5182342529,6.56631040573,2.77602830977e-40,1.0,0.0,0.0,0.0,1.0,0.0,0.0,0.0,1.0,0
1481888437972367516,282,1481888437968279931,,0,0,46.5182342529,6.56630992889,2.77602830977e-40,1.0,0.0,0.0,0.0,1.0,0.0,0.0,0.0,1.0,0
1481888438158740867,283,1481888438154638855,,0,0,46.5182342529,6.56631851196,2.77602830977e-40,1.0,0.0,0.0,0.0,1.0,0.0,0.0,0.0,1.0,0
1481888438258220248,284,1481888438255419896,,0,0,46.5182418823,6.56631231308,2.77602830977e-40,1.0,0.0,0.0,0.0,1.0,0.0,0.0,0.0,1.0,0
1481888438360300814,285,1481888438357405255,,0,0,46.5182418823,6.56630945206,2.77602830977e-40,1.0,0.0,0.0,0.0,1.0,0.0,0.0,0.0,1.0,0
1481888438556118757,286,1481888438553650800,,0,0,46.5182342529,6.5663189888,2.77602830977e-40,1.0,0.0,0.0,0.0,1.0,0.0,0.0,0.0,1.0,0
1481888438751340609,287,1481888438748646194,,0,0,46.5182304382,6.56632947922,2.77602830977e-40,1.0,0.0,0.0,0.0,1.0,0.0,0.0,0.0,1.0,0
1481888438863422483,288,1481888438860703746,,0,0,46.5182228088,6.56633615494,2.77602830977e-40,1.0,0.0,0.0,0.0,1.0,0.0,0.0,0.0,1.0,0
1481888439063514729,289,1481888439061272239,,0,0,46.5182266235,6.56633853912,2.77602830977e-40,1.0,0.0,0.0,0.0,1.0,0.0,0.0,0.0,1.0,0
1481888439252684578,290,1481888439249170427,,0,0,46.5182151794,6.56634569168,2.77602830977e-40,1.0,0.0,0.0,0.0,1.0,0.0,0.0,0.0,1.0,0
1481888439352458853,291,1481888439349323451,,0,0,46.5182151794,6.56634521484,2.77602830977e-40,1.0,0.0,0.0,0.0,1.0,0.0,0.0,0.0,1.0,0
1481888439559076224,292,1481888439555121712,,0,0,46.5182189941,6.56633901596,2.77602830977e-40,1.0,0.0,0.0,0.0,1.0,0.0,0.0,0.0,1.0,0
1481888439756314421,293,1481888439753156311,,0,0,46.5182228088,6.56633281708,2.77602830977e-40,1.0,0.0,0.0,0.0,1.0,0.0,0.0,0.0,1.0,0
1481888439964235693,294,1481888439960563314,,0,0,46.5182228088,6.56632709503,2.77602830977e-40,1.0,0.0,0.0,0.0,1.0,0.0,0.0,0.0,1.0,0
1481888440149755506,295,1481888440146839322,,0,0,46.5182228088,6.56632471085,2.77602830977e-40,1.0,0.0,0.0,0.0,1.0,0.0,0.0,0.0,1.0,0
1481888440259614735,296,1481888440257114798,,0,0,46.5182189941,6.56633234024,2.77602830977e-40,1.0,0.0,0.0,0.0,1.0,0.0,0.0,0.0,1.0,0
1481888440458184279,297,1481888440452959356,,0,0,46.5182189941,6.56632757187,2.77602830977e-40,1.0,0.0,0.0,0.0,1.0,0.0,0.0,0.0,1.0,0
1481888440660262870,298,1481888440654960186,,0,0,46.5182228088,6.56631755829,2.77602830977e-40,1.0,0.0,0.0,0.0,1.0,0.0,0.0,0.0,1.0,0
1481888440749600787,299,1481888440747186528,,0,0,46.5182266235,6.56631946564,2.77602830977e-40,1.0,0.0,0.0,0.0,1.0,0.0,0.0,0.0,1.0,0
1481888440862487449,300,1481888440859611369,,0,0,46.5182266235,6.5663061142,2.77602830977e-40,1.0,0.0,0.0,0.0,1.0,0.0,0.0,0.0,1.0,0
1481888441055845612,301,1481888441052453961,,0,0,46.5182266235,6.56631612778,2.77602830977e-40,1.0,0.0,0.0,0.0,1.0,0.0,0.0,0.0,1.0,0
1481888441267289628,302,1481888441259255967,,0,0,46.5182228088,6.56631994247,2.77602830977e-40,1.0,0.0,0.0,0.0,1.0,0.0,0.0,0.0,1.0,0
1481888441434369944,303,1481888441432134173,,0,0,46.5182189941,6.5663318634,2.77602830977e-40,1.0,0.0,0.0,0.0,1.0,0.0,0.0,0.0,1.0,0
1481888441548219935,304,1481888441545769790,,0,0,46.5182189941,6.56633090973,2.77602830977e-40,1.0,0.0,0.0,0.0,1.0,0.0,0.0,0.0,1.0,0
1481888441668231980,305,1481888441659141398,,0,0,46.5182228088,6.56632137299,2.77602830977e-40,1.0,0.0,0.0,0.0,1.0,0.0,0.0,0.0,1.0,0
1481888441878211003,306,1481888441875684192,,0,0,46.5182189941,6.56632423401,2.77602830977e-40,1.0,0.0,0.0,0.0,1.0,0.0,0.0,0.0,1.0,0
1481888442066096066,307,1481888442057380169,,0,0,46.5182228088,6.56631374359,2.77602830977e-40,1.0,0.0,0.0,0.0,1.0,0.0,0.0,0.0,1.0,0
1481888442262350153,308,1481888442257915902,,0,0,46.5182189941,6.56632709503,2.77602830977e-40,1.0,0.0,0.0,0.0,1.0,0.0,0.0,0.0,1.0,0
1481888442473636253,309,1481888442470612100,,0,0,46.5182228088,6.5663356781,2.77602830977e-40,1.0,0.0,0.0,0.0,1.0,0.0,0.0,0.0,1.0,0
1481888442667612069,310,1481888442663668649,,0,0,46.5182151794,6.56634044647,2.77602830977e-40,1.0,0.0,0.0,0.0,1.0,0.0,0.0,0.0,1.0,0
1481888442852502614,311,1481888442849460910,,0,0,46.5182037354,6.56634902954,2.77602830977e-40,1.0,0.0,0.0,0.0,1.0,0.0,0.0,0.0,1.0,0
1481888442953896674,312,1481888442951128509,,0,0,46.5182113647,6.56634283066,2.77602830977e-40,1.0,0.0,0.0,0.0,1.0,0.0,0.0,0.0,1.0,0
1481888443149283733,313,1481888443146647703,,0,0,46.5182342529,6.56633996964,2.77602830977e-40,1.0,0.0,0.0,0.0,1.0,0.0,0.0,0.0,1.0,0
1481888443252594815,314,1481888443250239044,,0,0,46.5182304382,6.56634664536,2.77602830977e-40,1.0,0.0,0.0,0.0,1.0,0.0,0.0,0.0,1.0,0
1481888443356673653,315,1481888443353930437,,0,0,46.5182304382,6.56633615494,2.77602830977e-40,1.0,0.0,0.0,0.0,1.0,0.0,0.0,0.0,1.0,0
1481888443552772480,316,1481888443550523740,,0,0,46.5182266235,6.56632900238,2.77602830977e-40,1.0,0.0,0.0,0.0,1.0,0.0,0.0,0.0,1.0,0
1481888443657476003,317,1481888443655196482,,0,0,46.5182113647,6.56632137299,2.77602830977e-40,1.0,0.0,0.0,0.0,1.0,0.0,0.0,0.0,1.0,0
1481888443853422487,318,1481888443850910571,,0,0,46.5182304382,6.56629514694,2.77602830977e-40,1.0,0.0,0.0,0.0,1.0,0.0,0.0,0.0,1.0,0
1481888443959106005,319,1481888443954737224,,0,0,46.5182342529,6.56628751755,2.77602830977e-40,1.0,0.0,0.0,0.0,1.0,0.0,0.0,0.0,1.0,0
1481888444143428168,320,1481888444140552557,,0,0,46.5182151794,6.56628847122,2.77602830977e-40,1.0,0.0,0.0,0.0,1.0,0.0,0.0,0.0,1.0,0
1481888444236428412,321,1481888444233376395,,0,0,46.5182228088,6.56628847122,2.77602830977e-40,1.0,0.0,0.0,0.0,1.0,0.0,0.0,0.0,1.0,0
1481888444349069972,322,1481888444346928888,,0,0,46.5182037354,6.56629180908,2.77602830977e-40,1.0,0.0,0.0,0.0,1.0,0.0,0.0,0.0,1.0,0
1481888444443598646,323,1481888444439210594,,0,0,46.51820755,6.56631803513,2.77602830977e-40,1.0,0.0,0.0,0.0,1.0,0.0,0.0,0.0,1.0,0
1481888444545342860,324,1481888444541245900,,0,0,46.5182113647,6.56631946564,2.77602830977e-40,1.0,0.0,0.0,0.0,1.0,0.0,0.0,0.0,1.0,0
1481888444647011345,325,1481888444642238815,,0,0,46.5182189941,6.56632804871,2.77602830977e-40,1.0,0.0,0.0,0.0,1.0,0.0,0.0,0.0,1.0,0
1481888444749411285,326,1481888444745812396,,0,0,46.5182304382,6.56632614136,2.77602830977e-40,1.0,0.0,0.0,0.0,1.0,0.0,0.0,0.0,1.0,0
1481888444842166010,327,1481888444839447220,,0,0,46.5182418823,6.5663228035,2.77602830977e-40,1.0,0.0,0.0,0.0,1.0,0.0,0.0,0.0,1.0,0
1481888444955779023,328,1481888444953365648,,0,0,46.5182380676,6.56632518768,2.77602830977e-40,1.0,0.0,0.0,0.0,1.0,0.0,0.0,0.0,1.0,0
1481888445049663221,329,1481888445046885005,,0,0,46.5182418823,6.56635046005,2.77602830977e-40,1.0,0.0,0.0,0.0,1.0,0.0,0.0,0.0,1.0,0
1481888445154482369,330,1481888445150145462,,0,0,46.5182495117,6.5663523674,2.77602830977e-40,1.0,0.0,0.0,0.0,1.0,0.0,0.0,0.0,1.0,0
1481888445255906324,331,1481888445252981233,,0,0,46.5182533264,6.56634712219,2.77602830977e-40,1.0,0.0,0.0,0.0,1.0,0.0,0.0,0.0,1.0,0
1481888445357528247,332,1481888445354550604,,0,0,46.5182723999,6.56635856628,2.77602830977e-40,1.0,0.0,0.0,0.0,1.0,0.0,0.0,0.0,1.0,0
1481888445450420366,333,1481888445447837149,,0,0,46.5182723999,6.5663599968,2.77602830977e-40,1.0,0.0,0.0,0.0,1.0,0.0,0.0,0.0,1.0,0
1481888445532545921,334,1481888445529997965,,0,0,46.5182723999,6.56636476517,2.77602830977e-40,1.0,0.0,0.0,0.0,1.0,0.0,0.0,0.0,1.0,0
1481888445646497110,335,1481888445643800924,,0,0,46.5182723999,6.56636810303,2.77602830977e-40,1.0,0.0,0.0,0.0,1.0,0.0,0.0,0.0,1.0,0
1481888445757228886,336,1481888445754681086,,0,0,46.5182609558,6.5663561821,2.77602830977e-40,1.0,0.0,0.0,0.0,1.0,0.0,0.0,0.0,1.0,0
1481888445849727726,337,1481888445847246592,,0,0,46.5182685852,6.56634712219,2.77602830977e-40,1.0,0.0,0.0,0.0,1.0,0.0,0.0,0.0,1.0,0
1481888445952819851,338,1481888445949019556,,0,0,46.5182533264,6.56635665894,2.77602830977e-40,1.0,0.0,0.0,0.0,1.0,0.0,0.0,0.0,1.0,0
1481888446043501564,339,1481888446040473557,,0,0,46.5182304382,6.56635189056,2.77602830977e-40,1.0,0.0,0.0,0.0,1.0,0.0,0.0,0.0,1.0,0
1481888446145110102,340,1481888446142613082,,0,0,46.5182304382,6.56634998322,2.77602830977e-40,1.0,0.0,0.0,0.0,1.0,0.0,0.0,0.0,1.0,0
1481888446237289568,341,1481888446234912861,,0,0,46.5182228088,6.56636857986,2.77602830977e-40,1.0,0.0,0.0,0.0,1.0,0.0,0.0,0.0,1.0,0
1481888446344116571,342,1481888446336516346,,0,0,46.5182266235,6.56637096405,2.77602830977e-40,1.0,0.0,0.0,0.0,1.0,0.0,0.0,0.0,1.0,0
1481888446443451369,343,1481888446440389300,,0,0,46.5182266235,6.56638288498,2.77602830977e-40,1.0,0.0,0.0,0.0,1.0,0.0,0.0,0.0,1.0,0
1481888446535979116,344,1481888446533329388,,0,0,46.5182304382,6.56638431549,2.77602830977e-40,1.0,0.0,0.0,0.0,1.0,0.0,0.0,0.0,1.0,0
1481888446639794310,345,1481888446636040160,,0,0,46.5182151794,6.56640720367,2.77602830977e-40,1.0,0.0,0.0,0.0,1.0,0.0,0.0,0.0,1.0,0
1481888446740864048,346,1481888446738909057,,0,0,46.5182113647,6.56639671326,2.77602830977e-40,1.0,0.0,0.0,0.0,1.0,0.0,0.0,0.0,1.0,0
1481888446836978079,347,1481888446832999973,,0,0,46.5182037354,6.5663766861,2.77602830977e-40,1.0,0.0,0.0,0.0,1.0,0.0,0.0,0.0,1.0,0
1481888446928962182,348,1481888446925571886,,0,0,46.518196106,6.56637048721,2.77602830977e-40,1.0,0.0,0.0,0.0,1.0,0.0,0.0,0.0,1.0,0
1481888447031367695,349,1481888447028705833,,0,0,46.5182037354,6.56638479233,2.77602830977e-40,1.0,0.0,0.0,0.0,1.0,0.0,0.0,0.0,1.0,0
1481888447147970330,350,1481888447141646713,,0,0,46.5181999207,6.5663933754,2.77602830977e-40,1.0,0.0,0.0,0.0,1.0,0.0,0.0,0.0,1.0,0
1481888447244957639,351,1481888447235988826,,0,0,46.5181922913,6.56639528275,2.77602830977e-40,1.0,0.0,0.0,0.0,1.0,0.0,0.0,0.0,1.0,0
1481888447345359151,352,1481888447338109757,,0,0,46.518196106,6.56639575958,2.77602830977e-40,1.0,0.0,0.0,0.0,1.0,0.0,0.0,0.0,1.0,0
1481888447446904511,353,1481888447439453296,,0,0,46.5182189941,6.56639623642,2.77602830977e-40,1.0,0.0,0.0,0.0,1.0,0.0,0.0,0.0,1.0,0
1481888447549869032,354,1481888447540842303,,0,0,46.5182189941,6.56636714935,2.77602830977e-40,1.0,0.0,0.0,0.0,1.0,0.0,0.0,0.0,1.0,0
1481888447661760803,355,1481888447652884386,,0,0,46.51820755,6.56638050079,2.77602830977e-40,1.0,0.0,0.0,0.0,1.0,0.0,0.0,0.0,1.0,0
1481888447768641608,356,1481888447765151155,,0,0,46.5181999207,6.56637525558,2.77602830977e-40,1.0,0.0,0.0,0.0,1.0,0.0,0.0,0.0,1.0,0
1481888447953450174,357,1481888447949065299,,0,0,46.5182189941,6.56635856628,2.77602830977e-40,1.0,0.0,0.0,0.0,1.0,0.0,0.0,0.0,1.0,0
1481888448053619344,358,1481888448051446593,,0,0,46.5182228088,6.56635189056,2.77602830977e-40,1.0,0.0,0.0,0.0,1.0,0.0,0.0,0.0,1.0,0
1481888448145466520,359,1481888448142836376,,0,0,46.5182151794,6.56633377075,2.77602830977e-40,1.0,0.0,0.0,0.0,1.0,0.0,0.0,0.0,1.0,0
1481888448242191695,360,1481888448236660835,,0,0,46.5182266235,6.56633424759,2.77602830977e-40,1.0,0.0,0.0,0.0,1.0,0.0,0.0,0.0,1.0,0
1481888448331727008,361,1481888448329491705,,0,0,46.51820755,6.56634521484,2.77602830977e-40,1.0,0.0,0.0,0.0,1.0,0.0,0.0,0.0,1.0,0
1481888448437637921,362,1481888448433819449,,0,0,46.51820755,6.56633090973,2.77602830977e-40,1.0,0.0,0.0,0.0,1.0,0.0,0.0,0.0,1.0,0
1481888448549586983,363,1481888448547027776,,0,0,46.5182113647,6.56632661819,2.77602830977e-40,1.0,0.0,0.0,0.0,1.0,0.0,0.0,0.0,1.0,0
1481888448667434508,364,1481888448659378608,,0,0,46.518196106,6.56631612778,2.77602830977e-40,1.0,0.0,0.0,0.0,1.0,0.0,0.0,0.0,1.0,0
1481888448859180855,365,1481888448856456649,,0,0,46.5182228088,6.5663189888,2.77602830977e-40,1.0,0.0,0.0,0.0,1.0,0.0,0.0,0.0,1.0,0
1481888449066043798,366,1481888449061029446,,0,0,46.518245697,6.56632995605,2.77602830977e-40,1.0,0.0,0.0,0.0,1.0,0.0,0.0,0.0,1.0,0
1481888449247567693,367,1481888449242984797,,0,0,46.5182495117,6.56633853912,2.77602830977e-40,1.0,0.0,0.0,0.0,1.0,0.0,0.0,0.0,1.0,0
1481888449348715555,368,1481888449345818642,,0,0,46.5182533264,6.56635713577,2.77602830977e-40,1.0,0.0,0.0,0.0,1.0,0.0,0.0,0.0,1.0,0
1481888449450687268,369,1481888449447240566,,0,0,46.5182609558,6.56635332108,2.77602830977e-40,1.0,0.0,0.0,0.0,1.0,0.0,0.0,0.0,1.0,0
1481888449695038006,370,1481888449690909900,,0,0,46.5182723999,6.566365242,2.77602830977e-40,1.0,0.0,0.0,0.0,1.0,0.0,0.0,0.0,1.0,0
1481888449741494977,371,1481888449739478789,,0,0,46.5182762146,6.56636762619,2.77602830977e-40,1.0,0.0,0.0,0.0,1.0,0.0,0.0,0.0,1.0,0
1481888449844381946,372,1481888449840674984,,0,0,46.5182723999,6.56635761261,2.77602830977e-40,1.0,0.0,0.0,0.0,1.0,0.0,0.0,0.0,1.0,0
1481888449965932474,373,1481888449963801443,,0,0,46.5182533264,6.5663561821,2.77602830977e-40,1.0,0.0,0.0,0.0,1.0,0.0,0.0,0.0,1.0,0
1481888450152795875,374,1481888450149307037,,0,0,46.5182418823,6.56637620926,2.77602830977e-40,1.0,0.0,0.0,0.0,1.0,0.0,0.0,0.0,1.0,0
1481888450246330492,375,1481888450243226548,,0,0,46.5182380676,6.56637954712,2.77602830977e-40,1.0,0.0,0.0,0.0,1.0,0.0,0.0,0.0,1.0,0
1481888450350658496,376,1481888450347034763,,0,0,46.5182495117,6.56637144089,2.77602830977e-40,1.0,0.0,0.0,0.0,1.0,0.0,0.0,0.0,1.0,0
1481888450456443629,377,1481888450451634484,,0,0,46.518245697,6.56638622284,2.77602830977e-40,1.0,0.0,0.0,0.0,1.0,0.0,0.0,0.0,1.0,0
1481888450548042838,378,1481888450543701087,,0,0,46.5182533264,6.56637763977,2.77602830977e-40,1.0,0.0,0.0,0.0,1.0,0.0,0.0,0.0,1.0,0
1481888450649228669,379,1481888450646969669,,0,0,46.5182647705,6.56637716293,2.77602830977e-40,1.0,0.0,0.0,0.0,1.0,0.0,0.0,0.0,1.0,0
1481888450763431731,380,1481888450760489349,,0,0,46.5182685852,6.56638765335,2.77602830977e-40,1.0,0.0,0.0,0.0,1.0,0.0,0.0,0.0,1.0,0
1481888450965028241,381,1481888450962228202,,0,0,46.5182533264,6.56636047363,2.77602830977e-40,1.0,0.0,0.0,0.0,1.0,0.0,0.0,0.0,1.0,0
1481888451147928952,382,1481888451144683030,,0,0,46.5182685852,6.56637954712,2.77602830977e-40,1.0,0.0,0.0,0.0,1.0,0.0,0.0,0.0,1.0,0
1481888451250867587,383,1481888451247266198,,0,0,46.5182685852,6.56638288498,2.77602830977e-40,1.0,0.0,0.0,0.0,1.0,0.0,0.0,0.0,1.0,0
1481888451363757531,384,1481888451359401301,,0,0,46.5182762146,6.56638908386,2.77602830977e-40,1.0,0.0,0.0,0.0,1.0,0.0,0.0,0.0,1.0,0
1481888451557414025,385,1481888451554627372,,0,0,46.5183029175,6.56639623642,2.77602830977e-40,1.0,0.0,0.0,0.0,1.0,0.0,0.0,0.0,1.0,0
1481888451659868132,386,1481888451657008197,,0,0,46.5182876587,6.56640338898,2.77602830977e-40,1.0,0.0,0.0,0.0,1.0,0.0,0.0,0.0,1.0,0
1481888451853970770,387,1481888451851453230,,0,0,46.5183029175,6.56639432907,2.77602830977e-40,1.0,0.0,0.0,0.0,1.0,0.0,0.0,0.0,1.0,0
1481888452042927651,388,1481888452036293880,,0,0,46.5183067322,6.56641197205,2.77602830977e-40,1.0,0.0,0.0,0.0,1.0,0.0,0.0,0.0,1.0,0
1481888452140566676,389,1481888452137827261,,0,0,46.5182991028,6.56643342972,2.77602830977e-40,1.0,0.0,0.0,0.0,1.0,0.0,0.0,0.0,1.0,0
1481888452234429520,390,1481888452231352711,,0,0,46.5182800293,6.56644582748,2.77602830977e-40,1.0,0.0,0.0,0.0,1.0,0.0,0.0,0.0,1.0,0
1481888452341183815,391,1481888452334967333,,0,0,46.5182952881,6.56644010544,2.77602830977e-40,1.0,0.0,0.0,0.0,1.0,0.0,0.0,0.0,1.0,0
1481888452431227041,392,1481888452428203566,,0,0,46.5182876587,6.56643390656,2.77602830977e-40,1.0,0.0,0.0,0.0,1.0,0.0,0.0,0.0,1.0,0
1481888452533657919,393,1481888452530990744,,0,0,46.5183029175,6.56643438339,2.77602830977e-40,1.0,0.0,0.0,0.0,1.0,0.0,0.0,0.0,1.0,0
1481888452645809168,394,1481888452642387100,,0,0,46.518283844,6.56642389297,2.77602830977e-40,1.0,0.0,0.0,0.0,1.0,0.0,0.0,0.0,1.0,0
1481888452747700516,395,1481888452743971263,,0,0,46.5182876587,6.56643629074,2.77602830977e-40,1.0,0.0,0.0,0.0,1.0,0.0,0.0,0.0,1.0,0
1481888452849388012,396,1481888452846469796,,0,0,46.5182914734,6.56642866135,2.77602830977e-40,1.0,0.0,0.0,0.0,1.0,0.0,0.0,0.0,1.0,0
1481888452963596595,397,1481888452961252647,,0,0,46.518283844,6.56641578674,2.77602830977e-40,1.0,0.0,0.0,0.0,1.0,0.0,0.0,0.0,1.0,0
1481888453147286834,398,1481888453144375701,,0,0,46.5182800293,6.56643104553,2.77602830977e-40,1.0,0.0,0.0,0.0,1.0,0.0,0.0,0.0,1.0,0
1481888453242504828,399,1481888453237895006,,0,0,46.5182800293,6.56642580032,2.77602830977e-40,1.0,0.0,0.0,0.0,1.0,0.0,0.0,0.0,1.0,0
1481888453342733007,400,1481888453338572193,,0,0,46.5182762146,6.56642198563,2.77602830977e-40,1.0,0.0,0.0,0.0,1.0,0.0,0.0,0.0,1.0,0
1481888453443890089,401,1481888453441369684,,0,0,46.5182723999,6.56641292572,2.77602830977e-40,1.0,0.0,0.0,0.0,1.0,0.0,0.0,0.0,1.0,0
1481888453548085020,402,1481888453544514776,,0,0,46.5182571411,6.56642007828,2.77602830977e-40,1.0,0.0,0.0,0.0,1.0,0.0,0.0,0.0,1.0,0
1481888453652638440,403,1481888453648294293,,0,0,46.5182800293,6.56641483307,2.77602830977e-40,1.0,0.0,0.0,0.0,1.0,0.0,0.0,0.0,1.0,0
1481888453744353117,404,1481888453741415891,,0,0,46.5182685852,6.56641483307,2.77602830977e-40,1.0,0.0,0.0,0.0,1.0,0.0,0.0,0.0,1.0,0
1481888453845875822,405,1481888453842654743,,0,0,46.5182762146,6.56640338898,2.77602830977e-40,1.0,0.0,0.0,0.0,1.0,0.0,0.0,0.0,1.0,0
1481888453960473309,406,1481888453956453849,,0,0,46.5182685852,6.566385746,2.77602830977e-40,1.0,0.0,0.0,0.0,1.0,0.0,0.0,0.0,1.0,0
1481888454163963091,407,1481888454161259510,,0,0,46.5182723999,6.56637525558,2.77602830977e-40,1.0,0.0,0.0,0.0,1.0,0.0,0.0,0.0,1.0,0
1481888454355432513,408,1481888454352252215,,0,0,46.5182876587,6.56639957428,2.77602830977e-40,1.0,0.0,0.0,0.0,1.0,0.0,0.0,0.0,1.0,0
1481888454463204823,409,1481888454455376370,,0,0,46.518283844,6.56638717651,2.77602830977e-40,1.0,0.0,0.0,0.0,1.0,0.0,0.0,0.0,1.0,0
1481888454661421140,410,1481888454658691674,,0,0,46.5182800293,6.56638336182,2.77602830977e-40,1.0,0.0,0.0,0.0,1.0,0.0,0.0,0.0,1.0,0
1481888454864970766,411,1481888454862516871,,0,0,46.5182762146,6.56639575958,2.77602830977e-40,1.0,0.0,0.0,0.0,1.0,0.0,0.0,0.0,1.0,0
1481888455057656015,412,1481888455054831601,,0,0,46.5182952881,6.56636571884,2.77602830977e-40,1.0,0.0,0.0,0.0,1.0,0.0,0.0,0.0,1.0,0
1481888455243304526,413,1481888455240654955,,0,0,46.5182991028,6.56633663177,2.77602830977e-40,1.0,0.0,0.0,0.0,1.0,0.0,0.0,0.0,1.0,0
1481888455346410140,414,1481888455343322342,,0,0,46.5183067322,6.56635904312,2.77602830977e-40,1.0,0.0,0.0,0.0,1.0,0.0,0.0,0.0,1.0,0
1481888455448908361,415,1481888455443124794,,0,0,46.5183105469,6.56636810303,2.77602830977e-40,1.0,0.0,0.0,0.0,1.0,0.0,0.0,0.0,1.0,0
1481888455550035859,416,1481888455545857024,,0,0,46.5183105469,6.56639480591,2.77602830977e-40,1.0,0.0,0.0,0.0,1.0,0.0,0.0,0.0,1.0,0
1481888455654735111,417,1481888455650078883,,0,0,46.5183334351,6.56639575958,2.77602830977e-40,1.0,0.0,0.0,0.0,1.0,0.0,0.0,0.0,1.0,0
1481888455748124832,418,1481888455743390584,,0,0,46.5183334351,6.56639814377,2.77602830977e-40,1.0,0.0,0.0,0.0,1.0,0.0,0.0,0.0,1.0,0
1481888455867416204,419,1481888455858339111,,0,0,46.5183372498,6.56639289856,2.77602830977e-40,1.0,0.0,0.0,0.0,1.0,0.0,0.0,0.0,1.0,0
1481888456063758468,420,1481888456061077074,,0,0,46.5183334351,6.56640005112,2.77602830977e-40,1.0,0.0,0.0,0.0,1.0,0.0,0.0,0.0,1.0,0
1481888456261074060,421,1481888456256303040,,0,0,46.5183029175,6.56642103195,2.77602830977e-40,1.0,0.0,0.0,0.0,1.0,0.0,0.0,0.0,1.0,0
1481888456463911397,422,1481888456458923764,,0,0,46.5183029175,6.56640911102,2.77602830977e-40,1.0,0.0,0.0,0.0,1.0,0.0,0.0,0.0,1.0,0
1481888456648312153,423,1481888456643153896,,0,0,46.5182952881,6.56642961502,2.77602830977e-40,1.0,0.0,0.0,0.0,1.0,0.0,0.0,0.0,1.0,0
1481888456768605499,424,1481888456765731971,,0,0,46.5182952881,6.56644630432,2.77602830977e-40,1.0,0.0,0.0,0.0,1.0,0.0,0.0,0.0,1.0,0
1481888456978748844,425,1481888456971931168,,0,0,46.5183029175,6.56643247604,2.77602830977e-40,1.0,0.0,0.0,0.0,1.0,0.0,0.0,0.0,1.0,0
1481888457172824764,426,1481888457169372853,,0,0,46.518321991,6.566447258,2.77602830977e-40,1.0,0.0,0.0,0.0,1.0,0.0,0.0,0.0,1.0,0
1481888457369913638,427,1481888457365584700,,0,0,46.5183410645,6.5664601326,2.77602830977e-40,1.0,0.0,0.0,0.0,1.0,0.0,0.0,0.0,1.0,0
1481888457564947262,428,1481888457561131811,,0,0,46.5183486938,6.56645202637,2.77602830977e-40,1.0,0.0,0.0,0.0,1.0,0.0,0.0,0.0,1.0,0
1481888457768119285,429,1481888457764508468,,0,0,46.5183677673,6.56645345688,2.77602830977e-40,1.0,0.0,0.0,0.0,1.0,0.0,0.0,0.0,1.0,0
1481888457970306990,430,1481888457968076323,,0,0,46.5183372498,6.56645107269,2.77602830977e-40,1.0,0.0,0.0,0.0,1.0,0.0,0.0,0.0,1.0,0
1481888458175932543,431,1481888458171984124,,0,0,46.5183563232,6.56646108627,2.77602830977e-40,1.0,0.0,0.0,0.0,1.0,0.0,0.0,0.0,1.0,0
1481888458381191952,432,1481888458375377135,,0,0,46.5183448792,6.56645727158,2.77602830977e-40,1.0,0.0,0.0,0.0,1.0,0.0,0.0,0.0,1.0,0
1481888458562765430,433,1481888458557384882,,0,0,46.5183448792,6.56646299362,2.77602830977e-40,1.0,0.0,0.0,0.0,1.0,0.0,0.0,0.0,1.0,0
1481888458767848225,434,1481888458764981728,,0,0,46.5183639526,6.56645870209,2.77602830977e-40,1.0,0.0,0.0,0.0,1.0,0.0,0.0,0.0,1.0,0
1481888458984858986,435,1481888458982435664,,0,0,46.5183448792,6.56646871567,2.77602830977e-40,1.0,0.0,0.0,0.0,1.0,0.0,0.0,0.0,1.0,0
1481888459172449519,436,1481888459168528444,,0,0,46.5183410645,6.56647491455,2.77602830977e-40,1.0,0.0,0.0,0.0,1.0,0.0,0.0,0.0,1.0,0
1481888459355142107,437,1481888459351060198,,0,0,46.5183563232,6.56643819809,2.77602830977e-40,1.0,0.0,0.0,0.0,1.0,0.0,0.0,0.0,1.0,0
1481888459463787955,438,1481888459454874976,,0,0,46.5183486938,6.56643819809,2.77602830977e-40,1.0,0.0,0.0,0.0,1.0,0.0,0.0,0.0,1.0,0
1481888459662560728,439,1481888459658465434,,0,0,46.5183525085,6.56642150879,2.77602830977e-40,1.0,0.0,0.0,0.0,1.0,0.0,0.0,0.0,1.0,0
1481888459864971765,440,1481888459862637557,,0,0,46.5183601379,6.56643152237,2.77602830977e-40,1.0,0.0,0.0,0.0,1.0,0.0,0.0,0.0,1.0,0
1481888460069208418,441,1481888460065951038,,0,0,46.5183601379,6.56645870209,2.77602830977e-40,1.0,0.0,0.0,0.0,1.0,0.0,0.0,0.0,1.0,0
1481888460262599914,442,1481888460260635132,,0,0,46.5183563232,6.56643819809,2.77602830977e-40,1.0,0.0,0.0,0.0,1.0,0.0,0.0,0.0,1.0,0
1481888460470237958,443,1481888460467256670,,0,0,46.5183410645,6.56642532349,2.77602830977e-40,1.0,0.0,0.0,0.0,1.0,0.0,0.0,0.0,1.0,0
1481888460668641722,444,1481888460665475070,,0,0,46.5183410645,6.56645202637,2.77602830977e-40,1.0,0.0,0.0,0.0,1.0,0.0,0.0,0.0,1.0,0
1481888460873367540,445,1481888460870555574,,0,0,46.5183372498,6.56647586823,2.77602830977e-40,1.0,0.0,0.0,0.0,1.0,0.0,0.0,0.0,1.0,0
1481888461068586319,446,1481888461065901436,,0,0,46.5183486938,6.56649637222,2.77602830977e-40,1.0,0.0,0.0,0.0,1.0,0.0,0.0,0.0,1.0,0
1481888461273522917,447,1481888461271170689,,0,0,46.5183639526,6.5664601326,2.77602830977e-40,1.0,0.0,0.0,0.0,1.0,0.0,0.0,0.0,1.0,0
1481888461470165231,448,1481888461467165245,,0,0,46.5183906555,6.56646060944,2.77602830977e-40,1.0,0.0,0.0,0.0,1.0,0.0,0.0,0.0,1.0,0
1481888461674793289,449,1481888461669218836,,0,0,46.5183792114,6.56647729874,2.77602830977e-40,1.0,0.0,0.0,0.0,1.0,0.0,0.0,0.0,1.0,0
1481888461866634427,450,1481888461861067318,,0,0,46.518371582,6.56649160385,2.77602830977e-40,1.0,0.0,0.0,0.0,1.0,0.0,0.0,0.0,1.0,0
1481888462059836497,451,1481888462057204947,,0,0,46.5183677673,6.56648826599,2.77602830977e-40,1.0,0.0,0.0,0.0,1.0,0.0,0.0,0.0,1.0,0
1481888462263511903,452,1481888462261220872,,0,0,46.518371582,6.56649875641,2.77602830977e-40,1.0,0.0,0.0,0.0,1.0,0.0,0.0,0.0,1.0,0
1481888462525082352,453,1481888462516449528,,0,0,46.5183830261,6.56650352478,2.77602830977e-40,1.0,0.0,0.0,0.0,1.0,0.0,0.0,0.0,1.0,0
1481888462681858550,454,1481888462676364200,,0,0,46.518371582,6.56650018692,2.77602830977e-40,1.0,0.0,0.0,0.0,1.0,0.0,0.0,0.0,1.0,0
1481888462873785000,455,1481888462870468609,,0,0,46.5183677673,6.56648731232,2.77602830977e-40,1.0,0.0,0.0,0.0,1.0,0.0,0.0,0.0,1.0,0
1481888463076917857,456,1481888463073672611,,0,0,46.5183830261,6.56648826599,2.77602830977e-40,1.0,0.0,0.0,0.0,1.0,0.0,0.0,0.0,1.0,0
1481888463278727959,457,1481888463275517818,,0,0,46.5183792114,6.56646633148,2.77602830977e-40,1.0,0.0,0.0,0.0,1.0,0.0,0.0,0.0,1.0,0
1481888463462975070,458,1481888463459714877,,0,0,46.5183753967,6.56646203995,2.77602830977e-40,1.0,0.0,0.0,0.0,1.0,0.0,0.0,0.0,1.0,0
1481888463675119343,459,1481888463672740448,,0,0,46.518371582,6.5664806366,2.77602830977e-40,1.0,0.0,0.0,0.0,1.0,0.0,0.0,0.0,1.0,0
1481888463874835966,460,1481888463871089421,,0,0,46.518371582,6.56650114059,2.77602830977e-40,1.0,0.0,0.0,0.0,1.0,0.0,0.0,0.0,1.0,0
1481888464078877412,461,1481888464076044248,,0,0,46.5183753967,6.56654310226,2.77602830977e-40,1.0,0.0,0.0,0.0,1.0,0.0,0.0,0.0,1.0,0
1481888464275811495,462,1481888464271868858,,0,0,46.5183868408,6.56652879715,2.77602830977e-40,1.0,0.0,0.0,0.0,1.0,0.0,0.0,0.0,1.0,0
1481888464471836625,463,1481888464469499656,,0,0,46.5183830261,6.56654453278,2.77602830977e-40,1.0,0.0,0.0,0.0,1.0,0.0,0.0,0.0,1.0,0
1481888464676215048,464,1481888464673748654,,0,0,46.5183868408,6.56654930115,2.77602830977e-40,1.0,0.0,0.0,0.0,1.0,0.0,0.0,0.0,1.0,0
1481888464861103615,465,1481888464858802272,,0,0,46.5183906555,6.5665307045,2.77602830977e-40,1.0,0.0,0.0,0.0,1.0,0.0,0.0,0.0,1.0,0
1481888465077293859,466,1481888465073919395,,0,0,46.5183830261,6.56650400162,2.77602830977e-40,1.0,0.0,0.0,0.0,1.0,0.0,0.0,0.0,1.0,0
1481888465269439423,467,1481888465266969955,,0,0,46.5183830261,6.56651830673,2.77602830977e-40,1.0,0.0,0.0,0.0,1.0,0.0,0.0,0.0,1.0,0
1481888465472094000,468,1481888465469538856,,0,0,46.5183792114,6.56653165817,2.77602830977e-40,1.0,0.0,0.0,0.0,1.0,0.0,0.0,0.0,1.0,0
1481888465670860836,469,1481888465666928406,,0,0,46.5183868408,6.56651687622,2.77602830977e-40,1.0,0.0,0.0,0.0,1.0,0.0,0.0,0.0,1.0,0
1481888465875896808,470,1481888465871561099,,0,0,46.5183868408,6.56651258469,2.77602830977e-40,1.0,0.0,0.0,0.0,1.0,0.0,0.0,0.0,1.0,0
1481888466070555121,471,1481888466066350401,,0,0,46.5183906555,6.56648588181,2.77602830977e-40,1.0,0.0,0.0,0.0,1.0,0.0,0.0,0.0,1.0,0
1481888466260706163,472,1481888466251128656,,0,0,46.5183944702,6.56651306152,2.77602830977e-40,1.0,0.0,0.0,0.0,1.0,0.0,0.0,0.0,1.0,0
1481888466369757843,473,1481888466364230994,,0,0,46.5183982849,6.56650543213,2.77602830977e-40,1.0,0.0,0.0,0.0,1.0,0.0,0.0,0.0,1.0,0
1481888466570568783,474,1481888466565609119,,0,0,46.5183982849,6.56651115417,2.77602830977e-40,1.0,0.0,0.0,0.0,1.0,0.0,0.0,0.0,1.0,0
1481888466784451434,475,1481888466781964206,,0,0,46.5184020996,6.56653165817,2.77602830977e-40,1.0,0.0,0.0,0.0,1.0,0.0,0.0,0.0,1.0,0
1481888466971021607,476,1481888466967071365,,0,0,46.5184059143,6.56652212143,2.77602830977e-40,1.0,0.0,0.0,0.0,1.0,0.0,0.0,0.0,1.0,0
1481888467172750824,477,1481888467168608344,,0,0,46.5184020996,6.5665230751,2.77602830977e-40,1.0,0.0,0.0,0.0,1.0,0.0,0.0,0.0,1.0,0
1481888467368170904,478,1481888467364216131,,0,0,46.5184135437,6.56651926041,2.77602830977e-40,1.0,0.0,0.0,0.0,1.0,0.0,0.0,0.0,1.0,0
1481888467561187402,479,1481888467558235072,,0,0,46.5184020996,6.56651544571,2.77602830977e-40,1.0,0.0,0.0,0.0,1.0,0.0,0.0,0.0,1.0,0
1481888467758889294,480,1481888467755465091,,0,0,46.5184059143,6.56652832031,2.77602830977e-40,1.0,0.0,0.0,0.0,1.0,0.0,0.0,0.0,1.0,0
1481888467870654243,481,1481888467867920506,,0,0,46.5184059143,6.56653404236,2.77602830977e-40,1.0,0.0,0.0,0.0,1.0,0.0,0.0,0.0,1.0,0
1481888468081853781,482,1481888468076836460,,0,0,46.5183982849,6.56655502319,2.77602830977e-40,1.0,0.0,0.0,0.0,1.0,0.0,0.0,0.0,1.0,0
1481888468271385346,483,1481888468268303902,,0,0,46.5184135437,6.56653594971,2.77602830977e-40,1.0,0.0,0.0,0.0,1.0,0.0,0.0,0.0,1.0,0
1481888468472040402,484,1481888468468843490,,0,0,46.5184173584,6.56655168533,2.77602830977e-40,1.0,0.0,0.0,0.0,1.0,0.0,0.0,0.0,1.0,0
1481888468667913813,485,1481888468664698151,,0,0,46.5184249878,6.56653404236,2.77602830977e-40,1.0,0.0,0.0,0.0,1.0,0.0,0.0,0.0,1.0,0
1481888468864803574,486,1481888468858159490,,0,0,46.5184326172,6.56654024124,2.77602830977e-40,1.0,0.0,0.0,0.0,1.0,0.0,0.0,0.0,1.0,0
1481888469054957585,487,1481888469052053588,,0,0,46.5184249878,6.56655168533,2.77602830977e-40,1.0,0.0,0.0,0.0,1.0,0.0,0.0,0.0,1.0,0
1481888469168956585,488,1481888469163368434,,0,0,46.518409729,6.56655931473,2.77602830977e-40,1.0,0.0,0.0,0.0,1.0,0.0,0.0,0.0,1.0,0
1481888469372794126,489,1481888469370259451,,0,0,46.5184059143,6.56656694412,2.77602830977e-40,1.0,0.0,0.0,0.0,1.0,0.0,0.0,0.0,1.0,0
1481888469566841296,490,1481888469562555118,,0,0,46.5184135437,6.56658220291,2.77602830977e-40,1.0,0.0,0.0,0.0,1.0,0.0,0.0,0.0,1.0,0
1481888469766770730,491,1481888469757794782,,0,0,46.5184173584,6.56660175323,2.77602830977e-40,1.0,0.0,0.0,0.0,1.0,0.0,0.0,0.0,1.0,0
1481888469963844552,492,1481888469961153679,,0,0,46.5184364319,6.56660509109,2.77602830977e-40,1.0,0.0,0.0,0.0,1.0,0.0,0.0,0.0,1.0,0
1481888470166257933,493,1481888470163348624,,0,0,46.5184402466,6.56660509109,2.77602830977e-40,1.0,0.0,0.0,0.0,1.0,0.0,0.0,0.0,1.0,0
1481888470351171604,494,1481888470347952192,,0,0,46.5184249878,6.566614151,2.77602830977e-40,1.0,0.0,0.0,0.0,1.0,0.0,0.0,0.0,1.0,0
1481888470441924723,495,1481888470439434422,,0,0,46.5184326172,6.56660318375,2.77602830977e-40,1.0,0.0,0.0,0.0,1.0,0.0,0.0,0.0,1.0,0
1481888470566313936,496,1481888470561114585,,0,0,46.5184288025,6.5666103363,2.77602830977e-40,1.0,0.0,0.0,0.0,1.0,0.0,0.0,0.0,1.0,0
1481888470765769309,497,1481888470761397663,,0,0,46.5184364319,6.56660842896,2.77602830977e-40,1.0,0.0,0.0,0.0,1.0,0.0,0.0,0.0,1.0,0
1481888470981265181,498,1481888470973648134,,0,0,46.5184402466,6.56660509109,2.77602830977e-40,1.0,0.0,0.0,0.0,1.0,0.0,0.0,0.0,1.0,0
1481888471179742070,499,1481888471170809299,,0,0,46.5184631348,6.56660509109,2.77602830977e-40,1.0,0.0,0.0,0.0,1.0,0.0,0.0,0.0,1.0,0
1481888471371953519,500,1481888471367613331,,0,0,46.5184631348,6.56660842896,2.77602830977e-40,1.0,0.0,0.0,0.0,1.0,0.0,0.0,0.0,1.0,0
1481888471571287331,501,1481888471566868185,,0,0,46.5184745789,6.5666103363,2.77602830977e-40,1.0,0.0,0.0,0.0,1.0,0.0,0.0,0.0,1.0,0
1481888471762808106,502,1481888471756608135,,0,0,46.5184707642,6.56660223007,2.77602830977e-40,1.0,0.0,0.0,0.0,1.0,0.0,0.0,0.0,1.0,0
1481888471973073742,503,1481888471970582243,,0,0,46.5184555054,6.56662082672,2.77602830977e-40,1.0,0.0,0.0,0.0,1.0,0.0,0.0,0.0,1.0,0
1481888472158328818,504,1481888472155966433,,0,0,46.5184593201,6.56660699844,2.77602830977e-40,1.0,0.0,0.0,0.0,1.0,0.0,0.0,0.0,1.0,0
1481888472361566726,505,1481888472358242158,,0,0,46.5184707642,6.56659221649,2.77602830977e-40,1.0,0.0,0.0,0.0,1.0,0.0,0.0,0.0,1.0,0
1481888472569131333,506,1481888472566330929,,0,0,46.5184669495,6.56657934189,2.77602830977e-40,1.0,0.0,0.0,0.0,1.0,0.0,0.0,0.0,1.0,0
1481888472744641453,507,1481888472742120527,,0,0,46.5184860229,6.56659460068,2.77602830977e-40,1.0,0.0,0.0,0.0,1.0,0.0,0.0,0.0,1.0,0
1481888472845684160,508,1481888472843154015,,0,0,46.518497467,6.56661081314,2.77602830977e-40,1.0,0.0,0.0,0.0,1.0,0.0,0.0,0.0,1.0,0
1481888472950338465,509,1481888472947921965,,0,0,46.5184860229,6.56662321091,2.77602830977e-40,1.0,0.0,0.0,0.0,1.0,0.0,0.0,0.0,1.0,0
1481888473147929889,510,1481888473141735803,,0,0,46.5184631348,6.56661891937,2.77602830977e-40,1.0,0.0,0.0,0.0,1.0,0.0,0.0,0.0,1.0,0
1481888473257020006,511,1481888473253791219,,0,0,46.5184669495,6.56661701202,2.77602830977e-40,1.0,0.0,0.0,0.0,1.0,0.0,0.0,0.0,1.0,0
1481888473369786512,512,1481888473365553407,,0,0,46.5184783936,6.56662416458,2.77602830977e-40,1.0,0.0,0.0,0.0,1.0,0.0,0.0,0.0,1.0,0
1481888473565330342,513,1481888473557636471,,0,0,46.518497467,6.56662321091,2.77602830977e-40,1.0,0.0,0.0,0.0,1.0,0.0,0.0,0.0,1.0,0
1481888473763783428,514,1481888473758821629,,0,0,46.5185203552,6.56664419174,2.77602830977e-40,1.0,0.0,0.0,0.0,1.0,0.0,0.0,0.0,1.0,0
1481888473967073472,515,1481888473961486571,,0,0,46.5185127258,6.56665086746,2.77602830977e-40,1.0,0.0,0.0,0.0,1.0,0.0,0.0,0.0,1.0,0
1481888474163391725,516,1481888474158002166,,0,0,46.5185241699,6.56666517258,2.77602830977e-40,1.0,0.0,0.0,0.0,1.0,0.0,0.0,0.0,1.0,0
1481888474369376235,517,1481888474365545992,,0,0,46.5185203552,6.5666513443,2.77602830977e-40,1.0,0.0,0.0,0.0,1.0,0.0,0.0,0.0,1.0,0
1481888474543638653,518,1481888474540932103,,0,0,46.5185165405,6.56665706635,2.77602830977e-40,1.0,0.0,0.0,0.0,1.0,0.0,0.0,0.0,1.0,0
1481888474656250368,519,1481888474653386944,,0,0,46.5185089111,6.56666612625,2.77602830977e-40,1.0,0.0,0.0,0.0,1.0,0.0,0.0,0.0,1.0,0
1481888474760600820,520,1481888474757640782,,0,0,46.5185050964,6.56666564941,2.77602830977e-40,1.0,0.0,0.0,0.0,1.0,0.0,0.0,0.0,1.0,0
1481888474964428882,521,1481888474961514312,,0,0,46.5184783936,6.56665372849,2.77602830977e-40,1.0,0.0,0.0,0.0,1.0,0.0,0.0,0.0,1.0,0
1481888475157108245,522,1481888475153820917,,0,0,46.5184593201,6.56663703918,2.77602830977e-40,1.0,0.0,0.0,0.0,1.0,0.0,0.0,0.0,1.0,0
1481888475355913206,523,1481888475353085875,,0,0,46.5184555054,6.56662607193,2.77602830977e-40,1.0,0.0,0.0,0.0,1.0,0.0,0.0,0.0,1.0,0
1481888475550716622,524,1481888475547861062,,0,0,46.5184440613,6.56662940979,2.77602830977e-40,1.0,0.0,0.0,0.0,1.0,0.0,0.0,0.0,1.0,0
1481888475754212185,525,1481888475751305376,,0,0,46.5184516907,6.56661558151,2.77602830977e-40,1.0,0.0,0.0,0.0,1.0,0.0,0.0,0.0,1.0,0
1481888475941386730,526,1481888475934742178,,0,0,46.5184631348,6.56662321091,2.77602830977e-40,1.0,0.0,0.0,0.0,1.0,0.0,0.0,0.0,1.0,0
1481888476051471218,527,1481888476048718471,,0,0,46.5184783936,6.56664037704,2.77602830977e-40,1.0,0.0,0.0,0.0,1.0,0.0,0.0,0.0,1.0,0
1481888476145991351,528,1481888476142417514,,0,0,46.5184631348,6.56665849686,2.77602830977e-40,1.0,0.0,0.0,0.0,1.0,0.0,0.0,0.0,1.0,0
1481888476253098353,529,1481888476246980829,,0,0,46.5184745789,6.56666231155,2.77602830977e-40,1.0,0.0,0.0,0.0,1.0,0.0,0.0,0.0,1.0,0
1481888476352569556,530,1481888476349824465,,0,0,46.5184860229,6.56668996811,2.77602830977e-40,1.0,0.0,0.0,0.0,1.0,0.0,0.0,0.0,1.0,0
1481888476446587400,531,1481888476442872157,,0,0,46.518497467,6.56669712067,2.77602830977e-40,1.0,0.0,0.0,0.0,1.0,0.0,0.0,0.0,1.0,0
1481888476549147443,532,1481888476546402404,,0,0,46.5184936523,6.56670856476,2.77602830977e-40,1.0,0.0,0.0,0.0,1.0,0.0,0.0,0.0,1.0,0
1481888476651499102,533,1481888476648745574,,0,0,46.5185050964,6.5667142868,2.77602830977e-40,1.0,0.0,0.0,0.0,1.0,0.0,0.0,0.0,1.0,0
1481888476754927006,534,1481888476751993739,,0,0,46.518497467,6.56671667099,2.77602830977e-40,1.0,0.0,0.0,0.0,1.0,0.0,0.0,0.0,1.0,0
1481888476868286479,535,1481888476864781443,,0,0,46.5185279846,6.5666975975,2.77602830977e-40,1.0,0.0,0.0,0.0,1.0,0.0,0.0,0.0,1.0,0
1481888477072091259,536,1481888477068700077,,0,0,46.5185127258,6.56667566299,2.77602830977e-40,1.0,0.0,0.0,0.0,1.0,0.0,0.0,0.0,1.0,0
1481888477244659415,537,1481888477240991671,,0,0,46.5184783936,6.56666994095,2.77602830977e-40,1.0,0.0,0.0,0.0,1.0,0.0,0.0,0.0,1.0,0
1481888477337314140,538,1481888477332924420,,0,0,46.5184707642,6.56666898727,2.77602830977e-40,1.0,0.0,0.0,0.0,1.0,0.0,0.0,0.0,1.0,0
1481888477468597956,539,1481888477465188492,,0,0,46.5184669495,6.56667852402,2.77602830977e-40,1.0,0.0,0.0,0.0,1.0,0.0,0.0,0.0,1.0,0
1481888477653153138,540,1481888477651060231,,0,0,46.5184593201,6.56664276123,2.77602830977e-40,1.0,0.0,0.0,0.0,1.0,0.0,0.0,0.0,1.0,0
1481888477851488621,541,1481888477849089310,,0,0,46.5184440613,6.56664514542,2.77602830977e-40,1.0,0.0,0.0,0.0,1.0,0.0,0.0,0.0,1.0,0
1481888477945476726,542,1481888477942947831,,0,0,46.5184364319,6.56665658951,2.77602830977e-40,1.0,0.0,0.0,0.0,1.0,0.0,0.0,0.0,1.0,0
1481888478048033175,543,1481888478045227303,,0,0,46.518447876,6.56666564941,2.77602830977e-40,1.0,0.0,0.0,0.0,1.0,0.0,0.0,0.0,1.0,0
1481888478163160192,544,1481888478159399636,,0,0,46.5184669495,6.56664133072,2.77602830977e-40,1.0,0.0,0.0,0.0,1.0,0.0,0.0,0.0,1.0,0
1481888478349687500,545,1481888478346931680,,0,0,46.5184593201,6.56663656235,2.77602830977e-40,1.0,0.0,0.0,0.0,1.0,0.0,0.0,0.0,1.0,0
1481888478451542651,546,1481888478448607873,,0,0,46.5184516907,6.56661128998,2.77602830977e-40,1.0,0.0,0.0,0.0,1.0,0.0,0.0,0.0,1.0,0
1481888478552408432,547,1481888478549669643,,0,0,46.5184516907,6.56662559509,2.77602830977e-40,1.0,0.0,0.0,0.0,1.0,0.0,0.0,0.0,1.0,0
1481888478645341645,548,1481888478641732912,,0,0,46.5184669495,6.5666308403,2.77602830977e-40,1.0,0.0,0.0,0.0,1.0,0.0,0.0,0.0,1.0,0
1481888478737361269,549,1481888478734223419,,0,0,46.5184707642,6.56664037704,2.77602830977e-40,1.0,0.0,0.0,0.0,1.0,0.0,0.0,0.0,1.0,0
1481888478851423967,550,1481888478845859410,,0,0,46.5184745789,6.56663990021,2.77602830977e-40,1.0,0.0,0.0,0.0,1.0,0.0,0.0,0.0,1.0,0
1481888478949669916,551,1481888478946831544,,0,0,46.5184898376,6.56663751602,2.77602830977e-40,1.0,0.0,0.0,0.0,1.0,0.0,0.0,0.0,1.0,0
1481888479063364752,552,1481888479059673831,,0,0,46.5185050964,6.56663751602,2.77602830977e-40,1.0,0.0,0.0,0.0,1.0,0.0,0.0,0.0,1.0,0
1481888479265924798,553,1481888479262873198,,0,0,46.5185012817,6.5666384697,2.77602830977e-40,1.0,0.0,0.0,0.0,1.0,0.0,0.0,0.0,1.0,0
1481888479464923143,554,1481888479459533949,,0,0,46.5185279846,6.56664991379,2.77602830977e-40,1.0,0.0,0.0,0.0,1.0,0.0,0.0,0.0,1.0,0
1481888479666932567,555,1481888479664134664,,0,0,46.5185165405,6.56665468216,2.77602830977e-40,1.0,0.0,0.0,0.0,1.0,0.0,0.0,0.0,1.0,0
1481888479909424824,556,1481888479906228381,,0,0,46.5185127258,6.56661987305,2.77602830977e-40,1.0,0.0,0.0,0.0,1.0,0.0,0.0,0.0,1.0,0
1481888480044905392,557,1481888480036672982,,0,0,46.518497467,6.56663274765,2.77602830977e-40,1.0,0.0,0.0,0.0,1.0,0.0,0.0,0.0,1.0,0
1481888480144976957,558,1481888480139282556,,0,0,46.5184936523,6.5666437149,2.77602830977e-40,1.0,0.0,0.0,0.0,1.0,0.0,0.0,0.0,1.0,0
1481888480253685514,559,1481888480250673913,,0,0,46.5184936523,6.56663990021,2.77602830977e-40,1.0,0.0,0.0,0.0,1.0,0.0,0.0,0.0,1.0,0
1481888480468726961,560,1481888480466261087,,0,0,46.5184898376,6.56663656235,2.77602830977e-40,1.0,0.0,0.0,0.0,1.0,0.0,0.0,0.0,1.0,0
1481888480663666939,561,1481888480660799035,,0,0,46.5184822083,6.56662273407,2.77602830977e-40,1.0,0.0,0.0,0.0,1.0,0.0,0.0,0.0,1.0,0
1481888480856715467,562,1481888480854007146,,0,0,46.5184822083,6.5666270256,2.77602830977e-40,1.0,0.0,0.0,0.0,1.0,0.0,0.0,0.0,1.0,0
1481888481065301476,563,1481888481062184563,,0,0,46.5184822083,6.56661605835,2.77602830977e-40,1.0,0.0,0.0,0.0,1.0,0.0,0.0,0.0,1.0,0
1481888481267221109,564,1481888481260074059,,0,0,46.5184707642,6.5665974617,2.77602830977e-40,1.0,0.0,0.0,0.0,1.0,0.0,0.0,0.0,1.0,0
1481888481443110811,565,1481888481436205583,,0,0,46.5184593201,6.56658983231,2.77602830977e-40,1.0,0.0,0.0,0.0,1.0,0.0,0.0,0.0,1.0,0
1481888481551602806,566,1481888481548845579,,0,0,46.5184555054,6.56658744812,2.77602830977e-40,1.0,0.0,0.0,0.0,1.0,0.0,0.0,0.0,1.0,0
1481888481654783940,567,1481888481651881245,,0,0,46.5184631348,6.56658124924,2.77602830977e-40,1.0,0.0,0.0,0.0,1.0,0.0,0.0,0.0,1.0,0
1481888481750818702,568,1481888481747938090,,0,0,46.5184783936,6.56656503677,2.77602830977e-40,1.0,0.0,0.0,0.0,1.0,0.0,0.0,0.0,1.0,0
1481888481852492447,569,1481888481849295952,,0,0,46.5184593201,6.56658029556,2.77602830977e-40,1.0,0.0,0.0,0.0,1.0,0.0,0.0,0.0,1.0,0
1481888481954792908,570,1481888481951874901,,0,0,46.5184593201,6.56659412384,2.77602830977e-40,1.0,0.0,0.0,0.0,1.0,0.0,0.0,0.0,1.0,0
1481888482056037854,571,1481888482053396199,,0,0,46.5184516907,6.56660413742,2.77602830977e-40,1.0,0.0,0.0,0.0,1.0,0.0,0.0,0.0,1.0,0
1481888482249970337,572,1481888482247653004,,0,0,46.5184364319,6.56661272049,2.77602830977e-40,1.0,0.0,0.0,0.0,1.0,0.0,0.0,0.0,1.0,0
1481888482352479599,573,1481888482350213360,,0,0,46.518447876,6.56660652161,2.77602830977e-40,1.0,0.0,0.0,0.0,1.0,0.0,0.0,0.0,1.0,0
1481888482455232402,574,1481888482452204916,,0,0,46.5184555054,6.56660795212,2.77602830977e-40,1.0,0.0,0.0,0.0,1.0,0.0,0.0,0.0,1.0,0
1481888482556099381,575,1481888482553069915,,0,0,46.5184669495,6.56659793854,2.77602830977e-40,1.0,0.0,0.0,0.0,1.0,0.0,0.0,0.0,1.0,0
1481888482661111548,576,1481888482654947983,,0,0,46.5184783936,6.56659793854,2.77602830977e-40,1.0,0.0,0.0,0.0,1.0,0.0,0.0,0.0,1.0,0
1481888482843587261,577,1481888482840948732,,0,0,46.5184822083,6.56659507751,2.77602830977e-40,1.0,0.0,0.0,0.0,1.0,0.0,0.0,0.0,1.0,0
1481888482987077114,578,1481888482984749781,,0,0,46.5184860229,6.56659078598,2.77602830977e-40,1.0,0.0,0.0,0.0,1.0,0.0,0.0,0.0,1.0,0
1481888483066109403,579,1481888483062310462,,0,0,46.5184822083,6.56659507751,2.77602830977e-40,1.0,0.0,0.0,0.0,1.0,0.0,0.0,0.0,1.0,0
1481888483252754575,580,1481888483250364274,,0,0,46.5184936523,6.56659650803,2.77602830977e-40,1.0,0.0,0.0,0.0,1.0,0.0,0.0,0.0,1.0,0
1481888483461031575,581,1481888483458102213,,0,0,46.518497467,6.56660699844,2.77602830977e-40,1.0,0.0,0.0,0.0,1.0,0.0,0.0,0.0,1.0,0
1481888483648166277,582,1481888483644917698,,0,0,46.5185050964,6.56662464142,2.77602830977e-40,1.0,0.0,0.0,0.0,1.0,0.0,0.0,0.0,1.0,0
1481888483748760340,583,1481888483745971394,,0,0,46.5185012817,6.56663370132,2.77602830977e-40,1.0,0.0,0.0,0.0,1.0,0.0,0.0,0.0,1.0,0
1481888483851162884,584,1481888483847677327,,0,0,46.5184898376,6.56663942337,2.77602830977e-40,1.0,0.0,0.0,0.0,1.0,0.0,0.0,0.0,1.0,0
1481888483955926928,585,1481888483952280330,,0,0,46.518497467,6.56663036346,2.77602830977e-40,1.0,0.0,0.0,0.0,1.0,0.0,0.0,0.0,1.0,0
1481888484136985304,586,1481888484134382660,,0,0,46.5184860229,6.56664037704,2.77602830977e-40,1.0,0.0,0.0,0.0,1.0,0.0,0.0,0.0,1.0,0
1481888484237630877,587,1481888484234397871,,0,0,46.5184860229,6.56664276123,2.77602830977e-40,1.0,0.0,0.0,0.0,1.0,0.0,0.0,0.0,1.0,0
1481888484352209042,588,1481888484349607387,,0,0,46.5184745789,6.5666384697,2.77602830977e-40,1.0,0.0,0.0,0.0,1.0,0.0,0.0,0.0,1.0,0
1481888484453602424,589,1481888484450109003,,0,0,46.5184631348,6.56663751602,2.77602830977e-40,1.0,0.0,0.0,0.0,1.0,0.0,0.0,0.0,1.0,0
1481888484557503659,590,1481888484554831901,,0,0,46.5184707642,6.56664228439,2.77602830977e-40,1.0,0.0,0.0,0.0,1.0,0.0,0.0,0.0,1.0,0
1481888484649944375,591,1481888484647495844,,0,0,46.5184745789,6.56663703918,2.77602830977e-40,1.0,0.0,0.0,0.0,1.0,0.0,0.0,0.0,1.0,0
1481888484744000343,592,1481888484741318637,,0,0,46.5184898376,6.56662654877,2.77602830977e-40,1.0,0.0,0.0,0.0,1.0,0.0,0.0,0.0,1.0,0
1481888484845283674,593,1481888484843258735,,0,0,46.5184898376,6.5666270256,2.77602830977e-40,1.0,0.0,0.0,0.0,1.0,0.0,0.0,0.0,1.0,0
