%time,field.header.seq,field.header.stamp,field.header.frame_id,field.status.status,field.status.service,field.latitude,field.longitude,field.altitude,field.position_covariance0,field.position_covariance1,field.position_covariance2,field.position_covariance3,field.position_covariance4,field.position_covariance5,field.position_covariance6,field.position_covariance7,field.position_covariance8,field.position_covariance_type
1480508850026218577,54,1480508850020217860,,0,0,46.5184783936,6.56666898727,2.77602830977e-40,1.0,0.0,0.0,0.0,1.0,0.0,0.0,0.0,1.0,0
1480508850219537209,55,1480508850214393625,,0,0,46.5184783936,6.56666898727,2.77602830977e-40,1.0,0.0,0.0,0.0,1.0,0.0,0.0,0.0,1.0,0
1480508850425792899,56,1480508850417188957,,0,0,46.5184783936,6.56666898727,2.77602830977e-40,1.0,0.0,0.0,0.0,1.0,0.0,0.0,0.0,1.0,0
1480508850611896233,57,1480508850607937542,,0,0,46.5184783936,6.56666851044,2.77602830977e-40,1.0,0.0,0.0,0.0,1.0,0.0,0.0,0.0,1.0,0
1480508850820963636,58,1480508850815007710,,0,0,46.5184783936,6.56666851044,2.77602830977e-40,1.0,0.0,0.0,0.0,1.0,0.0,0.0,0.0,1.0,0
1480508850992494394,59,1480508850989813305,,0,0,46.5184783936,6.56666851044,2.77602830977e-40,1.0,0.0,0.0,0.0,1.0,0.0,0.0,0.0,1.0,0
1480508851220443844,60,1480508851218314525,,0,0,46.5184783936,6.56666851044,2.77602830977e-40,1.0,0.0,0.0,0.0,1.0,0.0,0.0,0.0,1.0,0
1480508851415242889,61,1480508851411152689,,0,0,46.5184783936,6.5666680336,2.77602830977e-40,1.0,0.0,0.0,0.0,1.0,0.0,0.0,0.0,1.0,0
1480508851637671308,62,1480508851635606156,,0,0,46.5184783936,6.5666680336,2.77602830977e-40,1.0,0.0,0.0,0.0,1.0,0.0,0.0,0.0,1.0,0
1480508851823518913,63,1480508851821152199,,0,0,46.5184783936,6.5666680336,2.77602830977e-40,1.0,0.0,0.0,0.0,1.0,0.0,0.0,0.0,1.0,0
1480508852015520204,64,1480508852012644012,,0,0,46.5184783936,6.5666680336,2.77602830977e-40,1.0,0.0,0.0,0.0,1.0,0.0,0.0,0.0,1.0,0
1480508852218503244,65,1480508852215863874,,0,0,46.5184783936,6.56666755676,2.77602830977e-40,1.0,0.0,0.0,0.0,1.0,0.0,0.0,0.0,1.0,0
1480508852417957020,66,1480508852415557286,,0,0,46.5184783936,6.56666755676,2.77602830977e-40,1.0,0.0,0.0,0.0,1.0,0.0,0.0,0.0,1.0,0
1480508852624524377,67,1480508852621016206,,0,0,46.5184783936,6.56666755676,2.77602830977e-40,1.0,0.0,0.0,0.0,1.0,0.0,0.0,0.0,1.0,0
1480508852828021739,68,1480508852825809191,,0,0,46.5184783936,6.56666755676,2.77602830977e-40,1.0,0.0,0.0,0.0,1.0,0.0,0.0,0.0,1.0,0
1480508853031178060,69,1480508853028762544,,0,0,46.5184783936,6.56666707993,2.77602830977e-40,1.0,0.0,0.0,0.0,1.0,0.0,0.0,0.0,1.0,0
1480508853222174300,70,1480508853212972339,,0,0,46.5184783936,6.56666707993,2.77602830977e-40,1.0,0.0,0.0,0.0,1.0,0.0,0.0,0.0,1.0,0
1480508853420528027,71,1480508853415542151,,0,0,46.5184783936,6.56666707993,2.77602830977e-40,1.0,0.0,0.0,0.0,1.0,0.0,0.0,0.0,1.0,0
1480508853623370859,72,1480508853619963470,,0,0,46.5184783936,6.56666707993,2.77602830977e-40,1.0,0.0,0.0,0.0,1.0,0.0,0.0,0.0,1.0,0
1480508853816059284,73,1480508853813685330,,0,0,46.5184783936,6.56666660309,2.77602830977e-40,1.0,0.0,0.0,0.0,1.0,0.0,0.0,0.0,1.0,0
1480508854017672587,74,1480508854014864988,,0,0,46.5184783936,6.56666660309,2.77602830977e-40,1.0,0.0,0.0,0.0,1.0,0.0,0.0,0.0,1.0,0
1480508854214279494,75,1480508854208960494,,0,0,46.5184783936,6.56666660309,2.77602830977e-40,1.0,0.0,0.0,0.0,1.0,0.0,0.0,0.0,1.0,0
1480508854425144133,76,1480508854422872106,,0,0,46.5184783936,6.56666660309,2.77602830977e-40,1.0,0.0,0.0,0.0,1.0,0.0,0.0,0.0,1.0,0
1480508854621118229,77,1480508854615722979,,0,0,46.5184783936,6.56666612625,2.77602830977e-40,1.0,0.0,0.0,0.0,1.0,0.0,0.0,0.0,1.0,0
1480508854822474553,78,1480508854811236034,,0,0,46.5184783936,6.56666612625,2.77602830977e-40,1.0,0.0,0.0,0.0,1.0,0.0,0.0,0.0,1.0,0
1480508855004606905,79,1480508855002785659,,0,0,46.5184783936,6.56666612625,2.77602830977e-40,1.0,0.0,0.0,0.0,1.0,0.0,0.0,0.0,1.0,0
1480508855208940776,80,1480508855205068492,,0,0,46.5184783936,6.56666612625,2.77602830977e-40,1.0,0.0,0.0,0.0,1.0,0.0,0.0,0.0,1.0,0
1480508855421696766,81,1480508855419062396,,0,0,46.5184783936,6.56666612625,2.77602830977e-40,1.0,0.0,0.0,0.0,1.0,0.0,0.0,0.0,1.0,0
1480508855650129965,82,1480508855646458409,,0,0,46.5184783936,6.56666564941,2.77602830977e-40,1.0,0.0,0.0,0.0,1.0,0.0,0.0,0.0,1.0,0
1480508855820220205,83,1480508855818009376,,0,0,46.5184783936,6.56666564941,2.77602830977e-40,1.0,0.0,0.0,0.0,1.0,0.0,0.0,0.0,1.0,0
1480508856023254182,84,1480508856019668304,,0,0,46.5184783936,6.56666564941,2.77602830977e-40,1.0,0.0,0.0,0.0,1.0,0.0,0.0,0.0,1.0,0
1480508856218167655,85,1480508856213933497,,0,0,46.5184783936,6.56666564941,2.77602830977e-40,1.0,0.0,0.0,0.0,1.0,0.0,0.0,0.0,1.0,0
1480508856408830094,86,1480508856407222545,,0,0,46.5184783936,6.56666517258,2.77602830977e-40,1.0,0.0,0.0,0.0,1.0,0.0,0.0,0.0,1.0,0
1480508856612675008,87,1480508856610336366,,0,0,46.5184783936,6.56666517258,2.77602830977e-40,1.0,0.0,0.0,0.0,1.0,0.0,0.0,0.0,1.0,0
1480508856827285369,88,1480508856824644124,,0,0,46.5184783936,6.56666517258,2.77602830977e-40,1.0,0.0,0.0,0.0,1.0,0.0,0.0,0.0,1.0,0
1480508857028874297,89,1480508857027034822,,0,0,46.5184783936,6.56666517258,2.77602830977e-40,1.0,0.0,0.0,0.0,1.0,0.0,0.0,0.0,1.0,0
1480508857234248270,90,1480508857230114685,,0,0,46.5184783936,6.56666517258,2.77602830977e-40,1.0,0.0,0.0,0.0,1.0,0.0,0.0,0.0,1.0,0
1480508857439281150,91,1480508857435994021,,0,0,46.5184822083,6.56666517258,2.77602830977e-40,1.0,0.0,0.0,0.0,1.0,0.0,0.0,0.0,1.0,0
1480508857641431223,92,1480508857638534302,,0,0,46.5184822083,6.56666469574,2.77602830977e-40,1.0,0.0,0.0,0.0,1.0,0.0,0.0,0.0,1.0,0
1480508857819057438,93,1480508857812635315,,0,0,46.5184822083,6.56666469574,2.77602830977e-40,1.0,0.0,0.0,0.0,1.0,0.0,0.0,0.0,1.0,0
1480508858020589856,94,1480508858015547470,,0,0,46.5184822083,6.56666469574,2.77602830977e-40,1.0,0.0,0.0,0.0,1.0,0.0,0.0,0.0,1.0,0
1480508858220685246,95,1480508858218631448,,0,0,46.5184822083,6.56666469574,2.77602830977e-40,1.0,0.0,0.0,0.0,1.0,0.0,0.0,0.0,1.0,0
1480508858437259197,96,1480508858434311130,,0,0,46.5184822083,6.56666469574,2.77602830977e-40,1.0,0.0,0.0,0.0,1.0,0.0,0.0,0.0,1.0,0
1480508858631923816,97,1480508858629612310,,0,0,46.5184822083,6.56666469574,2.77602830977e-40,1.0,0.0,0.0,0.0,1.0,0.0,0.0,0.0,1.0,0
1480508858818029493,98,1480508858813528617,,0,0,46.5184822083,6.5666642189,2.77602830977e-40,1.0,0.0,0.0,0.0,1.0,0.0,0.0,0.0,1.0,0
1480508859009578441,99,1480508859007770215,,0,0,46.5184822083,6.56666374207,2.77602830977e-40,1.0,0.0,0.0,0.0,1.0,0.0,0.0,0.0,1.0,0
1480508859201272701,100,1480508859192132980,,0,0,46.5184822083,6.56666374207,2.77602830977e-40,1.0,0.0,0.0,0.0,1.0,0.0,0.0,0.0,1.0,0
1480508859409055628,101,1480508859407422558,,0,0,46.5184822083,6.56666374207,2.77602830977e-40,1.0,0.0,0.0,0.0,1.0,0.0,0.0,0.0,1.0,0
1480508859612603667,102,1480508859607971593,,0,0,46.5184822083,6.56666374207,2.77602830977e-40,1.0,0.0,0.0,0.0,1.0,0.0,0.0,0.0,1.0,0
1480508859805255009,103,1480508859802546420,,0,0,46.5184822083,6.56666374207,2.77602830977e-40,1.0,0.0,0.0,0.0,1.0,0.0,0.0,0.0,1.0,0
1480508860008801173,104,1480508860007168884,,0,0,46.5184822083,6.56666278839,2.77602830977e-40,1.0,0.0,0.0,0.0,1.0,0.0,0.0,0.0,1.0,0
1480508860201934232,105,1480508860199483456,,0,0,46.5184822083,6.56666040421,2.77602830977e-40,1.0,0.0,0.0,0.0,1.0,0.0,0.0,0.0,1.0,0
1480508860424807129,106,1480508860422790987,,0,0,46.5184822083,6.56665706635,2.77602830977e-40,1.0,0.0,0.0,0.0,1.0,0.0,0.0,0.0,1.0,0
1480508860608180729,107,1480508860605504432,,0,0,46.5184822083,6.56665229797,2.77602830977e-40,1.0,0.0,0.0,0.0,1.0,0.0,0.0,0.0,1.0,0
1480508860811218456,108,1480508860808842471,,0,0,46.5184822083,6.56664609909,2.77602830977e-40,1.0,0.0,0.0,0.0,1.0,0.0,0.0,0.0,1.0,0
1480508861205738569,109,1480508861203604772,,0,0,46.5184822083,6.5666384697,2.77602830977e-40,1.0,0.0,0.0,0.0,1.0,0.0,0.0,0.0,1.0,0
1480508861812432122,110,1480508861810046085,,0,0,46.5184822083,6.56661939621,2.77602830977e-40,1.0,0.0,0.0,0.0,1.0,0.0,0.0,0.0,1.0,0
1480508862537449869,111,1480508862535656643,,0,0,46.5184822083,6.56658649445,2.77602830977e-40,1.0,0.0,0.0,0.0,1.0,0.0,0.0,0.0,1.0,0
1480508863310254033,112,1480508863308029715,,0,0,46.5184783936,6.56654453278,2.77602830977e-40,1.0,0.0,0.0,0.0,1.0,0.0,0.0,0.0,1.0,0
1480508864026233986,113,1480508864024700239,,0,0,46.5184783936,6.5664935112,2.77602830977e-40,1.0,0.0,0.0,0.0,1.0,0.0,0.0,0.0,1.0,0
1480508864902705916,114,1480508864896189263,,0,0,46.5184936523,6.56645202637,2.77602830977e-40,1.0,0.0,0.0,0.0,1.0,0.0,0.0,0.0,1.0,0
1480508865540982636,115,1480508865539348368,,0,0,46.5185203552,6.56640100479,2.77602830977e-40,1.0,0.0,0.0,0.0,1.0,0.0,0.0,0.0,1.0,0
1480508866193663338,116,1480508866191150790,,0,0,46.518535614,6.56636381149,2.77602830977e-40,1.0,0.0,0.0,0.0,1.0,0.0,0.0,0.0,1.0,0
1480508866645477349,117,1480508866642667407,,0,0,46.5185508728,6.56631755829,2.77602830977e-40,1.0,0.0,0.0,0.0,1.0,0.0,0.0,0.0,1.0,0
1480508867058013833,118,1480508867054176289,,0,0,46.5185546875,6.56628894806,2.77602830977e-40,1.0,0.0,0.0,0.0,1.0,0.0,0.0,0.0,1.0,0
1480508867363075996,119,1480508867358974129,,0,0,46.5185508728,6.56626081467,2.77602830977e-40,1.0,0.0,0.0,0.0,1.0,0.0,0.0,0.0,1.0,0
1480508867677641266,120,1480508867674385648,,0,0,46.5185432434,6.56624126434,2.77602830977e-40,1.0,0.0,0.0,0.0,1.0,0.0,0.0,0.0,1.0,0
1480508868115082962,121,1480508868112606196,,0,0,46.5185317993,6.56621932983,2.77602830977e-40,1.0,0.0,0.0,0.0,1.0,0.0,0.0,0.0,1.0,0
1480508868484995675,122,1480508868482117139,,0,0,46.5185165405,6.5662021637,2.77602830977e-40,1.0,0.0,0.0,0.0,1.0,0.0,0.0,0.0,1.0,0
1480508868937944633,123,1480508868935033128,,0,0,46.518497467,6.5661907196,2.77602830977e-40,1.0,0.0,0.0,0.0,1.0,0.0,0.0,0.0,1.0,0
1480508869360531462,124,1480508869358879538,,0,0,46.5184822083,6.56618356705,2.77602830977e-40,1.0,0.0,0.0,0.0,1.0,0.0,0.0,0.0,1.0,0
1480508869794447592,125,1480508869792676293,,0,0,46.5184631348,6.56617641449,2.77602830977e-40,1.0,0.0,0.0,0.0,1.0,0.0,0.0,0.0,1.0,0
1480508870262863706,126,1480508870256368198,,0,0,46.5184402466,6.56616687775,2.77602830977e-40,1.0,0.0,0.0,0.0,1.0,0.0,0.0,0.0,1.0,0
1480508870680470128,127,1480508870678795392,,0,0,46.5184211731,6.56615924835,2.77602830977e-40,1.0,0.0,0.0,0.0,1.0,0.0,0.0,0.0,1.0,0
1480508871180669774,128,1480508871177559728,,0,0,46.5183982849,6.56615400314,2.77602830977e-40,1.0,0.0,0.0,0.0,1.0,0.0,0.0,0.0,1.0,0
1480508871797209244,129,1480508871793116127,,0,0,46.5183792114,6.56616067886,2.77602830977e-40,1.0,0.0,0.0,0.0,1.0,0.0,0.0,0.0,1.0,0
1480508872430429880,130,1480508872428390248,,0,0,46.5183601379,6.56618309021,2.77602830977e-40,1.0,0.0,0.0,0.0,1.0,0.0,0.0,0.0,1.0,0
1480508873086685627,131,1480508873084360892,,0,0,46.5183525085,6.56621265411,2.77602830977e-40,1.0,0.0,0.0,0.0,1.0,0.0,0.0,0.0,1.0,0
1480508873886176510,132,1480508873884721200,,0,0,46.5183448792,6.5662484169,2.77602830977e-40,1.0,0.0,0.0,0.0,1.0,0.0,0.0,0.0,1.0,0
1480508874652364958,133,1480508874650784232,,0,0,46.5183334351,6.56628656387,2.77602830977e-40,1.0,0.0,0.0,0.0,1.0,0.0,0.0,0.0,1.0,0
1480508875356889985,134,1480508875353947960,,0,0,46.518321991,6.56632041931,2.77602830977e-40,1.0,0.0,0.0,0.0,1.0,0.0,0.0,0.0,1.0,0
1480508876099571760,135,1480508876096425360,,0,0,46.5183105469,6.56635761261,2.77602830977e-40,1.0,0.0,0.0,0.0,1.0,0.0,0.0,0.0,1.0,0
1480508876931321851,136,1480508876929040970,,0,0,46.5182991028,6.56640291214,2.77602830977e-40,1.0,0.0,0.0,0.0,1.0,0.0,0.0,0.0,1.0,0
1480508877568651854,137,1480508877565772797,,0,0,46.5183029175,6.56644916534,2.77602830977e-40,1.0,0.0,0.0,0.0,1.0,0.0,0.0,0.0,1.0,0
1480508878283432486,138,1480508878281520302,,0,0,46.518321991,6.56647920609,2.77602830977e-40,1.0,0.0,0.0,0.0,1.0,0.0,0.0,0.0,1.0,0
1480508878828375065,139,1480508878826132465,,0,0,46.5183525085,6.56649017334,2.77602830977e-40,1.0,0.0,0.0,0.0,1.0,0.0,0.0,0.0,1.0,0
1480508879415254437,140,1480508879413149025,,0,0,46.5183753967,6.56648492813,2.77602830977e-40,1.0,0.0,0.0,0.0,1.0,0.0,0.0,0.0,1.0,0
1480508880204912527,141,1480508880201500554,,0,0,46.5183982849,6.56646871567,2.77602830977e-40,1.0,0.0,0.0,0.0,1.0,0.0,0.0,0.0,1.0,0
1480508881093991464,142,1480508881076035718,,0,0,46.5184288025,6.56644201279,2.77602830977e-40,1.0,0.0,0.0,0.0,1.0,0.0,0.0,0.0,1.0,0
1480508881947117554,143,1480508881942914646,,0,0,46.5184669495,6.56641244888,2.77602830977e-40,1.0,0.0,0.0,0.0,1.0,0.0,0.0,0.0,1.0,0
1480508882814455857,144,1480508882810461594,,0,0,46.5185012817,6.56638383865,2.77602830977e-40,1.0,0.0,0.0,0.0,1.0,0.0,0.0,0.0,1.0,0
1480508883373563720,145,1480508883370859976,,0,0,46.5185432434,6.56636190414,2.77602830977e-40,1.0,0.0,0.0,0.0,1.0,0.0,0.0,0.0,1.0,0
1480508884035382217,146,1480508884031713995,,0,0,46.5185699463,6.56634044647,2.77602830977e-40,1.0,0.0,0.0,0.0,1.0,0.0,0.0,0.0,1.0,0
1480508884776586078,147,1480508884774809259,,0,0,46.5185852051,6.56630420685,2.77602830977e-40,1.0,0.0,0.0,0.0,1.0,0.0,0.0,0.0,1.0,0
1480508885392665237,148,1480508885390358783,,0,0,46.5185852051,6.56624698639,2.77602830977e-40,1.0,0.0,0.0,0.0,1.0,0.0,0.0,0.0,1.0,0
1480508885948786909,149,1480508885946438372,,0,0,46.518573761,6.56620645523,2.77602830977e-40,1.0,0.0,0.0,0.0,1.0,0.0,0.0,0.0,1.0,0
1480508886342146660,150,1480508886340360830,,0,0,46.5185585022,6.56617689133,2.77602830977e-40,1.0,0.0,0.0,0.0,1.0,0.0,0.0,0.0,1.0,0
1480508886911344660,151,1480508886909435602,,0,0,46.5185432434,6.56615686417,2.77602830977e-40,1.0,0.0,0.0,0.0,1.0,0.0,0.0,0.0,1.0,0
1480508887379530827,152,1480508887376706822,,0,0,46.5185165405,6.56613540649,2.77602830977e-40,1.0,0.0,0.0,0.0,1.0,0.0,0.0,0.0,1.0,0
1480508887981457618,153,1480508887975330911,,0,0,46.5184898376,6.56612873077,2.77602830977e-40,1.0,0.0,0.0,0.0,1.0,0.0,0.0,0.0,1.0,0
1480508888575196820,154,1480508888571223130,,0,0,46.5184593201,6.56613492966,2.77602830977e-40,1.0,0.0,0.0,0.0,1.0,0.0,0.0,0.0,1.0,0
1480508889175741322,155,1480508889173183254,,0,0,46.5184326172,6.56615161896,2.77602830977e-40,1.0,0.0,0.0,0.0,1.0,0.0,0.0,0.0,1.0,0
1480508889401648275,156,1480508889397260159,,0,0,46.5184020996,6.5661687851,2.77602830977e-40,1.0,0.0,0.0,0.0,1.0,0.0,0.0,0.0,1.0,0
1480508889594258055,157,1480508889592009986,,0,0,46.5183944702,6.56617450714,2.77602830977e-40,1.0,0.0,0.0,0.0,1.0,0.0,0.0,0.0,1.0,0
1480508889798890779,158,1480508889794777350,,0,0,46.5183868408,6.56617975235,2.77602830977e-40,1.0,0.0,0.0,0.0,1.0,0.0,0.0,0.0,1.0,0
1480508890001171477,159,1480508889997690286,,0,0,46.5183753967,6.56618499756,2.77602830977e-40,1.0,0.0,0.0,0.0,1.0,0.0,0.0,0.0,1.0,0
1480508890203632227,160,1480508890201344262,,0,0,46.5183677673,6.56618928909,2.77602830977e-40,1.0,0.0,0.0,0.0,1.0,0.0,0.0,0.0,1.0,0
1480508890424230024,161,1480508890421685706,,0,0,46.5183563232,6.56619215012,2.77602830977e-40,1.0,0.0,0.0,0.0,1.0,0.0,0.0,0.0,1.0,0
1480508890596478593,162,1480508890592955006,,0,0,46.5183486938,6.5661945343,2.77602830977e-40,1.0,0.0,0.0,0.0,1.0,0.0,0.0,0.0,1.0,0
1480508890799943716,163,1480508890797550231,,0,0,46.5183372498,6.56619787216,2.77602830977e-40,1.0,0.0,0.0,0.0,1.0,0.0,0.0,0.0,1.0,0
1480508890970577809,164,1480508890968875312,,0,0,46.5183563232,6.56622600555,2.77602830977e-40,1.0,0.0,0.0,0.0,1.0,0.0,0.0,0.0,1.0,0
1480508891261262917,165,1480508891257214696,,0,0,46.5183486938,6.56622743607,2.77602830977e-40,1.0,0.0,0.0,0.0,1.0,0.0,0.0,0.0,1.0,0
1480508891558431033,166,1480508891556274527,,0,0,46.5183372498,6.56624650955,2.77602830977e-40,1.0,0.0,0.0,0.0,1.0,0.0,0.0,0.0,1.0,0
1480508891914606586,167,1480508891913138620,,0,0,46.5183334351,6.56624937057,2.77602830977e-40,1.0,0.0,0.0,0.0,1.0,0.0,0.0,0.0,1.0,0
1480508892587822664,168,1480508892585750428,,0,0,46.5183296204,6.56627368927,2.77602830977e-40,1.0,0.0,0.0,0.0,1.0,0.0,0.0,0.0,1.0,0
1480508893485588980,169,1480508893483531848,,0,0,46.5183334351,6.56632518768,2.77602830977e-40,1.0,0.0,0.0,0.0,1.0,0.0,0.0,0.0,1.0,0
1480508894280538413,170,1480508894278327115,,0,0,46.5183639526,6.56637001038,2.77602830977e-40,1.0,0.0,0.0,0.0,1.0,0.0,0.0,0.0,1.0,0
1480508894839752110,171,1480508894836170138,,0,0,46.5183982849,6.56638002396,2.77602830977e-40,1.0,0.0,0.0,0.0,1.0,0.0,0.0,0.0,1.0,0
1480508895350648766,172,1480508895348876843,,0,0,46.5184173584,6.56639194489,2.77602830977e-40,1.0,0.0,0.0,0.0,1.0,0.0,0.0,0.0,1.0,0
1480508895804922565,173,1480508895802184341,,0,0,46.5184440613,6.56637525558,2.77602830977e-40,1.0,0.0,0.0,0.0,1.0,0.0,0.0,0.0,1.0,0
1480508896206864278,174,1480508896205253292,,0,0,46.5184631348,6.56635427475,2.77602830977e-40,1.0,0.0,0.0,0.0,1.0,0.0,0.0,0.0,1.0,0
1480508896682350014,175,1480508896680097206,,0,0,46.5184631348,6.56635284424,2.77602830977e-40,1.0,0.0,0.0,0.0,1.0,0.0,0.0,0.0,1.0,0
1480508897094958633,176,1480508897090617861,,0,0,46.5184936523,6.56630897522,2.77602830977e-40,1.0,0.0,0.0,0.0,1.0,0.0,0.0,0.0,1.0,0
1480508897427975586,177,1480508897425674132,,0,0,46.518497467,6.56628847122,2.77602830977e-40,1.0,0.0,0.0,0.0,1.0,0.0,0.0,0.0,1.0,0
1480508897757610878,178,1480508897754823800,,0,0,46.5185012817,6.56626653671,2.77602830977e-40,1.0,0.0,0.0,0.0,1.0,0.0,0.0,0.0,1.0,0
1480508898183010462,179,1480508898180755258,,0,0,46.5185012817,6.56626224518,2.77602830977e-40,1.0,0.0,0.0,0.0,1.0,0.0,0.0,0.0,1.0,0
1480508898627990372,180,1480508898625883085,,0,0,46.5185203552,6.56622886658,2.77602830977e-40,1.0,0.0,0.0,0.0,1.0,0.0,0.0,0.0,1.0,0
1480508898934296804,181,1480508898931382278,,0,0,46.5185279846,6.56623411179,2.77602830977e-40,1.0,0.0,0.0,0.0,1.0,0.0,0.0,0.0,1.0,0
1480508899187642246,182,1480508899186022926,,0,0,46.5185585022,6.56621217728,2.77602830977e-40,1.0,0.0,0.0,0.0,1.0,0.0,0.0,0.0,1.0,0
1480508899546190554,183,1480508899543930350,,0,0,46.5185775757,6.56621599197,2.77602830977e-40,1.0,0.0,0.0,0.0,1.0,0.0,0.0,0.0,1.0,0
1480508900028882526,184,1480508900027436539,,0,0,46.5185928345,6.56622648239,2.77602830977e-40,1.0,0.0,0.0,0.0,1.0,0.0,0.0,0.0,1.0,0
1480508900394559727,185,1480508900392815095,,0,0,46.5186195374,6.56622838974,2.77602830977e-40,1.0,0.0,0.0,0.0,1.0,0.0,0.0,0.0,1.0,0
1480508900866899480,186,1480508900864734692,,0,0,46.5186195374,6.56626272202,2.77602830977e-40,1.0,0.0,0.0,0.0,1.0,0.0,0.0,0.0,1.0,0
1480508901374535048,187,1480508901369404538,,0,0,46.5186157227,6.56631040573,2.77602830977e-40,1.0,0.0,0.0,0.0,1.0,0.0,0.0,0.0,1.0,0
1480508901844594753,188,1480508901842499341,,0,0,46.518611908,6.5663318634,2.77602830977e-40,1.0,0.0,0.0,0.0,1.0,0.0,0.0,0.0,1.0,0
1480508902114572767,189,1480508902112817614,,0,0,46.5185966492,6.56636619568,2.77602830977e-40,1.0,0.0,0.0,0.0,1.0,0.0,0.0,0.0,1.0,0
1480508902306680516,190,1480508902304204739,,0,0,46.5185852051,6.56638669968,2.77602830977e-40,1.0,0.0,0.0,0.0,1.0,0.0,0.0,0.0,1.0,0
1480508902491032967,191,1480508902486889173,,0,0,46.5185813904,6.566385746,2.77602830977e-40,1.0,0.0,0.0,0.0,1.0,0.0,0.0,0.0,1.0,0
1480508902695339234,192,1480508902693038093,,0,0,46.5185623169,6.56640338898,2.77602830977e-40,1.0,0.0,0.0,0.0,1.0,0.0,0.0,0.0,1.0,0
1480508902887593389,193,1480508902885959486,,0,0,46.5185623169,6.56640005112,2.77602830977e-40,1.0,0.0,0.0,0.0,1.0,0.0,0.0,0.0,1.0,0
1480508903096700584,194,1480508903092917310,,0,0,46.5185585022,6.56639719009,2.77602830977e-40,1.0,0.0,0.0,0.0,1.0,0.0,0.0,0.0,1.0,0
1480508903466874130,195,1480508903464761374,,0,0,46.518535614,6.56640768051,2.77602830977e-40,1.0,0.0,0.0,0.0,1.0,0.0,0.0,0.0,1.0,0
1480508903706841525,196,1480508903704902466,,0,0,46.5185279846,6.56639909744,2.77602830977e-40,1.0,0.0,0.0,0.0,1.0,0.0,0.0,0.0,1.0,0
1480508904281159619,197,1480508904278716551,,0,0,46.5185127258,6.56639766693,2.77602830977e-40,1.0,0.0,0.0,0.0,1.0,0.0,0.0,0.0,1.0,0
1480508904813629202,198,1480508904810789312,,0,0,46.5184936523,6.56636619568,2.77602830977e-40,1.0,0.0,0.0,0.0,1.0,0.0,0.0,0.0,1.0,0
1480508905429938152,199,1480508905427908729,,0,0,46.5184822083,6.5663523674,2.77602830977e-40,1.0,0.0,0.0,0.0,1.0,0.0,0.0,0.0,1.0,0
1480508905982296238,200,1480508905979372181,,0,0,46.5184745789,6.56629705429,2.77602830977e-40,1.0,0.0,0.0,0.0,1.0,0.0,0.0,0.0,1.0,0
1480508906558112923,201,1480508906555280637,,0,0,46.5184822083,6.56625318527,2.77602830977e-40,1.0,0.0,0.0,0.0,1.0,0.0,0.0,0.0,1.0,0
1480508907322221427,202,1480508907320410441,,0,0,46.5184860229,6.5662021637,2.77602830977e-40,1.0,0.0,0.0,0.0,1.0,0.0,0.0,0.0,1.0,0
1480508908055351659,203,1480508908052821352,,0,0,46.5184783936,6.56614875793,2.77602830977e-40,1.0,0.0,0.0,0.0,1.0,0.0,0.0,0.0,1.0,0
1480508908956010313,204,1480508908953740942,,0,0,46.5184555054,6.56610631943,2.77602830977e-40,1.0,0.0,0.0,0.0,1.0,0.0,0.0,0.0,1.0,0
1480508909666143662,205,1480508909664350906,,0,0,46.518409729,6.56607532501,2.77602830977e-40,1.0,0.0,0.0,0.0,1.0,0.0,0.0,0.0,1.0,0
1480508909882514072,206,1480508909880094337,,0,0,46.5183830261,6.56607961655,2.77602830977e-40,1.0,0.0,0.0,0.0,1.0,0.0,0.0,0.0,1.0,0
1480508910080113060,207,1480508910076144631,,0,0,46.5183792114,6.56609153748,2.77602830977e-40,1.0,0.0,0.0,0.0,1.0,0.0,0.0,0.0,1.0,0
1480508910277731215,208,1480508910271117895,,0,0,46.5183677673,6.56610012054,2.77602830977e-40,1.0,0.0,0.0,0.0,1.0,0.0,0.0,0.0,1.0,0
1480508910489597676,209,1480508910485976224,,0,0,46.5183601379,6.56610441208,2.77602830977e-40,1.0,0.0,0.0,0.0,1.0,0.0,0.0,0.0,1.0,0
1480508910686244530,210,1480508910683765525,,0,0,46.5183525085,6.56611251831,2.77602830977e-40,1.0,0.0,0.0,0.0,1.0,0.0,0.0,0.0,1.0,0
1480508911021290177,211,1480508911018857317,,0,0,46.5183525085,6.56613254547,2.77602830977e-40,1.0,0.0,0.0,0.0,1.0,0.0,0.0,0.0,1.0,0
1480508911674424992,212,1480508911671059009,,0,0,46.5183410645,6.56614685059,2.77602830977e-40,1.0,0.0,0.0,0.0,1.0,0.0,0.0,0.0,1.0,0
1480508912401465235,213,1480508912396327016,,0,0,46.5183448792,6.56619739532,2.77602830977e-40,1.0,0.0,0.0,0.0,1.0,0.0,0.0,0.0,1.0,0
1480508913255009398,214,1480508913253406849,,0,0,46.5183486938,6.56623744965,2.77602830977e-40,1.0,0.0,0.0,0.0,1.0,0.0,0.0,0.0,1.0,0
1480508914060553446,215,1480508914055276269,,0,0,46.5183677673,6.56627941132,2.77602830977e-40,1.0,0.0,0.0,0.0,1.0,0.0,0.0,0.0,1.0,0
1480508914884099699,216,1480508914880918611,,0,0,46.5183982849,6.56630134583,2.77602830977e-40,1.0,0.0,0.0,0.0,1.0,0.0,0.0,0.0,1.0,0
1480508915614377124,217,1480508915611007026,,0,0,46.5184326172,6.56630373001,2.77602830977e-40,1.0,0.0,0.0,0.0,1.0,0.0,0.0,0.0,1.0,0
1480508916168831455,218,1480508916164434068,,0,0,46.5184631348,6.56628847122,2.77602830977e-40,1.0,0.0,0.0,0.0,1.0,0.0,0.0,0.0,1.0,0
1480508916679868944,219,1480508916674914683,,0,0,46.5184783936,6.5662612915,2.77602830977e-40,1.0,0.0,0.0,0.0,1.0,0.0,0.0,0.0,1.0,0
1480508917201350736,220,1480508917199935062,,0,0,46.5184936523,6.56623220444,2.77602830977e-40,1.0,0.0,0.0,0.0,1.0,0.0,0.0,0.0,1.0,0
1480508917815398284,221,1480508917810561262,,0,0,46.5185089111,6.56621074677,2.77602830977e-40,1.0,0.0,0.0,0.0,1.0,0.0,0.0,0.0,1.0,0
1480508918318329123,222,1480508918312665540,,0,0,46.518535614,6.56620025635,2.77602830977e-40,1.0,0.0,0.0,0.0,1.0,0.0,0.0,0.0,1.0,0
1480508918820643348,223,1480508918817533198,,0,0,46.5185623169,6.56619787216,2.77602830977e-40,1.0,0.0,0.0,0.0,1.0,0.0,0.0,0.0,1.0,0
1480508919303698496,224,1480508919301257407,,0,0,46.5185852051,6.56620979309,2.77602830977e-40,1.0,0.0,0.0,0.0,1.0,0.0,0.0,0.0,1.0,0
1480508919680912133,225,1480508919678719012,,0,0,46.5186080933,6.56623125076,2.77602830977e-40,1.0,0.0,0.0,0.0,1.0,0.0,0.0,0.0,1.0,0
1480508919999518228,226,1480508919995487819,,0,0,46.5186233521,6.56625270844,2.77602830977e-40,1.0,0.0,0.0,0.0,1.0,0.0,0.0,0.0,1.0,0
1480508920355553833,227,1480508920350872488,,0,0,46.5186309814,6.56627178192,2.77602830977e-40,1.0,0.0,0.0,0.0,1.0,0.0,0.0,0.0,1.0,0
1480508920786082782,228,1480508920782958153,,0,0,46.5186347961,6.56629800797,2.77602830977e-40,1.0,0.0,0.0,0.0,1.0,0.0,0.0,0.0,1.0,0
1480508921242692982,229,1480508921237052837,,0,0,46.5186386108,6.56632423401,2.77602830977e-40,1.0,0.0,0.0,0.0,1.0,0.0,0.0,0.0,1.0,0
1480508921800271370,230,1480508921797847468,,0,0,46.5186347961,6.56635570526,2.77602830977e-40,1.0,0.0,0.0,0.0,1.0,0.0,0.0,0.0,1.0,0
1480508922192949768,231,1480508922190285294,,0,0,46.5186157227,6.5663933754,2.77602830977e-40,1.0,0.0,0.0,0.0,1.0,0.0,0.0,0.0,1.0,0
1480508922388143240,232,1480508922384648716,,0,0,46.5186004639,6.56641292572,2.77602830977e-40,1.0,0.0,0.0,0.0,1.0,0.0,0.0,0.0,1.0,0
1480508922580278176,233,1480508922577754588,,0,0,46.5185928345,6.56642103195,2.77602830977e-40,1.0,0.0,0.0,0.0,1.0,0.0,0.0,0.0,1.0,0
1480508922787229594,234,1480508922783797465,,0,0,46.5185852051,6.56642866135,2.77602830977e-40,1.0,0.0,0.0,0.0,1.0,0.0,0.0,0.0,1.0,0
1480508922983543949,235,1480508922980793017,,0,0,46.518573761,6.56643390656,2.77602830977e-40,1.0,0.0,0.0,0.0,1.0,0.0,0.0,0.0,1.0,0
1480508923195303743,236,1480508923192483697,,0,0,46.5185661316,6.56643915176,2.77602830977e-40,1.0,0.0,0.0,0.0,1.0,0.0,0.0,0.0,1.0,0
1480508923401142299,237,1480508923397316942,,0,0,46.5185546875,6.56644153595,2.77602830977e-40,1.0,0.0,0.0,0.0,1.0,0.0,0.0,0.0,1.0,0
1480508923840849199,238,1480508923833979316,,0,0,46.5185470581,6.56644439697,2.77602830977e-40,1.0,0.0,0.0,0.0,1.0,0.0,0.0,0.0,1.0,0
1480508924005045440,239,1480508923996444727,,0,0,46.5185279846,6.56644678116,2.77602830977e-40,1.0,0.0,0.0,0.0,1.0,0.0,0.0,0.0,1.0,0
1480508924432814498,240,1480508924430590492,,0,0,46.5185165405,6.56643104553,2.77602830977e-40,1.0,0.0,0.0,0.0,1.0,0.0,0.0,0.0,1.0,0
1480508924982173371,241,1480508924980397437,,0,0,46.518497467,6.56643629074,2.77602830977e-40,1.0,0.0,0.0,0.0,1.0,0.0,0.0,0.0,1.0,0
1480508925623976281,242,1480508925618869885,,0,0,46.5184707642,6.56641530991,2.77602830977e-40,1.0,0.0,0.0,0.0,1.0,0.0,0.0,0.0,1.0,0
1480508926259646443,243,1480508926254327495,,0,0,46.5184364319,6.56641387939,2.77602830977e-40,1.0,0.0,0.0,0.0,1.0,0.0,0.0,0.0,1.0,0
1480508926819973628,244,1480508926816798373,,0,0,46.5184020996,6.56641054153,2.77602830977e-40,1.0,0.0,0.0,0.0,1.0,0.0,0.0,0.0,1.0,0
1480508927307117414,245,1480508927302170965,,0,0,46.5183753967,6.56640720367,2.77602830977e-40,1.0,0.0,0.0,0.0,1.0,0.0,0.0,0.0,1.0,0
1480508927809136119,246,1480508927807439507,,0,0,46.5183486938,6.56640768051,2.77602830977e-40,1.0,0.0,0.0,0.0,1.0,0.0,0.0,0.0,1.0,0
1480508928485189483,247,1480508928483264643,,0,0,46.518321991,6.56640291214,2.77602830977e-40,1.0,0.0,0.0,0.0,1.0,0.0,0.0,0.0,1.0,0
1480508929180185570,248,1480508929178196981,,0,0,46.5182952881,6.56636714935,2.77602830977e-40,1.0,0.0,0.0,0.0,1.0,0.0,0.0,0.0,1.0,0
1480508929582660564,249,1480508929578532707,,0,0,46.5182723999,6.5663228035,2.77602830977e-40,1.0,0.0,0.0,0.0,1.0,0.0,0.0,0.0,1.0,0
1480508930003094741,250,1480508929999169592,,0,0,46.5182647705,6.5662984848,2.77602830977e-40,1.0,0.0,0.0,0.0,1.0,0.0,0.0,0.0,1.0,0
1480508930327709783,251,1480508930324150154,,0,0,46.5182609558,6.56627082825,2.77602830977e-40,1.0,0.0,0.0,0.0,1.0,0.0,0.0,0.0,1.0,0
1480508930741083036,252,1480508930736548618,,0,0,46.5182533264,6.56624507904,2.77602830977e-40,1.0,0.0,0.0,0.0,1.0,0.0,0.0,0.0,1.0,0
1480508930980781108,253,1480508930975991118,,0,0,46.5182571411,6.56622028351,2.77602830977e-40,1.0,0.0,0.0,0.0,1.0,0.0,0.0,0.0,1.0,0
1480508931307402865,254,1480508931305092505,,0,0,46.5182533264,6.56619787216,2.77602830977e-40,1.0,0.0,0.0,0.0,1.0,0.0,0.0,0.0,1.0,0
1480508931900800818,255,1480508931898439156,,0,0,46.5182495117,6.56616067886,2.77602830977e-40,1.0,0.0,0.0,0.0,1.0,0.0,0.0,0.0,1.0,0
1480508932196536333,256,1480508932190718219,,0,0,46.5182037354,6.56609392166,2.77602830977e-40,1.0,0.0,0.0,0.0,1.0,0.0,0.0,0.0,1.0,0
1480508932470515172,257,1480508932467380803,,0,0,46.5182647705,6.56614303589,2.77602830977e-40,1.0,0.0,0.0,0.0,1.0,0.0,0.0,0.0,1.0,0
1480508932788239498,258,1480508932785715023,,0,0,46.518283844,6.56612586975,2.77602830977e-40,1.0,0.0,0.0,0.0,1.0,0.0,0.0,0.0,1.0,0
1480508933136513399,259,1480508933133995696,,0,0,46.5182571411,6.56607866287,2.77602830977e-40,1.0,0.0,0.0,0.0,1.0,0.0,0.0,0.0,1.0,0
1480508933259517950,260,1480508933257539725,,0,0,46.5182228088,6.56603145599,2.77602830977e-40,1.0,0.0,0.0,0.0,1.0,0.0,0.0,0.0,1.0,0
1480508933492897025,261,1480508933490475259,,0,0,46.5182723999,6.56609630585,2.77602830977e-40,1.0,0.0,0.0,0.0,1.0,0.0,0.0,0.0,1.0,0
1480508933654175303,262,1480508933652224838,,0,0,46.5182876587,6.56612300873,2.77602830977e-40,1.0,0.0,0.0,0.0,1.0,0.0,0.0,0.0,1.0,0
1480508933855836835,263,1480508933853046476,,0,0,46.5182914734,6.56613349915,2.77602830977e-40,1.0,0.0,0.0,0.0,1.0,0.0,0.0,0.0,1.0,0
1480508934064360229,264,1480508934057780763,,0,0,46.5182647705,6.56607103348,2.77602830977e-40,1.0,0.0,0.0,0.0,1.0,0.0,0.0,0.0,1.0,0
1480508934265629627,265,1480508934262991924,,0,0,46.518245697,6.5660238266,2.77602830977e-40,1.0,0.0,0.0,0.0,1.0,0.0,0.0,0.0,1.0,0
1480508934538026646,266,1480508934532179365,,0,0,46.5182647705,6.5660367012,2.77602830977e-40,1.0,0.0,0.0,0.0,1.0,0.0,0.0,0.0,1.0,0
1480508934710889016,267,1480508934709361571,,0,0,46.5182647705,6.56603002548,2.77602830977e-40,1.0,0.0,0.0,0.0,1.0,0.0,0.0,0.0,1.0,0
1480508934917759913,268,1480508934915871948,,0,0,46.5182914734,6.56608057022,2.77602830977e-40,1.0,0.0,0.0,0.0,1.0,0.0,0.0,0.0,1.0,0
1480508935114711194,269,1480508935108730164,,0,0,46.5182991028,6.56607580185,2.77602830977e-40,1.0,0.0,0.0,0.0,1.0,0.0,0.0,0.0,1.0,0
1480508935268001519,270,1480508935264829077,,0,0,46.5182952881,6.5660738945,2.77602830977e-40,1.0,0.0,0.0,0.0,1.0,0.0,0.0,0.0,1.0,0
1480508935522875135,271,1480508935518971705,,0,0,46.5182876587,6.56607437134,2.77602830977e-40,1.0,0.0,0.0,0.0,1.0,0.0,0.0,0.0,1.0,0
1480508935656196853,272,1480508935652542589,,0,0,46.5182914734,6.56608867645,2.77602830977e-40,1.0,0.0,0.0,0.0,1.0,0.0,0.0,0.0,1.0,0
1480508935867858209,273,1480508935865156444,,0,0,46.5182800293,6.56605863571,2.77602830977e-40,1.0,0.0,0.0,0.0,1.0,0.0,0.0,0.0,1.0,0
1480508936121701983,274,1480508936119409748,,0,0,46.5182609558,6.56604194641,2.77602830977e-40,1.0,0.0,0.0,0.0,1.0,0.0,0.0,0.0,1.0,0
1480508936266271752,275,1480508936263888840,,0,0,46.5182647705,6.56605434418,2.77602830977e-40,1.0,0.0,0.0,0.0,1.0,0.0,0.0,0.0,1.0,0
1480508936515924545,276,1480508936511378408,,0,0,46.5182762146,6.56606578827,2.77602830977e-40,1.0,0.0,0.0,0.0,1.0,0.0,0.0,0.0,1.0,0
1480508936658665255,277,1480508936655635678,,0,0,46.5182647705,6.5660572052,2.77602830977e-40,1.0,0.0,0.0,0.0,1.0,0.0,0.0,0.0,1.0,0
1480508936866102349,278,1480508936862543658,,0,0,46.5182762146,6.56607294083,2.77602830977e-40,1.0,0.0,0.0,0.0,1.0,0.0,0.0,0.0,1.0,0
1480508937070101689,279,1480508937067214455,,0,0,46.5182647705,6.56606626511,2.77602830977e-40,1.0,0.0,0.0,0.0,1.0,0.0,0.0,0.0,1.0,0
1480508937321083125,280,1480508937317796673,,0,0,46.5182800293,6.56607866287,2.77602830977e-40,1.0,0.0,0.0,0.0,1.0,0.0,0.0,0.0,1.0,0
1480508937470193771,281,1480508937468273618,,0,0,46.5182762146,6.56606578827,2.77602830977e-40,1.0,0.0,0.0,0.0,1.0,0.0,0.0,0.0,1.0,0
1480508937674007330,282,1480508937671354419,,0,0,46.5182647705,6.56604337692,2.77602830977e-40,1.0,0.0,0.0,0.0,1.0,0.0,0.0,0.0,1.0,0
1480508937880390676,283,1480508937878453909,,0,0,46.5182609558,6.56604099274,2.77602830977e-40,1.0,0.0,0.0,0.0,1.0,0.0,0.0,0.0,1.0,0
1480508938070428533,284,1480508938068649214,,0,0,46.5182609558,6.56602525711,2.77602830977e-40,1.0,0.0,0.0,0.0,1.0,0.0,0.0,0.0,1.0,0
1480508938266925024,285,1480508938265448881,,0,0,46.5182495117,6.56600904465,2.77602830977e-40,1.0,0.0,0.0,0.0,1.0,0.0,0.0,0.0,1.0,0
1480508938463784534,286,1480508938461381206,,0,0,46.5182571411,6.56602525711,2.77602830977e-40,1.0,0.0,0.0,0.0,1.0,0.0,0.0,0.0,1.0,0
1480508938677737449,287,1480508938676050577,,0,0,46.5182571411,6.56603240967,2.77602830977e-40,1.0,0.0,0.0,0.0,1.0,0.0,0.0,0.0,1.0,0
1480508938873036650,288,1480508938870349103,,0,0,46.5182571411,6.56603240967,2.77602830977e-40,1.0,0.0,0.0,0.0,1.0,0.0,0.0,0.0,1.0,0
1480508939083896393,289,1480508939081669210,,0,0,46.5182647705,6.56605100632,2.77602830977e-40,1.0,0.0,0.0,0.0,1.0,0.0,0.0,0.0,1.0,0
1480508939255247464,290,1480508939251688930,,0,0,46.5182609558,6.56604719162,2.77602830977e-40,1.0,0.0,0.0,0.0,1.0,0.0,0.0,0.0,1.0,0
1480508939458576129,291,1480508939455714728,,0,0,46.5182685852,6.56604957581,2.77602830977e-40,1.0,0.0,0.0,0.0,1.0,0.0,0.0,0.0,1.0,0
1480508939665783692,292,1480508939663053541,,0,0,46.5182609558,6.56604146957,2.77602830977e-40,1.0,0.0,0.0,0.0,1.0,0.0,0.0,0.0,1.0,0
1480508939861783621,293,1480508939860041853,,0,0,46.5182571411,6.56603717804,2.77602830977e-40,1.0,0.0,0.0,0.0,1.0,0.0,0.0,0.0,1.0,0
1480508940069409933,294,1480508940067090979,,0,0,46.5182609558,6.5660367012,2.77602830977e-40,1.0,0.0,0.0,0.0,1.0,0.0,0.0,0.0,1.0,0
1480508940284873105,295,1480508940283267119,,0,0,46.5182685852,6.56605768204,2.77602830977e-40,1.0,0.0,0.0,0.0,1.0,0.0,0.0,0.0,1.0,0
1480508940479135381,296,1480508940477715905,,0,0,46.5182723999,6.56606006622,2.77602830977e-40,1.0,0.0,0.0,0.0,1.0,0.0,0.0,0.0,1.0,0
1480508940666623295,297,1480508940664409446,,0,0,46.5182876587,6.5660777092,2.77602830977e-40,1.0,0.0,0.0,0.0,1.0,0.0,0.0,0.0,1.0,0
1480508940889124579,298,1480508940886551823,,0,0,46.518283844,6.56606960297,2.77602830977e-40,1.0,0.0,0.0,0.0,1.0,0.0,0.0,0.0,1.0,0
1480508941073958332,299,1480508941070516828,,0,0,46.518283844,6.56606721878,2.77602830977e-40,1.0,0.0,0.0,0.0,1.0,0.0,0.0,0.0,1.0,0
1480508941280910374,300,1480508941277494912,,0,0,46.5182723999,6.56604957581,2.77602830977e-40,1.0,0.0,0.0,0.0,1.0,0.0,0.0,0.0,1.0,0
1480508941480449880,301,1480508941473320779,,0,0,46.5182762146,6.56605815887,2.77602830977e-40,1.0,0.0,0.0,0.0,1.0,0.0,0.0,0.0,1.0,0
1480508941674508041,302,1480508941671736172,,0,0,46.5182647705,6.56604146957,2.77602830977e-40,1.0,0.0,0.0,0.0,1.0,0.0,0.0,0.0,1.0,0
1480508941881487845,303,1480508941875992074,,0,0,46.5182647705,6.56604385376,2.77602830977e-40,1.0,0.0,0.0,0.0,1.0,0.0,0.0,0.0,1.0,0
1480508942076969754,304,1480508942072151690,,0,0,46.5182685852,6.56604480743,2.77602830977e-40,1.0,0.0,0.0,0.0,1.0,0.0,0.0,0.0,1.0,0
1480508942301115461,305,1480508942298004738,,0,0,46.5182571411,6.56603193283,2.77602830977e-40,1.0,0.0,0.0,0.0,1.0,0.0,0.0,0.0,1.0,0
1480508942483562812,306,1480508942480926359,,0,0,46.5182800293,6.56606197357,2.77602830977e-40,1.0,0.0,0.0,0.0,1.0,0.0,0.0,0.0,1.0,0
1480508942687748298,307,1480508942685743770,,0,0,46.5182876587,6.56607913971,2.77602830977e-40,1.0,0.0,0.0,0.0,1.0,0.0,0.0,0.0,1.0,0
1480508942885190984,308,1480508942882205938,,0,0,46.5182762146,6.5660572052,2.77602830977e-40,1.0,0.0,0.0,0.0,1.0,0.0,0.0,0.0,1.0,0
1480508943089762875,309,1480508943085940747,,0,0,46.5182876587,6.56607723236,2.77602830977e-40,1.0,0.0,0.0,0.0,1.0,0.0,0.0,0.0,1.0,0
1480508943299776996,310,1480508943293387060,,0,0,46.5182952881,6.56608581543,2.77602830977e-40,1.0,0.0,0.0,0.0,1.0,0.0,0.0,0.0,1.0,0
1480508943475951442,311,1480508943468609061,,0,0,46.5182800293,6.5660700798,2.77602830977e-40,1.0,0.0,0.0,0.0,1.0,0.0,0.0,0.0,1.0,0
1480508943685306553,312,1480508943682654632,,0,0,46.5182800293,6.5660700798,2.77602830977e-40,1.0,0.0,0.0,0.0,1.0,0.0,0.0,0.0,1.0,0
1480508943883581322,313,1480508943878680133,,0,0,46.5182647705,6.56604719162,2.77602830977e-40,1.0,0.0,0.0,0.0,1.0,0.0,0.0,0.0,1.0,0
1480508944094658565,314,1480508944091485394,,0,0,46.5182609558,6.56605195999,2.77602830977e-40,1.0,0.0,0.0,0.0,1.0,0.0,0.0,0.0,1.0,0
1480508944285522097,315,1480508944281976479,,0,0,46.518245697,6.56603384018,2.77602830977e-40,1.0,0.0,0.0,0.0,1.0,0.0,0.0,0.0,1.0,0
1480508944478002919,316,1480508944475274018,,0,0,46.5182533264,6.56601810455,2.77602830977e-40,1.0,0.0,0.0,0.0,1.0,0.0,0.0,0.0,1.0,0
1480508944686116938,317,1480508944679668774,,0,0,46.5182876587,6.56603097916,2.77602830977e-40,1.0,0.0,0.0,0.0,1.0,0.0,0.0,0.0,1.0,0
1480508944877725105,318,1480508944873665686,,0,0,46.5183067322,6.56605291367,2.77602830977e-40,1.0,0.0,0.0,0.0,1.0,0.0,0.0,0.0,1.0,0
1480508945092979788,319,1480508945089954689,,0,0,46.5182762146,6.5660200119,2.77602830977e-40,1.0,0.0,0.0,0.0,1.0,0.0,0.0,0.0,1.0,0
1480508945290265443,320,1480508945288051177,,0,0,46.5182304382,6.56597089767,2.77602830977e-40,1.0,0.0,0.0,0.0,1.0,0.0,0.0,0.0,1.0,0
1480508945499507377,321,1480508945493775149,,0,0,46.5182609558,6.56599998474,2.77602830977e-40,1.0,0.0,0.0,0.0,1.0,0.0,0.0,0.0,1.0,0
1480508945688382893,322,1480508945684840869,,0,0,46.5182495117,6.56599617004,2.77602830977e-40,1.0,0.0,0.0,0.0,1.0,0.0,0.0,0.0,1.0,0
1480508945889121406,323,1480508945887119952,,0,0,46.5182685852,6.56602573395,2.77602830977e-40,1.0,0.0,0.0,0.0,1.0,0.0,0.0,0.0,1.0,0
1480508946083096704,324,1480508946080600250,,0,0,46.5182800293,6.56605815887,2.77602830977e-40,1.0,0.0,0.0,0.0,1.0,0.0,0.0,0.0,1.0,0
1480508946284929955,325,1480508946283255322,,0,0,46.5182685852,6.56606197357,2.77602830977e-40,1.0,0.0,0.0,0.0,1.0,0.0,0.0,0.0,1.0,0
1480508946492228716,326,1480508946490323928,,0,0,46.518283844,6.56607961655,2.77602830977e-40,1.0,0.0,0.0,0.0,1.0,0.0,0.0,0.0,1.0,0
1480508946701470546,327,1480508946697022481,,0,0,46.5182533264,6.56604528427,2.77602830977e-40,1.0,0.0,0.0,0.0,1.0,0.0,0.0,0.0,1.0,0
1480508946889799552,328,1480508946888208930,,0,0,46.5182495117,6.56604099274,2.77602830977e-40,1.0,0.0,0.0,0.0,1.0,0.0,0.0,0.0,1.0,0
1480508947095310712,329,1480508947092879884,,0,0,46.5182533264,6.56606531143,2.77602830977e-40,1.0,0.0,0.0,0.0,1.0,0.0,0.0,0.0,1.0,0
1480508947280278319,330,1480508947277101763,,0,0,46.5182609558,6.56605863571,2.77602830977e-40,1.0,0.0,0.0,0.0,1.0,0.0,0.0,0.0,1.0,0
1480508947462467702,331,1480508947459200677,,0,0,46.518245697,6.56607913971,2.77602830977e-40,1.0,0.0,0.0,0.0,1.0,0.0,0.0,0.0,1.0,0
1480508947675629316,332,1480508947673106352,,0,0,46.5182609558,6.56609582901,2.77602830977e-40,1.0,0.0,0.0,0.0,1.0,0.0,0.0,0.0,1.0,0
1480508947877155953,333,1480508947874156219,,0,0,46.5183067322,6.56614398956,2.77602830977e-40,1.0,0.0,0.0,0.0,1.0,0.0,0.0,0.0,1.0,0
1480508948081130970,334,1480508948078861079,,0,0,46.5183067322,6.56610059738,2.77602830977e-40,1.0,0.0,0.0,0.0,1.0,0.0,0.0,0.0,1.0,0
1480508948286636870,335,1480508948283149533,,0,0,46.5183029175,6.56607627869,2.77602830977e-40,1.0,0.0,0.0,0.0,1.0,0.0,0.0,0.0,1.0,0
1480508948481067166,336,1480508948478500140,,0,0,46.5182914734,6.56607580185,2.77602830977e-40,1.0,0.0,0.0,0.0,1.0,0.0,0.0,0.0,1.0,0
1480508948688925770,337,1480508948684374998,,0,0,46.5182800293,6.56606626511,2.77602830977e-40,1.0,0.0,0.0,0.0,1.0,0.0,0.0,0.0,1.0,0
1480508948877743317,338,1480508948868725626,,0,0,46.5182762146,6.56606674194,2.77602830977e-40,1.0,0.0,0.0,0.0,1.0,0.0,0.0,0.0,1.0,0
1480508949076071575,339,1480508949073546632,,0,0,46.5182609558,6.56605625153,2.77602830977e-40,1.0,0.0,0.0,0.0,1.0,0.0,0.0,0.0,1.0,0
1480508949289412459,340,1480508949287631265,,0,0,46.5182304382,6.56607294083,2.77602830977e-40,1.0,0.0,0.0,0.0,1.0,0.0,0.0,0.0,1.0,0
1480508949483152757,341,1480508949480574325,,0,0,46.5182533264,6.56604337692,2.77602830977e-40,1.0,0.0,0.0,0.0,1.0,0.0,0.0,0.0,1.0,0
1480508949700172541,342,1480508949694419323,,0,0,46.5182571411,6.56608057022,2.77602830977e-40,1.0,0.0,0.0,0.0,1.0,0.0,0.0,0.0,1.0,0
1480508949884377024,343,1480508949881203592,,0,0,46.5182533264,6.56609582901,2.77602830977e-40,1.0,0.0,0.0,0.0,1.0,0.0,0.0,0.0,1.0,0
1480508950080566431,344,1480508950076071805,,0,0,46.5182571411,6.56610584259,2.77602830977e-40,1.0,0.0,0.0,0.0,1.0,0.0,0.0,0.0,1.0,0
1480508950265217164,345,1480508950263359355,,0,0,46.5182647705,6.56608819962,2.77602830977e-40,1.0,0.0,0.0,0.0,1.0,0.0,0.0,0.0,1.0,0
1480508950474683733,346,1480508950471070980,,0,0,46.5182647705,6.56609535217,2.77602830977e-40,1.0,0.0,0.0,0.0,1.0,0.0,0.0,0.0,1.0,0
1480508950678762188,347,1480508950677070160,,0,0,46.5182609558,6.56602478027,2.77602830977e-40,1.0,0.0,0.0,0.0,1.0,0.0,0.0,0.0,1.0,0
1480508950881579186,348,1480508950880072002,,0,0,46.5182609558,6.56604337692,2.77602830977e-40,1.0,0.0,0.0,0.0,1.0,0.0,0.0,0.0,1.0,0
1480508951085677954,349,1480508951083571343,,0,0,46.5182914734,6.56607246399,2.77602830977e-40,1.0,0.0,0.0,0.0,1.0,0.0,0.0,0.0,1.0,0
1480508951259573499,350,1480508951256867202,,0,0,46.5183105469,6.56609535217,2.77602830977e-40,1.0,0.0,0.0,0.0,1.0,0.0,0.0,0.0,1.0,0
1480508951458251860,351,1480508951456327697,,0,0,46.5182762146,6.56611347198,2.77602830977e-40,1.0,0.0,0.0,0.0,1.0,0.0,0.0,0.0,1.0,0
1480508951644545297,352,1480508951641664470,,0,0,46.518245697,6.56609630585,2.77602830977e-40,1.0,0.0,0.0,0.0,1.0,0.0,0.0,0.0,1.0,0
1480508951859131544,353,1480508951857310402,,0,0,46.5182304382,6.56608438492,2.77602830977e-40,1.0,0.0,0.0,0.0,1.0,0.0,0.0,0.0,1.0,0
1480508952076135598,354,1480508952073974040,,0,0,46.5182647705,6.56611156464,2.77602830977e-40,1.0,0.0,0.0,0.0,1.0,0.0,0.0,0.0,1.0,0
1480508952269459178,355,1480508952267202568,,0,0,46.5182533264,6.56613206863,2.77602830977e-40,1.0,0.0,0.0,0.0,1.0,0.0,0.0,0.0,1.0,0
1480508952480246578,356,1480508952473469196,,0,0,46.5182533264,6.5661149025,2.77602830977e-40,1.0,0.0,0.0,0.0,1.0,0.0,0.0,0.0,1.0,0
1480508952662512784,357,1480508952655951234,,0,0,46.5182342529,6.56611061096,2.77602830977e-40,1.0,0.0,0.0,0.0,1.0,0.0,0.0,0.0,1.0,0
1480508952863071506,358,1480508952858799795,,0,0,46.518196106,6.56607341766,2.77602830977e-40,1.0,0.0,0.0,0.0,1.0,0.0,0.0,0.0,1.0,0
1480508953064033040,359,1480508953062276949,,0,0,46.5182304382,6.5660943985,2.77602830977e-40,1.0,0.0,0.0,0.0,1.0,0.0,0.0,0.0,1.0,0
1480508953279152775,360,1480508953277327049,,0,0,46.51820755,6.56608915329,2.77602830977e-40,1.0,0.0,0.0,0.0,1.0,0.0,0.0,0.0,1.0,0
1480508953475176662,361,1480508953473694009,,0,0,46.5182266235,6.56609106064,2.77602830977e-40,1.0,0.0,0.0,0.0,1.0,0.0,0.0,0.0,1.0,0
1480508953671094195,362,1480508953668861335,,0,0,46.5182609558,6.56612873077,2.77602830977e-40,1.0,0.0,0.0,0.0,1.0,0.0,0.0,0.0,1.0,0
1480508953865698189,363,1480508953856477895,,0,0,46.5182533264,6.56613779068,2.77602830977e-40,1.0,0.0,0.0,0.0,1.0,0.0,0.0,0.0,1.0,0
1480508954076290329,364,1480508954073356429,,0,0,46.518245697,6.56610202789,2.77602830977e-40,1.0,0.0,0.0,0.0,1.0,0.0,0.0,0.0,1.0,0
1480508954278038476,365,1480508954274264056,,0,0,46.5182571411,6.56611967087,2.77602830977e-40,1.0,0.0,0.0,0.0,1.0,0.0,0.0,0.0,1.0,0
1480508954468244562,366,1480508954465917379,,0,0,46.5182495117,6.56611156464,2.77602830977e-40,1.0,0.0,0.0,0.0,1.0,0.0,0.0,0.0,1.0,0
1480508954669350731,367,1480508954667761723,,0,0,46.5182342529,6.56613397598,2.77602830977e-40,1.0,0.0,0.0,0.0,1.0,0.0,0.0,0.0,1.0,0
1480508954853438704,368,1480508954850550116,,0,0,46.5181922913,6.56612873077,2.77602830977e-40,1.0,0.0,0.0,0.0,1.0,0.0,0.0,0.0,1.0,0
1480508955058416063,369,1480508955056296223,,0,0,46.518196106,6.56615495682,2.77602830977e-40,1.0,0.0,0.0,0.0,1.0,0.0,0.0,0.0,1.0,0
1480508955265991802,370,1480508955263560349,,0,0,46.5181884766,6.56614923477,2.77602830977e-40,1.0,0.0,0.0,0.0,1.0,0.0,0.0,0.0,1.0,0
1480508955469817289,371,1480508955467882189,,0,0,46.5182113647,6.56615495682,2.77602830977e-40,1.0,0.0,0.0,0.0,1.0,0.0,0.0,0.0,1.0,0
1480508955679970419,372,1480508955674421107,,0,0,46.5182113647,6.56618404388,2.77602830977e-40,1.0,0.0,0.0,0.0,1.0,0.0,0.0,0.0,1.0,0
1480508955852504457,373,1480508955850074305,,0,0,46.5182189941,6.56616830826,2.77602830977e-40,1.0,0.0,0.0,0.0,1.0,0.0,0.0,0.0,1.0,0
1480508956058765667,374,1480508956052947241,,0,0,46.5182380676,6.56615686417,2.77602830977e-40,1.0,0.0,0.0,0.0,1.0,0.0,0.0,0.0,1.0,0
1480508956279134976,375,1480508956277041907,,0,0,46.5182113647,6.56614732742,2.77602830977e-40,1.0,0.0,0.0,0.0,1.0,0.0,0.0,0.0,1.0,0
1480508956480874060,376,1480508956478745731,,0,0,46.51820755,6.56614351273,2.77602830977e-40,1.0,0.0,0.0,0.0,1.0,0.0,0.0,0.0,1.0,0
1480508956685869909,377,1480508956683053143,,0,0,46.5182228088,6.56616830826,2.77602830977e-40,1.0,0.0,0.0,0.0,1.0,0.0,0.0,0.0,1.0,0
1480508956872726366,378,1480508956870226527,,0,0,46.5182418823,6.56618213654,2.77602830977e-40,1.0,0.0,0.0,0.0,1.0,0.0,0.0,0.0,1.0,0
1480508957070652697,379,1480508957065768384,,0,0,46.5182723999,6.56617593765,2.77602830977e-40,1.0,0.0,0.0,0.0,1.0,0.0,0.0,0.0,1.0,0
1480508957259788994,380,1480508957255697075,,0,0,46.5182762146,6.56616687775,2.77602830977e-40,1.0,0.0,0.0,0.0,1.0,0.0,0.0,0.0,1.0,0
1480508957468474471,381,1480508957466275881,,0,0,46.5182685852,6.56615781784,2.77602830977e-40,1.0,0.0,0.0,0.0,1.0,0.0,0.0,0.0,1.0,0
1480508957681047232,382,1480508957678256768,,0,0,46.5182952881,6.56616783142,2.77602830977e-40,1.0,0.0,0.0,0.0,1.0,0.0,0.0,0.0,1.0,0
1480508957873977843,383,1480508957870382903,,0,0,46.5183143616,6.56621408463,2.77602830977e-40,1.0,0.0,0.0,0.0,1.0,0.0,0.0,0.0,1.0,0
1480508958078068069,384,1480508958073603859,,0,0,46.5182952881,6.56618928909,2.77602830977e-40,1.0,0.0,0.0,0.0,1.0,0.0,0.0,0.0,1.0,0
1480508958278083250,385,1480508958275318985,,0,0,46.5182800293,6.56621217728,2.77602830977e-40,1.0,0.0,0.0,0.0,1.0,0.0,0.0,0.0,1.0,0
1480508958483679931,386,1480508958481956653,,0,0,46.5182914734,6.56622648239,2.77602830977e-40,1.0,0.0,0.0,0.0,1.0,0.0,0.0,0.0,1.0,0
1480508958682667615,387,1480508958675599920,,0,0,46.5182800293,6.56623983383,2.77602830977e-40,1.0,0.0,0.0,0.0,1.0,0.0,0.0,0.0,1.0,0
1480508958882060766,388,1480508958872769482,,0,0,46.5182914734,6.56625366211,2.77602830977e-40,1.0,0.0,0.0,0.0,1.0,0.0,0.0,0.0,1.0,0
1480508959081701521,389,1480508959078872777,,0,0,46.5182876587,6.56626844406,2.77602830977e-40,1.0,0.0,0.0,0.0,1.0,0.0,0.0,0.0,1.0,0
1480508959284321750,390,1480508959279050458,,0,0,46.5182991028,6.56623888016,2.77602830977e-40,1.0,0.0,0.0,0.0,1.0,0.0,0.0,0.0,1.0,0
1480508959463224160,391,1480508959459712500,,0,0,46.5182914734,6.56625795364,2.77602830977e-40,1.0,0.0,0.0,0.0,1.0,0.0,0.0,0.0,1.0,0
1480508959685641172,392,1480508959682633210,,0,0,46.5182762146,6.56623649597,2.77602830977e-40,1.0,0.0,0.0,0.0,1.0,0.0,0.0,0.0,1.0,0
1480508959875402051,393,1480508959873367472,,0,0,46.5182876587,6.56624650955,2.77602830977e-40,1.0,0.0,0.0,0.0,1.0,0.0,0.0,0.0,1.0,0
1480508960068063028,394,1480508960066435896,,0,0,46.5182952881,6.56624937057,2.77602830977e-40,1.0,0.0,0.0,0.0,1.0,0.0,0.0,0.0,1.0,0
1480508960282556254,395,1480508960280724695,,0,0,46.5183372498,6.56627655029,2.77602830977e-40,1.0,0.0,0.0,0.0,1.0,0.0,0.0,0.0,1.0,0
1480508960467241986,396,1480508960465693604,,0,0,46.5183143616,6.56625699997,2.77602830977e-40,1.0,0.0,0.0,0.0,1.0,0.0,0.0,0.0,1.0,0
1480508960688498428,397,1480508960683792864,,0,0,46.5182991028,6.5662484169,2.77602830977e-40,1.0,0.0,0.0,0.0,1.0,0.0,0.0,0.0,1.0,0
1480508960878846858,398,1480508960876141394,,0,0,46.5183143616,6.56623649597,2.77602830977e-40,1.0,0.0,0.0,0.0,1.0,0.0,0.0,0.0,1.0,0
1480508961080754171,399,1480508961077088397,,0,0,46.5183105469,6.5662522316,2.77602830977e-40,1.0,0.0,0.0,0.0,1.0,0.0,0.0,0.0,1.0,0
1480508961266632765,400,1480508961260757673,,0,0,46.5183067322,6.56623506546,2.77602830977e-40,1.0,0.0,0.0,0.0,1.0,0.0,0.0,0.0,1.0,0
1480508961462136653,401,1480508961458676712,,0,0,46.5183067322,6.56623125076,2.77602830977e-40,1.0,0.0,0.0,0.0,1.0,0.0,0.0,0.0,1.0,0
1480508961696718903,402,1480508961691979276,,0,0,46.5183296204,6.5662612915,2.77602830977e-40,1.0,0.0,0.0,0.0,1.0,0.0,0.0,0.0,1.0,0
1480508961900667045,403,1480508961898000748,,0,0,46.5183258057,6.5662651062,2.77602830977e-40,1.0,0.0,0.0,0.0,1.0,0.0,0.0,0.0,1.0,0
1480508962099001657,404,1480508962095934371,,0,0,46.5183258057,6.56626653671,2.77602830977e-40,1.0,0.0,0.0,0.0,1.0,0.0,0.0,0.0,1.0,0
1480508962276776413,405,1480508962272794390,,0,0,46.5183372498,6.5662651062,2.77602830977e-40,1.0,0.0,0.0,0.0,1.0,0.0,0.0,0.0,1.0,0
1480508962480457421,406,1480508962476505449,,0,0,46.518321991,6.56624603271,2.77602830977e-40,1.0,0.0,0.0,0.0,1.0,0.0,0.0,0.0,1.0,0
1480508962664767789,407,1480508962661543160,,0,0,46.518321991,6.56625938416,2.77602830977e-40,1.0,0.0,0.0,0.0,1.0,0.0,0.0,0.0,1.0,0
1480508962877408987,408,1480508962874470660,,0,0,46.5183334351,6.56630134583,2.77602830977e-40,1.0,0.0,0.0,0.0,1.0,0.0,0.0,0.0,1.0,0
1480508963082549940,409,1480508963079571613,,0,0,46.5183448792,6.56632661819,2.77602830977e-40,1.0,0.0,0.0,0.0,1.0,0.0,0.0,0.0,1.0,0
1480508963285296627,410,1480508963283179860,,0,0,46.5183410645,6.56633758545,2.77602830977e-40,1.0,0.0,0.0,0.0,1.0,0.0,0.0,0.0,1.0,0
1480508963482656761,411,1480508963479311507,,0,0,46.5183486938,6.56635570526,2.77602830977e-40,1.0,0.0,0.0,0.0,1.0,0.0,0.0,0.0,1.0,0
1480508963681706319,412,1480508963676678569,,0,0,46.5183258057,6.56634521484,2.77602830977e-40,1.0,0.0,0.0,0.0,1.0,0.0,0.0,0.0,1.0,0
1480508963887719874,413,1480508963883104727,,0,0,46.5183181763,6.56633996964,2.77602830977e-40,1.0,0.0,0.0,0.0,1.0,0.0,0.0,0.0,1.0,0
1480508964069801081,414,1480508964067838428,,0,0,46.5183258057,6.56634426117,2.77602830977e-40,1.0,0.0,0.0,0.0,1.0,0.0,0.0,0.0,1.0,0
1480508964287300446,415,1480508964285239096,,0,0,46.5183486938,6.56638145447,2.77602830977e-40,1.0,0.0,0.0,0.0,1.0,0.0,0.0,0.0,1.0,0
1480508964491669526,416,1480508964489725727,,0,0,46.5183296204,6.56633615494,2.77602830977e-40,1.0,0.0,0.0,0.0,1.0,0.0,0.0,0.0,1.0,0
1480508964672667348,417,1480508964670604592,,0,0,46.5183410645,6.56633853912,2.77602830977e-40,1.0,0.0,0.0,0.0,1.0,0.0,0.0,0.0,1.0,0
1480508964886674117,418,1480508964885125787,,0,0,46.5183296204,6.56634712219,2.77602830977e-40,1.0,0.0,0.0,0.0,1.0,0.0,0.0,0.0,1.0,0
1480508965091162363,419,1480508965088008567,,0,0,46.5183372498,6.56638622284,2.77602830977e-40,1.0,0.0,0.0,0.0,1.0,0.0,0.0,0.0,1.0,0
1480508965286666511,420,1480508965282651571,,0,0,46.5183486938,6.56635570526,2.77602830977e-40,1.0,0.0,0.0,0.0,1.0,0.0,0.0,0.0,1.0,0
1480508965480504986,421,1480508965478225615,,0,0,46.5183639526,6.56635713577,2.77602830977e-40,1.0,0.0,0.0,0.0,1.0,0.0,0.0,0.0,1.0,0
1480508965678344130,422,1480508965676095384,,0,0,46.5183677673,6.56638908386,2.77602830977e-40,1.0,0.0,0.0,0.0,1.0,0.0,0.0,0.0,1.0,0
1480508965881670294,423,1480508965879454934,,0,0,46.5183677673,6.56641864777,2.77602830977e-40,1.0,0.0,0.0,0.0,1.0,0.0,0.0,0.0,1.0,0
1480508966100922782,424,1480508966097679403,,0,0,46.5183563232,6.56640052795,2.77602830977e-40,1.0,0.0,0.0,0.0,1.0,0.0,0.0,0.0,1.0,0
1480508966290858087,425,1480508966289377830,,0,0,46.5183601379,6.5664100647,2.77602830977e-40,1.0,0.0,0.0,0.0,1.0,0.0,0.0,0.0,1.0,0
1480508966506499124,426,1480508966503835847,,0,0,46.5183486938,6.56643199921,2.77602830977e-40,1.0,0.0,0.0,0.0,1.0,0.0,0.0,0.0,1.0,0
1480508966685673252,427,1480508966683959245,,0,0,46.5183525085,6.56643915176,2.77602830977e-40,1.0,0.0,0.0,0.0,1.0,0.0,0.0,0.0,1.0,0
1480508966861468429,428,1480508966859485516,,0,0,46.5183372498,6.56641149521,2.77602830977e-40,1.0,0.0,0.0,0.0,1.0,0.0,0.0,0.0,1.0,0
1480508967090183189,429,1480508967086987519,,0,0,46.518371582,6.56639432907,2.77602830977e-40,1.0,0.0,0.0,0.0,1.0,0.0,0.0,0.0,1.0,0
1480508967294031332,430,1480508967290956078,,0,0,46.5183944702,6.56639480591,2.77602830977e-40,1.0,0.0,0.0,0.0,1.0,0.0,0.0,0.0,1.0,0
1480508967488485691,431,1480508967486919496,,0,0,46.5184173584,6.56640529633,2.77602830977e-40,1.0,0.0,0.0,0.0,1.0,0.0,0.0,0.0,1.0,0
1480508967685399524,432,1480508967683104268,,0,0,46.5183906555,6.56637763977,2.77602830977e-40,1.0,0.0,0.0,0.0,1.0,0.0,0.0,0.0,1.0,0
1480508967880884038,433,1480508967878174564,,0,0,46.5184173584,6.56640625,2.77602830977e-40,1.0,0.0,0.0,0.0,1.0,0.0,0.0,0.0,1.0,0
1480508968084977909,434,1480508968082398331,,0,0,46.5184249878,6.56642103195,2.77602830977e-40,1.0,0.0,0.0,0.0,1.0,0.0,0.0,0.0,1.0,0
1480508968277469095,435,1480508968274662225,,0,0,46.5184364319,6.56644058228,2.77602830977e-40,1.0,0.0,0.0,0.0,1.0,0.0,0.0,0.0,1.0,0
1480508968477873911,436,1480508968475241364,,0,0,46.5184249878,6.56644010544,2.77602830977e-40,1.0,0.0,0.0,0.0,1.0,0.0,0.0,0.0,1.0,0
1480508968675757377,437,1480508968667547810,,0,0,46.5184211731,6.56644105911,2.77602830977e-40,1.0,0.0,0.0,0.0,1.0,0.0,0.0,0.0,1.0,0
1480508968877897034,438,1480508968873220637,,0,0,46.518409729,6.56641530991,2.77602830977e-40,1.0,0.0,0.0,0.0,1.0,0.0,0.0,0.0,1.0,0
1480508969103592009,439,1480508969101881335,,0,0,46.5184059143,6.56639766693,2.77602830977e-40,1.0,0.0,0.0,0.0,1.0,0.0,0.0,0.0,1.0,0
1480508969322367674,440,1480508969295892570,,0,0,46.5184211731,6.56638336182,2.77602830977e-40,1.0,0.0,0.0,0.0,1.0,0.0,0.0,0.0,1.0,0
1480508969496936551,441,1480508969495273169,,0,0,46.5184173584,6.56638526917,2.77602830977e-40,1.0,0.0,0.0,0.0,1.0,0.0,0.0,0.0,1.0,0
1480508969679711402,442,1480508969678278696,,0,0,46.5184326172,6.56641244888,2.77602830977e-40,1.0,0.0,0.0,0.0,1.0,0.0,0.0,0.0,1.0,0
1480508969886579851,443,1480508969884156158,,0,0,46.5184326172,6.56641626358,2.77602830977e-40,1.0,0.0,0.0,0.0,1.0,0.0,0.0,0.0,1.0,0
1480508970069999753,444,1480508970066419239,,0,0,46.5184135437,6.56640148163,2.77602830977e-40,1.0,0.0,0.0,0.0,1.0,0.0,0.0,0.0,1.0,0
1480508970292155047,445,1480508970289928228,,0,0,46.5184364319,6.56643629074,2.77602830977e-40,1.0,0.0,0.0,0.0,1.0,0.0,0.0,0.0,1.0,0
1480508970487895133,446,1480508970486289042,,0,0,46.5184440613,6.56645965576,2.77602830977e-40,1.0,0.0,0.0,0.0,1.0,0.0,0.0,0.0,1.0,0
1480508970683809905,447,1480508970681514649,,0,0,46.5184288025,6.56645441055,2.77602830977e-40,1.0,0.0,0.0,0.0,1.0,0.0,0.0,0.0,1.0,0
1480508970889663669,448,1480508970886912997,,0,0,46.5184173584,6.56643295288,2.77602830977e-40,1.0,0.0,0.0,0.0,1.0,0.0,0.0,0.0,1.0,0
1480508971063462443,449,1480508971061966353,,0,0,46.5184364319,6.56645965576,2.77602830977e-40,1.0,0.0,0.0,0.0,1.0,0.0,0.0,0.0,1.0,0
1480508971279331344,450,1480508971277091088,,0,0,46.5184326172,6.56647968292,2.77602830977e-40,1.0,0.0,0.0,0.0,1.0,0.0,0.0,0.0,1.0,0
1480508971493366654,451,1480508971490864576,,0,0,46.5184288025,6.56647825241,2.77602830977e-40,1.0,0.0,0.0,0.0,1.0,0.0,0.0,0.0,1.0,0
1480508971687932315,452,1480508971684794717,,0,0,46.5184135437,6.56651926041,2.77602830977e-40,1.0,0.0,0.0,0.0,1.0,0.0,0.0,0.0,1.0,0
1480508971899030495,453,1480508971897372113,,0,0,46.5184173584,6.5664896965,2.77602830977e-40,1.0,0.0,0.0,0.0,1.0,0.0,0.0,0.0,1.0,0
1480508972071695053,454,1480508972070195004,,0,0,46.5184173584,6.56647109985,2.77602830977e-40,1.0,0.0,0.0,0.0,1.0,0.0,0.0,0.0,1.0,0
1480508972290048272,455,1480508972287308329,,0,0,46.5184249878,6.56646347046,2.77602830977e-40,1.0,0.0,0.0,0.0,1.0,0.0,0.0,0.0,1.0,0
1480508972480027952,456,1480508972478445507,,0,0,46.5184555054,6.5664639473,2.77602830977e-40,1.0,0.0,0.0,0.0,1.0,0.0,0.0,0.0,1.0,0
1480508972708380526,457,1480508972706102353,,0,0,46.5184402466,6.56647491455,2.77602830977e-40,1.0,0.0,0.0,0.0,1.0,0.0,0.0,0.0,1.0,0
1480508972885752054,458,1480508972883403725,,0,0,46.5184249878,6.56648874283,2.77602830977e-40,1.0,0.0,0.0,0.0,1.0,0.0,0.0,0.0,1.0,0
1480508973082538491,459,1480508973079630893,,0,0,46.5184516907,6.56648254395,2.77602830977e-40,1.0,0.0,0.0,0.0,1.0,0.0,0.0,0.0,1.0,0
1480508973283952472,460,1480508973279243888,,0,0,46.5184669495,6.56649923325,2.77602830977e-40,1.0,0.0,0.0,0.0,1.0,0.0,0.0,0.0,1.0,0
1480508973506175787,461,1480508973504149489,,0,0,46.5184555054,6.56648921967,2.77602830977e-40,1.0,0.0,0.0,0.0,1.0,0.0,0.0,0.0,1.0,0
1480508973695814531,462,1480508973694189273,,0,0,46.5184516907,6.56648731232,2.77602830977e-40,1.0,0.0,0.0,0.0,1.0,0.0,0.0,0.0,1.0,0
1480508973900174235,463,1480508973897341011,,0,0,46.5184440613,6.56647396088,2.77602830977e-40,1.0,0.0,0.0,0.0,1.0,0.0,0.0,0.0,1.0,0
1480508974108702472,464,1480508974105723676,,0,0,46.5184516907,6.56647491455,2.77602830977e-40,1.0,0.0,0.0,0.0,1.0,0.0,0.0,0.0,1.0,0
1480508974283944890,465,1480508974280866250,,0,0,46.5184402466,6.56648445129,2.77602830977e-40,1.0,0.0,0.0,0.0,1.0,0.0,0.0,0.0,1.0,0
1480508974501056236,466,1480508974495879058,,0,0,46.5184402466,6.56649446487,2.77602830977e-40,1.0,0.0,0.0,0.0,1.0,0.0,0.0,0.0,1.0,0
1480508974700424752,467,1480508974693818515,,0,0,46.5184593201,6.56649875641,2.77602830977e-40,1.0,0.0,0.0,0.0,1.0,0.0,0.0,0.0,1.0,0
1480508974900665401,468,1480508974898619832,,0,0,46.5184555054,6.56650447845,2.77602830977e-40,1.0,0.0,0.0,0.0,1.0,0.0,0.0,0.0,1.0,0
1480508975093302056,469,1480508975091021539,,0,0,46.518447876,6.56650924683,2.77602830977e-40,1.0,0.0,0.0,0.0,1.0,0.0,0.0,0.0,1.0,0
1480508975276742894,470,1480508975274035452,,0,0,46.5184707642,6.56653881073,2.77602830977e-40,1.0,0.0,0.0,0.0,1.0,0.0,0.0,0.0,1.0,0
1480508975497532723,471,1480508975493621637,,0,0,46.5184707642,6.56652927399,2.77602830977e-40,1.0,0.0,0.0,0.0,1.0,0.0,0.0,0.0,1.0,0
1480508975693357756,472,1480508975691753853,,0,0,46.5184669495,6.5665268898,2.77602830977e-40,1.0,0.0,0.0,0.0,1.0,0.0,0.0,0.0,1.0,0
1480508975898277719,473,1480508975896472775,,0,0,46.5184593201,6.56652402878,2.77602830977e-40,1.0,0.0,0.0,0.0,1.0,0.0,0.0,0.0,1.0,0
1480508976097212330,474,1480508976091522810,,0,0,46.5184669495,6.56655311584,2.77602830977e-40,1.0,0.0,0.0,0.0,1.0,0.0,0.0,0.0,1.0,0
1480508976280257493,475,1480508976277904268,,0,0,46.5184631348,6.56656503677,2.77602830977e-40,1.0,0.0,0.0,0.0,1.0,0.0,0.0,0.0,1.0,0
1480508976485430424,476,1480508976483751678,,0,0,46.5184745789,6.56657314301,2.77602830977e-40,1.0,0.0,0.0,0.0,1.0,0.0,0.0,0.0,1.0,0
1480508976701158023,477,1480508976698642663,,0,0,46.5184822083,6.56657934189,2.77602830977e-40,1.0,0.0,0.0,0.0,1.0,0.0,0.0,0.0,1.0,0
1480508976903545856,478,1480508976899957425,,0,0,46.5184707642,6.56657981873,2.77602830977e-40,1.0,0.0,0.0,0.0,1.0,0.0,0.0,0.0,1.0,0
1480508977095817980,479,1480508977093231839,,0,0,46.5184631348,6.56659650803,2.77602830977e-40,1.0,0.0,0.0,0.0,1.0,0.0,0.0,0.0,1.0,0
1480508977292446813,480,1480508977288388384,,0,0,46.5184707642,6.56660795212,2.77602830977e-40,1.0,0.0,0.0,0.0,1.0,0.0,0.0,0.0,1.0,0
1480508977487970597,481,1480508977483590294,,0,0,46.5184631348,6.56660175323,2.77602830977e-40,1.0,0.0,0.0,0.0,1.0,0.0,0.0,0.0,1.0,0
1480508977713702604,482,1480508977710232610,,0,0,46.5184669495,6.56659460068,2.77602830977e-40,1.0,0.0,0.0,0.0,1.0,0.0,0.0,0.0,1.0,0
1480508977888123564,483,1480508977885255341,,0,0,46.5184898376,6.56662368774,2.77602830977e-40,1.0,0.0,0.0,0.0,1.0,0.0,0.0,0.0,1.0,0
1480508978102541374,484,1480508978100563305,,0,0,46.5184898376,6.56661844254,2.77602830977e-40,1.0,0.0,0.0,0.0,1.0,0.0,0.0,0.0,1.0,0
1480508978279435663,485,1480508978276652752,,0,0,46.5184822083,6.56662082672,2.77602830977e-40,1.0,0.0,0.0,0.0,1.0,0.0,0.0,0.0,1.0,0
1480508978482100943,486,1480508978479752562,,0,0,46.5184898376,6.56663799286,2.77602830977e-40,1.0,0.0,0.0,0.0,1.0,0.0,0.0,0.0,1.0,0
1480508978697358439,487,1480508978694182872,,0,0,46.5185050964,6.56666898727,2.77602830977e-40,1.0,0.0,0.0,0.0,1.0,0.0,0.0,0.0,1.0,0
1480508978909419378,488,1480508978906913862,,0,0,46.5185127258,6.56668186188,2.77602830977e-40,1.0,0.0,0.0,0.0,1.0,0.0,0.0,0.0,1.0,0
1480508979096693282,489,1480508979091185845,,0,0,46.5185127258,6.56667661667,2.77602830977e-40,1.0,0.0,0.0,0.0,1.0,0.0,0.0,0.0,1.0,0
1480508979268741331,490,1480508979266291127,,0,0,46.5185089111,6.56664800644,2.77602830977e-40,1.0,0.0,0.0,0.0,1.0,0.0,0.0,0.0,1.0,0
1480508979464629437,491,1480508979461567464,,0,0,46.5185089111,6.56661987305,2.77602830977e-40,1.0,0.0,0.0,0.0,1.0,0.0,0.0,0.0,1.0,0
1480508979689099466,492,1480508979686325930,,0,0,46.5184898376,6.56659507751,2.77602830977e-40,1.0,0.0,0.0,0.0,1.0,0.0,0.0,0.0,1.0,0
1480508979885774602,493,1480508979883256794,,0,0,46.5185050964,6.56660699844,2.77602830977e-40,1.0,0.0,0.0,0.0,1.0,0.0,0.0,0.0,1.0,0
1480508980092629614,494,1480508980089446807,,0,0,46.5185279846,6.56665754318,2.77602830977e-40,1.0,0.0,0.0,0.0,1.0,0.0,0.0,0.0,1.0,0
1480508980308425962,495,1480508980304888834,,0,0,46.5184936523,6.5666217804,2.77602830977e-40,1.0,0.0,0.0,0.0,1.0,0.0,0.0,0.0,1.0,0
1480508980471727309,496,1480508980470061740,,0,0,46.5184783936,6.5666179657,2.77602830977e-40,1.0,0.0,0.0,0.0,1.0,0.0,0.0,0.0,1.0,0
1480508980685646057,497,1480508980683768144,,0,0,46.518497467,6.56665611267,2.77602830977e-40,1.0,0.0,0.0,0.0,1.0,0.0,0.0,0.0,1.0,0
1480508980881130414,498,1480508980879168908,,0,0,46.5185012817,6.56667900085,2.77602830977e-40,1.0,0.0,0.0,0.0,1.0,0.0,0.0,0.0,1.0,0
1480508981084421683,499,1480508981082439187,,0,0,46.5185241699,6.56669378281,2.77602830977e-40,1.0,0.0,0.0,0.0,1.0,0.0,0.0,0.0,1.0,0
1480508981280593434,500,1480508981277617086,,0,0,46.5185241699,6.56670856476,2.77602830977e-40,1.0,0.0,0.0,0.0,1.0,0.0,0.0,0.0,1.0,0
1480508981476724196,501,1480508981474931648,,0,0,46.518497467,6.56667470932,2.77602830977e-40,1.0,0.0,0.0,0.0,1.0,0.0,0.0,0.0,1.0,0
1480508981695763976,502,1480508981691729765,,0,0,46.5185279846,6.5666847229,2.77602830977e-40,1.0,0.0,0.0,0.0,1.0,0.0,0.0,0.0,1.0,0
1480508981898549516,503,1480508981896067178,,0,0,46.5185050964,6.56668138504,2.77602830977e-40,1.0,0.0,0.0,0.0,1.0,0.0,0.0,0.0,1.0,0
1480508982082450511,504,1480508982078550622,,0,0,46.5185050964,6.56668376923,2.77602830977e-40,1.0,0.0,0.0,0.0,1.0,0.0,0.0,0.0,1.0,0
1480508982299435450,505,1480508982296963268,,0,0,46.518497467,6.56670570374,2.77602830977e-40,1.0,0.0,0.0,0.0,1.0,0.0,0.0,0.0,1.0,0
1480508982504917861,506,1480508982502233543,,0,0,46.5185241699,6.56669616699,2.77602830977e-40,1.0,0.0,0.0,0.0,1.0,0.0,0.0,0.0,1.0,0
1480508982702150391,507,1480508982697972639,,0,0,46.5185241699,6.56667804718,2.77602830977e-40,1.0,0.0,0.0,0.0,1.0,0.0,0.0,0.0,1.0,0
1480508982908196290,508,1480508982904651870,,0,0,46.5185623169,6.56670618057,2.77602830977e-40,1.0,0.0,0.0,0.0,1.0,0.0,0.0,0.0,1.0,0
1480508983094055614,509,1480508983090312392,,0,0,46.5185699463,6.56669998169,2.77602830977e-40,1.0,0.0,0.0,0.0,1.0,0.0,0.0,0.0,1.0,0
1480508983300662709,510,1480508983297436674,,0,0,46.518535614,6.56669521332,2.77602830977e-40,1.0,0.0,0.0,0.0,1.0,0.0,0.0,0.0,1.0,0
1480508983472417061,511,1480508983469869930,,0,0,46.5185813904,6.56670951843,2.77602830977e-40,1.0,0.0,0.0,0.0,1.0,0.0,0.0,0.0,1.0,0
1480508983689888458,512,1480508983686820704,,0,0,46.5185585022,6.56668376923,2.77602830977e-40,1.0,0.0,0.0,0.0,1.0,0.0,0.0,0.0,1.0,0
1480508983900033307,513,1480508983897934457,,0,0,46.5185203552,6.56666755676,2.77602830977e-40,1.0,0.0,0.0,0.0,1.0,0.0,0.0,0.0,1.0,0
1480508984084006645,514,1480508984079726185,,0,0,46.518535614,6.56665563583,2.77602830977e-40,1.0,0.0,0.0,0.0,1.0,0.0,0.0,0.0,1.0,0
1480508984288142756,515,1480508984284887502,,0,0,46.5185317993,6.56668186188,2.77602830977e-40,1.0,0.0,0.0,0.0,1.0,0.0,0.0,0.0,1.0,0
1480508984494273029,516,1480508984489954965,,0,0,46.5185661316,6.56667327881,2.77602830977e-40,1.0,0.0,0.0,0.0,1.0,0.0,0.0,0.0,1.0,0
1480508984684237501,517,1480508984681610892,,0,0,46.5185585022,6.56667900085,2.77602830977e-40,1.0,0.0,0.0,0.0,1.0,0.0,0.0,0.0,1.0,0
1480508984883091852,518,1480508984880788158,,0,0,46.5185432434,6.56665849686,2.77602830977e-40,1.0,0.0,0.0,0.0,1.0,0.0,0.0,0.0,1.0,0
1480508985091047226,519,1480508985087986659,,0,0,46.5185470581,6.56667470932,2.77602830977e-40,1.0,0.0,0.0,0.0,1.0,0.0,0.0,0.0,1.0,0
1480508985294896566,520,1480508985291723396,,0,0,46.5185241699,6.56666851044,2.77602830977e-40,1.0,0.0,0.0,0.0,1.0,0.0,0.0,0.0,1.0,0
1480508985489269988,521,1480508985486098900,,0,0,46.5185241699,6.56666374207,2.77602830977e-40,1.0,0.0,0.0,0.0,1.0,0.0,0.0,0.0,1.0,0
1480508985692723756,522,1480508985690051470,,0,0,46.5185241699,6.56667995453,2.77602830977e-40,1.0,0.0,0.0,0.0,1.0,0.0,0.0,0.0,1.0,0
1480508985892206543,523,1480508985889395976,,0,0,46.5185317993,6.56667137146,2.77602830977e-40,1.0,0.0,0.0,0.0,1.0,0.0,0.0,0.0,1.0,0
1480508986080878101,524,1480508986078644511,,0,0,46.5185241699,6.56667137146,2.77602830977e-40,1.0,0.0,0.0,0.0,1.0,0.0,0.0,0.0,1.0,0
1480508986291487012,525,1480508986286369209,,0,0,46.5185127258,6.5666718483,2.77602830977e-40,1.0,0.0,0.0,0.0,1.0,0.0,0.0,0.0,1.0,0
1480508986483840906,526,1480508986479955132,,0,0,46.5185241699,6.56667280197,2.77602830977e-40,1.0,0.0,0.0,0.0,1.0,0.0,0.0,0.0,1.0,0
1480508986697921216,527,1480508986694066067,,0,0,46.5185165405,6.56667089462,2.77602830977e-40,1.0,0.0,0.0,0.0,1.0,0.0,0.0,0.0,1.0,0
1480508986900022018,528,1480508986894548227,,0,0,46.5185241699,6.56666946411,2.77602830977e-40,1.0,0.0,0.0,0.0,1.0,0.0,0.0,0.0,1.0,0
1480508987098671525,529,1480508987095186272,,0,0,46.518535614,6.56667041779,2.77602830977e-40,1.0,0.0,0.0,0.0,1.0,0.0,0.0,0.0,1.0,0
1480508987313682667,530,1480508987311301942,,0,0,46.5185241699,6.5666642189,2.77602830977e-40,1.0,0.0,0.0,0.0,1.0,0.0,0.0,0.0,1.0,0
1480508987487667743,531,1480508987485501289,,0,0,46.5185241699,6.56667757034,2.77602830977e-40,1.0,0.0,0.0,0.0,1.0,0.0,0.0,0.0,1.0,0
1480508987700138265,532,1480508987695750044,,0,0,46.5185241699,6.56666231155,2.77602830977e-40,1.0,0.0,0.0,0.0,1.0,0.0,0.0,0.0,1.0,0
1480508987892435232,533,1480508987890089768,,0,0,46.5185317993,6.5666680336,2.77602830977e-40,1.0,0.0,0.0,0.0,1.0,0.0,0.0,0.0,1.0,0
1480508988098023319,534,1480508988096423479,,0,0,46.5185279846,6.56666374207,2.77602830977e-40,1.0,0.0,0.0,0.0,1.0,0.0,0.0,0.0,1.0,0
1480508988294742518,535,1480508988292298876,,0,0,46.5185203552,6.56665611267,2.77602830977e-40,1.0,0.0,0.0,0.0,1.0,0.0,0.0,0.0,1.0,0
1480508988499216388,536,1480508988497300038,,0,0,46.5185241699,6.56665611267,2.77602830977e-40,1.0,0.0,0.0,0.0,1.0,0.0,0.0,0.0,1.0,0
1480508988699802037,537,1480508988697871833,,0,0,46.5185241699,6.56665706635,2.77602830977e-40,1.0,0.0,0.0,0.0,1.0,0.0,0.0,0.0,1.0,0
1480508988884734592,538,1480508988882511002,,0,0,46.5185241699,6.56666135788,2.77602830977e-40,1.0,0.0,0.0,0.0,1.0,0.0,0.0,0.0,1.0,0
1480508989089439660,539,1480508989087486174,,0,0,46.5185241699,6.56666564941,2.77602830977e-40,1.0,0.0,0.0,0.0,1.0,0.0,0.0,0.0,1.0,0
1480508989294992383,540,1480508989292113169,,0,0,46.5185203552,6.56666374207,2.77602830977e-40,1.0,0.0,0.0,0.0,1.0,0.0,0.0,0.0,1.0,0
1480508989497629278,541,1480508989496077197,,0,0,46.5185165405,6.56666755676,2.77602830977e-40,1.0,0.0,0.0,0.0,1.0,0.0,0.0,0.0,1.0,0
1480508989715374320,542,1480508989709933550,,0,0,46.5185203552,6.56666707993,2.77602830977e-40,1.0,0.0,0.0,0.0,1.0,0.0,0.0,0.0,1.0,0
1480508989897761099,543,1480508989893628763,,0,0,46.5185203552,6.56666755676,2.77602830977e-40,1.0,0.0,0.0,0.0,1.0,0.0,0.0,0.0,1.0,0
1480508990089855045,544,1480508990088058643,,0,0,46.5185203552,6.56666707993,2.77602830977e-40,1.0,0.0,0.0,0.0,1.0,0.0,0.0,0.0,1.0,0
1480508990287781116,545,1480508990285193153,,0,0,46.5185165405,6.56666994095,2.77602830977e-40,1.0,0.0,0.0,0.0,1.0,0.0,0.0,0.0,1.0,0
1480508990497027790,546,1480508990491449311,,0,0,46.5185165405,6.56666374207,2.77602830977e-40,1.0,0.0,0.0,0.0,1.0,0.0,0.0,0.0,1.0,0
1480508990708931386,547,1480508990706626390,,0,0,46.5185203552,6.5666642189,2.77602830977e-40,1.0,0.0,0.0,0.0,1.0,0.0,0.0,0.0,1.0,0
1480508990884788958,548,1480508990881967818,,0,0,46.5185203552,6.56666231155,2.77602830977e-40,1.0,0.0,0.0,0.0,1.0,0.0,0.0,0.0,1.0,0
1480508991086381376,549,1480508991084239714,,0,0,46.5185203552,6.56666231155,2.77602830977e-40,1.0,0.0,0.0,0.0,1.0,0.0,0.0,0.0,1.0,0
1480508991280258340,550,1480508991276777253,,0,0,46.5185203552,6.56666374207,2.77602830977e-40,1.0,0.0,0.0,0.0,1.0,0.0,0.0,0.0,1.0,0
1480508991482550549,551,1480508991480864458,,0,0,46.5185203552,6.5666642189,2.77602830977e-40,1.0,0.0,0.0,0.0,1.0,0.0,0.0,0.0,1.0,0
1480508991680149381,552,1480508991676669648,,0,0,46.5185203552,6.56666135788,2.77602830977e-40,1.0,0.0,0.0,0.0,1.0,0.0,0.0,0.0,1.0,0
1480508991890226730,553,1480508991888304286,,0,0,46.5185203552,6.56666135788,2.77602830977e-40,1.0,0.0,0.0,0.0,1.0,0.0,0.0,0.0,1.0,0
1480508992086455148,554,1480508992084256767,,0,0,46.5185203552,6.56666088104,2.77602830977e-40,1.0,0.0,0.0,0.0,1.0,0.0,0.0,0.0,1.0,0
1480508992281214194,555,1480508992279430499,,0,0,46.5185203552,6.5666642189,2.77602830977e-40,1.0,0.0,0.0,0.0,1.0,0.0,0.0,0.0,1.0,0
1480508992485458586,556,1480508992483297756,,0,0,46.5185203552,6.56666326523,2.77602830977e-40,1.0,0.0,0.0,0.0,1.0,0.0,0.0,0.0,1.0,0
1480508992682896741,557,1480508992680195652,,0,0,46.5185203552,6.56666469574,2.77602830977e-40,1.0,0.0,0.0,0.0,1.0,0.0,0.0,0.0,1.0,0
1480508992885627125,558,1480508992883480931,,0,0,46.5185241699,6.56666517258,2.77602830977e-40,1.0,0.0,0.0,0.0,1.0,0.0,0.0,0.0,1.0,0
1480508993072101187,559,1480508993069997858,,0,0,46.5185241699,6.56666564941,2.77602830977e-40,1.0,0.0,0.0,0.0,1.0,0.0,0.0,0.0,1.0,0
1480508993289380241,560,1480508993286997069,,0,0,46.5185241699,6.56666612625,2.77602830977e-40,1.0,0.0,0.0,0.0,1.0,0.0,0.0,0.0,1.0,0
1480508993480164816,561,1480508993478312944,,0,0,46.5185241699,6.56666707993,2.77602830977e-40,1.0,0.0,0.0,0.0,1.0,0.0,0.0,0.0,1.0,0
