%time,field.header.seq,field.header.stamp,field.header.frame_id,field.temperature,field.variance
1463512281023884302,462,1463512280824130592,,1530.0,0.119999997318
1463512281030984317,463,1463512280835308324,,1530.0,0.119999997318
1463512281031522599,464,1463512280877273622,,1529.0,-0.0
1463512281031975309,465,1463512280922855699,,1529.0,-0.0
1463512281040611369,466,1463512280970597885,,1530.0,0.119999997318
1463512281040665640,467,1463512281014807407,,1530.0,0.119999997318
1463512281048186802,468,1463512281030833119,,1529.0,-0.0
1463512281048534876,469,1463512281042910957,,1529.0,-0.0
1463512281079598276,470,1463512281049971077,,1529.0,-0.0
1463512281079636036,471,1463512281060588756,,1529.0,-0.0
1463512281079672964,472,1463512281066995749,,1529.0,-0.0
1463512281098577171,473,1463512281076960510,,1530.0,-0.0
1463512281098614463,474,1463512281090677414,,1530.0,-0.0
1463512281110018289,475,1463512281101571240,,1530.0,-0.0
1463512281121345189,476,1463512281117325701,,1530.0,0.119999997318
1463512281140902054,477,1463512281137186369,,1530.0,0.119999997318
1463512281162680590,478,1463512281159590688,,1530.0,-0.0
1463512281180859848,479,1463512281166391640,,1530.0,-0.0
1463512281193297636,480,1463512281176613954,,1530.0,-0.0
1463512281193712532,481,1463512281186749080,,1529.0,-0.0
1463512281228306669,482,1463512281196855560,,1529.0,-0.0
1463512281228354899,483,1463512281206741102,,1530.0,-0.0
1463512281228721827,484,1463512281217286646,,1530.0,-0.0
1463512281271023793,485,1463512281232673814,,1530.0,-0.0
1463512281297158693,486,1463512281259248819,,1530.0,-0.0
1463512281297195933,487,1463512281269408581,,1530.0,0.119999997318
1463512281297610204,488,1463512281275850470,,1530.0,0.119999997318
1463512281299745990,489,1463512281288275809,,1530.0,0.119999997318
1463512281342342228,490,1463512281315068836,,1529.0,-0.0
1463512281342393895,491,1463512281336360236,,1530.0,-0.0
1463512281433610289,492,1463512281355483402,,1530.0,-0.0
1463512281433681748,493,1463512281372659533,,1530.0,0.119999997318
1463512281433720914,494,1463512281393030514,,1529.0,-0.0
1463512281433763310,495,1463512281413566079,,1529.0,-0.0
1463512281633361032,496,1463512281436278941,,1530.0,-0.0
1463512281633823585,497,1463512281458124717,,1529.0,-0.0
1463512281633979992,498,1463512281479369815,,1530.0,-0.0
1463512281634054054,499,1463512281498003917,,1530.0,0.119999997318
1463512281640474589,500,1463512281517021615,,1529.0,-0.0
1463512281640550527,501,1463512281541891252,,1530.0,-0.0
1463512281640589329,502,1463512281567400161,,1530.0,0.119999997318
1463512281640624850,503,1463512281592288183,,1529.0,-0.0
1463512281642667511,504,1463512281618333969,,1529.0,-0.119999997318
1463512281643227720,505,1463512281639502972,,1529.0,-0.0
1463512282161857538,506,1463512281666169801,,1529.0,-0.0
1463512282162130924,507,1463512281689939019,,1531.0,0.119999997318
1463512282162413216,508,1463512281703073057,,1531.0,0.119999997318
1463512282162701290,509,1463512281714435426,,1530.0,0.119999997318
1463512282164041240,510,1463512281725007323,,1530.0,-0.0
1463512282164999055,511,1463512281737671049,,1530.0,-0.0
1463512282165064107,512,1463512281759661200,,1529.0,-0.0
1463512282165103118,513,1463512281782551823,,1530.0,-0.0
1463512282167505779,514,1463512281803277805,,1529.0,-0.0
1463512282168979116,515,1463512281826537438,,1529.0,-0.119999997318
1463512282169295991,516,1463512281848389673,,1530.0,0.119999997318
1463512282169584169,517,1463512281871413681,,1530.0,-0.0
1463512282169863909,518,1463512281892950394,,1530.0,-0.0
1463512282177792781,519,1463512281913665595,,1530.0,-0.0
1463512282178111740,520,1463512281941305550,,1530.0,-0.0
1463512282178464761,521,1463512281963349348,,1529.0,-0.0
1463512282178514709,522,1463512281989223206,,1530.0,-0.0
1463512282178561376,523,1463512282012023046,,1531.0,0.119999997318
1463512282178604501,524,1463512282038038415,,1529.0,-0.0
1463512282178653564,525,1463512282065103161,,1530.0,-0.0
1463512282179071273,526,1463512282085694508,,1531.0,0.119999997318
1463512282179115440,527,1463512282111590814,,1530.0,-0.0
1463512282179617628,528,1463512282135148938,,1530.0,0.119999997318
1463512282180028202,529,1463512282163251916,,1529.0,-0.0
1463512282272876685,530,1463512282184391701,,1530.0,-0.0
1463512282273134498,531,1463512282212586085,,1529.0,-0.0
1463512282273583405,532,1463512282237862286,,1530.0,-0.0
1463512282274036010,533,1463512282264537708,,1530.0,0.119999997318
1463512282847134700,534,1463512282287914217,,1530.0,-0.0
1463512282847400169,535,1463512282314603181,,1529.0,-0.0
1463512282847688555,536,1463512282339665684,,1530.0,-0.0
1463512282851903773,537,1463512282364601675,,1530.0,-0.0
1463512282854500393,538,1463512282388721884,,1530.0,-0.0
1463512282854821383,539,1463512282415922724,,1529.0,-0.0
1463512282855075394,540,1463512282439402931,,1530.0,-0.0
1463512282855340134,541,1463512282465613665,,1529.0,-0.0
1463512282855631437,542,1463512282487427254,,1530.0,-0.0
1463512282855903677,543,1463512282510691835,,1530.0,-0.0
1463512282856213313,544,1463512282537028143,,1530.0,0.119999997318
1463512282856510345,545,1463512282558947409,,1530.0,-0.0
1463512282856806908,546,1463512282587338981,,1529.0,-0.0
1463512282857243368,547,1463512282611912992,,1530.0,-0.0
1463512282857548525,548,1463512282638701852,,1530.0,0.119999997318
1463512282857838317,549,1463512282663527427,,1530.0,0.119999997318
1463512282858108786,550,1463512282688437637,,1534.0,-0.0
1463512282858358214,551,1463512282708791171,,1530.0,-0.0
1463512282858630819,552,1463512282729000954,,1530.0,0.119999997318
1463512282858884100,553,1463512282749493030,,1529.0,-0.0
1463512282859158789,554,1463512282771439744,,1529.0,-0.0
1463512282859414310,555,1463512282795533286,,1530.0,-0.0
1463512282859705769,556,1463512282817597084,,1530.0,0.119999997318
1463512282860102593,557,1463512282843687036,,1530.0,0.119999997318
1463512282959599944,558,1463512282869527717,,1530.0,0.119999997318
1463512282959893017,559,1463512282894667563,,1530.0,-0.0
1463512282960528956,560,1463512282917358029,,1529.0,-0.0
1463512282961014686,561,1463512282942863762,,1530.0,-0.0
1463512282961368229,562,1463512282951040498,,1530.0,0.119999997318
1463512283314082382,563,1463512282981091657,,1530.0,-0.0
1463512283314414935,564,1463512282988982403,,1530.0,-0.0
1463512283314705040,565,1463512283005190199,,1530.0,0.119999997318
1463512283315010040,566,1463512283009403593,,1530.0,0.119999997318
1463512283315287645,567,1463512283048168053,,1530.0,-0.0
1463512283316631138,568,1463512283088108765,,1530.0,-0.0
1463512283319029060,569,1463512283134654700,,1530.0,0.119999997318
1463512283319344112,570,1463512283191443573,,1529.0,-0.0
1463512283319626978,571,1463512283224711302,,1529.0,-0.0
1463512283319892811,572,1463512283251683236,,1530.0,-0.0
1463512283320517865,573,1463512283301063500,,1531.0,0.119999997318
1463512283656270055,574,1463512283356252214,,1530.0,0.119999997318
1463512283656515993,575,1463512283382398260,,1530.0,-0.0
1463512283656755368,576,1463512283395967092,,1529.0,-0.0
1463512283657012556,577,1463512283407772638,,1530.0,-0.0
1463512283657317192,578,1463512283419613810,,1530.0,-0.0
1463512283657626672,579,1463512283433764622,,1530.0,0.119999997318
1463512283657939329,580,1463512283447352777,,1530.0,0.119999997318
1463512283658284747,581,1463512283461211349,,1530.0,-0.0
1463512283658603185,582,1463512283478085552,,1530.0,0.119999997318
1463512283659991313,583,1463512283508578014,,1530.0,-0.0
1463512283664625333,584,1463512283539260529,,1530.0,-0.0
1463512283664961844,585,1463512283566637568,,1531.0,0.119999997318
1463512283665465283,586,1463512283599584775,,1530.0,0.119999997318
1463512283665743096,587,1463512283630015883,,1530.0,-0.0
1463512283666167472,588,1463512283657126879,,1530.0,0.119999997318
1463512283838643265,589,1463512283683028134,,1529.0,-0.0
1463512283838976859,590,1463512283716803468,,1530.0,-0.0
1463512283839304828,591,1463512283754384435,,1529.0,-0.0
1463512283839862798,592,1463512283780404336,,1530.0,-0.0
1463512283840646290,593,1463512283819073378,,1530.0,0.119999997318
1463512283857180649,594,1463512283846010051,,1529.0,-0.119999997318
1463512283898000477,595,1463512283860800448,,1530.0,-0.0
1463512283911352121,596,1463512283898329332,,1530.0,-0.0
1463512283956416125,597,1463512283937801710,,1530.0,-0.0
1463512283986145982,598,1463512283981686909,,1530.0,0.119999997318
1463512284068008869,599,1463512284010531868,,1530.0,-0.0
1463512284068418662,600,1463512284023506480,,1529.0,-0.119999997318
1463512284068815121,601,1463512284047783669,,1530.0,-0.0
1463512284109027188,602,1463512284067207617,,1530.0,-0.0
1463512284130713433,603,1463512284123237896,,1530.0,-0.0
1463512284179834687,604,1463512284150855613,,1530.0,-0.0
1463512284180570782,605,1463512284171291022,,1530.0,0.119999997318
1463512284209292928,606,1463512284203777343,,1530.0,0.119999997318
1463512284276184637,607,1463512284221898164,,1530.0,0.119999997318
1463512284278771049,608,1463512284247956919,,1530.0,-0.0
1463512284279239123,609,1463512284262860337,,1530.0,-0.0
1463512284312323154,610,1463512284293466029,,1530.0,-0.0
1463512284354348402,611,1463512284336217633,,1530.0,-0.0
1463512284387358110,612,1463512284377181212,,1530.0,0.119999997318
1463512284408167687,613,1463512284400057252,,1530.0,-0.0
1463512284441973750,614,1463512284407487320,,1530.0,0.119999997318
1463512284591566578,615,1463512284426509758,,1530.0,-0.0
1463512284591624286,616,1463512284447699127,,1529.0,-0.0
1463512284591661838,617,1463512284463902288,,1529.0,-0.0
1463512284591696578,618,1463512284480081073,,1530.0,-0.0
1463512284591730328,619,1463512284495189075,,1530.0,0.119999997318
1463512284591765120,620,1463512284512671301,,1530.0,0.119999997318
1463512284592509080,621,1463512284541265738,,1530.0,0.119999997318
1463512284596884193,622,1463512284566612044,,1530.0,0.119999997318
1463512284611920008,623,1463512284595880493,,1530.0,-0.0
1463512284678279632,624,1463512284626922592,,1530.0,0.119999997318
1463512284678635518,625,1463512284652615982,,1530.0,0.119999997318
1463512284698273478,626,1463512284684616677,,1530.0,0.119999997318
1463512284728824690,627,1463512284716594872,,1530.0,0.119999997318
1463512284747254418,628,1463512284739602683,,1530.0,-0.0
1463512284775610418,629,1463512284761846742,,1530.0,0.119999997318
1463512284799420522,630,1463512284787551434,,1530.0,-0.0
1463512284817920979,631,1463512284811931331,,1530.0,-0.0
1463512284870059270,632,1463512284836872531,,1530.0,0.119999997318
1463512284870558542,633,1463512284857797421,,1529.0,-0.0
1463512284910987120,634,1463512284877790433,,1529.0,-0.0
1463512284911240298,635,1463512284898047457,,1529.0,-0.0
1463512284912394259,636,1463512284908512584,,1529.0,-0.0
1463512284976132680,637,1463512284922180062,,1529.0,-0.0
1463512284977832111,638,1463512284936531239,,1530.0,-0.0
1463512284977878986,639,1463512284941567344,,1530.0,-0.0
1463512284977916017,640,1463512284969777457,,1530.0,0.119999997318
1463512285228415578,641,1463512284982368266,,1530.0,0.119999997318
1463512285228780839,642,1463512284997467935,,1531.0,0.119999997318
1463512285229131778,643,1463512285026860499,,1530.0,-0.0
1463512285229435945,644,1463512285050325603,,1530.0,-0.0
1463512285229731675,645,1463512285068304653,,1530.0,0.119999997318
1463512285230014644,646,1463512285091088922,,1530.0,0.119999997318
1463512285236314137,647,1463512285115769914,,1529.0,-0.0
1463512285236631482,648,1463512285139937831,,1530.0,-0.0
1463512285236930180,649,1463512285162972778,,1530.0,-0.0
1463512285237209556,650,1463512285184992670,,1530.0,0.119999997318
1463512285237671640,651,1463512285207325324,,1530.0,-0.0
1463512285238049349,652,1463512285232818505,,1530.0,0.119999997318
1463512285296292498,653,1463512285255575169,,1530.0,0.119999997318
1463512285296743385,654,1463512285279840743,,1529.0,-0.0
1463512285417610630,655,1463512285301138186,,1530.0,-0.0
1463512285418024954,656,1463512285321095001,,1531.0,0.360000014305
1463512285418576622,657,1463512285342787549,,1530.0,-0.0
1463512285419069592,658,1463512285363669574,,1530.0,0.119999997318
1463512285419351519,659,1463512285385186809,,1529.0,-0.0
1463512285419728655,660,1463512285407557170,,1529.0,-0.0
1463512285464510785,661,1463512285430771753,,1530.0,-0.0
1463512285465273026,662,1463512285450310962,,1530.0,-0.0
1463512285483230774,663,1463512285471582572,,1530.0,-0.0
1463512285515130167,664,1463512285493140275,,1530.0,-0.0
1463512285534584325,665,1463512285515431314,,1529.0,-0.0
1463512285552982542,666,1463512285535619535,,1530.0,-0.0
1463512285580364790,667,1463512285557558907,,1530.0,-0.0
1463512285602215255,668,1463512285578946714,,1530.0,-0.0
1463512285624119626,669,1463512285603457653,,1530.0,-0.0
1463512285634994702,670,1463512285625273170,,1529.0,-0.0
1463512285653868233,671,1463512285647023218,,1530.0,0.119999997318
1463512285691549618,672,1463512285668752016,,1530.0,0.119999997318
1463512285693413164,673,1463512285689486489,,1530.0,-0.0
1463512285934542757,674,1463512285714994722,,1531.0,0.119999997318
1463512285937262919,675,1463512285735721903,,1530.0,0.119999997318
1463512285937725733,676,1463512285756128302,,1529.0,-0.0
1463512285938015629,677,1463512285776247461,,1530.0,-0.0
1463512285938305942,678,1463512285795707660,,1531.0,0.119999997318
1463512285938599380,679,1463512285816658175,,1530.0,0.119999997318
1463512285938885110,680,1463512285837502700,,1529.0,-0.0
1463512285939136777,681,1463512285857844776,,1553.0,-0.0
1463512285939401934,682,1463512285879528730,,1554.0,0.119999997318
1463512285939931154,683,1463512285900940235,,1600.0,-0.0
1463512285940644437,684,1463512285923721691,,1600.0,-0.0
1463512286065742578,685,1463512285947101847,,1600.0,-0.0
1463512286065900182,686,1463512285968807207,,1600.0,-0.0
1463512286066183881,687,1463512285989994233,,1600.0,-0.0
1463512286066863778,688,1463512286013207253,,1600.0,-0.0
1463512286067471123,689,1463512286039058664,,1600.0,0.119999997318
1463512286069387481,690,1463512286064614033,,1600.0,0.119999997318
1463512286237412072,691,1463512286089977319,,1600.0,-0.0
1463512286237663322,692,1463512286111825700,,1600.0,-0.119999997318
1463512286237917698,693,1463512286132864445,,1600.0,-0.0
1463512286238169573,694,1463512286154196575,,1600.0,-0.0
1463512286238456136,695,1463512286176656364,,1600.0,0.119999997318
1463512286239066346,696,1463512286200595740,,1600.0,1.79999995232
1463512286239389836,697,1463512286221986569,,1600.0,1.79999995232
1463512286265663644,698,1463512286242657344,,1600.0,-0.0
1463512286358099995,699,1463512286264627444,,1600.0,0.119999997318
1463512286358431454,700,1463512286285885616,,1600.0,-0.0
1463512286358716767,701,1463512286308256499,,1600.0,-0.0
1463512286360664584,702,1463512286333041866,,1600.0,0.119999997318
1463512286361201252,703,1463512286355095561,,1600.0,-0.0
1463512286430653176,704,1463512286376152170,,1600.0,0.119999997318
1463512286431081406,705,1463512286397470655,,1600.0,-0.0
1463512286431796147,706,1463512286423495191,,1600.0,-0.0
1463512286523424891,707,1463512286445221489,,1600.0,0.119999997318
1463512286523843017,708,1463512286464930856,,1600.0,1.67999994755
1463512286526038335,709,1463512286486783560,,1600.0,-0.0
1463512286526634898,710,1463512286508591525,,1600.0,0.119999997318
1463512286585970290,711,1463512286534478978,,1600.0,0.119999997318
1463512286586427166,712,1463512286556528767,,1600.0,0.119999997318
1463512286586840969,713,1463512286578410065,,1600.0,0.119999997318
1463512286630273305,714,1463512286602625119,,1600.0,0.119999997318
1463512286631311328,715,1463512286625402773,,1600.0,-0.0
1463512286704647011,716,1463512286647544280,,1600.0,-0.0
1463512286705011282,717,1463512286664802652,,1600.0,-0.0
1463512286705482638,718,1463512286686556346,,1600.0,-0.0
1463512286730385609,719,1463512286708345821,,1600.0,0.119999997318
1463512286795769764,720,1463512286730300401,,1600.0,-0.0
1463512286796446328,721,1463512286754204099,,1600.0,-0.0
1463512286796922111,722,1463512286773658049,,1600.0,0.119999997318
1463512286812844229,723,1463512286794904346,,1600.0,0.119999997318
1463512287002063658,724,1463512286817701219,,1600.0,-0.0
1463512287002617826,725,1463512286836979126,,1600.0,-0.0
1463512287005021789,726,1463512286857359744,,1600.0,-0.959999978542
1463512287005397519,727,1463512286877733331,,1600.0,0.119999997318
1463512287005676218,728,1463512286899029888,,1600.0,-0.0
1463512287005995229,729,1463512286921969210,,1600.0,-0.0
1463512287006271636,730,1463512286943536549,,1600.0,-0.0
1463512287006811897,731,1463512286963719927,,1600.0,-0.0
1463512287007259034,732,1463512286988265034,,1600.0,-0.600000023842
1463512287037794831,733,1463512287010948365,,1600.0,0.119999997318
1463512287126347059,734,1463512287041630152,,1600.0,0.119999997318
1463512287126626799,735,1463512287064128431,,1600.0,-0.479999989271
1463512287126876956,736,1463512287087185097,,1600.0,0.119999997318
1463512287127754197,737,1463512287112070673,,1600.0,0.119999997318
1463512287294478370,738,1463512287136586717,,1600.0,0.119999997318
1463512287294801548,739,1463512287161040626,,1600.0,-0.0
1463512287295107486,740,1463512287181678536,,1600.0,-0.0
1463512287295409570,741,1463512287201325038,,1600.0,0.119999997318
1463512287295735717,742,1463512287227679732,,1600.0,-0.0
1463512287296054624,743,1463512287258121518,,1600.0,0.119999997318
1463512287296554937,744,1463512287275365150,,1600.0,0.119999997318
1463512287336599245,745,1463512287301602188,,1600.0,0.119999997318
1463512287347407342,746,1463512287342347331,,1600.0,0.119999997318
1463512287400052563,747,1463512287388428423,,1600.0,-0.0
1463512287433715450,748,1463512287422332352,,1600.0,-0.0
1463512287473419393,749,1463512287452145804,,1600.0,0.119999997318
1463512287473541633,750,1463512287463364787,,1600.0,0.119999997318
1463512287597890867,751,1463512287479769094,,1600.0,0.119999997318
1463512287598219462,752,1463512287499126377,,1600.0,-0.0
1463512287598504462,753,1463512287522239553,,1600.0,0.119999997318
1463512287599010922,754,1463512287544708197,,1600.0,0.239999994636
1463512287599284672,755,1463512287561275109,,1600.0,-0.0
1463512287599675819,756,1463512287581761300,,1600.0,-0.0
1463512287611662564,757,1463512287601826865,,1600.0,-0.0
1463512287665866747,758,1463512287622567380,,1600.0,-0.0
1463512287666399821,759,1463512287642326070,,1600.0,0.119999997318
1463512287666822166,760,1463512287659828661,,1600.0,0.119999997318
1463512287698738591,761,1463512287693534882,,1600.0,0.119999997318
1463512287763336704,762,1463512287717463789,,1600.0,-0.0
1463512287763389152,763,1463512287738625919,,1600.0,-1.32000005245
1463512287817289219,764,1463512287761360918,,1600.0,-0.0
1463512287832786858,765,1463512287787131392,,1600.0,0.119999997318
1463512287833412172,766,1463512287819808756,,1600.0,1.32000005245
1463512287871922153,767,1463512287831254302,,1600.0,-0.0
1463512287872077101,768,1463512287844709280,,1600.0,0.119999997318
1463512287873964606,769,1463512287862212340,,1600.0,0.119999997318
1463512287891894802,770,1463512287879692587,,1600.0,-0.360000014305
1463512288018689094,771,1463512287890672195,,1600.0,-0.0
1463512288024858274,772,1463512287900659196,,1600.0,-0.0
1463512288025268640,773,1463512287909564685,,1600.0,-0.0
1463512288027721250,774,1463512287920929137,,1600.0,-0.0
1463512288027787916,775,1463512287930304887,,1600.0,-0.239999994636
1463512288027830208,776,1463512287944351845,,1600.0,-0.239999994636
1463512288027872448,777,1463512287958602502,,1600.0,-0.0
1463512288027909115,778,1463512287975882697,,1600.0,-0.0
1463512288027946146,779,1463512287993433673,,1600.0,0.119999997318
1463512288027985417,780,1463512288003092080,,1600.0,-0.119999997318
1463512288028021979,781,1463512288017974301,,1600.0,-0.119999997318
1463512288156519193,782,1463512288037087000,,1600.0,-0.0
1463512288156849611,783,1463512288062320389,,1600.0,-0.0
1463512288157348987,784,1463512288089303627,,1600.0,0.119999997318
1463512288157637165,785,1463512288121252031,,1600.0,-0.0
1463512288159141178,786,1463512288134407894,,1600.0,-0.0
1463512288199175382,787,1463512288168724377,,1600.0,0.119999997318
1463512288220494284,788,1463512288213235205,,1600.0,-0.0
1463512288266566991,789,1463512288259238537,,1600.0,0.239999994636
1463512288332287711,790,1463512288280022229,,1600.0,-0.0
1463512288332566566,791,1463512288305528797,,1600.0,1.44000005722
1463512288334552455,792,1463512288315711215,,1600.0,1.44000005722
1463512288335292092,793,1463512288322399251,,1600.0,-0.0
1463512288476577460,794,1463512288338646215,,1600.0,-0.0
1463512288476637043,795,1463512288352344839,,1600.0,0.119999997318
1463512288481299241,796,1463512288368447687,,1600.0,0.72000002861
1463512288483001953,797,1463512288381316310,,1600.0,0.72000002861
1463512288483607059,798,1463512288388340232,,1600.0,0.72000002861
1463512288486052273,799,1463512288396531865,,1600.0,0.119999997318
1463512288486106596,800,1463512288408638871,,1600.0,0.119999997318
1463512288491290930,801,1463512288433088248,,1600.0,0.72000002861
1463512288491894577,802,1463512288464211026,,1600.0,0.72000002861
1463512288513126344,803,1463512288484082893,,1600.0,0.72000002861
1463512288513398948,804,1463512288495765940,,1600.0,2.75999999046
1463512288513791501,805,1463512288506823673,,1600.0,3.0
1463512288643852573,806,1463512288517117030,,1600.0,3.0
1463512288643906896,807,1463512288536215874,,1600.0,3.48000001907
1463512288643945959,808,1463512288546478293,,1600.0,3.3599998951
1463512288644135594,809,1463512288574259970,,1600.0,3.48000001907
1463512288644176688,810,1463512288594969495,,1600.0,3.24000000954
1463512288644213876,811,1463512288608551973,,1600.0,3.24000000954
1463512288644460543,812,1463512288618472985,,1600.0,4.44000005722
1463512288745953165,813,1463512288645364608,,1600.0,4.44000005722
1463512288746260562,814,1463512288667085594,,1600.0,3.11999988556
1463512288746577490,815,1463512288687798140,,1600.0,5.76000022888
1463512288747109366,816,1463512288709064333,,1600.0,5.76000022888
1463512288747377023,817,1463512288728788283,,1600.0,7.55999994278
1463512288747778847,818,1463512288739309765,,1600.0,7.80000019073
1463512288785009971,819,1463512288755954177,,1600.0,8.76000022888
1463512288785349555,820,1463512288765777116,,1600.0,8.76000022888
1463512288785792213,821,1463512288776085733,,1600.0,8.76000022888
1463512288875776007,822,1463512288789666076,,1600.0,8.76000022888
1463512288876225696,823,1463512288799231097,,1600.0,8.76000022888
1463512288876522728,824,1463512288818977026,,1600.0,8.76000022888
1463512288876972364,825,1463512288848419853,,1600.0,8.76000022888
1463512288898146422,826,1463512288885957072,,1600.0,9.11999988556
1463512288933872439,827,1463512288905711803,,1600.0,9.23999977112
1463512288942460583,828,1463512288938056719,,1600.0,10.4399995804
1463512288981541348,829,1463512288976443055,,1600.0,10.5600004196
1463512289033493704,830,1463512288990098450,,1600.0,11.5200004578
1463512289033923132,831,1463512289019582735,,1600.0,11.6400003433
1463512289067022529,832,1463512289059346626,,1600.0,12.1199998856
1463512289088491900,833,1463512289073907180,,1600.0,13.1999998093
1463512289117376027,834,1463512289093115504,,1600.0,13.1999998093
1463512289117807070,835,1463512289104751415,,1600.0,14.0399999619
1463512289139375399,836,1463512289119383427,,1600.0,14.0399999619
1463512289141756290,837,1463512289139766129,,1600.0,14.0399999619
1463512289154593819,838,1463512289150736987,,1600.0,13.9200000763
1463512289202114967,839,1463512289173535841,,1600.0,13.9200000763
1463512289210723528,840,1463512289206059195,,1600.0,14.3999996185
1463512289244013186,841,1463512289236405461,,1600.0,14.3999996185
1463512289263187083,842,1463512289255022169,,1600.0,14.6400003433
1463512289288237921,843,1463512289280540820,,1600.0,14.6400003433
1463512289328332646,844,1463512289304932542,,1600.0,16.4400005341
1463512289353894735,845,1463512289337923345,,1600.0,15.3599996567
1463512289419559674,846,1463512289374807386,,1600.0,15.9600000381
1463512289423398120,847,1463512289418217223,,1600.0,15.9600000381
1463512289508176539,848,1463512289462606281,,1600.0,15.4799995422
1463512289556934201,849,1463512289510055658,,1600.0,15.9600000381
1463512289712124393,850,1463512289554068778,,1600.0,15.8400001526
1463512289712510956,851,1463512289602611022,,1600.0,21.2399997711
1463512289717609457,852,1463512289653085823,,1600.0,21.1200008392
1463512289718049406,853,1463512289696579514,,1600.0,21.2399997711
1463512289819070727,854,1463512289747125201,,1600.0,21.6000003815
1463512289819689374,855,1463512289794075879,,1600.0,22.2000007629
1463512289848344438,856,1463512289836115609,,1600.0,23.0400009155
1463512289869375839,857,1463512289864826194,,1600.0,23.0400009155
1463512289937802556,858,1463512289895618815,,1600.0,23.1599998474
1463512289941989127,859,1463512289934784163,,1600.0,22.7999992371
1463512289990741581,860,1463512289958488852,,1600.0,22.5599994659
1463512290000543165,861,1463512289984808755,,1600.0,23.2800006866
1463512290116172592,862,1463512290004675883,,1600.0,23.2800006866
1463512290116208374,863,1463512290021922744,,1600.0,22.2000007629
1463512290116517854,864,1463512290046833217,,1600.0,22.2000007629
1463512290116952594,865,1463512290069556654,,1600.0,22.5599994659
1463512290116997959,866,1463512290102264540,,1600.0,22.5599994659
1463512290118763484,867,1463512290108055751,,1600.0,22.2000007629
1463512290189244059,868,1463512290141124576,,1600.0,22.2000007629
1463512290208739780,869,1463512290189264268,,1600.0,21.6000003815
1463512290236877448,870,1463512290232151031,,1600.0,21.2399997711
1463512290287241155,871,1463512290269105229,,1600.0,20.8799991608
1463512290348321709,872,1463512290307621253,,1600.0,20.7600002289
1463512290397641664,873,1463512290348087073,,1600.0,20.8799991608
1463512290458423051,874,1463512290399913597,,1600.0,20.7600002289
1463512290458865292,875,1463512290445260001,,1600.0,21.1200008392
1463512290508313737,876,1463512290499325591,,1600.0,21.2399997711
1463512290570817628,877,1463512290552306180,,1600.0,21.1200008392
1463512290650616401,878,1463512290610697092,,1600.0,21.6000003815
1463512290669340818,879,1463512290664680964,,1600.0,22.7999992371
1463512290749024331,880,1463512290719258327,,1600.0,22.2000007629
1463512290956370736,881,1463512290768971303,,1600.0,22.3199996948
1463512290958886419,882,1463512290801661065,,1600.0,23.1599998474
1463512290959212774,883,1463512290828164562,,1600.0,23.6399993896
1463512290959556629,884,1463512290843509440,,1600.0,24.3600006104
1463512290959599806,885,1463512290854211756,,1600.0,24.3600006104
1463512290959804338,886,1463512290868484861,,1600.0,24.6000003815
1463512290960059026,887,1463512290878980666,,1600.0,24.6000003815
1463512290960556058,888,1463512290889325950,,1600.0,25.4400005341
1463512290960902882,889,1463512290903450929,,1600.0,25.4400005341
1463512290961462258,890,1463512290913201212,,1600.0,24.4799995422
1463512290961763717,891,1463512290929768385,,1600.0,24.6000003815
1463512290962171114,892,1463512290939501896,,1600.0,24.6000003815
1463512291058643780,893,1463512290983409339,,1600.0,24.6000003815
1463512291058726593,894,1463512291037391128,,1600.0,24.4799995422
1463512291066551923,895,1463512291062547435,,1600.0,24.6000003815
1463512291086667958,896,1463512291080273516,,1600.0,24.4799995422
1463512291087315824,897,1463512291084702901,,1600.0,24.4799995422
1463512291132533062,898,1463512291110678898,,1600.0,23.6399993896
1463512291184568649,899,1463512291150252685,,1600.0,23.5200004578
1463512291184988754,900,1463512291172896955,,1600.0,23.0400009155
1463512291217950182,901,1463512291193779451,,1600.0,22.5599994659
1463512291218022526,902,1463512291211466470,,1600.0,18.0
1463512291253913858,903,1463512291233485530,,1600.0,17.3999996185
1463512291286265702,904,1463512291250274839,,1600.0,16.9200000763
1463512291286320233,905,1463512291277886256,,1600.0,10.6800003052
1463512291316489208,906,1463512291298045208,,1600.0,10.6800003052
1463512291331731221,907,1463512291319887861,,1600.0,0.119999997318
1463512291353501062,908,1463512291340760565,,1600.0,-0.0
1463512291391932764,909,1463512291361329361,,1600.0,-0.0
1463512291392488911,910,1463512291385002488,,1600.0,-0.0
1463512291443986997,911,1463512291407629206,,1600.0,0.119999997318
1463512291444460904,912,1463512291430634362,,1600.0,-0.0
1463512291727139409,913,1463512291456254889,,1600.0,-0.0
1463512291727378107,914,1463512291475379255,,1600.0,-0.0
1463512291727622639,915,1463512291495974302,,1600.0,0.119999997318
1463512291727856494,916,1463512291515318565,,1600.0,-0.0
1463512291728117276,917,1463512291535737569,,1600.0,-0.0
1463512291728378735,918,1463512291558000328,,1600.0,-0.119999997318
1463512291728635454,919,1463512291581311162,,1600.0,-0.0
1463512291728894725,920,1463512291595112339,,1600.0,-0.0
1463512291729141236,921,1463512291605591217,,1600.0,0.119999997318
1463512291729389883,922,1463512291622983444,,1600.0,0.119999997318
1463512291729627279,923,1463512291648093449,,1600.0,0.119999997318
1463512291730191447,924,1463512291670027821,,1600.0,-0.0
1463512291730488687,925,1463512291693776990,,1600.0,-0.0
1463512291730788480,926,1463512291718285951,,1600.0,0.119999997318
1463512291731262283,927,1463512291727323628,,1600.0,0.119999997318
1463512291880447100,928,1463512291736470888,,1600.0,0.119999997318
1463512291881997572,929,1463512291741767411,,1600.0,0.119999997318
1463512291882104031,930,1463512291752892540,,1600.0,0.119999997318
1463512291882141687,931,1463512291777246606,,1600.0,-0.0
1463512291882177885,932,1463512291788418558,,1600.0,-0.0
1463512291882213510,933,1463512291807932873,,1600.0,-0.0
1463512291882287729,934,1463512291826747551,,1600.0,-0.0
1463512291882330906,935,1463512291848734893,,1600.0,-0.0
1463512291882368511,936,1463512291870800359,,1600.0,-0.0
1463512292050060193,937,1463512291891074416,,1600.0,0.119999997318
1463512292050573163,938,1463512291927490488,,1600.0,0.119999997318
1463512292052462490,939,1463512291959330977,,1600.0,0.72000002861
1463512292053332128,940,1463512291981534933,,1600.0,1.44000005722
1463512292056553437,941,1463512291995289912,,1600.0,1.91999995708
1463512292056619479,942,1463512292009354528,,1600.0,1.91999995708
1463512292059111255,943,1463512292036066568,,1600.0,2.88000011444
1463512292093806386,944,1463512292074294415,,1600.0,4.92000007629
1463512292095510297,945,1463512292082786726,,1600.0,4.32000017166
1463512292096245871,946,1463512292093582532,,1600.0,4.32000017166
1463512292220099122,947,1463512292110550591,,1600.0,4.32000017166
1463512292221600531,948,1463512292129613708,,1600.0,6.84000015259
1463512292222383033,949,1463512292154432670,,1600.0,9.11999988556
1463512292223993349,950,1463512292174736362,,1600.0,9.23999977112
1463512292224552830,951,1463512292208794409,,1600.0,11.5200004578
1463512292224998925,952,1463512292219491777,,1600.0,12.6000003815
1463512292504659144,953,1463512292235306500,,1600.0,12.6000003815
1463512292504692582,954,1463512292246365223,,1600.0,13.0799999237
1463512292504737686,955,1463512292266120841,,1600.0,14.3999996185
1463512292504777947,956,1463512292283525412,,1600.0,14.3999996185
1463512292504816645,957,1463512292296944765,,1600.0,14.6400003433
1463512292504854405,958,1463512292303472437,,1600.0,14.6400003433
1463512292504894145,959,1463512292314808556,,1600.0,14.8800001144
1463512292504929093,960,1463512292323333732,,1600.0,14.8800001144
1463512292504965708,961,1463512292342673724,,1600.0,14.0399999619
1463512292505003104,962,1463512292378152554,,1600.0,15.0
1463512292505039979,963,1463512292390331957,,1600.0,15.0
1463512292505075916,964,1463512292408844343,,1600.0,15.0
1463512292505112583,965,1463512292430686736,,1600.0,15.2399997711
1463512292505209510,966,1463512292452332984,,1600.0,15.2399997711
1463512292505372115,967,1463512292479275128,,1600.0,15.0
1463512292722480734,968,1463512292504708676,,1600.0,15.4799995422
1463512292722533651,969,1463512292520666577,,1600.0,15.3599996567
1463512292722576620,970,1463512292529031752,,1600.0,15.3599996567
1463512292722614068,971,1463512292545745071,,1600.0,15.3599996567
1463512292722642818,972,1463512292558964216,,1600.0,15.4799995422
1463512292722873651,973,1463512292568661373,,1600.0,15.4799995422
1463512292722917766,974,1463512292578347698,,1600.0,15.4799995422
1463512292725034490,975,1463512292587934021,,1600.0,15.4799995422
1463512292725116104,976,1463512292599666444,,1600.0,15.4799995422
1463512292727952934,977,1463512292610618761,,1600.0,15.4799995422
1463512292728175695,978,1463512292625069314,,1600.0,16.5599994659
1463512292728227205,979,1463512292640065911,,1600.0,16.6800003052
1463512292728271320,980,1463512292680011523,,1600.0,17.3999996185
1463512292728307778,981,1463512292714079465,,1600.0,16.0799999237
1463512292783660665,982,1463512292739307543,,1600.0,17.3999996185
1463512292783741290,983,1463512292750038557,,1600.0,17.3999996185
1463512292783777644,984,1463512292757871387,,1600.0,17.3999996185
1463512292783811186,985,1463512292768082192,,1600.0,17.2800006866
1463512292898142175,986,1463512292778428517,,1600.0,17.2800006866
1463512292898398009,987,1463512292802493468,,1600.0,17.3999996185
1463512292898690249,988,1463512292832331713,,1600.0,17.2800006866
1463512292899225042,989,1463512292863905274,,1600.0,17.2800006866
1463512292899610304,990,1463512292894075447,,1600.0,16.7999992371
1463512292950066721,991,1463512292928861412,,1600.0,16.9200000763
1463512292974217036,992,1463512292956509756,,1600.0,16.7999992371
1463512292991376763,993,1463512292985736854,,1600.0,18.9599990845
1463512293032183054,994,1463512293020095943,,1600.0,18.3600006104
1463512293060577598,995,1463512293044187977,,1600.0,18.3600006104
1463512293066676674,996,1463512293055850504,,1600.0,18.4799995422
1463512293101087065,997,1463512293087746306,,1600.0,18.7199993134
1463512293252116994,998,1463512293096686743,,1600.0,18.7199993134
1463512293252156057,999,1463512293111534433,,1600.0,18.7199993134
1463512293252190953,1000,1463512293123978524,,1600.0,18.7199993134
1463512293252227828,1001,1463512293133361150,,1600.0,19.2000007629
1463512293252262932,1002,1463512293147229202,,1600.0,19.2000007629
1463512293252298609,1003,1463512293167815395,,1600.0,19.3199996948
1463512293252332099,1004,1463512293174651452,,1600.0,19.2000007629
1463512293252366786,1005,1463512293186524969,,1600.0,19.2000007629
1463512293252402620,1006,1463512293204289281,,1600.0,19.2000007629
1463512293252439391,1007,1463512293226652248,,1600.0,19.2000007629
1463512293258253623,1008,1463512293240838843,,1600.0,19.2000007629
1463512293423971971,1009,1463512293249877145,,1600.0,19.4400005341
1463512293424033689,1010,1463512293255971013,,1600.0,19.4400005341
1463512293427258957,1011,1463512293276649498,,1600.0,19.7999992371
1463512293427675833,1012,1463512293283296701,,1600.0,19.7999992371
1463512293427720990,1013,1463512293292214742,,1600.0,20.1599998474
1463512293428051303,1014,1463512293304946021,,1600.0,20.1599998474
1463512293428098022,1015,1463512293315534535,,1600.0,20.1599998474
1463512293428350106,1016,1463512293331245300,,1600.0,20.1599998474
1463512293428566512,1017,1463512293349419769,,1600.0,19.3199996948
1463512293428606096,1018,1463512293357994320,,1600.0,20.6399993896
1463512293428909482,1019,1463512293366899653,,1600.0,20.6399993896
1463512293429173285,1020,1463512293379358119,,1600.0,20.6399993896
1463512293429446150,1021,1463512293383413232,,1600.0,20.7600002289
1463512293497195471,1022,1463512293418915813,,1600.0,20.7600002289
1463512293497262347,1023,1463512293434420432,,1600.0,20.7600002289
1463512293497323440,1024,1463512293441152479,,1600.0,20.6399993896
1463512293497363649,1025,1463512293455522980,,1600.0,20.6399993896
1463512293497399951,1026,1463512293469198272,,1600.0,20.6399993896
1463512293497435212,1027,1463512293476086517,,1600.0,20.6399993896
1463512293497469743,1028,1463512293485637476,,1600.0,20.6399993896
1463512293533202168,1029,1463512293506691326,,1600.0,20.6399993896
1463512293537706554,1030,1463512293532627063,,1600.0,20.7600002289
1463512293567899123,1031,1463512293552785130,,1600.0,20.7600002289
1463512293595768301,1032,1463512293562852340,,1600.0,20.7600002289
1463512293595816687,1033,1463512293574582211,,1600.0,20.7600002289
1463512293616233087,1034,1463512293588844900,,1600.0,20.7600002289
1463512293616291108,1035,1463512293599078257,,1600.0,20.7600002289
1463512293665374554,1036,1463512293612099328,,1600.0,20.3999996185
1463512293665667419,1037,1463512293628850720,,1600.0,20.3999996185
1463512293666269973,1038,1463512293642643096,,1600.0,20.6399993896
1463512293680099692,1039,1463512293668778676,,1600.0,20.7600002289
1463512293719762126,1040,1463512293702821098,,1600.0,20.7600002289
1463512293750332561,1041,1463512293726604434,,1600.0,20.5200004578
1463512293780614505,1042,1463512293764760146,,1600.0,20.6399993896
1463512293817797559,1043,1463512293809549571,,1600.0,20.8799991608
1463512293883520001,1044,1463512293850954353,,1600.0,20.8799991608
1463512293883966981,1045,1463512293865055584,,1600.0,20.8799991608
1463512293915058823,1046,1463512293888361418,,1600.0,20.8799991608
1463512293945791185,1047,1463512293927440518,,1600.0,20.7600002289
1463512293959170851,1048,1463512293950101403,,1600.0,21.2399997711
1463512293988271595,1049,1463512293974126927,,1600.0,21.2399997711
1463512294044921881,1050,1463512293990229620,,1600.0,32.4000015259
1463512294044973548,1051,1463512294005617363,,1600.0,21.1200008392
1463512294046177613,1052,1463512294023578551,,1600.0,20.7600002289
1463512294052686013,1053,1463512294044766620,,1600.0,20.8799991608
1463512294098014451,1054,1463512294061107647,,1600.0,20.8799991608
1463512294098063201,1055,1463512294080952380,,1600.0,19.6800003052
1463512294098396066,1056,1463512294094065171,,1600.0,20.7600002289
1463512294122147579,1057,1463512294112601724,,1600.0,20.7600002289
1463512294145056746,1058,1463512294122264611,,1600.0,20.7600002289
1463512294145164195,1059,1463512294131649632,,1600.0,20.6399993896
1463512294152812285,1060,1463512294146790136,,1600.0,20.6399993896
1463512294167466329,1061,1463512294158564538,,1600.0,22.4400005341
1463512294228762460,1062,1463512294168290914,,1600.0,22.4400005341
1463512294229087252,1063,1463512294180810370,,1600.0,20.1599998474
1463512294229599597,1064,1463512294191662947,,1600.0,19.4400005341
1463512294230048035,1065,1463512294214264614,,1600.0,19.4400005341
1463512294265332387,1066,1463512294239946079,,1600.0,19.3199996948
1463512294276701216,1067,1463512294273713396,,1600.0,19.3199996948
1463512294404637291,1068,1463512294307844985,,1600.0,19.3199996948
1463512294404938021,1069,1463512294338637243,,1600.0,19.3199996948
1463512294405519064,1070,1463512294366817516,,1600.0,19.3199996948
1463512294405925158,1071,1463512294395173311,,1600.0,-2.16000008583
1463512294484910913,1072,1463512294421233787,,1600.0,5.63999986649
1463512294485357528,1073,1463512294448808798,,1600.0,5.88000011444
1463512294485651487,1074,1463512294462185392,,1600.0,-0.479999989271
1463512294486010134,1075,1463512294471566611,,1600.0,-0.479999989271
1463512294490596134,1076,1463512294481401582,,1600.0,-0.0
1463512294520508442,1077,1463512294503724237,,1600.0,0.479999989271
1463512294520953339,1078,1463512294513271655,,1600.0,-0.0
1463512294814154586,1079,1463512294532128104,,1600.0,-0.0
1463512294814646149,1080,1463512294557411027,,1600.0,-0.0
1463512294814696306,1081,1463512294584628902,,1600.0,-0.0
1463512294814986775,1082,1463512294613375322,,1600.0,-0.0
1463512294818296522,1083,1463512294643311329,,1600.0,-0.119999997318
1463512294818451783,1084,1463512294672932178,,1600.0,0.119999997318
1463512294818495637,1085,1463512294701202399,,1600.0,0.119999997318
1463512294818862253,1086,1463512294728774546,,1600.0,0.119999997318
1463512294819157514,1087,1463512294755336846,,1600.0,-0.0
1463512294822573772,1088,1463512294784756029,,1600.0,-0.0
1463512294823086169,1089,1463512294813256563,,1600.0,-2.16000008583
1463512295371121963,1090,1463512294838818913,,1600.0,0.119999997318
1463512295371171442,1091,1463512294866474185,,1600.0,0.119999997318
1463512295371477849,1092,1463512294895191282,,1600.0,-0.0
1463512295371839725,1093,1463512294923615931,,1600.0,-0.0
1463512295372218111,1094,1463512294948092862,,1600.0,-0.0
1463512295372569987,1095,1463512294977221158,,1600.0,0.119999997318
1463512295372926134,1096,1463512295005519557,,1600.0,0.479999989271
1463512295373379052,1097,1463512295031272533,,1600.0,0.479999989271
1463512295373427125,1098,1463512295056649414,,1600.0,0.479999989271
1463512295373817386,1099,1463512295083850779,,1600.0,0.479999989271
1463512295374142491,1100,1463512295114686580,,1600.0,11.7600002289
1463512295374523585,1101,1463512295144607065,,1600.0,16.9200000763
1463512295374878170,1102,1463512295174239998,,1600.0,18.7199993134
1463512295375165410,1103,1463512295191618163,,1600.0,18.7199993134
1463512295375437806,1104,1463512295211110240,,1600.0,18.8400001526
1463512295375704890,1105,1463512295221209482,,1600.0,25.6800003052
1463512295375953016,1106,1463512295235134566,,1600.0,25.6800003052
1463512295376264214,1107,1463512295246926364,,1600.0,26.2800006866
1463512295376306715,1108,1463512295265350573,,1600.0,26.2800006866
1463512295376543798,1109,1463512295278176280,,1600.0,25.4400005341
1463512295376795466,1110,1463512295297723044,,1600.0,26.5200004578
1463512295377113852,1111,1463512295315758398,,1600.0,26.3999996185
1463512295377683697,1112,1463512295337951105,,1600.0,26.3999996185
1463512295378138438,1113,1463512295364010072,,1600.0,25.9200000763
1463512295416787954,1114,1463512295383868815,,1600.0,25.5599994659
1463512295417255038,1115,1463512295405818501,,1600.0,25.9200000763
1463512295635386635,1116,1463512295426719591,,1600.0,26.0400009155
1463512295635696740,1117,1463512295448164485,,1600.0,25.9200000763
1463512295636055387,1118,1463512295469023126,,1600.0,25.9200000763
1463512295636105543,1119,1463512295490290884,,1600.0,26.3999996185
1463512295636389919,1120,1463512295516562247,,1600.0,26.3999996185
1463512295636668461,1121,1463512295534229110,,1600.0,26.3999996185
1463512295636920076,1122,1463512295549288312,,1600.0,26.1599998474
1463512295637170650,1123,1463512295565688558,,1600.0,26.3999996185
1463512295637419296,1124,1463512295586238345,,1600.0,26.3999996185
1463512295637983152,1125,1463512295597839726,,1600.0,26.5200004578
1463512295638509872,1126,1463512295627503753,,1600.0,26.5200004578
1463512295650739067,1127,1463512295642606131,,1600.0,26.5200004578
1463512296075157339,1128,1463512295671374010,,1600.0,26.2800006866
1463512296081086519,1129,1463512295679848873,,1600.0,26.3999996185
1463512296081136780,1130,1463512295688701811,,1600.0,26.3999996185
1463512296081458187,1131,1463512295703108406,,1600.0,26.5200004578
1463512296081659489,1132,1463512295712951971,,1600.0,26.5200004578
1463512296082033709,1133,1463512295724054653,,1600.0,26.5200004578
1463512296082226001,1134,1463512295734259364,,1600.0,26.5200004578
1463512296082718867,1135,1463512295740722451,,1600.0,26.3999996185
1463512296084505537,1136,1463512295751027684,,1600.0,26.3999996185
1463512296084802309,1137,1463512295768974600,,1600.0,26.5200004578
1463512296084846319,1138,1463512295780959159,,1600.0,26.5200004578
1463512296084882049,1139,1463512295800794100,,1600.0,26.3999996185
1463512296084916528,1140,1463512295816604554,,1600.0,26.5200004578
1463512296085020903,1141,1463512295829423281,,1600.0,26.5200004578
1463512296085209081,1142,1463512295853612816,,1600.0,26.5200004578
1463512296085252935,1143,1463512295877536830,,1600.0,26.5200004578
1463512296087948775,1144,1463512295904029130,,1600.0,26.5200004578
1463512296088002993,1145,1463512295932096904,,1600.0,26.3999996185
1463512296093030141,1146,1463512295957868265,,1600.0,26.5200004578
1463512296095719991,1147,1463512295980486546,,1600.0,26.5200004578
1463512296095772595,1148,1463512296005557750,,1600.0,26.5200004578
1463512296095808741,1149,1463512296031750311,,1600.0,26.3999996185
1463512296095843116,1150,1463512296058920686,,1600.0,26.3999996185
1463512296095881918,1151,1463512296086172104,,1600.0,26.3999996185
1463512297035775088,1152,1463512296108463562,,1600.0,26.3999996185
1463512297035867848,1153,1463512296129278558,,1600.0,25.9200000763
1463512297036352693,1154,1463512296151771214,,1600.0,25.9200000763
1463512297036488839,1155,1463512296179215913,,1600.0,25.9200000763
1463512297036581704,1156,1463512296204163627,,1600.0,25.9200000763
1463512297036688580,1157,1463512296229463530,,1600.0,26.2800006866
1463512297036759882,1158,1463512296247998312,,1600.0,25.7999992371
1463512297036873372,1159,1463512296266613929,,1600.0,25.7999992371
1463512297036956497,1160,1463512296288325489,,1600.0,26.0400009155
1463512297037031237,1161,1463512296315619511,,1600.0,37.0800018311
1463512297037100299,1162,1463512296329420116,,1600.0,37.0800018311
1463512297037171497,1163,1463512296349088651,,1600.0,26.0400009155
1463512297037247487,1164,1463512296378607782,,1600.0,25.9200000763
1463512297037283216,1165,1463512296392341356,,1600.0,26.3999996185
1463512297037336966,1166,1463512296426615914,,1600.0,25.9200000763
1463512297037376810,1167,1463512296458370102,,1600.0,25.9200000763
1463512297037439050,1168,1463512296486303657,,1600.0,25.9200000763
1463512297037468321,1169,1463512296507097976,,1600.0,25.9200000763
1463512297037499363,1170,1463512296525776509,,1600.0,25.9200000763
1463512297037540300,1171,1463512296544328583,,1600.0,25.9200000763
1463512297037573946,1172,1463512296562833157,,1600.0,25.9200000763
1463512297038036447,1173,1463512296576047459,,1600.0,26.0400009155
1463512297038064416,1174,1463512296593918646,,1600.0,26.0400009155
1463512297038101395,1175,1463512296606072685,,1600.0,26.0400009155
1463512297038465511,1176,1463512296623124807,,1600.0,25.9200000763
1463512297038607542,1177,1463512296635228950,,1600.0,26.0400009155
1463512297038912960,1178,1463512296652110083,,1600.0,26.0400009155
1463512297039195304,1179,1463512296683275207,,1600.0,25.9200000763
1463512297039226190,1180,1463512296703071087,,1600.0,25.9200000763
1463512297039458690,1181,1463512296721892589,,1600.0,23.6399993896
1463512297053221118,1182,1463512296735662412,,1600.0,23.2800006866
1463512297053672213,1183,1463512296753036775,,1600.0,9.23999977112
1463512297053716744,1184,1463512296772203278,,1600.0,9.23999977112
1463512297053971953,1185,1463512296787374303,,1600.0,0.72000002861
1463512297054376537,1186,1463512296802617672,,1600.0,-0.0
1463512297054428413,1187,1463512296816240151,,1600.0,-0.239999994636
1463512297054743622,1188,1463512296832766648,,1600.0,-0.239999994636
1463512297055137008,1189,1463512296846001054,,1600.0,-0.0
1463512297055186800,1190,1463512296858332176,,1600.0,-0.0
1463512297055647790,1191,1463512296874696901,,1600.0,-0.0
1463512297055715134,1192,1463512296886769377,,1600.0,0.119999997318
1463512297055769666,1193,1463512296900858577,,1600.0,0.119999997318
1463512297055950968,1194,1463512296931319533,,1600.0,-0.0
1463512297055998000,1195,1463512296959532150,,1600.0,-0.0
1463512297056349875,1196,1463512296976506252,,1600.0,-0.0
1463512297056624303,1197,1463512296990301701,,1600.0,-0.0
1463512297056892950,1198,1463512297005312725,,1600.0,0.119999997318
1463512297057410763,1199,1463512297018031401,,1600.0,0.119999997318
1463512297057801025,1200,1463512297038856293,,1600.0,-0.239999994636
1463512297652947828,1201,1463512297058838527,,1600.0,-0.0
1463512297652999338,1202,1463512297069931678,,1600.0,-0.0
1463512297653033349,1203,1463512297082937541,,1600.0,-0.0
1463512297653357672,1204,1463512297096346583,,1600.0,-0.0
1463512297653401579,1205,1463512297111380576,,1600.0,-0.0
1463512297653705642,1206,1463512297125861235,,1600.0,-0.0
1463512297653743871,1207,1463512297141843564,,1600.0,-0.0
1463512297653971372,1208,1463512297158640999,,1600.0,0.119999997318
1463512297654012466,1209,1463512297168256751,,1600.0,0.119999997318
1463512297654203508,1210,1463512297176999011,,1600.0,0.119999997318
1463512297654481477,1211,1463512297198870728,,1600.0,-0.0
1463512297654774342,1212,1463512297213436908,,1600.0,-0.0
1463512297655093874,1213,1463512297227703139,,1600.0,-0.0
1463512297655388563,1214,1463512297236048263,,1600.0,-0.0
1463512297655918668,1215,1463512297254871536,,1600.0,-0.0
1463512297655974189,1216,1463512297265887499,,1600.0,-0.0
1463512297656012679,1217,1463512297279207374,,1600.0,-0.0
1463512297656048772,1218,1463512297298587471,,1600.0,-0.0
1463512297656387471,1219,1463512297315248551,,1600.0,-0.0
1463512297656441065,1220,1463512297328890510,,1600.0,0.119999997318
1463512297656488253,1221,1463512297341852415,,1600.0,0.119999997318
1463512297656643565,1222,1463512297351071760,,1600.0,-0.0
1463512297657026014,1223,1463512297358287506,,1600.0,-0.0
1463512297657074608,1224,1463512297404080060,,1600.0,-0.0
1463512297657420494,1225,1463512297428730795,,1600.0,0.119999997318
1463512297657681172,1226,1463512297449748500,,1600.0,0.119999997318
1463512297657725183,1227,1463512297458338989,,1600.0,0.119999997318
1463512297657923256,1228,1463512297473583920,,1600.0,0.119999997318
1463512297657965287,1229,1463512297490844117,,1600.0,-0.0
1463512297658626487,1230,1463512297504764149,,1600.0,0.119999997318
1463512297658674456,1231,1463512297518449494,,1600.0,0.119999997318
1463512297658952477,1232,1463512297536340264,,1600.0,0.119999997318
1463512297659198884,1233,1463512297555025933,,1600.0,-0.0
1463512297659743573,1234,1463512297569172424,,1600.0,-0.0
1463512297660206803,1235,1463512297580977764,,1600.0,-0.0
1463512297660263886,1236,1463512297592526333,,1600.0,0.119999997318
1463512297660316387,1237,1463512297601102603,,1600.0,0.119999997318
1463512297660352637,1238,1463512297613063672,,1600.0,0.119999997318
1463512297660535710,1239,1463512297626397349,,1600.0,-0.0
1463512297660979357,1240,1463512297631829601,,1600.0,-0.0
1463512297661278889,1241,1463512297638612951,,1600.0,-0.0
1463512297661583004,1242,1463512297647708493,,1600.0,2.6400001049
1463512297708529207,1243,1463512297660069980,,1600.0,2.6400001049
1463512297708906656,1244,1463512297689281141,,1600.0,-0.0
1463512297969196637,1245,1463512297715680370,,1600.0,-0.0
1463512297969531638,1246,1463512297735582656,,1600.0,-0.0
1463512297969843097,1247,1463512297755905099,,1600.0,-0.360000014305
1463512297970444140,1248,1463512297775442644,,1600.0,-0.0
1463512297970500807,1249,1463512297786124128,,1600.0,0.119999997318
1463512297970798724,1250,1463512297795065711,,1600.0,0.119999997318
1463512297970846537,1251,1463512297816642324,,1600.0,0.119999997318
1463512297970887006,1252,1463512297836028619,,1600.0,0.119999997318
1463512297971184090,1253,1463512297842697384,,1600.0,-0.0
1463512297971488622,1254,1463512297849315160,,1600.0,-0.0
1463512297971767998,1255,1463512297867508953,,1600.0,-0.0
1463512297972065446,1256,1463512297893724326,,1600.0,-0.0
1463512297972341072,1257,1463512297917709434,,1600.0,0.119999997318
1463512297972790760,1258,1463512297925120545,,1600.0,-0.0
1463512297972836177,1259,1463512297942683346,,1600.0,-0.0
1463512298042599100,1260,1463512297973394564,,1600.0,-0.0
1463512298042743215,1261,1463512298021043737,,1600.0,-0.0
1463512298087841446,1262,1463512298052338290,,1600.0,0.119999997318
1463512298088228843,1263,1463512298067532544,,1600.0,-2.40000009537
1463512298113057442,1264,1463512298092599374,,1600.0,0.119999997318
1463512298148550338,1265,1463512298111959106,,1600.0,-0.0
1463512298148912839,1266,1463512298132892541,,1600.0,0.119999997318
1463512298206535734,1267,1463512298152420816,,1600.0,-0.0
1463512298206804016,1268,1463512298167277205,,1600.0,-0.0
1463512298207276465,1269,1463512298180770153,,1600.0,-0.0
1463512298207644695,1270,1463512298197556130,,1600.0,0.119999997318
1463512298209225219,1271,1463512298205499742,,1600.0,0.119999997318
1463512298356051032,1272,1463512298226905105,,1600.0,-0.0
1463512298356085980,1273,1463512298242588318,,1600.0,0.119999997318
1463512298356123688,1274,1463512298253263812,,1600.0,0.119999997318
1463512298356159834,1275,1463512298265293424,,1600.0,0.119999997318
1463512298356194834,1276,1463512298287515663,,1600.0,0.119999997318
1463512298356230876,1277,1463512298301835072,,1600.0,0.119999997318
1463512298356269261,1278,1463512298312919004,,1600.0,0.119999997318
1463512298356306553,1279,1463512298322695589,,1600.0,0.119999997318
1463512298363605945,1280,1463512298337367186,,1600.0,0.119999997318
1463512298374753784,1281,1463512298363826154,,1600.0,-0.0
1463512298595180810,1282,1463512298387610637,,1600.0,-0.0
1463512298595621436,1283,1463512298415318723,,1600.0,-0.0
1463512298595678832,1284,1463512298433910954,,1600.0,0.119999997318
1463512298595717843,1285,1463512298449418907,,1600.0,-0.0
1463512298596050500,1286,1463512298466798322,,1600.0,-1.67999994755
1463512298596350032,1287,1463512298489497229,,1600.0,-1.67999994755
1463512298596400813,1288,1463512298516434897,,1600.0,-0.0
1463512298596440501,1289,1463512298557304940,,1600.0,-0.0
1463512298610384752,1290,1463512298596632897,,1600.0,-0.0
1463512298640667271,1291,1463512298630522716,,1600.0,-0.0
1463512298685066333,1292,1463512298661658049,,1600.0,-0.0
1463512298740351046,1293,1463512298698502771,,1600.0,-8.39999961853
1463512298740502556,1294,1463512298722260274,,1600.0,0.119999997318
1463512298761675106,1295,1463512298753039825,,1600.0,-0.0
1463512298798369202,1296,1463512298778982646,,1600.0,-0.0
1463512298821595663,1297,1463512298812016057,,1600.0,0.119999997318
1463512298839784612,1298,1463512298835035590,,1600.0,-0.0
1463512298932907746,1299,1463512298853258862,,1600.0,-0.0
1463512298933212382,1300,1463512298864262638,,1600.0,-0.0
1463512298933537279,1301,1463512298881668043,,1600.0,-0.0
1463512298933839675,1302,1463512298896057191,,1600.0,-0.0
1463512298934097332,1303,1463512298907843260,,1600.0,0.119999997318
1463512298934522594,1304,1463512298919133235,,1600.0,0.119999997318
1463512298969068664,1305,1463512298948022157,,1600.0,-0.0
1463512299011186836,1306,1463512299000077435,,1600.0,-0.0
1463512299014857157,1307,1463512299008845841,,1600.0,-0.119999997318
1463512299091576452,1308,1463512299018765656,,1600.0,-0.0
1463512299093066351,1309,1463512299039189245,,1600.0,-0.0
1463512299093565727,1310,1463512299067447645,,1600.0,-0.0
1463512299093611248,1311,1463512299088607226,,1600.0,-0.119999997318
1463512299304703411,1312,1463512299110753216,,1600.0,-0.119999997318
1463512299304971068,1313,1463512299130082376,,1600.0,-0.0
1463512299305642893,1314,1463512299145088401,,1600.0,-0.0
1463512299306013571,1315,1463512299157521138,,1600.0,-0.0
1463512299306287894,1316,1463512299174134563,,1600.0,-0.0
1463512299306548676,1317,1463512299193953880,,1600.0,-0.0
1463512299307040761,1318,1463512299213570593,,1600.0,0.119999997318
1463512299307087740,1319,1463512299231655219,,1600.0,-0.0
1463512299307384876,1320,1463512299248840311,,1600.0,-0.0
1463512299307863158,1321,1463512299264035295,,1600.0,-0.0
1463512299308386701,1322,1463512299283259611,,1600.0,-0.0
1463512299385628081,1323,1463512299304315754,,1600.0,0.119999997318
1463512299385663862,1324,1463512299312662857,,1600.0,0.119999997318
1463512299386220165,1325,1463512299318338183,,1600.0,-0.0
1463512299386248655,1326,1463512299336250100,,1600.0,-0.0
1463512299387751836,1327,1463512299346177155,,1600.0,-0.0
1463512299387788190,1328,1463512299355575979,,1600.0,-0.0
1463512299387822825,1329,1463512299365025428,,1600.0,-0.0
1463512299387857565,1330,1463512299376467695,,1600.0,-0.0
1463512300721008572,1331,1463512299383749430,,1600.0,-0.0
1463512300721304875,1332,1463512299400408168,,1600.0,-0.0
1463512300721687844,1333,1463512299433825694,,1600.0,-0.0
1463512300722114824,1334,1463512299450365525,,1600.0,-0.0
1463512300722253210,1335,1463512299473214901,,1600.0,0.119999997318
1463512300722341231,1336,1463512299491503955,,1600.0,-0.0
1463512300722603315,1337,1463512299502576064,,1600.0,-0.479999989271
1463512300724532382,1338,1463512299533691814,,1600.0,-0.0
1463512300724601080,1339,1463512299560103387,,1600.0,0.119999997318
1463512300727344316,1340,1463512299584205787,,1600.0,0.119999997318
1463512300727743015,1341,1463512299609918869,,1600.0,-0.0
1463512300728241870,1342,1463512299633538872,,1600.0,0.119999997318
1463512300728542652,1343,1463512299657409709,,1600.0,0.119999997318
1463512300728915882,1344,1463512299681905392,,1600.0,0.119999997318
1463512300728963955,1345,1463512299716213546,,1600.0,0.119999997318
1463512300729246508,1346,1463512299730629725,,1600.0,-0.0
1463512300729427290,1347,1463512299741559230,,1600.0,-0.0
1463512300729697030,1348,1463512299753117226,,1600.0,-0.0
1463512300729795259,1349,1463512299764169544,,1600.0,-0.0
1463512300729831718,1350,1463512299773666858,,1600.0,-0.0
1463512300730235469,1351,1463512299782955213,,1600.0,-0.0
1463512300730500053,1352,1463512299794957897,,1600.0,-0.0
1463512300731021096,1353,1463512299815024611,,1600.0,0.119999997318
1463512300731405471,1354,1463512299842920510,,1600.0,-0.239999994636
1463512300731823754,1355,1463512299870068907,,1600.0,-0.0
1463512300734534854,1356,1463512299898255588,,1600.0,-0.0
1463512300734594646,1357,1463512299925517579,,1600.0,-0.0
1463512300734632458,1358,1463512299947066536,,1600.0,0.119999997318
1463512300737070693,1359,1463512299973711182,,1600.0,-0.0
1463512300737436111,1360,1463512299995106128,,1600.0,0.119999997318
1463512300737498142,1361,1463512300016738002,,1600.0,-0.0
1463512300737943091,1362,1463512300045818071,,1600.0,1.20000004768
1463512300744386908,1363,1463512300069535887,,1600.0,-0.0
1463512300747488582,1364,1463512300097253401,,1600.0,-0.0
1463512300747815093,1365,1463512300123397629,,1600.0,0.119999997318
1463512300748321397,1366,1463512300149777796,,1600.0,-0.0
1463512300748368011,1367,1463512300177896820,,1600.0,0.119999997318
1463512300748406032,1368,1463512300199694893,,1600.0,-0.0
1463512300748625564,1369,1463512300226520217,,1600.0,0.360000014305
1463512300748709419,1370,1463512300249663500,,1600.0,-0.360000014305
1463512300748928950,1371,1463512300277014971,,1600.0,0.119999997318
1463512300748969159,1372,1463512300302903053,,1600.0,0.119999997318
1463512300749258326,1373,1463512300325445815,,1600.0,0.119999997318
1463512300749533170,1374,1463512300344560079,,1600.0,0.119999997318
1463512300749788379,1375,1463512300373099573,,1600.0,-0.0
1463512300750509423,1376,1463512300401262921,,1600.0,-0.0
1463512300750569215,1377,1463512300424747299,,1600.0,-0.0
1463512300751271612,1378,1463512300451301372,,1600.0,-0.119999997318
1463512300751327654,1379,1463512300475003772,,1600.0,0.119999997318
1463512300751368487,1380,1463512300499881904,,1600.0,-0.119999997318
1463512300751737394,1381,1463512300529166400,,1600.0,-0.0
1463512300751789165,1382,1463512300554434637,,1600.0,-0.600000023842
1463512300752318646,1383,1463512300589036854,,1600.0,-0.0
1463512300752722657,1384,1463512300602435636,,1600.0,-0.0
1463512300753038439,1385,1463512300623212091,,1600.0,-0.0
1463512300753382502,1386,1463512300648248713,,1600.0,-0.0
1463512300755555216,1387,1463512300673616793,,1600.0,0.119999997318
1463512300759528507,1388,1463512300698678675,,1600.0,0.119999997318
1463512300759835486,1389,1463512300726050667,,1600.0,-0.0
1463512300760304967,1390,1463512300753365627,,1600.0,0.119999997318
1463512301227516020,1391,1463512300773653696,,1600.0,-0.0
1463512301227557427,1392,1463512300796791876,,1600.0,-0.0
1463512301227733781,1393,1463512300824776213,,1600.0,0.119999997318
1463512301227901542,1394,1463512300849240073,,1600.0,-0.0
1463512301229240504,1395,1463512300876123938,,1600.0,0.119999997318
1463512301233294732,1396,1463512300903839056,,1600.0,0.119999997318
1463512301233350670,1397,1463512300928307968,,1600.0,-0.0
1463512301233575462,1398,1463512300956961942,,1600.0,-0.0
1463512301233659160,1399,1463512300982943878,,1600.0,-1.67999994755
1463512301233703066,1400,1463512301003895907,,1600.0,-0.0
1463512301233738900,1401,1463512301027423515,,1600.0,-0.0
1463512301233777285,1402,1463512301047357208,,1600.0,-0.0
1463512301234222651,1403,1463512301058707391,,1600.0,-0.0
1463512301234576089,1404,1463512301074278417,,1600.0,-0.0
1463512301234627131,1405,1463512301081782654,,1600.0,0.119999997318
1463512301235011299,1406,1463512301105474429,,1600.0,0.119999997318
1463512301235418695,1407,1463512301115788255,,1600.0,-0.0
1463512301236866043,1408,1463512301121768686,,1600.0,-0.0
1463512301236976459,1409,1463512301137703776,,1600.0,-0.0
1463512301237026303,1410,1463512301146397651,,1600.0,0.119999997318
1463512301237068595,1411,1463512301178756530,,1600.0,0.119999997318
1463512301237388804,1412,1463512301212683381,,1600.0,-0.0
1463512303353353478,1413,1463512301262505530,,1600.0,0.119999997318
1463512303353630458,1414,1463512301323138591,,1600.0,-2.16000008583
1463512303353948583,1415,1463512301377954450,,1600.0,0.119999997318
1463512303353993427,1416,1463512301437178028,,1600.0,-0.119999997318
1463512303355123117,1417,1463512301499221404,,1600.0,-0.0
1463512303355406764,1418,1463512301562720461,,1600.0,-0.0
1463512303355642598,1419,1463512301621510132,,1600.0,-0.119999997318
1463512303355894734,1420,1463512301632452293,,1600.0,-0.0
1463512303356157286,1421,1463512301644114196,,1600.0,-0.0
1463512303357483592,1422,1463512301655788026,,1600.0,-0.0
1463512303357779947,1423,1463512301671238531,,1600.0,-0.0
1463512303358988075,1424,1463512301689738523,,1600.0,0.119999997318
1463512303360561568,1425,1463512301700348236,,1600.0,0.119999997318
1463512303360982350,1426,1463512301713969987,,1600.0,0.839999973774
1463512303361043548,1427,1463512301728135333,,1600.0,-0.0
1463512303361320372,1428,1463512301739553797,,1600.0,-0.0
1463512303361598758,1429,1463512301758421186,,1600.0,0.119999997318
1463512303361861831,1430,1463512301783410881,,1600.0,0.119999997318
1463512303362173499,1431,1463512301808504898,,1600.0,0.239999994636
1463512303363249231,1432,1463512301834062147,,1600.0,0.119999997318
1463512303363544960,1433,1463512301852252711,,1600.0,-0.0
1463512303363803815,1434,1463512301866849099,,1600.0,-0.0
1463512303364054232,1435,1463512301877673240,,1600.0,-0.0
1463512303365243506,1436,1463512301894144268,,1600.0,-0.0
1463512303365548976,1437,1463512301927019919,,1600.0,-0.0
1463512303365807830,1438,1463512301950004661,,1600.0,-0.0
1463512303366036737,1439,1463512301986602613,,1600.0,0.119999997318
1463512303366338040,1440,1463512302020001963,,1600.0,0.239999994636
1463512303366377207,1441,1463512302025423174,,1600.0,0.119999997318
1463512303366613093,1442,1463512302064460767,,1600.0,-0.0
1463512303366843770,1443,1463512302074625895,,1600.0,-0.119999997318
1463512303367041844,1444,1463512302084031126,,1600.0,-0.119999997318
1463512303367299865,1445,1463512302096397353,,1600.0,-0.0
1463512303367572418,1446,1463512302127600553,,1600.0,-0.0
1463512303367853617,1447,1463512302138783756,,1600.0,0.239999994636
1463512303368107992,1448,1463512302161094747,,1600.0,-0.0
1463512303368367889,1449,1463512302187259184,,1600.0,-0.0
1463512303371477948,1450,1463512302209729759,,1600.0,-0.0
1463512303371936908,1451,1463512302234908621,,1600.0,-0.0
1463512303372224929,1452,1463512302257293570,,1600.0,0.119999997318
1463512303373392119,1453,1463512302276661689,,1600.0,0.119999997318
1463512303373451599,1454,1463512302308966297,,1600.0,0.119999997318
1463512303373774829,1455,1463512302356778599,,1600.0,-0.72000002861
1463512303374048736,1456,1463512302415202801,,1600.0,-0.0
1463512303374328684,1457,1463512302467586363,,1600.0,-0.0
1463512303374637852,1458,1463512302495868722,,1600.0,0.119999997318
1463512303374923946,1459,1463512302521971493,,1600.0,-0.0
1463512303375186811,1460,1463512302546163998,,1600.0,-0.0
1463512303376329991,1461,1463512302558367308,,1600.0,-0.0
1463512303376683534,1462,1463512302568660823,,1600.0,-0.0
1463512303376983066,1463,1463512302576892717,,1600.0,-0.0
1463512303377348223,1464,1463512302585535759,,1600.0,-0.0
1463512303377395775,1465,1463512302596410628,,1600.0,-0.0
1463512303377742390,1466,1463512302604947888,,1600.0,-0.0
1463512303377991089,1467,1463512302612528115,,1600.0,-0.0
1463512303378246037,1468,1463512302624023038,,1600.0,-0.0
1463512303378497132,1469,1463512302633082643,,1600.0,-0.0
1463512303378775830,1470,1463512302647740542,,1600.0,0.119999997318
1463512303379042550,1471,1463512302659268018,,1600.0,0.119999997318
1463512303379300363,1472,1463512302677159831,,1600.0,-0.0
1463512303379551197,1473,1463512302696502846,,1600.0,-0.0
1463512303379786614,1474,1463512302716740655,,1600.0,0.119999997318
1463512303380228021,1475,1463512302731902514,,1600.0,0.119999997318
1463512303380278594,1476,1463512302746382548,,1600.0,-0.0
1463512303382520631,1477,1463512302759908205,,1600.0,-0.0
1463512303382833757,1478,1463512302772177870,,1600.0,-0.0
1463512303383139643,1479,1463512302784476129,,1600.0,0.119999997318
1463512303383428081,1480,1463512302794475371,,1600.0,0.119999997318
1463512303383704644,1481,1463512302805349355,,1600.0,0.119999997318
1463512303384907199,1482,1463512302811526974,,1600.0,-0.0
1463512303385180481,1483,1463512302820615069,,1600.0,-0.0
1463512303385415846,1484,1463512302829128214,,1600.0,-0.0
1463512303385647826,1485,1463512302843936010,,1600.0,-0.0
1463512303385918191,1486,1463512302855822028,,1600.0,0.119999997318
1463512303387272830,1487,1463512302876188951,,1600.0,0.119999997318
1463512303387584341,1488,1463512302920493432,,1600.0,0.119999997318
1463512303387850852,1489,1463512302931974293,,1600.0,-0.0
1463512303389914971,1490,1463512302951299130,,1600.0,-0.0
1463512303390847734,1491,1463512302964362807,,1600.0,-0.0
1463512303392257842,1492,1463512302975219396,,1600.0,-0.0
1463512303392620863,1493,1463512302985873796,,1600.0,-0.0
1463512303392898416,1494,1463512302996280800,,1535.0,-1.67999994755
1463512303393144302,1495,1463512303005567645,,1535.0,-1.67999994755
1463512303394328940,1496,1463512303015910274,,1530.0,-0.0
1463512303394669410,1497,1463512303031557916,,1530.0,-0.0
1463512303394959879,1498,1463512303049279937,,1530.0,-0.0
1463512303395243578,1499,1463512303060870330,,1530.0,-0.0
1463512303395507693,1500,1463512303079485218,,1518.0,-0.0
1463512303395751183,1501,1463512303091791966,,1489.0,0.119999997318
1463512303397000613,1502,1463512303103773870,,1471.0,0.119999997318
1463512303397319833,1503,1463512303114700563,,1471.0,0.119999997318
1463512303397586865,1504,1463512303125266682,,1465.0,0.119999997318
1463512303397844886,1505,1463512303134143370,,1465.0,0.119999997318
1463512303398081866,1506,1463512303144058758,,1470.0,0.119999997318
1463512303398317544,1507,1463512303152814821,,1470.0,0.119999997318
1463512303398610461,1508,1463512303170292415,,1470.0,0.119999997318
1463512303401771406,1509,1463512303180253063,,1470.0,-0.0
1463512303402100626,1510,1463512303191259392,,1470.0,-0.0
1463512303402376251,1511,1463512303205830156,,1470.0,0.119999997318
1463512303402635783,1512,1463512303217943883,,1455.0,0.119999997318
1463512303403806619,1513,1463512303234172151,,1455.0,0.119999997318
1463512303404104016,1514,1463512303248388904,,1454.0,-0.0
1463512303405222144,1515,1463512303259667837,,1388.0,-0.119999997318
1463512303405604592,1516,1463512303271289219,,1388.0,-0.119999997318
1463512303405912874,1517,1463512303289522179,,1324.0,-0.0
1463512303406173500,1518,1463512303300695383,,1324.0,-0.0
1463512303406427459,1519,1463512303311310825,,1280.0,0.119999997318
1463512303406701730,1520,1463512303322291633,,1280.0,0.119999997318
1463512303406970898,1521,1463512303338457609,,1278.0,-0.0
1463512303413437267,1522,1463512303376957649,,1278.0,-0.0
1463512303609585914,1523,1463512303424597450,,1279.0,0.119999997318
1463512303609641435,1524,1463512303484101447,,1278.0,0.119999997318
1463512303609685966,1525,1463512303535545164,,1153.0,0.119999997318
1463512303610413520,1526,1463512303555800108,,1072.0,-0.0
1463512303610684510,1527,1463512303567605918,,1072.0,-0.0
1463512303611004042,1528,1463512303578674955,,1070.0,-0.0
1463512303611051386,1529,1463512303588385499,,1070.0,-0.0
1463512303611281595,1530,1463512303605017986,,1054.0,-0.0
1463512304463343275,1531,1463512303612400973,,1054.0,-0.0
1463512304470931001,1532,1463512303644249643,,1054.0,-0.0
1463512304472060067,1533,1463512303667027979,,1053.0,-0.0
1463512304472126681,1534,1463512303682170254,,1053.0,-0.0
1463512304473837519,1535,1463512303716267211,,1054.0,-0.0
1463512304474178301,1536,1463512303733078501,,1101.0,0.119999997318
1463512304474476635,1537,1463512303744699414,,1101.0,0.119999997318
1463512304476085128,1538,1463512303758138978,,1194.0,-0.0
1463512304476414140,1539,1463512303771001613,,1194.0,-0.0
1463512304477980393,1540,1463512303781692993,,1197.0,-0.0
1463512304478353363,1541,1463512303798180324,,1198.0,-0.0
1463512304479778419,1542,1463512303807759826,,1198.0,-0.0
1463512304481824934,1543,1463512303819765271,,1197.0,-0.0
1463512304481889569,1544,1463512303842703139,,1197.0,-0.0
1463512304481926392,1545,1463512303879381456,,1197.0,-0.0
1463512304482305091,1546,1463512303906639750,,1198.0,-0.0
1463512304482618790,1547,1463512303956575703,,1198.0,-0.0
1463512304484277075,1548,1463512303979806592,,1198.0,-0.0
1463512304484613118,1549,1463512304004511547,,1530.0,0.119999997318
1463512304484914108,1550,1463512304028872335,,1529.0,-0.0
1463512304485224577,1551,1463512304051130565,,1529.0,-0.0
1463512304485545464,1552,1463512304071775615,,1529.0,-0.0
1463512304485837912,1553,1463512304107194242,,1530.0,-0.0
1463512304488920628,1554,1463512304143637610,,1530.0,-0.0
1463512304489310421,1555,1463512304175288207,,1530.0,-0.0
1463512304489360264,1556,1463512304196991801,,1530.0,-0.0
1463512304489614640,1557,1463512304223595303,,1530.0,-0.0
1463512304489857297,1558,1463512304257411738,,1530.0,-0.0
1463512304490213339,1559,1463512304279041321,,1530.0,0.119999997318
1463512304490522559,1560,1463512304308866133,,1530.0,-0.0
1463512304490804487,1561,1463512304329034567,,1530.0,0.119999997318
1463512304491079019,1562,1463512304344475281,,1529.0,-0.119999997318
1463512304498885652,1563,1463512304366560855,,1530.0,-0.0
1463512304499299038,1564,1463512304393400346,,1530.0,-0.0
1463512304499657998,1565,1463512304420047546,,1530.0,0.119999997318
1463512304500479927,1566,1463512304449576315,,1530.0,0.119999997318
1463512304500924459,1567,1463512304471027773,,1529.0,-0.0
1463512304590951863,1568,1463512304497008408,,1530.0,0.239999994636
1463512304591389364,1569,1463512304514510898,,1530.0,0.119999997318
1463512304593527546,1570,1463512304526511812,,1530.0,0.119999997318
1463512304596632085,1571,1463512304551921769,,1530.0,-0.0
1463512304597274170,1572,1463512304571840359,,1530.0,-0.0
1463512304820101372,1573,1463512304602595537,,1530.0,0.119999997318
1463512304820253872,1574,1463512304637084474,,1530.0,-0.0
1463512304825518468,1575,1463512304679704212,,1529.0,-0.0
1463512304825775240,1576,1463512304709180220,,1530.0,0.119999997318
1463512304831339837,1577,1463512304742946916,,1530.0,-0.0
1463512304832377339,1578,1463512304774593034,,1530.0,0.119999997318
1463512304832819163,1579,1463512304812363958,,1530.0,-0.0
1463512304883099440,1580,1463512304843187469,,1530.0,0.119999997318
1463512304883157722,1581,1463512304877380156,,1529.0,-0.0
1463512305064185866,1582,1463512304908743981,,1530.0,0.119999997318
1463512305064560658,1583,1463512304939078221,,1530.0,0.119999997318
1463512305064818628,1584,1463512304964249375,,1530.0,-0.0
1463512305065080347,1585,1463512304985960365,,1530.0,-0.0
1463512305065579202,1586,1463512305005777704,,1530.0,-0.0
1463512305066093006,1587,1463512305043448889,,1529.0,-0.0
1463512305114913749,1588,1463512305078926787,,1530.0,0.119999997318
1463512305196844207,1589,1463512305121228712,,1530.0,0.119999997318
1463512305197188218,1590,1463512305164015794,,1530.0,-0.0
1463512305223383958,1591,1463512305217863320,,1530.0,-0.0
1463512305287871354,1592,1463512305258414303,,1529.0,-0.119999997318
1463512305288347344,1593,1463512305285040305,,1530.0,0.119999997318
1463512305359218818,1594,1463512305312842977,,1530.0,-0.0
1463512305361986116,1595,1463512305339597989,,1530.0,0.119999997318
1463512305386267425,1596,1463512305363545911,,1530.0,-0.0
1463512305485868551,1597,1463512305389532172,,1530.0,0.119999997318
1463512305486088968,1598,1463512305412763999,,1530.0,-0.0
1463512305486326260,1599,1463512305434792958,,1530.0,0.119999997318
1463512305486643032,1600,1463512305463690268,,1529.0,-0.0
1463512306013450970,1601,1463512305492102472,,1530.0,-0.0
1463512306013726387,1602,1463512305501100775,,1531.0,0.119999997318
1463512306014031805,1603,1463512305511409237,,1531.0,0.119999997318
1463512306014301701,1604,1463512305532627465,,1530.0,0.119999997318
1463512306014557275,1605,1463512305537021330,,1530.0,0.119999997318
1463512306014801651,1606,1463512305541666550,,1530.0,0.119999997318
1463512306015033005,1607,1463512305557120545,,1530.0,-0.0
1463512306015267902,1608,1463512305576651947,,1530.0,-0.0
1463512306015532486,1609,1463512305583291598,,1530.0,-0.0
1463512306015888841,1610,1463512305610825623,,1530.0,-0.0
1463512306015931966,1611,1463512305629636502,,1530.0,-0.0
1463512306016209206,1612,1463512305637540010,,1530.0,-0.0
1463512306016498842,1613,1463512305649998478,,1530.0,0.119999997318
1463512306016780926,1614,1463512305664433773,,1530.0,0.119999997318
1463512306017068166,1615,1463512305680720167,,1530.0,-0.0
1463512306017497230,1616,1463512305697924479,,1530.0,-0.0
1463512306017724210,1617,1463512305712728004,,1529.0,-0.0
1463512306021607605,1618,1463512305724980169,,1529.0,-0.0
1463512306021932397,1619,1463512305745411833,,1530.0,-0.0
1463512306022259064,1620,1463512305761246247,,1528.0,-0.119999997318
1463512306022614847,1621,1463512305776695346,,1530.0,-0.0
1463512306022920472,1622,1463512305791408872,,1530.0,-0.0
1463512306023241463,1623,1463512305812299912,,1529.0,-0.0
1463512306023654432,1624,1463512305828225940,,1530.0,-0.0
1463512306023706724,1625,1463512305851641986,,1529.0,-0.0
1463512306024001985,1626,1463512305864421496,,1530.0,-0.0
1463512306024260111,1627,1463512305883654719,,1530.0,-0.0
1463512306024540893,1628,1463512305901273981,,1529.0,-0.0
1463512306024788133,1629,1463512305923997733,,1530.0,0.119999997318
1463512306025061519,1630,1463512305952104572,,1530.0,0.119999997318
1463512306025349020,1631,1463512305975020096,,1530.0,-0.0
1463512306025814698,1632,1463512305997583015,,1530.0,-0.0
1463512306070682984,1633,1463512306028987414,,1530.0,0.119999997318
1463512306190429576,1634,1463512306065624690,,1531.0,0.119999997318
1463512306190761192,1635,1463512306099031074,,1530.0,0.119999997318
1463512306191055411,1636,1463512306136471112,,1529.0,-0.0
1463512306191487391,1637,1463512306166403008,,1530.0,-0.0
1463512306241841211,1638,1463512306197355374,,1530.0,-0.0
1463512306242279754,1639,1463512306228621284,,1531.0,0.119999997318
1463512306286136111,1640,1463512306256384736,,1530.0,0.119999997318
1463512306292448418,1641,1463512306283191416,,1530.0,0.119999997318
1463512306345296150,1642,1463512306310991275,,1531.0,0.119999997318
1463512306345657297,1643,1463512306332363462,,1530.0,-0.0
1463512306367842298,1644,1463512306351614551,,1530.0,0.600000023842
1463512306387007866,1645,1463512306378530345,,1531.0,0.119999997318
1463512306407951354,1646,1463512306401362588,,1530.0,0.119999997318
1463512306447590512,1647,1463512306427176140,,1531.0,0.119999997318
1463512306467373373,1648,1463512306452078700,,1530.0,0.119999997318
1463512306488241601,1649,1463512306476259644,,1530.0,0.119999997318
1463512306508493264,1650,1463512306502572625,,1530.0,0.119999997318
1463512306539321464,1651,1463512306529158054,,1529.0,-0.0
1463512306590923568,1652,1463512306551793525,,1530.0,-0.0
1463512306591370913,1653,1463512306574394934,,1529.0,-0.0
1463512306668318964,1654,1463512306601791095,,1530.0,-0.0
1463512306668665580,1655,1463512306624824484,,1530.0,0.119999997318
1463512306669223289,1656,1463512306647946363,,1530.0,-0.0
1463512306720894248,1657,1463512306671140586,,1530.0,-0.0
1463512306721452114,1658,1463512306695556791,,1530.0,0.119999997318
1463512306738823771,1659,1463512306723581650,,1530.0,-0.0
1463512306781631218,1660,1463512306749231088,,1530.0,-0.0
1463512306782411272,1661,1463512306776487091,,1530.0,-0.0
1463512306825794086,1662,1463512306801651579,,1532.0,-0.0
1463512306834120929,1663,1463512306826296639,,1529.0,-0.119999997318
1463512306872538470,1664,1463512306854159832,,1529.0,-0.0
1463512306893251593,1665,1463512306878147129,,1530.0,0.119999997318
1463512306921201296,1666,1463512306905879853,,1531.0,0.119999997318
1463512306944500780,1667,1463512306933490284,,1530.0,-0.0
1463512306974511165,1668,1463512306954032730,,1530.0,-0.0
1463512306994310796,1669,1463512306977475808,,1530.0,0.119999997318
1463512307033897143,1670,1463512307006072387,,1530.0,-0.0
1463512307074823701,1671,1463512307032415004,,1529.0,-0.0
1463512307075136774,1672,1463512307057120480,,1530.0,-0.0
1463512307123965279,1673,1463512307078382251,,1530.0,-0.0
1463512307124438613,1674,1463512307104965285,,1530.0,0.119999997318
1463512307206385480,1675,1463512307129017218,,1530.0,-0.0
1463512307206890949,1676,1463512307156525931,,1530.0,-0.0
1463512307207373815,1677,1463512307180986511,,1530.0,-0.0
1463512307219297490,1678,1463512307208276630,,1530.0,-0.0
1463512307222640623,1679,1463512307215508627,,1529.0,-0.0
1463512307264085620,1680,1463512307238861861,,1530.0,-0.0
1463512307277398569,1681,1463512307254612889,,1530.0,-0.0
1463512307286988384,1682,1463512307277405132,,1530.0,-0.0
1463512307305885670,1683,1463512307301696076,,1530.0,0.119999997318
1463512307458087239,1684,1463512307326645512,,1529.0,-0.0
1463512307458728646,1685,1463512307345522746,,1530.0,-0.0
1463512307459016616,1686,1463512307364826595,,1529.0,-0.0
1463512307459281252,1687,1463512307388129151,,1529.0,-0.0
1463512307459569117,1688,1463512307411320614,,1530.0,-0.0
1463512307465721893,1689,1463512307436572551,,1530.0,0.119999997318
1463512307466350592,1690,1463512307461129381,,1529.0,-0.0
1463512308162318174,1691,1463512307483708291,,1530.0,-0.0
1463512308162463123,1692,1463512307509203301,,1529.0,-0.0
1463512308165056046,1693,1463512307532058721,,1530.0,-0.0
1463512308165210942,1694,1463512307554902579,,1530.0,0.119999997318
1463512308165255005,1695,1463512307579338263,,1530.0,-0.0
1463512308165291307,1696,1463512307602158527,,1530.0,0.119999997318
1463512308165343286,1697,1463512307625203375,,1530.0,-0.0
1463512308168066574,1698,1463512307651484012,,1530.0,-0.0
1463512308168902930,1699,1463512307671338904,,1530.0,-0.0
1463512308168971628,1700,1463512307694699117,,1530.0,-0.0
1463512308169011628,1701,1463512307718828134,,1530.0,0.119999997318
1463512308169047097,1702,1463512307749597428,,1530.0,0.119999997318
1463512308169351369,1703,1463512307775862648,,1530.0,0.119999997318
1463512308169398556,1704,1463512307802115629,,1530.0,-0.0
1463512308169434963,1705,1463512307821612707,,1530.0,0.119999997318
1463512308169470275,1706,1463512307843552605,,1529.0,-0.0
1463512308169505796,1707,1463512307862860308,,1529.0,-0.119999997318
1463512308169540328,1708,1463512307872965385,,1530.0,-0.0
1463512308170861112,1709,1463512307885146039,,1530.0,-0.0
1463512308170985487,1710,1463512307897691851,,1530.0,-0.0
1463512308171136946,1711,1463512307921627743,,1530.0,-0.0
1463512308171388509,1712,1463512307940876852,,1530.0,0.119999997318
1463512308171667051,1713,1463512307962691176,,1530.0,-0.0
1463512308171882573,1714,1463512307984214614,,1530.0,-0.0
1463512308172008042,1715,1463512308008056287,,1530.0,0.119999997318
1463512308172053667,1716,1463512308038997664,,1530.0,-0.0
1463512308172134657,1717,1463512308064418768,,1529.0,-0.0
1463512308172198251,1718,1463512308087568929,,1530.0,0.119999997318
1463512308176618209,1719,1463512308099804272,,1530.0,0.119999997318
1463512308176683678,1720,1463512308121805888,,1530.0,-0.0
1463512308176722220,1721,1463512308147767410,,1529.0,-0.0
1463512308273317613,1722,1463512308176217375,,1529.0,-0.0
1463512308273780530,1723,1463512308199453213,,1530.0,0.119999997318
1463512308273891937,1724,1463512308223487907,,1530.0,-0.0
1463512308274135896,1725,1463512308254488035,,1529.0,-0.119999997318
1463512308787109443,1726,1463512308287516345,,1529.0,-0.0
1463512308787155641,1727,1463512308324975812,,1529.0,-0.0
1463512308788893509,1728,1463512308358622144,,1530.0,-0.0
1463512308788951582,1729,1463512308399007972,,1530.0,-0.0
1463512308790040283,1730,1463512308439079841,,1529.0,-0.0
1463512308790756743,1731,1463512308479768899,,1530.0,-0.0
1463512308792274455,1732,1463512308525538646,,1530.0,0.119999997318
1463512308792643883,1733,1463512308551171730,,1530.0,-0.0
1463512308795240192,1734,1463512308566595622,,1530.0,-0.0
1463512308797170300,1735,1463512308574034338,,1529.0,-0.0
1463512308797235196,1736,1463512308592015788,,1529.0,-0.0
1463512308797271863,1737,1463512308606186656,,1530.0,-0.0
1463512308797673739,1738,1463512308617720486,,1530.0,-0.0
1463512308797720562,1739,1463512308626012121,,1530.0,-0.0
1463512308798059469,1740,1463512308637138190,,1530.0,-0.0
1463512308798431606,1741,1463512308647403163,,1530.0,-0.0
1463512308798777336,1742,1463512308661120384,,1530.0,-0.0
1463512308799046451,1743,1463512308671111919,,1531.0,0.119999997318
1463512308799329785,1744,1463512308681701268,,1531.0,0.119999997318
1463512308799652859,1745,1463512308695101353,,1530.0,0.119999997318
1463512308800394892,1746,1463512308733086810,,1530.0,0.119999997318
1463512308802824168,1747,1463512308771230966,,1530.0,-0.0
1463512308944644411,1748,1463512308820894629,,1529.0,-0.0
1463512308945044985,1749,1463512308854545545,,1530.0,0.119999997318
1463512308945442226,1750,1463512308880673630,,1530.0,-0.0
1463512308946040248,1751,1463512308916152467,,1530.0,-0.0
1463512310262566245,1752,1463512308949923955,,1530.0,0.119999997318
1463512310262624682,1753,1463512308985729355,,1530.0,0.119999997318
1463512310262675047,1754,1463512309018817093,,1529.0,-0.0
1463512310262711245,1755,1463512309052432540,,1530.0,-0.0
1463512310262746193,1756,1463512309083955586,,1530.0,-0.0
1463512310262791037,1757,1463512309116109467,,1530.0,0.119999997318
1463512310262825777,1758,1463512309154341697,,1530.0,-0.0
1463512310262859370,1759,1463512309173558410,,1530.0,0.119999997318
1463512310262892183,1760,1463512309192902625,,1531.0,0.119999997318
1463512310262929787,1761,1463512309211610431,,1530.0,0.119999997318
1463512310262964475,1762,1463512309240425502,,1529.0,-0.119999997318
1463512310263164527,1763,1463512309268137862,,1530.0,-0.0
1463512310263211611,1764,1463512309294263499,,1530.0,-0.0
1463512310263246403,1765,1463512309320639709,,1530.0,-0.0
1463512310263281038,1766,1463512309349297644,,1530.0,-0.0
1463512310263314840,1767,1463512309375607709,,1530.0,-0.0
1463512310263348695,1768,1463512309405232157,,1529.0,-0.0
1463512310264064269,1769,1463512309434045717,,1530.0,-0.0
1463512310264364374,1770,1463512309461286097,,1530.0,0.479999989271
1463512310264634531,1771,1463512309490915180,,1529.0,-0.0
1463512310264886459,1772,1463512309517688787,,1530.0,-0.0
1463512310265149012,1773,1463512309546667452,,1529.0,-0.0
1463512310265424429,1774,1463512309576478515,,1530.0,0.119999997318
1463512310265674221,1775,1463512309604223427,,1530.0,-0.0
1463512310265919430,1776,1463512309632493132,,1531.0,0.119999997318
1463512310266146670,1777,1463512309657330276,,1529.0,-0.0
1463512310266380108,1778,1463512309687858736,,1530.0,-0.0
1463512310266605682,1779,1463512309715363127,,1530.0,0.119999997318
1463512310266837037,1780,1463512309744118927,,1531.0,0.119999997318
1463512310267122714,1781,1463512309772920612,,1530.0,0.119999997318
1463512310267386465,1782,1463512309800483388,,1530.0,-0.0
1463512310267640580,1783,1463512309829089813,,1530.0,-0.0
1463512310269046052,1784,1463512309859557440,,1530.0,0.119999997318
1463512310269336834,1785,1463512309886666777,,1530.0,-0.0
1463512310269585950,1786,1463512309914979763,,1531.0,-0.0
1463512310269843815,1787,1463512309939999043,,1530.0,-0.0
1463512310270074961,1788,1463512309970510889,,1530.0,-0.0
1463512310270450118,1789,1463512310000065389,,1529.0,-0.0
1463512310270704754,1790,1463512310033213596,,1530.0,-0.0
1463512310270986682,1791,1463512310058343762,,1530.0,-0.0
1463512310271263766,1792,1463512310071128116,,1530.0,0.119999997318
1463512310271540486,1793,1463512310084762369,,1530.0,-0.0
1463512310271820018,1794,1463512310105028200,,1530.0,-0.0
1463512310272082987,1795,1463512310118660004,,1530.0,0.119999997318
1463512310272348352,1796,1463512310158054112,,1530.0,-0.0
1463512310272592988,1797,1463512310184938345,,1530.0,-0.0
1463512310272872260,1798,1463512310208378038,,1530.0,0.119999997318
1463512310273104448,1799,1463512310228144024,,1530.0,0.119999997318
1463512310273498563,1800,1463512310250521111,,1530.0,-0.0
1463512310273990596,1801,1463512310268193394,,1530.0,-0.0
1463512310421797888,1802,1463512310293228195,,1530.0,0.119999997318
1463512310422055024,1803,1463512310326096714,,1531.0,0.119999997318
1463512310422314920,1804,1463512310357577312,,1530.0,0.119999997318
1463512310422584504,1805,1463512310384635921,,1530.0,-0.0
1463512310422989557,1806,1463512310404862690,,1530.0,0.119999997318
1463512310865999140,1807,1463512310428809259,,1531.0,0.119999997318
1463512310866269661,1808,1463512310450521240,,1531.0,0.119999997318
1463512310866573881,1809,1463512310474007339,,1530.0,0.119999997318
1463512310866856694,1810,1463512310497164480,,1529.0,-0.0
1463512310867169038,1811,1463512310519441306,,1529.0,-0.119999997318
1463512310867443883,1812,1463512310539980835,,1530.0,-0.0
1463512310867711227,1813,1463512310562386047,,1530.0,-0.0
1463512310868001592,1814,1463512310581477292,,1530.0,-0.0
1463512310868253364,1815,1463512310601596352,,1530.0,0.119999997318
1463512310868527375,1816,1463512310622755519,,1529.0,-0.0
1463512310868773730,1817,1463512310646135628,,1530.0,-0.0
1463512310869037741,1818,1463512310666151095,,1530.0,0.119999997318
1463512310869285241,1819,1463512310686814948,,1529.0,-0.0
1463512310869569982,1820,1463512310706471819,,1530.0,-0.0
1463512310869865660,1821,1463512310728323383,,1530.0,-0.119999997318
1463512310872056550,1822,1463512310749126039,,1530.0,0.119999997318
1463512310872416239,1823,1463512310770378279,,1530.0,-0.0
1463512310872713271,1824,1463512310792104374,,1529.0,-0.0
1463512310872990719,1825,1463512310812930311,,1529.0,-0.0
1463512310873264470,1826,1463512310833839581,,1530.0,-0.0
1463512310873700513,1827,1463512310855412655,,1529.0,-0.0
1463512310935929104,1828,1463512310878788130,,1530.0,0.119999997318
1463512310936418688,1829,1463512310896397756,,1530.0,0.119999997318
1463512310938269943,1830,1463512310917052182,,1530.0,-0.0
1463512312447883166,1831,1463512310938282860,,1529.0,-0.0
1463512312448353271,1832,1463512310959984788,,1530.0,-0.0
1463512312448618793,1833,1463512310981206143,,1530.0,-0.0
1463512312448871918,1834,1463512311001670047,,1530.0,0.119999997318
1463512312450572027,1835,1463512311029134803,,1530.0,-0.0
1463512312451448279,1836,1463512311054246636,,1530.0,0.119999997318
1463512312452052759,1837,1463512311076263774,,1530.0,-0.0
1463512312452607969,1838,1463512311098343776,,1529.0,-0.0
1463512312453111460,1839,1463512311118010648,,1530.0,0.119999997318
1463512312453443961,1840,1463512311143515347,,1531.0,0.119999997318
1463512312453736409,1841,1463512311163858887,,1529.0,-0.0
1463512312455805217,1842,1463512311186584672,,1530.0,-0.0
1463512312456190791,1843,1463512311209144415,,1530.0,-0.0
1463512312456509333,1844,1463512311230392020,,1530.0,-0.0
1463512312456808240,1845,1463512311253740515,,1530.0,0.119999997318
1463512312457065064,1846,1463512311275193069,,1529.0,-0.0
1463512312457307616,1847,1463512311294802023,,1530.0,-0.0
1463512312457557877,1848,1463512311316741609,,1530.0,-0.0
1463512312457953087,1849,1463512311338057183,,1530.0,0.119999997318
1463512312458801891,1850,1463512311357420460,,1530.0,-0.0
1463512312461512002,1851,1463512311378039209,,1530.0,0.119999997318
1463512312462211587,1852,1463512311398354363,,1530.0,-0.0
1463512312462898828,1853,1463512311415976490,,1530.0,0.119999997318
1463512312463363569,1854,1463512311436789042,,1530.0,0.119999997318
1463512312463703726,1855,1463512311456920810,,1530.0,-0.0
1463512312464015445,1856,1463512311476887787,,1530.0,-0.0
1463512312464301800,1857,1463512311497078931,,1530.0,0.119999997318
1463512312464588728,1858,1463512311517034084,,1530.0,-0.0
1463512312465292636,1859,1463512311536242934,,1530.0,-0.0
1463512312465947742,1860,1463512311557244653,,1530.0,-0.0
1463512312468817437,1861,1463512311578735227,,1530.0,-0.0
1463512312469388584,1862,1463512311598693714,,1530.0,-0.0
1463512312469717491,1863,1463512311618943816,,1530.0,0.119999997318
1463512312469998429,1864,1463512311639073710,,1529.0,-0.0
1463512312470807754,1865,1463512311660731940,,1530.0,-0.0
1463512312471456193,1866,1463512311680968345,,1529.0,-0.0
1463512312472117497,1867,1463512311702983139,,1529.0,-0.119999997318
1463512312472810728,1868,1463512311724051264,,1530.0,-0.0
1463512312473232343,1869,1463512311748172574,,1530.0,-0.0
1463512312473511875,1870,1463512311769203303,,1530.0,0.119999997318
1463512312475274484,1871,1463512311792753205,,1530.0,-0.0
1463512312475934850,1872,1463512311812841328,,1531.0,0.119999997318
1463512312476222820,1873,1463512311834977216,,1529.0,-0.0
1463512312476471414,1874,1463512311857336334,,1530.0,-0.0
1463512312476795217,1875,1463512311878669876,,1530.0,-0.0
1463512312477105478,1876,1463512311898331071,,1530.0,0.119999997318
1463512312477374958,1877,1463512311917639660,,1530.0,-0.0
1463512312477633240,1878,1463512311938363826,,1530.0,-0.0
1463512312478030220,1879,1463512311961355237,,1529.0,0.360000014305
1463512312478649076,1880,1463512311981409714,,1530.0,-0.0
1463512312478954024,1881,1463512312002124713,,1530.0,-0.0
1463512312481072311,1882,1463512312026010450,,1529.0,-0.0
1463512312481969865,1883,1463512312046957429,,1530.0,-0.0
1463512312482641638,1884,1463512312069998528,,1530.0,0.119999997318
1463512312482943826,1885,1463512312090849361,,1531.0,0.119999997318
1463512312483242577,1886,1463512312105972055,,1530.0,0.119999997318
1463512312483529921,1887,1463512312124070329,,1530.0,0.119999997318
1463512312483861484,1888,1463512312143874180,,1529.0,-0.0
1463512312484757007,1889,1463512312163055582,,1530.0,-0.0
1463512312485407894,1890,1463512312183009278,,1529.0,-0.0
1463512312485752531,1891,1463512312202239638,,1530.0,-0.0
1463512312487544150,1892,1463512312219750202,,1530.0,-0.0
1463512312488177849,1893,1463512312240889786,,1530.0,-0.0
1463512312488510871,1894,1463512312262759528,,1530.0,0.119999997318
1463512312488824570,1895,1463512312282819370,,1530.0,-0.0
1463512312489145404,1896,1463512312305659739,,1530.0,-0.0
1463512312489448842,1897,1463512312322300353,,1530.0,0.119999997318
1463512312489743999,1898,1463512312348557189,,1530.0,-0.0
1463512312490043687,1899,1463512312373047875,,1530.0,-0.0
1463512312490829523,1900,1463512312399152211,,1531.0,0.119999997318
1463512312491974890,1901,1463512312421862684,,1530.0,0.119999997318
1463512312496289744,1902,1463512312446368266,,1529.0,-0.0
1463512312496740683,1903,1463512312468414102,,1530.0,-0.0
1463512312497186101,1904,1463512312488850820,,1530.0,-0.0
1463512312930765669,1905,1463512312511596970,,1530.0,0.119999997318
1463512312931090201,1906,1463512312534022078,,1530.0,-0.0
1463512312931362702,1907,1463512312559883653,,1530.0,-0.0
1463512312931732494,1908,1463512312583217513,,1530.0,0.119999997318
1463512312932169162,1909,1463512312605969444,,1530.0,0.119999997318
1463512312932862653,1910,1463512312628369240,,1530.0,-0.0
1463512312933198488,1911,1463512312653783261,,1530.0,0.119999997318
1463512312935955109,1912,1463512312676632901,,1530.0,-0.0
1463512312936367089,1913,1463512312699075978,,1530.0,0.119999997318
1463512312936639954,1914,1463512312723930832,,1530.0,-0.0
1463512312936922872,1915,1463512312746269377,,1530.0,0.119999997318
1463512312937215998,1916,1463512312772045378,,1529.0,-0.0
1463512312937499540,1917,1463512312794982935,,1530.0,-0.0
1463512312937774541,1918,1463512312821038521,,1530.0,0.119999997318
1463512312938071468,1919,1463512312843760036,,1531.0,0.119999997318
1463512312938333917,1920,1463512312865038370,,1530.0,0.119999997318
1463512312938965794,1921,1463512312888423637,,1530.0,0.119999997318
1463512312939422461,1922,1463512312914202242,,1530.0,0.119999997318
1463512312939916890,1923,1463512312936628861,,1530.0,-0.0
