%time,field.header.seq,field.header.stamp,field.header.frame_id,field.status.status,field.status.service,field.latitude,field.longitude,field.altitude,field.position_covariance0,field.position_covariance1,field.position_covariance2,field.position_covariance3,field.position_covariance4,field.position_covariance5,field.position_covariance6,field.position_covariance7,field.position_covariance8,field.position_covariance_type
1481902888535623638,57,1481902888530679432,,0,0,46.5185050964,6.56654787064,2.77602830977e-40,1.0,0.0,0.0,0.0,1.0,0.0,0.0,0.0,1.0,0
1481902888730009764,58,1481902888723216135,,0,0,46.5185050964,6.56654787064,2.77602830977e-40,1.0,0.0,0.0,0.0,1.0,0.0,0.0,0.0,1.0,0
1481902888921433136,59,1481902888917448302,,0,0,46.5185050964,6.56654787064,2.77602830977e-40,1.0,0.0,0.0,0.0,1.0,0.0,0.0,0.0,1.0,0
1481902889119673730,60,1481902889111865260,,0,0,46.5185050964,6.56654787064,2.77602830977e-40,1.0,0.0,0.0,0.0,1.0,0.0,0.0,0.0,1.0,0
1481902889322480771,61,1481902889317122660,,0,0,46.5185050964,6.56654787064,2.77602830977e-40,1.0,0.0,0.0,0.0,1.0,0.0,0.0,0.0,1.0,0
1481902889533315657,62,1481902889529879364,,0,0,46.5185050964,6.56654787064,2.77602830977e-40,1.0,0.0,0.0,0.0,1.0,0.0,0.0,0.0,1.0,0
1481902889742173465,63,1481902889737619309,,0,0,46.5185050964,6.56654787064,2.77602830977e-40,1.0,0.0,0.0,0.0,1.0,0.0,0.0,0.0,1.0,0
1481902889923641601,64,1481902889919041509,,0,0,46.5185050964,6.56654787064,2.77602830977e-40,1.0,0.0,0.0,0.0,1.0,0.0,0.0,0.0,1.0,0
1481902890114041226,65,1481902890109765091,,0,0,46.5185050964,6.56654787064,2.77602830977e-40,1.0,0.0,0.0,0.0,1.0,0.0,0.0,0.0,1.0,0
1481902890316632487,66,1481902890313813431,,0,0,46.5185050964,6.56654787064,2.77602830977e-40,1.0,0.0,0.0,0.0,1.0,0.0,0.0,0.0,1.0,0
1481902890510223509,67,1481902890508024244,,0,0,46.5185050964,6.56654787064,2.77602830977e-40,1.0,0.0,0.0,0.0,1.0,0.0,0.0,0.0,1.0,0
1481902890713064717,68,1481902890710461338,,0,0,46.5185050964,6.56654787064,2.77602830977e-40,1.0,0.0,0.0,0.0,1.0,0.0,0.0,0.0,1.0,0
1481902890904662360,69,1481902890901964085,,0,0,46.5185050964,6.56654787064,2.77602830977e-40,1.0,0.0,0.0,0.0,1.0,0.0,0.0,0.0,1.0,0
1481902891115599537,70,1481902891112456784,,0,0,46.5185050964,6.56654787064,2.77602830977e-40,1.0,0.0,0.0,0.0,1.0,0.0,0.0,0.0,1.0,0
1481902891330338163,71,1481902891326015726,,0,0,46.5185050964,6.56654787064,2.77602830977e-40,1.0,0.0,0.0,0.0,1.0,0.0,0.0,0.0,1.0,0
1481902891522005441,72,1481902891519230031,,0,0,46.5185050964,6.56654787064,2.77602830977e-40,1.0,0.0,0.0,0.0,1.0,0.0,0.0,0.0,1.0,0
1481902891712766575,73,1481902891710865017,,0,0,46.5185050964,6.56654834747,2.77602830977e-40,1.0,0.0,0.0,0.0,1.0,0.0,0.0,0.0,1.0,0
1481902891918179964,74,1481902891914600337,,0,0,46.5185050964,6.56654834747,2.77602830977e-40,1.0,0.0,0.0,0.0,1.0,0.0,0.0,0.0,1.0,0
1481902892118179929,75,1481902892115185874,,0,0,46.5185050964,6.56654834747,2.77602830977e-40,1.0,0.0,0.0,0.0,1.0,0.0,0.0,0.0,1.0,0
1481902892311695639,76,1481902892308559085,,0,0,46.5185050964,6.56654834747,2.77602830977e-40,1.0,0.0,0.0,0.0,1.0,0.0,0.0,0.0,1.0,0
1481902892524365520,77,1481902892520071156,,0,0,46.5185050964,6.56654834747,2.77602830977e-40,1.0,0.0,0.0,0.0,1.0,0.0,0.0,0.0,1.0,0
1481902892729999690,78,1481902892722608198,,0,0,46.5185050964,6.56654834747,2.77602830977e-40,1.0,0.0,0.0,0.0,1.0,0.0,0.0,0.0,1.0,0
1481902892930997882,79,1481902892925025970,,0,0,46.5185050964,6.56654834747,2.77602830977e-40,1.0,0.0,0.0,0.0,1.0,0.0,0.0,0.0,1.0,0
1481902893132834405,80,1481902893126291452,,0,0,46.5185050964,6.56654834747,2.77602830977e-40,1.0,0.0,0.0,0.0,1.0,0.0,0.0,0.0,1.0,0
1481902893329229848,81,1481902893326521938,,0,0,46.5185050964,6.56654882431,2.77602830977e-40,1.0,0.0,0.0,0.0,1.0,0.0,0.0,0.0,1.0,0
1481902893534572247,82,1481902893530844184,,0,0,46.5185050964,6.56654882431,2.77602830977e-40,1.0,0.0,0.0,0.0,1.0,0.0,0.0,0.0,1.0,0
1481902893708848892,83,1481902893704364111,,0,0,46.5185050964,6.56654882431,2.77602830977e-40,1.0,0.0,0.0,0.0,1.0,0.0,0.0,0.0,1.0,0
1481902893916083943,84,1481902893908539535,,0,0,46.5185050964,6.56654930115,2.77602830977e-40,1.0,0.0,0.0,0.0,1.0,0.0,0.0,0.0,1.0,0
1481902894118364267,85,1481902894113917194,,0,0,46.5185050964,6.56654930115,2.77602830977e-40,1.0,0.0,0.0,0.0,1.0,0.0,0.0,0.0,1.0,0
1481902894311273572,86,1481902894305682493,,0,0,46.5185050964,6.56654930115,2.77602830977e-40,1.0,0.0,0.0,0.0,1.0,0.0,0.0,0.0,1.0,0
1481902894534764155,87,1481902894530344739,,0,0,46.5185050964,6.56654977798,2.77602830977e-40,1.0,0.0,0.0,0.0,1.0,0.0,0.0,0.0,1.0,0
1481902894759756141,88,1481902894756065786,,0,0,46.5185050964,6.56654977798,2.77602830977e-40,1.0,0.0,0.0,0.0,1.0,0.0,0.0,0.0,1.0,0
1481902894914800698,89,1481902894908616860,,0,0,46.5185050964,6.56655025482,2.77602830977e-40,1.0,0.0,0.0,0.0,1.0,0.0,0.0,0.0,1.0,0
1481902895095132223,90,1481902895090701505,,0,0,46.5185050964,6.56655025482,2.77602830977e-40,1.0,0.0,0.0,0.0,1.0,0.0,0.0,0.0,1.0,0
1481902895208106574,91,1481902895202108152,,0,0,46.5185050964,6.56655073166,2.77602830977e-40,1.0,0.0,0.0,0.0,1.0,0.0,0.0,0.0,1.0,0
1481902895419776041,92,1481902895414835168,,0,0,46.5185050964,6.56655073166,2.77602830977e-40,1.0,0.0,0.0,0.0,1.0,0.0,0.0,0.0,1.0,0
1481902895619095643,93,1481902895615926953,,0,0,46.5185050964,6.5665512085,2.77602830977e-40,1.0,0.0,0.0,0.0,1.0,0.0,0.0,0.0,1.0,0
1481902895811379326,94,1481902895808958342,,0,0,46.5185050964,6.5665512085,2.77602830977e-40,1.0,0.0,0.0,0.0,1.0,0.0,0.0,0.0,1.0,0
1481902896016328549,95,1481902896012911631,,0,0,46.5185050964,6.56655168533,2.77602830977e-40,1.0,0.0,0.0,0.0,1.0,0.0,0.0,0.0,1.0,0
1481902896212386285,96,1481902896208161868,,0,0,46.5185050964,6.56655168533,2.77602830977e-40,1.0,0.0,0.0,0.0,1.0,0.0,0.0,0.0,1.0,0
1481902896412067136,97,1481902896408496885,,0,0,46.5185050964,6.56655216217,2.77602830977e-40,1.0,0.0,0.0,0.0,1.0,0.0,0.0,0.0,1.0,0
1481902896612181684,98,1481902896609084296,,0,0,46.5185050964,6.56655216217,2.77602830977e-40,1.0,0.0,0.0,0.0,1.0,0.0,0.0,0.0,1.0,0
1481902896812930606,99,1481902896810921236,,0,0,46.5185050964,6.56655263901,2.77602830977e-40,1.0,0.0,0.0,0.0,1.0,0.0,0.0,0.0,1.0,0
1481902897005751474,100,1481902897001595339,,0,0,46.5185050964,6.56655311584,2.77602830977e-40,1.0,0.0,0.0,0.0,1.0,0.0,0.0,0.0,1.0,0
1481902897210527000,101,1481902897204940452,,0,0,46.5185012817,6.56655311584,2.77602830977e-40,1.0,0.0,0.0,0.0,1.0,0.0,0.0,0.0,1.0,0
1481902897411775087,102,1481902897407331713,,0,0,46.5185012817,6.56655359268,2.77602830977e-40,1.0,0.0,0.0,0.0,1.0,0.0,0.0,0.0,1.0,0
1481902897606927981,103,1481902897602777679,,0,0,46.5185012817,6.56655359268,2.77602830977e-40,1.0,0.0,0.0,0.0,1.0,0.0,0.0,0.0,1.0,0
1481902897811488924,104,1481902897807278883,,0,0,46.5185012817,6.56655359268,2.77602830977e-40,1.0,0.0,0.0,0.0,1.0,0.0,0.0,0.0,1.0,0
1481902898009718269,105,1481902898000001002,,0,0,46.5185012817,6.56655216217,2.77602830977e-40,1.0,0.0,0.0,0.0,1.0,0.0,0.0,0.0,1.0,0
1481902898211565469,106,1481902898203798926,,0,0,46.5185050964,6.56654787064,2.77602830977e-40,1.0,0.0,0.0,0.0,1.0,0.0,0.0,0.0,1.0,0
1481902898412308922,107,1481902898403870870,,0,0,46.5185050964,6.56654071808,2.77602830977e-40,1.0,0.0,0.0,0.0,1.0,0.0,0.0,0.0,1.0,0
1481902898655063362,108,1481902898650942748,,0,0,46.5185050964,6.56653261185,2.77602830977e-40,1.0,0.0,0.0,0.0,1.0,0.0,0.0,0.0,1.0,0
1481902899012513295,109,1481902899004052223,,0,0,46.5185050964,6.56652355194,2.77602830977e-40,1.0,0.0,0.0,0.0,1.0,0.0,0.0,0.0,1.0,0
1481902899407937143,110,1481902899404524912,,0,0,46.5184707642,6.56652736664,2.77602830977e-40,1.0,0.0,0.0,0.0,1.0,0.0,0.0,0.0,1.0,0
1481902899878513302,111,1481902899875098206,,0,0,46.5184898376,6.56649398804,2.77602830977e-40,1.0,0.0,0.0,0.0,1.0,0.0,0.0,0.0,1.0,0
1481902900272657934,112,1481902900268504768,,0,0,46.5184860229,6.56647825241,2.77602830977e-40,1.0,0.0,0.0,0.0,1.0,0.0,0.0,0.0,1.0,0
1481902900697839937,113,1481902900694420049,,0,0,46.5184936523,6.56645202637,2.77602830977e-40,1.0,0.0,0.0,0.0,1.0,0.0,0.0,0.0,1.0,0
1481902901167597139,114,1481902901164202877,,0,0,46.5185127258,6.56640577316,2.77602830977e-40,1.0,0.0,0.0,0.0,1.0,0.0,0.0,0.0,1.0,0
1481902901429366896,115,1481902901427045392,,0,0,46.5185203552,6.56638431549,2.77602830977e-40,1.0,0.0,0.0,0.0,1.0,0.0,0.0,0.0,1.0,0
1481902901753964673,116,1481902901750962909,,0,0,46.5185279846,6.5663690567,2.77602830977e-40,1.0,0.0,0.0,0.0,1.0,0.0,0.0,0.0,1.0,0
1481902902015501670,117,1481902902012883968,,0,0,46.5185432434,6.56635475159,2.77602830977e-40,1.0,0.0,0.0,0.0,1.0,0.0,0.0,0.0,1.0,0
1481902902309841814,118,1481902902306253386,,0,0,46.5185508728,6.56634426117,2.77602830977e-40,1.0,0.0,0.0,0.0,1.0,0.0,0.0,0.0,1.0,0
1481902902645489198,119,1481902902641831603,,0,0,46.5185661316,6.5663318634,2.77602830977e-40,1.0,0.0,0.0,0.0,1.0,0.0,0.0,0.0,1.0,0
1481902902992829834,120,1481902902989993331,,0,0,46.518573761,6.56631994247,2.77602830977e-40,1.0,0.0,0.0,0.0,1.0,0.0,0.0,0.0,1.0,0
1481902903287374925,121,1481902903284038163,,0,0,46.5185813904,6.56630802155,2.77602830977e-40,1.0,0.0,0.0,0.0,1.0,0.0,0.0,0.0,1.0,0
1481902903578878462,122,1481902903574110141,,0,0,46.5185928345,6.56629514694,2.77602830977e-40,1.0,0.0,0.0,0.0,1.0,0.0,0.0,0.0,1.0,0
1481902903795779739,123,1481902903793952556,,0,0,46.5186004639,6.56628084183,2.77602830977e-40,1.0,0.0,0.0,0.0,1.0,0.0,0.0,0.0,1.0,0
1481902904185995475,124,1481902904180908717,,0,0,46.5186042786,6.56626367569,2.77602830977e-40,1.0,0.0,0.0,0.0,1.0,0.0,0.0,0.0,1.0,0
1481902904562147809,125,1481902904559487503,,0,0,46.5186042786,6.56624507904,2.77602830977e-40,1.0,0.0,0.0,0.0,1.0,0.0,0.0,0.0,1.0,0
1481902904950670528,126,1481902904945033980,,0,0,46.5186004639,6.56621980667,2.77602830977e-40,1.0,0.0,0.0,0.0,1.0,0.0,0.0,0.0,1.0,0
1481902905352087070,127,1481902905349258275,,0,0,46.5185928345,6.56619501114,2.77602830977e-40,1.0,0.0,0.0,0.0,1.0,0.0,0.0,0.0,1.0,0
1481902905704890452,128,1481902905701387179,,0,0,46.5185813904,6.56617355347,2.77602830977e-40,1.0,0.0,0.0,0.0,1.0,0.0,0.0,0.0,1.0,0
1481902906050685779,129,1481902906048072244,,0,0,46.5185661316,6.56615495682,2.77602830977e-40,1.0,0.0,0.0,0.0,1.0,0.0,0.0,0.0,1.0,0
1481902906355500949,130,1481902906352233509,,0,0,46.5185813904,6.56611871719,2.77602830977e-40,1.0,0.0,0.0,0.0,1.0,0.0,0.0,0.0,1.0,0
1481902906691217864,131,1481902906688787662,,0,0,46.5185661316,6.56611061096,2.77602830977e-40,1.0,0.0,0.0,0.0,1.0,0.0,0.0,0.0,1.0,0
1481902907030736280,132,1481902907027556548,,0,0,46.5185508728,6.56610584259,2.77602830977e-40,1.0,0.0,0.0,0.0,1.0,0.0,0.0,0.0,1.0,0
1481902907391686777,133,1481902907389118190,,0,0,46.5185317993,6.56610584259,2.77602830977e-40,1.0,0.0,0.0,0.0,1.0,0.0,0.0,0.0,1.0,0
1481902907810888325,134,1481902907807585469,,0,0,46.5185165405,6.56610965729,2.77602830977e-40,1.0,0.0,0.0,0.0,1.0,0.0,0.0,0.0,1.0,0
1481902908241063127,135,1481902908237525584,,0,0,46.5184936523,6.56612110138,2.77602830977e-40,1.0,0.0,0.0,0.0,1.0,0.0,0.0,0.0,1.0,0
1481902908707456328,136,1481902908702169831,,0,0,46.5184783936,6.56613683701,2.77602830977e-40,1.0,0.0,0.0,0.0,1.0,0.0,0.0,0.0,1.0,0
1481902909079747526,137,1481902909076459565,,0,0,46.5184631348,6.56616258621,2.77602830977e-40,1.0,0.0,0.0,0.0,1.0,0.0,0.0,0.0,1.0,0
1481902909519987146,138,1481902909516756321,,0,0,46.5184555054,6.56618118286,2.77602830977e-40,1.0,0.0,0.0,0.0,1.0,0.0,0.0,0.0,1.0,0
1481902909968081903,139,1481902909964046965,,0,0,46.518447876,6.56621360779,2.77602830977e-40,1.0,0.0,0.0,0.0,1.0,0.0,0.0,0.0,1.0,0
1481902910435212654,140,1481902910429718397,,0,0,46.518447876,6.56623983383,2.77602830977e-40,1.0,0.0,0.0,0.0,1.0,0.0,0.0,0.0,1.0,0
1481902910908015369,141,1481902910903001319,,0,0,46.5184516907,6.56627178192,2.77602830977e-40,1.0,0.0,0.0,0.0,1.0,0.0,0.0,0.0,1.0,0
1481902911479830960,142,1481902911476680448,,0,0,46.5184593201,6.56630182266,2.77602830977e-40,1.0,0.0,0.0,0.0,1.0,0.0,0.0,0.0,1.0,0
1481902911835744700,143,1481902911832743978,,0,0,46.5184745789,6.56632852554,2.77602830977e-40,1.0,0.0,0.0,0.0,1.0,0.0,0.0,0.0,1.0,0
1481902912288006581,144,1481902912285104662,,0,0,46.5184898376,6.56634712219,2.77602830977e-40,1.0,0.0,0.0,0.0,1.0,0.0,0.0,0.0,1.0,0
1481902912685544330,145,1481902912683343867,,0,0,46.5185050964,6.56636190414,2.77602830977e-40,1.0,0.0,0.0,0.0,1.0,0.0,0.0,0.0,1.0,0
1481902913101641355,146,1481902913099060372,,0,0,46.5185203552,6.56637239456,2.77602830977e-40,1.0,0.0,0.0,0.0,1.0,0.0,0.0,0.0,1.0,0
1481902913579335986,147,1481902913576865836,,0,0,46.5185432434,6.56637811661,2.77602830977e-40,1.0,0.0,0.0,0.0,1.0,0.0,0.0,0.0,1.0,0
1481902913972427496,148,1481902913970203647,,0,0,46.5185623169,6.56637763977,2.77602830977e-40,1.0,0.0,0.0,0.0,1.0,0.0,0.0,0.0,1.0,0
1481902914370767847,149,1481902914363816458,,0,0,46.5185813904,6.56637239456,2.77602830977e-40,1.0,0.0,0.0,0.0,1.0,0.0,0.0,0.0,1.0,0
1481902914822751448,150,1481902914818789635,,0,0,46.5186004639,6.56636047363,2.77602830977e-40,1.0,0.0,0.0,0.0,1.0,0.0,0.0,0.0,1.0,0
1481902915260055503,151,1481902915256084471,,0,0,46.5186195374,6.56634044647,2.77602830977e-40,1.0,0.0,0.0,0.0,1.0,0.0,0.0,0.0,1.0,0
1481902915642582508,152,1481902915639797255,,0,0,46.5186271667,6.56631851196,2.77602830977e-40,1.0,0.0,0.0,0.0,1.0,0.0,0.0,0.0,1.0,0
1481902916050703356,153,1481902916043518999,,0,0,46.5186347961,6.56629323959,2.77602830977e-40,1.0,0.0,0.0,0.0,1.0,0.0,0.0,0.0,1.0,0
1481902916604811075,154,1481902916601933634,,0,0,46.5186386108,6.56626605988,2.77602830977e-40,1.0,0.0,0.0,0.0,1.0,0.0,0.0,0.0,1.0,0
1481902917214541154,155,1481902917211705328,,0,0,46.5186347961,6.56622409821,2.77602830977e-40,1.0,0.0,0.0,0.0,1.0,0.0,0.0,0.0,1.0,0
1481902917608668963,156,1481902917605560586,,0,0,46.5186195374,6.5661854744,2.77602830977e-40,1.0,0.0,0.0,0.0,1.0,0.0,0.0,0.0,1.0,0
1481902917973031900,157,1481902917968128839,,0,0,46.5186424255,6.56610012054,2.77602830977e-40,1.0,0.0,0.0,0.0,1.0,0.0,0.0,0.0,1.0,0
1481902918337259524,158,1481902918331843027,,0,0,46.5186309814,6.56608533859,2.77602830977e-40,1.0,0.0,0.0,0.0,1.0,0.0,0.0,0.0,1.0,0
1481902918733101756,159,1481902918729056038,,0,0,46.518611908,6.56607103348,2.77602830977e-40,1.0,0.0,0.0,0.0,1.0,0.0,0.0,0.0,1.0,0
1481902919159417141,160,1481902919157052564,,0,0,46.5185890198,6.56606769562,2.77602830977e-40,1.0,0.0,0.0,0.0,1.0,0.0,0.0,0.0,1.0,0
1481902919635330318,161,1481902919631785743,,0,0,46.5185699463,6.56605482101,2.77602830977e-40,1.0,0.0,0.0,0.0,1.0,0.0,0.0,0.0,1.0,0
1481902920096106553,162,1481902920092603541,,0,0,46.5185508728,6.56604003906,2.77602830977e-40,1.0,0.0,0.0,0.0,1.0,0.0,0.0,0.0,1.0,0
1481902920571053117,163,1481902920568262916,,0,0,46.5185317993,6.56603574753,2.77602830977e-40,1.0,0.0,0.0,0.0,1.0,0.0,0.0,0.0,1.0,0
1481902921117707730,164,1481902921114157114,,0,0,46.5185050964,6.56604290009,2.77602830977e-40,1.0,0.0,0.0,0.0,1.0,0.0,0.0,0.0,1.0,0
1481902921616429860,165,1481902921614255751,,0,0,46.5184822083,6.56606388092,2.77602830977e-40,1.0,0.0,0.0,0.0,1.0,0.0,0.0,0.0,1.0,0
1481902922069770906,166,1481902922063738265,,0,0,46.5184669495,6.56608724594,2.77602830977e-40,1.0,0.0,0.0,0.0,1.0,0.0,0.0,0.0,1.0,0
1481902922226692437,167,1481902922223671664,,0,0,46.518447876,6.56610679626,2.77602830977e-40,1.0,0.0,0.0,0.0,1.0,0.0,0.0,0.0,1.0,0
1481902922418250340,168,1481902922415629930,,0,0,46.5184440613,6.56610965729,2.77602830977e-40,1.0,0.0,0.0,0.0,1.0,0.0,0.0,0.0,1.0,0
1481902922631885115,169,1481902922629075539,,0,0,46.5184364319,6.5661149025,2.77602830977e-40,1.0,0.0,0.0,0.0,1.0,0.0,0.0,0.0,1.0,0
1481902922820123391,170,1481902922816858920,,0,0,46.5184249878,6.56612157822,2.77602830977e-40,1.0,0.0,0.0,0.0,1.0,0.0,0.0,0.0,1.0,0
1481902923016192428,171,1481902923008514323,,0,0,46.5184173584,6.56612968445,2.77602830977e-40,1.0,0.0,0.0,0.0,1.0,0.0,0.0,0.0,1.0,0
1481902923214606564,172,1481902923211986258,,0,0,46.518409729,6.56613874435,2.77602830977e-40,1.0,0.0,0.0,0.0,1.0,0.0,0.0,0.0,1.0,0
1481902923418610217,173,1481902923413894552,,0,0,46.5184059143,6.56614875793,2.77602830977e-40,1.0,0.0,0.0,0.0,1.0,0.0,0.0,0.0,1.0,0
1481902923618840963,174,1481902923615179670,,0,0,46.5183982849,6.56616067886,2.77602830977e-40,1.0,0.0,0.0,0.0,1.0,0.0,0.0,0.0,1.0,0
1481902923872396418,175,1481902923869356165,,0,0,46.5183944702,6.56617355347,2.77602830977e-40,1.0,0.0,0.0,0.0,1.0,0.0,0.0,0.0,1.0,0
1481902924053164192,176,1481902924050573000,,0,0,46.5183906555,6.56618690491,2.77602830977e-40,1.0,0.0,0.0,0.0,1.0,0.0,0.0,0.0,1.0,0
1481902924417214838,177,1481902924414119845,,0,0,46.5183906555,6.56620025635,2.77602830977e-40,1.0,0.0,0.0,0.0,1.0,0.0,0.0,0.0,1.0,0
1481902924838391225,178,1481902924835197014,,0,0,46.5183868408,6.56622600555,2.77602830977e-40,1.0,0.0,0.0,0.0,1.0,0.0,0.0,0.0,1.0,0
1481902925224827179,179,1481902925221513125,,0,0,46.5183906555,6.56625175476,2.77602830977e-40,1.0,0.0,0.0,0.0,1.0,0.0,0.0,0.0,1.0,0
1481902925716177764,180,1481902925711658661,,0,0,46.5183944702,6.56627559662,2.77602830977e-40,1.0,0.0,0.0,0.0,1.0,0.0,0.0,0.0,1.0,0
1481902926314638080,181,1481902926309923665,,0,0,46.5184059143,6.5663022995,2.77602830977e-40,1.0,0.0,0.0,0.0,1.0,0.0,0.0,0.0,1.0,0
1481902926849877826,182,1481902926845228150,,0,0,46.5184249878,6.56632661819,2.77602830977e-40,1.0,0.0,0.0,0.0,1.0,0.0,0.0,0.0,1.0,0
1481902927317392898,183,1481902927311949839,,0,0,46.5184440613,6.5663394928,2.77602830977e-40,1.0,0.0,0.0,0.0,1.0,0.0,0.0,0.0,1.0,0
1481902927748555719,184,1481902927746404318,,0,0,46.5184669495,6.56634283066,2.77602830977e-40,1.0,0.0,0.0,0.0,1.0,0.0,0.0,0.0,1.0,0
1481902928139734213,185,1481902928134753600,,0,0,46.5184860229,6.56633996964,2.77602830977e-40,1.0,0.0,0.0,0.0,1.0,0.0,0.0,0.0,1.0,0
1481902928648954910,186,1481902928645381794,,0,0,46.5185012817,6.56633043289,2.77602830977e-40,1.0,0.0,0.0,0.0,1.0,0.0,0.0,0.0,1.0,0
1481902929133269471,187,1481902929128227973,,0,0,46.5185165405,6.56631326675,2.77602830977e-40,1.0,0.0,0.0,0.0,1.0,0.0,0.0,0.0,1.0,0
1481902929574173934,188,1481902929571110087,,0,0,46.518535614,6.56629276276,2.77602830977e-40,1.0,0.0,0.0,0.0,1.0,0.0,0.0,0.0,1.0,0
1481902929948394398,189,1481902929944727167,,0,0,46.5185241699,6.56640625,2.77602830977e-40,1.0,0.0,0.0,0.0,1.0,0.0,0.0,0.0,1.0,0
1481902930319276641,190,1481902930315536494,,0,0,46.5185279846,6.56638813019,2.77602830977e-40,1.0,0.0,0.0,0.0,1.0,0.0,0.0,0.0,1.0,0
1481902930691739088,191,1481902930686494153,,0,0,46.5185508728,6.56638050079,2.77602830977e-40,1.0,0.0,0.0,0.0,1.0,0.0,0.0,0.0,1.0,0
1481902931041150812,192,1481902931038010976,,0,0,46.5185699463,6.56637716293,2.77602830977e-40,1.0,0.0,0.0,0.0,1.0,0.0,0.0,0.0,1.0,0
1481902931386031975,193,1481902931383684116,,0,0,46.5185813904,6.56637239456,2.77602830977e-40,1.0,0.0,0.0,0.0,1.0,0.0,0.0,0.0,1.0,0
1481902931722149566,194,1481902931719972749,,0,0,46.5186004639,6.56636619568,2.77602830977e-40,1.0,0.0,0.0,0.0,1.0,0.0,0.0,0.0,1.0,0
1481902931992092167,195,1481902931987225096,,0,0,46.5186195374,6.56634998322,2.77602830977e-40,1.0,0.0,0.0,0.0,1.0,0.0,0.0,0.0,1.0,0
1481902932257720248,196,1481902932255726764,,0,0,46.5186271667,6.56632375717,2.77602830977e-40,1.0,0.0,0.0,0.0,1.0,0.0,0.0,0.0,1.0,0
1481902932498034122,197,1481902932494831474,,0,0,46.5186309814,6.56630325317,2.77602830977e-40,1.0,0.0,0.0,0.0,1.0,0.0,0.0,0.0,1.0,0
1481902932827336783,198,1481902932825314704,,0,0,46.5186347961,6.56629371643,2.77602830977e-40,1.0,0.0,0.0,0.0,1.0,0.0,0.0,0.0,1.0,0
1481902933133672417,199,1481902933130648415,,0,0,46.518661499,6.56625938416,2.77602830977e-40,1.0,0.0,0.0,0.0,1.0,0.0,0.0,0.0,1.0,0
1481902933305061205,200,1481902933301548141,,0,0,46.5186462402,6.56625318527,2.77602830977e-40,1.0,0.0,0.0,0.0,1.0,0.0,0.0,0.0,1.0,0
1481902933508929025,201,1481902933506522416,,0,0,46.5186462402,6.56623077393,2.77602830977e-40,1.0,0.0,0.0,0.0,1.0,0.0,0.0,0.0,1.0,0
1481902933697110894,202,1481902933692336375,,0,0,46.5186386108,6.56623792648,2.77602830977e-40,1.0,0.0,0.0,0.0,1.0,0.0,0.0,0.0,1.0,0
1481902933900972152,203,1481902933897956378,,0,0,46.5186347961,6.56622648239,2.77602830977e-40,1.0,0.0,0.0,0.0,1.0,0.0,0.0,0.0,1.0,0
1481902934110060323,204,1481902934102646436,,0,0,46.5186271667,6.56622219086,2.77602830977e-40,1.0,0.0,0.0,0.0,1.0,0.0,0.0,0.0,1.0,0
1481902934301547133,205,1481902934298007194,,0,0,46.5186157227,6.56621313095,2.77602830977e-40,1.0,0.0,0.0,0.0,1.0,0.0,0.0,0.0,1.0,0
1481902934512061238,206,1481902934505819222,,0,0,46.518611908,6.56620502472,2.77602830977e-40,1.0,0.0,0.0,0.0,1.0,0.0,0.0,0.0,1.0,0
1481902934699992015,207,1481902934696741971,,0,0,46.5185928345,6.56620454788,2.77602830977e-40,1.0,0.0,0.0,0.0,1.0,0.0,0.0,0.0,1.0,0
1481902934904741603,208,1481902934900194062,,0,0,46.5185928345,6.56619691849,2.77602830977e-40,1.0,0.0,0.0,0.0,1.0,0.0,0.0,0.0,1.0,0
1481902935085092243,209,1481902935081765532,,0,0,46.5185775757,6.56619262695,2.77602830977e-40,1.0,0.0,0.0,0.0,1.0,0.0,0.0,0.0,1.0,0
1481902935299944254,210,1481902935296474575,,0,0,46.5185813904,6.56616973877,2.77602830977e-40,1.0,0.0,0.0,0.0,1.0,0.0,0.0,0.0,1.0,0
1481902935505352695,211,1481902935501670412,,0,0,46.5185546875,6.56618881226,2.77602830977e-40,1.0,0.0,0.0,0.0,1.0,0.0,0.0,0.0,1.0,0
1481902935715402478,212,1481902935707819685,,0,0,46.5185508728,6.56618499756,2.77602830977e-40,1.0,0.0,0.0,0.0,1.0,0.0,0.0,0.0,1.0,0
1481902935896748584,213,1481902935894088174,,0,0,46.5185279846,6.56620311737,2.77602830977e-40,1.0,0.0,0.0,0.0,1.0,0.0,0.0,0.0,1.0,0
1481902936178837249,214,1481902936173826636,,0,0,46.5185279846,6.56619596481,2.77602830977e-40,1.0,0.0,0.0,0.0,1.0,0.0,0.0,0.0,1.0,0
1481902936493765883,215,1481902936486316266,,0,0,46.5185241699,6.56619501114,2.77602830977e-40,1.0,0.0,0.0,0.0,1.0,0.0,0.0,0.0,1.0,0
1481902937008119483,216,1481902937004301993,,0,0,46.5185050964,6.56622266769,2.77602830977e-40,1.0,0.0,0.0,0.0,1.0,0.0,0.0,0.0,1.0,0
1481902937441004591,217,1481902937437365798,,0,0,46.518497467,6.56623411179,2.77602830977e-40,1.0,0.0,0.0,0.0,1.0,0.0,0.0,0.0,1.0,0
1481902937781947899,218,1481902937777964784,,0,0,46.5184936523,6.56624889374,2.77602830977e-40,1.0,0.0,0.0,0.0,1.0,0.0,0.0,0.0,1.0,0
1481902938044521561,219,1481902938042363649,,0,0,46.5184936523,6.56626987457,2.77602830977e-40,1.0,0.0,0.0,0.0,1.0,0.0,0.0,0.0,1.0,0
1481902938410479858,220,1481902938407999551,,0,0,46.5185050964,6.56627702713,2.77602830977e-40,1.0,0.0,0.0,0.0,1.0,0.0,0.0,0.0,1.0,0
1481902938737462524,221,1481902938735695184,,0,0,46.5185012817,6.56631565094,2.77602830977e-40,1.0,0.0,0.0,0.0,1.0,0.0,0.0,0.0,1.0,0
1481902939078442603,222,1481902939074246988,,0,0,46.5185127258,6.56632423401,2.77602830977e-40,1.0,0.0,0.0,0.0,1.0,0.0,0.0,0.0,1.0,0
1481902939358439658,223,1481902939355526592,,0,0,46.5185012817,6.56634140015,2.77602830977e-40,1.0,0.0,0.0,0.0,1.0,0.0,0.0,0.0,1.0,0
1481902939690946789,224,1481902939685825865,,0,0,46.5185165405,6.56635189056,2.77602830977e-40,1.0,0.0,0.0,0.0,1.0,0.0,0.0,0.0,1.0,0
1481902940033026136,225,1481902940019702003,,0,0,46.5185127258,6.56639957428,2.77602830977e-40,1.0,0.0,0.0,0.0,1.0,0.0,0.0,0.0,1.0,0
1481902940268636689,226,1481902940264122325,,0,0,46.5185203552,6.56641960144,2.77602830977e-40,1.0,0.0,0.0,0.0,1.0,0.0,0.0,0.0,1.0,0
1481902940500679385,227,1481902940489156602,,0,0,46.5185089111,6.56643009186,2.77602830977e-40,1.0,0.0,0.0,0.0,1.0,0.0,0.0,0.0,1.0,0
1481902940690832709,228,1481902940685354754,,0,0,46.5185012817,6.5664305687,2.77602830977e-40,1.0,0.0,0.0,0.0,1.0,0.0,0.0,0.0,1.0,0
1481902940792445786,229,1481902940788998295,,0,0,46.5184860229,6.56643772125,2.77602830977e-40,1.0,0.0,0.0,0.0,1.0,0.0,0.0,0.0,1.0,0
1481902940999289692,230,1481902940996416939,,0,0,46.5185012817,6.56645107269,2.77602830977e-40,1.0,0.0,0.0,0.0,1.0,0.0,0.0,0.0,1.0,0
1481902941188362862,231,1481902941183880477,,0,0,46.5184593201,6.56650447845,2.77602830977e-40,1.0,0.0,0.0,0.0,1.0,0.0,0.0,0.0,1.0,0
1481902941399154206,232,1481902941391284903,,0,0,46.5184783936,6.56647968292,2.77602830977e-40,1.0,0.0,0.0,0.0,1.0,0.0,0.0,0.0,1.0,0
1481902941589141905,233,1481902941582878691,,0,0,46.5184707642,6.56652593613,2.77602830977e-40,1.0,0.0,0.0,0.0,1.0,0.0,0.0,0.0,1.0,0
1481902941686692024,234,1481902941683915364,,0,0,46.518497467,6.56649684906,2.77602830977e-40,1.0,0.0,0.0,0.0,1.0,0.0,0.0,0.0,1.0,0
1481902941930211098,235,1481902941927559490,,0,0,46.5184822083,6.56648540497,2.77602830977e-40,1.0,0.0,0.0,0.0,1.0,0.0,0.0,0.0,1.0,0
1481902942143761445,236,1481902942141015723,,0,0,46.5184707642,6.56647777557,2.77602830977e-40,1.0,0.0,0.0,0.0,1.0,0.0,0.0,0.0,1.0,0
1481902942307486866,237,1481902942303848803,,0,0,46.5184745789,6.56650972366,2.77602830977e-40,1.0,0.0,0.0,0.0,1.0,0.0,0.0,0.0,1.0,0
1481902942490716092,238,1481902942489138388,,0,0,46.5184669495,6.56651115417,2.77602830977e-40,1.0,0.0,0.0,0.0,1.0,0.0,0.0,0.0,1.0,0
1481902942697210520,239,1481902942694569902,,0,0,46.5184288025,6.56649637222,2.77602830977e-40,1.0,0.0,0.0,0.0,1.0,0.0,0.0,0.0,1.0,0
1481902942892924402,240,1481902942890465450,,0,0,46.5184135437,6.56649875641,2.77602830977e-40,1.0,0.0,0.0,0.0,1.0,0.0,0.0,0.0,1.0,0
1481902943100871223,241,1481902943098267323,,0,0,46.5184059143,6.56649160385,2.77602830977e-40,1.0,0.0,0.0,0.0,1.0,0.0,0.0,0.0,1.0,0
1481902943295798127,242,1481902943291871106,,0,0,46.5184020996,6.56652927399,2.77602830977e-40,1.0,0.0,0.0,0.0,1.0,0.0,0.0,0.0,1.0,0
1481902943499779645,243,1481902943494039555,,0,0,46.5183906555,6.56649971008,2.77602830977e-40,1.0,0.0,0.0,0.0,1.0,0.0,0.0,0.0,1.0,0
1481902943690890570,244,1481902943688517191,,0,0,46.5183906555,6.56650686264,2.77602830977e-40,1.0,0.0,0.0,0.0,1.0,0.0,0.0,0.0,1.0,0
1481902943892902197,245,1481902943890334807,,0,0,46.5183868408,6.56649684906,2.77602830977e-40,1.0,0.0,0.0,0.0,1.0,0.0,0.0,0.0,1.0,0
1481902944109352745,246,1481902944106615617,,0,0,46.5183982849,6.56647872925,2.77602830977e-40,1.0,0.0,0.0,0.0,1.0,0.0,0.0,0.0,1.0,0
1481902944295903213,247,1481902944292256764,,0,0,46.5183830261,6.5664935112,2.77602830977e-40,1.0,0.0,0.0,0.0,1.0,0.0,0.0,0.0,1.0,0
1481902944492672822,248,1481902944489808766,,0,0,46.5183868408,6.56648492813,2.77602830977e-40,1.0,0.0,0.0,0.0,1.0,0.0,0.0,0.0,1.0,0
1481902944690005554,249,1481902944684631036,,0,0,46.5183982849,6.56647205353,2.77602830977e-40,1.0,0.0,0.0,0.0,1.0,0.0,0.0,0.0,1.0,0
1481902944894787069,250,1481902944890629424,,0,0,46.5184020996,6.56645822525,2.77602830977e-40,1.0,0.0,0.0,0.0,1.0,0.0,0.0,0.0,1.0,0
1481902945097531871,251,1481902945095094065,,0,0,46.5183944702,6.56643438339,2.77602830977e-40,1.0,0.0,0.0,0.0,1.0,0.0,0.0,0.0,1.0,0
1481902945302355678,252,1481902945299866935,,0,0,46.5183830261,6.5664358139,2.77602830977e-40,1.0,0.0,0.0,0.0,1.0,0.0,0.0,0.0,1.0,0
1481902945510531508,253,1481902945504465169,,0,0,46.5183944702,6.56641721725,2.77602830977e-40,1.0,0.0,0.0,0.0,1.0,0.0,0.0,0.0,1.0,0
1481902945700772852,254,1481902945698293483,,0,0,46.5183982849,6.56641101837,2.77602830977e-40,1.0,0.0,0.0,0.0,1.0,0.0,0.0,0.0,1.0,0
1481902945898456573,255,1481902945895592101,,0,0,46.5184020996,6.56639385223,2.77602830977e-40,1.0,0.0,0.0,0.0,1.0,0.0,0.0,0.0,1.0,0
1481902946092830354,256,1481902946090615568,,0,0,46.5184020996,6.56638622284,2.77602830977e-40,1.0,0.0,0.0,0.0,1.0,0.0,0.0,0.0,1.0,0
1481902946298904835,257,1481902946295708646,,0,0,46.5184173584,6.56635761261,2.77602830977e-40,1.0,0.0,0.0,0.0,1.0,0.0,0.0,0.0,1.0,0
1481902946504628067,258,1481902946501255732,,0,0,46.5184402466,6.56635379791,2.77602830977e-40,1.0,0.0,0.0,0.0,1.0,0.0,0.0,0.0,1.0,0
1481902946696653521,259,1481902946694273996,,0,0,46.5184402466,6.56634187698,2.77602830977e-40,1.0,0.0,0.0,0.0,1.0,0.0,0.0,0.0,1.0,0
1481902946901154465,260,1481902946898528690,,0,0,46.5184364319,6.56634044647,2.77602830977e-40,1.0,0.0,0.0,0.0,1.0,0.0,0.0,0.0,1.0,0
1481902947104481036,261,1481902947100554067,,0,0,46.5184402466,6.56632566452,2.77602830977e-40,1.0,0.0,0.0,0.0,1.0,0.0,0.0,0.0,1.0,0
1481902947300357105,262,1481902947296683260,,0,0,46.5184440613,6.56630754471,2.77602830977e-40,1.0,0.0,0.0,0.0,1.0,0.0,0.0,0.0,1.0,0
1481902947504069300,263,1481902947500288841,,0,0,46.5184364319,6.56629753113,2.77602830977e-40,1.0,0.0,0.0,0.0,1.0,0.0,0.0,0.0,1.0,0
1481902947701255262,264,1481902947696516836,,0,0,46.5184440613,6.56628608704,2.77602830977e-40,1.0,0.0,0.0,0.0,1.0,0.0,0.0,0.0,1.0,0
1481902947908537761,265,1481902947902190329,,0,0,46.5184440613,6.56627655029,2.77602830977e-40,1.0,0.0,0.0,0.0,1.0,0.0,0.0,0.0,1.0,0
1481902948101076599,266,1481902948097959784,,0,0,46.518447876,6.5662651062,2.77602830977e-40,1.0,0.0,0.0,0.0,1.0,0.0,0.0,0.0,1.0,0
1481902948295405380,267,1481902948292292263,,0,0,46.518447876,6.56625127792,2.77602830977e-40,1.0,0.0,0.0,0.0,1.0,0.0,0.0,0.0,1.0,0
1481902948502777514,268,1481902948499326533,,0,0,46.5184440613,6.56624412537,2.77602830977e-40,1.0,0.0,0.0,0.0,1.0,0.0,0.0,0.0,1.0,0
1481902948692079225,269,1481902948689372305,,0,0,46.5184364319,6.56623315811,2.77602830977e-40,1.0,0.0,0.0,0.0,1.0,0.0,0.0,0.0,1.0,0
1481902948884388845,270,1481902948880626042,,0,0,46.5184364319,6.56622123718,2.77602830977e-40,1.0,0.0,0.0,0.0,1.0,0.0,0.0,0.0,1.0,0
1481902949110509369,271,1481902949103115794,,0,0,46.5184288025,6.56620597839,2.77602830977e-40,1.0,0.0,0.0,0.0,1.0,0.0,0.0,0.0,1.0,0
1481902949302968364,272,1481902949300035194,,0,0,46.5184326172,6.5661945343,2.77602830977e-40,1.0,0.0,0.0,0.0,1.0,0.0,0.0,0.0,1.0,0
1481902949518992663,273,1481902949516452514,,0,0,46.5184249878,6.56618356705,2.77602830977e-40,1.0,0.0,0.0,0.0,1.0,0.0,0.0,0.0,1.0,0
1481902949708411353,274,1481902949703286314,,0,0,46.5184364319,6.5661687851,2.77602830977e-40,1.0,0.0,0.0,0.0,1.0,0.0,0.0,0.0,1.0,0
1481902949904293151,275,1481902949901391700,,0,0,46.5184364319,6.56615400314,2.77602830977e-40,1.0,0.0,0.0,0.0,1.0,0.0,0.0,0.0,1.0,0
1481902950098124486,276,1481902950095337254,,0,0,46.5184402466,6.5661406517,2.77602830977e-40,1.0,0.0,0.0,0.0,1.0,0.0,0.0,0.0,1.0,0
1481902950282042981,277,1481902950279179655,,0,0,46.5184440613,6.56613111496,2.77602830977e-40,1.0,0.0,0.0,0.0,1.0,0.0,0.0,0.0,1.0,0
1481902950394825666,278,1481902950391043905,,0,0,46.518447876,6.56612491608,2.77602830977e-40,1.0,0.0,0.0,0.0,1.0,0.0,0.0,0.0,1.0,0
1481902950605827843,279,1481902950603230558,,0,0,46.5184631348,6.56611680984,2.77602830977e-40,1.0,0.0,0.0,0.0,1.0,0.0,0.0,0.0,1.0,0
1481902950849048428,280,1481902950846879736,,0,0,46.5184707642,6.56610822678,2.77602830977e-40,1.0,0.0,0.0,0.0,1.0,0.0,0.0,0.0,1.0,0
1481902951107855329,281,1481902951104318723,,0,0,46.5184745789,6.56609869003,2.77602830977e-40,1.0,0.0,0.0,0.0,1.0,0.0,0.0,0.0,1.0,0
1481902951511022438,282,1481902951508054165,,0,0,46.5184860229,6.5660867691,2.77602830977e-40,1.0,0.0,0.0,0.0,1.0,0.0,0.0,0.0,1.0,0
1481902951952613149,283,1481902951948432795,,0,0,46.5185050964,6.56607437134,2.77602830977e-40,1.0,0.0,0.0,0.0,1.0,0.0,0.0,0.0,1.0,0
1481902952441976969,284,1481902952439217132,,0,0,46.5185241699,6.56606674194,2.77602830977e-40,1.0,0.0,0.0,0.0,1.0,0.0,0.0,0.0,1.0,0
1481902953269875769,285,1481902953265223594,,0,0,46.5185432434,6.56606674194,2.77602830977e-40,1.0,0.0,0.0,0.0,1.0,0.0,0.0,0.0,1.0,0
1481902953572889590,286,1481902953568566684,,0,0,46.5185852051,6.56608343124,2.77602830977e-40,1.0,0.0,0.0,0.0,1.0,0.0,0.0,0.0,1.0,0
1481902953835527418,287,1481902953830515295,,0,0,46.5185890198,6.56610298157,2.77602830977e-40,1.0,0.0,0.0,0.0,1.0,0.0,0.0,0.0,1.0,0
1481902954078707691,288,1481902954075586397,,0,0,46.518573761,6.56613063812,2.77602830977e-40,1.0,0.0,0.0,0.0,1.0,0.0,0.0,0.0,1.0,0
1481902954257763750,289,1481902954249397261,,0,0,46.5186004639,6.56609487534,2.77602830977e-40,1.0,0.0,0.0,0.0,1.0,0.0,0.0,0.0,1.0,0
1481902954438620899,290,1481902954435076585,,0,0,46.518573761,6.5661444664,2.77602830977e-40,1.0,0.0,0.0,0.0,1.0,0.0,0.0,0.0,1.0,0
1481902954655848529,291,1481902954653019109,,0,0,46.5185775757,6.56613969803,2.77602830977e-40,1.0,0.0,0.0,0.0,1.0,0.0,0.0,0.0,1.0,0
1481902954915520740,292,1481902954912429081,,0,0,46.5185508728,6.56617498398,2.77602830977e-40,1.0,0.0,0.0,0.0,1.0,0.0,0.0,0.0,1.0,0
1481902955183824179,293,1481902955181052102,,0,0,46.5185470581,6.56617832184,2.77602830977e-40,1.0,0.0,0.0,0.0,1.0,0.0,0.0,0.0,1.0,0
1481902955377617128,294,1481902955374707604,,0,0,46.5185470581,6.5661945343,2.77602830977e-40,1.0,0.0,0.0,0.0,1.0,0.0,0.0,0.0,1.0,0
1481902955629508212,295,1481902955625709316,,0,0,46.5185546875,6.56617259979,2.77602830977e-40,1.0,0.0,0.0,0.0,1.0,0.0,0.0,0.0,1.0,0
1481902955937031553,296,1481902955932971094,,0,0,46.5185012817,6.56623697281,2.77602830977e-40,1.0,0.0,0.0,0.0,1.0,0.0,0.0,0.0,1.0,0
1481902956255531844,297,1481902956252378519,,0,0,46.5185165405,6.56621646881,2.77602830977e-40,1.0,0.0,0.0,0.0,1.0,0.0,0.0,0.0,1.0,0
1481902956514515723,298,1481902956510336567,,0,0,46.5185470581,6.56615638733,2.77602830977e-40,1.0,0.0,0.0,0.0,1.0,0.0,0.0,0.0,1.0,0
1481902956832690859,299,1481902956829619721,,0,0,46.5185394287,6.56616687775,2.77602830977e-40,1.0,0.0,0.0,0.0,1.0,0.0,0.0,0.0,1.0,0
1481902957174775310,300,1481902957169420584,,0,0,46.5184936523,6.5662522316,2.77602830977e-40,1.0,0.0,0.0,0.0,1.0,0.0,0.0,0.0,1.0,0
1481902957443125468,301,1481902957439565894,,0,0,46.5184898376,6.56624984741,2.77602830977e-40,1.0,0.0,0.0,0.0,1.0,0.0,0.0,0.0,1.0,0
1481902957664440327,302,1481902957661429762,,0,0,46.5184707642,6.56626749039,2.77602830977e-40,1.0,0.0,0.0,0.0,1.0,0.0,0.0,0.0,1.0,0
1481902957839373585,303,1481902957835799687,,0,0,46.5184745789,6.56625318527,2.77602830977e-40,1.0,0.0,0.0,0.0,1.0,0.0,0.0,0.0,1.0,0
1481902958149509939,304,1481902958145296304,,0,0,46.5184669495,6.56625556946,2.77602830977e-40,1.0,0.0,0.0,0.0,1.0,0.0,0.0,0.0,1.0,0
1481902958288945525,305,1481902958280015027,,0,0,46.5184211731,6.56632184982,2.77602830977e-40,1.0,0.0,0.0,0.0,1.0,0.0,0.0,0.0,1.0,0
1481902958479236244,306,1481902958475188077,,0,0,46.5184326172,6.56629133224,2.77602830977e-40,1.0,0.0,0.0,0.0,1.0,0.0,0.0,0.0,1.0,0
1481902958560903070,307,1481902958558265680,,0,0,46.5184364319,6.56628465652,2.77602830977e-40,1.0,0.0,0.0,0.0,1.0,0.0,0.0,0.0,1.0,0
1481902958667532020,308,1481902958661554639,,0,0,46.5184402466,6.56628322601,2.77602830977e-40,1.0,0.0,0.0,0.0,1.0,0.0,0.0,0.0,1.0,0
1481902958776702422,309,1481902958773690867,,0,0,46.5184288025,6.56628894806,2.77602830977e-40,1.0,0.0,0.0,0.0,1.0,0.0,0.0,0.0,1.0,0
1481902958880272890,310,1481902958875339465,,0,0,46.5184135437,6.56631469727,2.77602830977e-40,1.0,0.0,0.0,0.0,1.0,0.0,0.0,0.0,1.0,0
1481902958992350212,311,1481902958986969861,,0,0,46.5184135437,6.56632614136,2.77602830977e-40,1.0,0.0,0.0,0.0,1.0,0.0,0.0,0.0,1.0,0
1481902959185234831,312,1481902959181153695,,0,0,46.518409729,6.56632232666,2.77602830977e-40,1.0,0.0,0.0,0.0,1.0,0.0,0.0,0.0,1.0,0
1481902959286012181,313,1481902959282295888,,0,0,46.5184059143,6.56632661819,2.77602830977e-40,1.0,0.0,0.0,0.0,1.0,0.0,0.0,0.0,1.0,0
1481902959377768617,314,1481902959374166021,,0,0,46.5184173584,6.56631231308,2.77602830977e-40,1.0,0.0,0.0,0.0,1.0,0.0,0.0,0.0,1.0,0
1481902959487512611,315,1481902959484997044,,0,0,46.5184211731,6.56630134583,2.77602830977e-40,1.0,0.0,0.0,0.0,1.0,0.0,0.0,0.0,1.0,0
1481902959573170729,316,1481902959570752870,,0,0,46.5184059143,6.56630945206,2.77602830977e-40,1.0,0.0,0.0,0.0,1.0,0.0,0.0,0.0,1.0,0
1481902959675326513,317,1481902959673253445,,0,0,46.518409729,6.56631469727,2.77602830977e-40,1.0,0.0,0.0,0.0,1.0,0.0,0.0,0.0,1.0,0
1481902959800449063,318,1481902959796835842,,0,0,46.5184059143,6.56632614136,2.77602830977e-40,1.0,0.0,0.0,0.0,1.0,0.0,0.0,0.0,1.0,0
1481902959984217193,319,1481902959981168295,,0,0,46.5183982849,6.5663523674,2.77602830977e-40,1.0,0.0,0.0,0.0,1.0,0.0,0.0,0.0,1.0,0
1481902960098534406,320,1481902960094988008,,0,0,46.5184020996,6.56633663177,2.77602830977e-40,1.0,0.0,0.0,0.0,1.0,0.0,0.0,0.0,1.0,0
1481902960295699742,321,1481902960292617927,,0,0,46.5183868408,6.56635665894,2.77602830977e-40,1.0,0.0,0.0,0.0,1.0,0.0,0.0,0.0,1.0,0
1481902960501460474,322,1481902960498557461,,0,0,46.5183753967,6.56635522842,2.77602830977e-40,1.0,0.0,0.0,0.0,1.0,0.0,0.0,0.0,1.0,0
1481902960705037097,323,1481902960702003771,,0,0,46.5183944702,6.56632137299,2.77602830977e-40,1.0,0.0,0.0,0.0,1.0,0.0,0.0,0.0,1.0,0
1481902960906357736,324,1481902960904474407,,0,0,46.5183944702,6.5663228035,2.77602830977e-40,1.0,0.0,0.0,0.0,1.0,0.0,0.0,0.0,1.0,0
1481902961104280831,325,1481902961097955535,,0,0,46.5183753967,6.56632614136,2.77602830977e-40,1.0,0.0,0.0,0.0,1.0,0.0,0.0,0.0,1.0,0
1481902961296469201,326,1481902961291822078,,0,0,46.5183753967,6.5663433075,2.77602830977e-40,1.0,0.0,0.0,0.0,1.0,0.0,0.0,0.0,1.0,0
1481902961508702990,327,1481902961505322477,,0,0,46.5183982849,6.56634569168,2.77602830977e-40,1.0,0.0,0.0,0.0,1.0,0.0,0.0,0.0,1.0,0
1481902961701055214,328,1481902961698205585,,0,0,46.5184020996,6.56632518768,2.77602830977e-40,1.0,0.0,0.0,0.0,1.0,0.0,0.0,0.0,1.0,0
1481902961907421986,329,1481902961904574961,,0,0,46.5183944702,6.56633234024,2.77602830977e-40,1.0,0.0,0.0,0.0,1.0,0.0,0.0,0.0,1.0,0
1481902962103354200,330,1481902962100907123,,0,0,46.5183906555,6.56634378433,2.77602830977e-40,1.0,0.0,0.0,0.0,1.0,0.0,0.0,0.0,1.0,0
1481902962331885448,331,1481902962328560196,,0,0,46.5184020996,6.56633090973,2.77602830977e-40,1.0,0.0,0.0,0.0,1.0,0.0,0.0,0.0,1.0,0
1481902962501638822,332,1481902962498398101,,0,0,46.5183982849,6.56632995605,2.77602830977e-40,1.0,0.0,0.0,0.0,1.0,0.0,0.0,0.0,1.0,0
1481902962687955801,333,1481902962682526804,,0,0,46.5183906555,6.5663394928,2.77602830977e-40,1.0,0.0,0.0,0.0,1.0,0.0,0.0,0.0,1.0,0
1481902962786044617,334,1481902962783730143,,0,0,46.5183906555,6.56633424759,2.77602830977e-40,1.0,0.0,0.0,0.0,1.0,0.0,0.0,0.0,1.0,0
1481902962999561006,335,1481902962996663513,,0,0,46.5183868408,6.5663394928,2.77602830977e-40,1.0,0.0,0.0,0.0,1.0,0.0,0.0,0.0,1.0,0
1481902963194328015,336,1481902963191279325,,0,0,46.5183944702,6.56632947922,2.77602830977e-40,1.0,0.0,0.0,0.0,1.0,0.0,0.0,0.0,1.0,0
1481902963399633696,337,1481902963395591779,,0,0,46.5183982849,6.56633520126,2.77602830977e-40,1.0,0.0,0.0,0.0,1.0,0.0,0.0,0.0,1.0,0
1481902963595218100,338,1481902963592107274,,0,0,46.518371582,6.56638479233,2.77602830977e-40,1.0,0.0,0.0,0.0,1.0,0.0,0.0,0.0,1.0,0
1481902963800055553,339,1481902963797406288,,0,0,46.5183792114,6.56638479233,2.77602830977e-40,1.0,0.0,0.0,0.0,1.0,0.0,0.0,0.0,1.0,0
1481902963997107296,340,1481902963994178709,,0,0,46.5183639526,6.56640911102,2.77602830977e-40,1.0,0.0,0.0,0.0,1.0,0.0,0.0,0.0,1.0,0
1481902964199273245,341,1481902964196177784,,0,0,46.5183753967,6.56640672684,2.77602830977e-40,1.0,0.0,0.0,0.0,1.0,0.0,0.0,0.0,1.0,0
1481902964402020391,342,1481902964398873263,,0,0,46.5183753967,6.56640720367,2.77602830977e-40,1.0,0.0,0.0,0.0,1.0,0.0,0.0,0.0,1.0,0
1481902964604990713,343,1481902964601016973,,0,0,46.5183868408,6.56637525558,2.77602830977e-40,1.0,0.0,0.0,0.0,1.0,0.0,0.0,0.0,1.0,0
1481902964811518109,344,1481902964806803382,,0,0,46.5183944702,6.56638669968,2.77602830977e-40,1.0,0.0,0.0,0.0,1.0,0.0,0.0,0.0,1.0,0
1481902965014489734,345,1481902965004150072,,0,0,46.5183944702,6.56639719009,2.77602830977e-40,1.0,0.0,0.0,0.0,1.0,0.0,0.0,0.0,1.0,0
1481902965202988217,346,1481902965199762184,,0,0,46.5183944702,6.56640911102,2.77602830977e-40,1.0,0.0,0.0,0.0,1.0,0.0,0.0,0.0,1.0,0
1481902965397649810,347,1481902965394183934,,0,0,46.5184020996,6.56640768051,2.77602830977e-40,1.0,0.0,0.0,0.0,1.0,0.0,0.0,0.0,1.0,0
1481902965604436217,348,1481902965601438776,,0,0,46.5184135437,6.56639575958,2.77602830977e-40,1.0,0.0,0.0,0.0,1.0,0.0,0.0,0.0,1.0,0
1481902965815902143,349,1481902965808627786,,0,0,46.518409729,6.56642580032,2.77602830977e-40,1.0,0.0,0.0,0.0,1.0,0.0,0.0,0.0,1.0,0
1481902966015205182,350,1481902966012588418,,0,0,46.5183906555,6.56643915176,2.77602830977e-40,1.0,0.0,0.0,0.0,1.0,0.0,0.0,0.0,1.0,0
1481902966215102023,351,1481902966205567411,,0,0,46.5183944702,6.56642103195,2.77602830977e-40,1.0,0.0,0.0,0.0,1.0,0.0,0.0,0.0,1.0,0
1481902966413995584,352,1481902966410088094,,0,0,46.5183868408,6.56645774841,2.77602830977e-40,1.0,0.0,0.0,0.0,1.0,0.0,0.0,0.0,1.0,0
1481902966612195137,353,1481902966605747653,,0,0,46.5183906555,6.56648254395,2.77602830977e-40,1.0,0.0,0.0,0.0,1.0,0.0,0.0,0.0,1.0,0
1481902966804811215,354,1481902966802245909,,0,0,46.5183906555,6.56647968292,2.77602830977e-40,1.0,0.0,0.0,0.0,1.0,0.0,0.0,0.0,1.0,0
1481902967013370481,355,1481902967006985705,,0,0,46.5184020996,6.56647348404,2.77602830977e-40,1.0,0.0,0.0,0.0,1.0,0.0,0.0,0.0,1.0,0
1481902967205184738,356,1481902967201849902,,0,0,46.5183982849,6.56646490097,2.77602830977e-40,1.0,0.0,0.0,0.0,1.0,0.0,0.0,0.0,1.0,0
1481902967430605159,357,1481902967425261162,,0,0,46.5183944702,6.56648397446,2.77602830977e-40,1.0,0.0,0.0,0.0,1.0,0.0,0.0,0.0,1.0,0
1481902967617111304,358,1481902967614412978,,0,0,46.5183982849,6.56649160385,2.77602830977e-40,1.0,0.0,0.0,0.0,1.0,0.0,0.0,0.0,1.0,0
1481902967808804311,359,1481902967805964110,,0,0,46.5183982849,6.56649446487,2.77602830977e-40,1.0,0.0,0.0,0.0,1.0,0.0,0.0,0.0,1.0,0
1481902968003835695,360,1481902968001851950,,0,0,46.5184020996,6.56649112701,2.77602830977e-40,1.0,0.0,0.0,0.0,1.0,0.0,0.0,0.0,1.0,0
1481902968200386606,361,1481902968195994846,,0,0,46.5184020996,6.56649923325,2.77602830977e-40,1.0,0.0,0.0,0.0,1.0,0.0,0.0,0.0,1.0,0
1481902968407090773,362,1481902968402721149,,0,0,46.5183906555,6.56649971008,2.77602830977e-40,1.0,0.0,0.0,0.0,1.0,0.0,0.0,0.0,1.0,0
1481902968609321462,363,1481902968602388979,,0,0,46.5184020996,6.56649398804,2.77602830977e-40,1.0,0.0,0.0,0.0,1.0,0.0,0.0,0.0,1.0,0
1481902968816143597,364,1481902968810040123,,0,0,46.5184173584,6.56648731232,2.77602830977e-40,1.0,0.0,0.0,0.0,1.0,0.0,0.0,0.0,1.0,0
1481902969015592939,365,1481902969012355551,,0,0,46.5184402466,6.56648206711,2.77602830977e-40,1.0,0.0,0.0,0.0,1.0,0.0,0.0,0.0,1.0,0
1481902969216151548,366,1481902969209482659,,0,0,46.5184249878,6.56650209427,2.77602830977e-40,1.0,0.0,0.0,0.0,1.0,0.0,0.0,0.0,1.0,0
1481902969406417267,367,1481902969402041757,,0,0,46.5184249878,6.56649923325,2.77602830977e-40,1.0,0.0,0.0,0.0,1.0,0.0,0.0,0.0,1.0,0
1481902969596308820,368,1481902969594181221,,0,0,46.5184211731,6.56650066376,2.77602830977e-40,1.0,0.0,0.0,0.0,1.0,0.0,0.0,0.0,1.0,0
1481902969804576004,369,1481902969800297421,,0,0,46.5184249878,6.56649160385,2.77602830977e-40,1.0,0.0,0.0,0.0,1.0,0.0,0.0,0.0,1.0,0
1481902970015802920,370,1481902970012942458,,0,0,46.5184249878,6.56650161743,2.77602830977e-40,1.0,0.0,0.0,0.0,1.0,0.0,0.0,0.0,1.0,0
1481902970212461695,371,1481902970208491966,,0,0,46.5184326172,6.56651878357,2.77602830977e-40,1.0,0.0,0.0,0.0,1.0,0.0,0.0,0.0,1.0,0
1481902970408494222,372,1481902970401699656,,0,0,46.5184288025,6.56651639938,2.77602830977e-40,1.0,0.0,0.0,0.0,1.0,0.0,0.0,0.0,1.0,0
1481902970618499475,373,1481902970613635529,,0,0,46.5184249878,6.56651496887,2.77602830977e-40,1.0,0.0,0.0,0.0,1.0,0.0,0.0,0.0,1.0,0
1481902970806106346,374,1481902970799969122,,0,0,46.5184249878,6.56652736664,2.77602830977e-40,1.0,0.0,0.0,0.0,1.0,0.0,0.0,0.0,1.0,0
1481902970997860499,375,1481902970994355195,,0,0,46.5184249878,6.5665268898,2.77602830977e-40,1.0,0.0,0.0,0.0,1.0,0.0,0.0,0.0,1.0,0
1481902971201283684,376,1481902971198367077,,0,0,46.5184173584,6.56653785706,2.77602830977e-40,1.0,0.0,0.0,0.0,1.0,0.0,0.0,0.0,1.0,0
1481902971397962512,377,1481902971392969712,,0,0,46.5184249878,6.56653499603,2.77602830977e-40,1.0,0.0,0.0,0.0,1.0,0.0,0.0,0.0,1.0,0
1481902971589327030,378,1481902971584787979,,0,0,46.5184326172,6.5665473938,2.77602830977e-40,1.0,0.0,0.0,0.0,1.0,0.0,0.0,0.0,1.0,0
1481902971795788437,379,1481902971790574127,,0,0,46.5184326172,6.5665473938,2.77602830977e-40,1.0,0.0,0.0,0.0,1.0,0.0,0.0,0.0,1.0,0
1481902972000316307,380,1481902971996849337,,0,0,46.5184440613,6.56654691696,2.77602830977e-40,1.0,0.0,0.0,0.0,1.0,0.0,0.0,0.0,1.0,0
1481902972194581704,381,1481902972192084158,,0,0,46.5184249878,6.56656932831,2.77602830977e-40,1.0,0.0,0.0,0.0,1.0,0.0,0.0,0.0,1.0,0
1481902972382097377,382,1481902972379803373,,0,0,46.5184326172,6.56659841537,2.77602830977e-40,1.0,0.0,0.0,0.0,1.0,0.0,0.0,0.0,1.0,0
1481902972495198655,383,1481902972492688609,,0,0,46.5184402466,6.56659078598,2.77602830977e-40,1.0,0.0,0.0,0.0,1.0,0.0,0.0,0.0,1.0,0
1481902972700198034,384,1481902972697342417,,0,0,46.5184402466,6.56658363342,2.77602830977e-40,1.0,0.0,0.0,0.0,1.0,0.0,0.0,0.0,1.0,0
1481902972894457806,385,1481902972890295420,,0,0,46.5184516907,6.56658601761,2.77602830977e-40,1.0,0.0,0.0,0.0,1.0,0.0,0.0,0.0,1.0,0
1481902973096688911,386,1481902973091389133,,0,0,46.5184516907,6.56658506393,2.77602830977e-40,1.0,0.0,0.0,0.0,1.0,0.0,0.0,0.0,1.0,0
1481902973299961472,387,1481902973295004818,,0,0,46.518447876,6.56658697128,2.77602830977e-40,1.0,0.0,0.0,0.0,1.0,0.0,0.0,0.0,1.0,0
1481902973514915045,388,1481902973511627085,,0,0,46.5184555054,6.56658840179,2.77602830977e-40,1.0,0.0,0.0,0.0,1.0,0.0,0.0,0.0,1.0,0
1481902973679137080,389,1481902973677178595,,0,0,46.5184783936,6.5665845871,2.77602830977e-40,1.0,0.0,0.0,0.0,1.0,0.0,0.0,0.0,1.0,0
1481902973897865852,390,1481902973892297168,,0,0,46.518497467,6.56658220291,2.77602830977e-40,1.0,0.0,0.0,0.0,1.0,0.0,0.0,0.0,1.0,0
1481902974099518313,391,1481902974096137748,,0,0,46.5185012817,6.56659793854,2.77602830977e-40,1.0,0.0,0.0,0.0,1.0,0.0,0.0,0.0,1.0,0
1481902974299271976,392,1481902974290126791,,0,0,46.5185050964,6.56659507751,2.77602830977e-40,1.0,0.0,0.0,0.0,1.0,0.0,0.0,0.0,1.0,0
1481902974498267256,393,1481902974495149608,,0,0,46.5185012817,6.56661605835,2.77602830977e-40,1.0,0.0,0.0,0.0,1.0,0.0,0.0,0.0,1.0,0
1481902974694528168,394,1481902974691055208,,0,0,46.5184936523,6.56661653519,2.77602830977e-40,1.0,0.0,0.0,0.0,1.0,0.0,0.0,0.0,1.0,0
1481902974896947763,395,1481902974894525998,,0,0,46.5185012817,6.56662225723,2.77602830977e-40,1.0,0.0,0.0,0.0,1.0,0.0,0.0,0.0,1.0,0
1481902975080086676,396,1481902975075550229,,0,0,46.5184936523,6.56662654877,2.77602830977e-40,1.0,0.0,0.0,0.0,1.0,0.0,0.0,0.0,1.0,0
1481902975182185013,397,1481902975179914862,,0,0,46.5184860229,6.56662845612,2.77602830977e-40,1.0,0.0,0.0,0.0,1.0,0.0,0.0,0.0,1.0,0
1481902975295615300,398,1481902975291871976,,0,0,46.5184860229,6.5666437149,2.77602830977e-40,1.0,0.0,0.0,0.0,1.0,0.0,0.0,0.0,1.0,0
1481902975503575089,399,1481902975498448019,,0,0,46.5184745789,6.56663751602,2.77602830977e-40,1.0,0.0,0.0,0.0,1.0,0.0,0.0,0.0,1.0,0
1481902975695038982,400,1481902975691989146,,0,0,46.5184707642,6.56664180756,2.77602830977e-40,1.0,0.0,0.0,0.0,1.0,0.0,0.0,0.0,1.0,0
1481902975903604290,401,1481902975899109301,,0,0,46.5184822083,6.56664848328,2.77602830977e-40,1.0,0.0,0.0,0.0,1.0,0.0,0.0,0.0,1.0,0
1481902976097946040,402,1481902976094665007,,0,0,46.5184860229,6.56663274765,2.77602830977e-40,1.0,0.0,0.0,0.0,1.0,0.0,0.0,0.0,1.0,0
1481902976301448913,403,1481902976298475743,,0,0,46.5184898376,6.56664037704,2.77602830977e-40,1.0,0.0,0.0,0.0,1.0,0.0,0.0,0.0,1.0,0
1481902976491252602,404,1481902976489297086,,0,0,46.5184898376,6.56663894653,2.77602830977e-40,1.0,0.0,0.0,0.0,1.0,0.0,0.0,0.0,1.0,0
1481902976694434590,405,1481902976691403973,,0,0,46.5185012817,6.56664991379,2.77602830977e-40,1.0,0.0,0.0,0.0,1.0,0.0,0.0,0.0,1.0,0
1481902976891953676,406,1481902976888391289,,0,0,46.5184936523,6.56666135788,2.77602830977e-40,1.0,0.0,0.0,0.0,1.0,0.0,0.0,0.0,1.0,0
1481902977096729098,407,1481902977092947545,,0,0,46.5185089111,6.56665039062,2.77602830977e-40,1.0,0.0,0.0,0.0,1.0,0.0,0.0,0.0,1.0,0
1481902977293771362,408,1481902977289757466,,0,0,46.5185089111,6.56665611267,2.77602830977e-40,1.0,0.0,0.0,0.0,1.0,0.0,0.0,0.0,1.0,0
1481902977499824541,409,1481902977495527000,,0,0,46.5185050964,6.56666564941,2.77602830977e-40,1.0,0.0,0.0,0.0,1.0,0.0,0.0,0.0,1.0,0
1481902977708273443,410,1481902977701988667,,0,0,46.5185089111,6.56666755676,2.77602830977e-40,1.0,0.0,0.0,0.0,1.0,0.0,0.0,0.0,1.0,0
1481902977879215565,411,1481902977876860987,,0,0,46.518497467,6.56665706635,2.77602830977e-40,1.0,0.0,0.0,0.0,1.0,0.0,0.0,0.0,1.0,0
1481902977990562576,412,1481902977988888570,,0,0,46.518497467,6.56666040421,2.77602830977e-40,1.0,0.0,0.0,0.0,1.0,0.0,0.0,0.0,1.0,0
1481902978195908986,413,1481902978193402169,,0,0,46.5184936523,6.56666707993,2.77602830977e-40,1.0,0.0,0.0,0.0,1.0,0.0,0.0,0.0,1.0,0
1481902978388754594,414,1481902978387041161,,0,0,46.5185050964,6.56665706635,2.77602830977e-40,1.0,0.0,0.0,0.0,1.0,0.0,0.0,0.0,1.0,0
1481902978603965562,415,1481902978601816453,,0,0,46.5185012817,6.56662416458,2.77602830977e-40,1.0,0.0,0.0,0.0,1.0,0.0,0.0,0.0,1.0,0
1481902978801849387,416,1481902978799099133,,0,0,46.518497467,6.56661653519,2.77602830977e-40,1.0,0.0,0.0,0.0,1.0,0.0,0.0,0.0,1.0,0
1481902979011000944,417,1481902979003886691,,0,0,46.5185050964,6.56662416458,2.77602830977e-40,1.0,0.0,0.0,0.0,1.0,0.0,0.0,0.0,1.0,0
1481902979193680015,418,1481902979189572785,,0,0,46.5185012817,6.56664085388,2.77602830977e-40,1.0,0.0,0.0,0.0,1.0,0.0,0.0,0.0,1.0,0
1481902979398837206,419,1481902979391195715,,0,0,46.5184860229,6.56664514542,2.77602830977e-40,1.0,0.0,0.0,0.0,1.0,0.0,0.0,0.0,1.0,0
1481902979609767821,420,1481902979605370645,,0,0,46.5184936523,6.56660747528,2.77602830977e-40,1.0,0.0,0.0,0.0,1.0,0.0,0.0,0.0,1.0,0
1481902979801845931,421,1481902979798356148,,0,0,46.5184822083,6.56658983231,2.77602830977e-40,1.0,0.0,0.0,0.0,1.0,0.0,0.0,0.0,1.0,0
1481902980007928693,422,1481902980003891985,,0,0,46.518497467,6.56660366058,2.77602830977e-40,1.0,0.0,0.0,0.0,1.0,0.0,0.0,0.0,1.0,0
1481902980220394773,423,1481902980217333947,,0,0,46.5185012817,6.56662607193,2.77602830977e-40,1.0,0.0,0.0,0.0,1.0,0.0,0.0,0.0,1.0,0
1481902980417211465,424,1481902980412639080,,0,0,46.5185089111,6.56664276123,2.77602830977e-40,1.0,0.0,0.0,0.0,1.0,0.0,0.0,0.0,1.0,0
1481902980600550378,425,1481902980597560646,,0,0,46.5185012817,6.56664896011,2.77602830977e-40,1.0,0.0,0.0,0.0,1.0,0.0,0.0,0.0,1.0,0
1481902980815568430,426,1481902980812339220,,0,0,46.5185279846,6.56665086746,2.77602830977e-40,1.0,0.0,0.0,0.0,1.0,0.0,0.0,0.0,1.0,0
1481902981020389060,427,1481902981017907869,,0,0,46.5185279846,6.56665325165,2.77602830977e-40,1.0,0.0,0.0,0.0,1.0,0.0,0.0,0.0,1.0,0
1481902981206417967,428,1481902981203558964,,0,0,46.5184936523,6.56664085388,2.77602830977e-40,1.0,0.0,0.0,0.0,1.0,0.0,0.0,0.0,1.0,0
1481902981410579328,429,1481902981408606833,,0,0,46.5184936523,6.56664276123,2.77602830977e-40,1.0,0.0,0.0,0.0,1.0,0.0,0.0,0.0,1.0,0
1481902981612381371,430,1481902981607959924,,0,0,46.5184898376,6.56663322449,2.77602830977e-40,1.0,0.0,0.0,0.0,1.0,0.0,0.0,0.0,1.0,0
1481902981802733080,431,1481902981799772931,,0,0,46.5184936523,6.5666475296,2.77602830977e-40,1.0,0.0,0.0,0.0,1.0,0.0,0.0,0.0,1.0,0
1481902981998164254,432,1481902981995182334,,0,0,46.5184860229,6.56663513184,2.77602830977e-40,1.0,0.0,0.0,0.0,1.0,0.0,0.0,0.0,1.0,0
1481902982207873257,433,1481902982201624419,,0,0,46.5184898376,6.56665706635,2.77602830977e-40,1.0,0.0,0.0,0.0,1.0,0.0,0.0,0.0,1.0,0
1481902982407405880,434,1481902982404819376,,0,0,46.5184745789,6.56665754318,2.77602830977e-40,1.0,0.0,0.0,0.0,1.0,0.0,0.0,0.0,1.0,0
1481902982614778066,435,1481902982611903490,,0,0,46.5184669495,6.56664943695,2.77602830977e-40,1.0,0.0,0.0,0.0,1.0,0.0,0.0,0.0,1.0,0
1481902982809737835,436,1481902982808012787,,0,0,46.5184783936,6.56665802002,2.77602830977e-40,1.0,0.0,0.0,0.0,1.0,0.0,0.0,0.0,1.0,0
1481902983070204367,437,1481902983067417551,,0,0,46.5184860229,6.56665706635,2.77602830977e-40,1.0,0.0,0.0,0.0,1.0,0.0,0.0,0.0,1.0,0
1481902983211123439,438,1481902983207327980,,0,0,46.5184860229,6.56666374207,2.77602830977e-40,1.0,0.0,0.0,0.0,1.0,0.0,0.0,0.0,1.0,0
1481902983402181291,439,1481902983399811401,,0,0,46.5184898376,6.56665802002,2.77602830977e-40,1.0,0.0,0.0,0.0,1.0,0.0,0.0,0.0,1.0,0
1481902983615550806,440,1481902983612149929,,0,0,46.5184936523,6.5666513443,2.77602830977e-40,1.0,0.0,0.0,0.0,1.0,0.0,0.0,0.0,1.0,0
1481902983800910808,441,1481902983798278314,,0,0,46.518497467,6.56665802002,2.77602830977e-40,1.0,0.0,0.0,0.0,1.0,0.0,0.0,0.0,1.0,0
1481902984009983302,442,1481902984005069044,,0,0,46.5184860229,6.56665802002,2.77602830977e-40,1.0,0.0,0.0,0.0,1.0,0.0,0.0,0.0,1.0,0
1481902984209079207,443,1481902984202766931,,0,0,46.5184898376,6.56667089462,2.77602830977e-40,1.0,0.0,0.0,0.0,1.0,0.0,0.0,0.0,1.0,0
1481902984403560488,444,1481902984399445030,,0,0,46.5184898376,6.56665897369,2.77602830977e-40,1.0,0.0,0.0,0.0,1.0,0.0,0.0,0.0,1.0,0
1481902984608427264,445,1481902984605493834,,0,0,46.5184745789,6.56666040421,2.77602830977e-40,1.0,0.0,0.0,0.0,1.0,0.0,0.0,0.0,1.0,0
1481902984792063520,446,1481902984787585146,,0,0,46.5184707642,6.56666374207,2.77602830977e-40,1.0,0.0,0.0,0.0,1.0,0.0,0.0,0.0,1.0,0
1481902985009604066,447,1481902985004168923,,0,0,46.5184860229,6.56666040421,2.77602830977e-40,1.0,0.0,0.0,0.0,1.0,0.0,0.0,0.0,1.0,0
1481902985200274888,448,1481902985197805154,,0,0,46.5184822083,6.56662750244,2.77602830977e-40,1.0,0.0,0.0,0.0,1.0,0.0,0.0,0.0,1.0,0
1481902985402093442,449,1481902985399757667,,0,0,46.5184822083,6.56662750244,2.77602830977e-40,1.0,0.0,0.0,0.0,1.0,0.0,0.0,0.0,1.0,0
1481902985605901835,450,1481902985602943509,,0,0,46.5184822083,6.56664180756,2.77602830977e-40,1.0,0.0,0.0,0.0,1.0,0.0,0.0,0.0,1.0,0
1481902985803069203,451,1481902985799615774,,0,0,46.5184593201,6.56663799286,2.77602830977e-40,1.0,0.0,0.0,0.0,1.0,0.0,0.0,0.0,1.0,0
1481902985997500276,452,1481902985994262263,,0,0,46.5184631348,6.56665468216,2.77602830977e-40,1.0,0.0,0.0,0.0,1.0,0.0,0.0,0.0,1.0,0
1481902986187026257,453,1481902986180823929,,0,0,46.5184707642,6.56666612625,2.77602830977e-40,1.0,0.0,0.0,0.0,1.0,0.0,0.0,0.0,1.0,0
1481902986296868064,454,1481902986294150310,,0,0,46.5184745789,6.56665372849,2.77602830977e-40,1.0,0.0,0.0,0.0,1.0,0.0,0.0,0.0,1.0,0
1481902986500586561,455,1481902986498401358,,0,0,46.5184707642,6.56665229797,2.77602830977e-40,1.0,0.0,0.0,0.0,1.0,0.0,0.0,0.0,1.0,0
1481902986705881721,456,1481902986701943866,,0,0,46.5184822083,6.56667566299,2.77602830977e-40,1.0,0.0,0.0,0.0,1.0,0.0,0.0,0.0,1.0,0
1481902986909632250,457,1481902986905536635,,0,0,46.5184822083,6.56667804718,2.77602830977e-40,1.0,0.0,0.0,0.0,1.0,0.0,0.0,0.0,1.0,0
1481902987102230150,458,1481902987099678282,,0,0,46.518497467,6.56667375565,2.77602830977e-40,1.0,0.0,0.0,0.0,1.0,0.0,0.0,0.0,1.0,0
1481902987318600386,459,1481902987315863206,,0,0,46.518497467,6.56666994095,2.77602830977e-40,1.0,0.0,0.0,0.0,1.0,0.0,0.0,0.0,1.0,0
1481902987503808618,460,1481902987501035135,,0,0,46.5185050964,6.56666040421,2.77602830977e-40,1.0,0.0,0.0,0.0,1.0,0.0,0.0,0.0,1.0,0
1481902987712140593,461,1481902987707025346,,0,0,46.5185089111,6.56665658951,2.77602830977e-40,1.0,0.0,0.0,0.0,1.0,0.0,0.0,0.0,1.0,0
1481902987915986330,462,1481902987912711807,,0,0,46.5185241699,6.56664943695,2.77602830977e-40,1.0,0.0,0.0,0.0,1.0,0.0,0.0,0.0,1.0,0
1481902988141768418,463,1481902988135312028,,0,0,46.5185317993,6.56664609909,2.77602830977e-40,1.0,0.0,0.0,0.0,1.0,0.0,0.0,0.0,1.0,0
1481902988306337066,464,1481902988303886916,,0,0,46.5185203552,6.56665897369,2.77602830977e-40,1.0,0.0,0.0,0.0,1.0,0.0,0.0,0.0,1.0,0
1481902988517611586,465,1481902988514982165,,0,0,46.5184936523,6.56664705276,2.77602830977e-40,1.0,0.0,0.0,0.0,1.0,0.0,0.0,0.0,1.0,0
1481902988720058784,466,1481902988717367124,,0,0,46.5185089111,6.56665802002,2.77602830977e-40,1.0,0.0,0.0,0.0,1.0,0.0,0.0,0.0,1.0,0
1481902988900039841,467,1481902988897340108,,0,0,46.5185165405,6.56666612625,2.77602830977e-40,1.0,0.0,0.0,0.0,1.0,0.0,0.0,0.0,1.0,0
1481902989114172635,468,1481902989110261031,,0,0,46.5185241699,6.56665468216,2.77602830977e-40,1.0,0.0,0.0,0.0,1.0,0.0,0.0,0.0,1.0,0
1481902989315607336,469,1481902989313200936,,0,0,46.5185394287,6.56665372849,2.77602830977e-40,1.0,0.0,0.0,0.0,1.0,0.0,0.0,0.0,1.0,0
1481902989521133850,470,1481902989518477555,,0,0,46.5185241699,6.56665277481,2.77602830977e-40,1.0,0.0,0.0,0.0,1.0,0.0,0.0,0.0,1.0,0
1481902989697688041,471,1481902989695367422,,0,0,46.5185203552,6.56665182114,2.77602830977e-40,1.0,0.0,0.0,0.0,1.0,0.0,0.0,0.0,1.0,0
1481902989903149450,472,1481902989900861696,,0,0,46.5185203552,6.56665086746,2.77602830977e-40,1.0,0.0,0.0,0.0,1.0,0.0,0.0,0.0,1.0,0
1481902990098477656,473,1481902990095499435,,0,0,46.5185050964,6.5666513443,2.77602830977e-40,1.0,0.0,0.0,0.0,1.0,0.0,0.0,0.0,1.0,0
1481902990289801914,474,1481902990287405410,,0,0,46.5184936523,6.56665229797,2.77602830977e-40,1.0,0.0,0.0,0.0,1.0,0.0,0.0,0.0,1.0,0
1481902990391151659,475,1481902990387688439,,0,0,46.5184898376,6.5666384697,2.77602830977e-40,1.0,0.0,0.0,0.0,1.0,0.0,0.0,0.0,1.0,0
1481902990595710519,476,1481902990592571204,,0,0,46.5184860229,6.56663799286,2.77602830977e-40,1.0,0.0,0.0,0.0,1.0,0.0,0.0,0.0,1.0,0
1481902990798681466,477,1481902990796285587,,0,0,46.5184783936,6.56665992737,2.77602830977e-40,1.0,0.0,0.0,0.0,1.0,0.0,0.0,0.0,1.0,0
1481902990997535653,478,1481902990993901964,,0,0,46.5184783936,6.56668043137,2.77602830977e-40,1.0,0.0,0.0,0.0,1.0,0.0,0.0,0.0,1.0,0
1481902991204630183,479,1481902991201658212,,0,0,46.5184707642,6.56668233871,2.77602830977e-40,1.0,0.0,0.0,0.0,1.0,0.0,0.0,0.0,1.0,0
1481902991399370578,480,1481902991395743087,,0,0,46.5184783936,6.56669425964,2.77602830977e-40,1.0,0.0,0.0,0.0,1.0,0.0,0.0,0.0,1.0,0
1481902991595864823,481,1481902991592637800,,0,0,46.5184822083,6.5667090416,2.77602830977e-40,1.0,0.0,0.0,0.0,1.0,0.0,0.0,0.0,1.0,0
1481902991788081891,482,1481902991784839451,,0,0,46.5185050964,6.56670618057,2.77602830977e-40,1.0,0.0,0.0,0.0,1.0,0.0,0.0,0.0,1.0,0
