%time,field.header.seq,field.header.stamp,field.header.frame_id,field.temperature,field.variance
1463750476190070511,300,1463750476187665833,,0.0,0.0
1463750476209264335,301,1463750476207699550,,0.0,0.0
1463750476229132531,302,1463750476227594465,,0.0,0.0
1463750476249241560,303,1463750476247685056,,0.0,0.0
1463750476269311578,304,1463750476267691585,,0.0,0.0
1463750476289403211,305,1463750476287667854,,0.0,0.0
1463750476309166251,306,1463750476307679643,,0.0,0.0
1463750476329070125,307,1463750476327688360,,0.0,0.0
1463750476349106601,308,1463750476347677076,,0.0,0.0
1463750476369207922,309,1463750476367673397,,0.0,0.0
1463750476389090597,310,1463750476387681437,,0.0,0.0
1463750476409088116,311,1463750476407658174,,0.0,0.0
1463750476429109436,312,1463750476427645224,,0.0,0.0
1463750476449166434,313,1463750476447661232,,0.0,0.0
1463750476471434724,314,1463750476467659220,,0.0,0.0
1463750476489355377,315,1463750476487669134,,0.0,0.0
1463750476509375968,316,1463750476507658111,,0.0,0.0
1463750476529452132,317,1463750476527652869,,0.0,0.0
1463750476549817410,318,1463750476547634555,,0.0,0.0
1463750476570253729,319,1463750476567636553,,0.0,0.0
1463750476589336460,320,1463750476587678967,,0.0,0.0
1463750476608962678,321,1463750476607687527,,0.0,0.0
1463750476628911707,322,1463750476627653692,,0.0,0.0
1463750476648978757,323,1463750476647668190,,0.0,0.0
1463750476668982682,324,1463750476667697219,,0.0,0.0
1463750476688990565,325,1463750476687685102,,0.0,0.0
1463750476708987094,326,1463750476707662204,,0.0,0.0
1463750476729070706,327,1463750476727766753,,0.0,0.0
1463750476748917861,328,1463750476747670418,,0.0,0.0
1463750476768965327,329,1463750476767676010,,0.0,0.0
1463750476789019252,330,1463750476787691549,,0.0,0.0
1463750476808991354,331,1463750476807696047,,0.0,0.0
1463750476829483871,332,1463750476827699712,,0.0,0.0
1463750476850283782,333,1463750476847814001,,0.0,0.0
1463750476874767323,334,1463750476867823707,,0.0,0.0
1463750476889658145,335,1463750476888007214,,0.0,0.0
1463750476910776336,336,1463750476907876504,,0.0,0.0
1463750476929324537,337,1463750476927680013,,0.0,0.0
1463750476950896476,338,1463750476947976541,,0.0,0.0
1463750476970828058,339,1463750476967894893,,0.0,0.0
1463750476990765160,340,1463750476988018557,,0.0,0.0
1463750477010742679,341,1463750477007920451,,0.0,0.0
1463750477032045557,342,1463750477027959637,,0.0,0.0
1463750477051180371,343,1463750477047774031,,0.0,0.0
1463750477068944305,344,1463750477067654623,,0.0,0.0
1463750477088898074,345,1463750477087669694,,0.0,0.0
1463750477108993040,346,1463750477107671692,,0.0,0.0
1463750477129198423,347,1463750477127648742,,0.0,0.0
1463750477149137504,348,1463750477147651625,,0.0,0.0
1463750477169177106,349,1463750477167699404,,0.0,0.0
1463750477190529410,350,1463750477187670308,,0.0,0.0
1463750477209204695,351,1463750477207718608,,0.0,0.0
1463750477228999975,352,1463750477227567846,,0.0,0.0
1463750477249291972,353,1463750477247768853,,0.0,0.0
1463750477269174282,354,1463750477267692414,,0.0,0.0
1463750477289127791,355,1463750477287662589,,0.0,0.0
1463750477309206611,356,1463750477307659743,,0.0,0.0
1463750477329107516,357,1463750477327658459,,0.0,0.0
1463750477349143888,358,1463750477347688009,,0.0,0.0
1463750477369179584,359,1463750477367663340,,0.0,0.0
1463750477389185696,360,1463750477387666432,,0.0,0.0
1463750477409145299,361,1463750477407663117,,0.0,0.0
1463750477429162192,362,1463750477427661730,,0.0,0.0
1463750477449174086,363,1463750477447665290,,0.0,0.0
1463750477469159261,364,1463750477467672027,,0.0,0.0
1463750477489149592,365,1463750477487665692,,0.0,0.0
1463750477509189298,366,1463750477507675554,,0.0,0.0
1463750477529125775,367,1463750477527671979,,0.0,0.0
1463750477549136263,368,1463750477547658404,,0.0,0.0
1463750477569156333,369,1463750477567658110,,0.0,0.0
1463750477589147185,370,1463750477587656931,,0.0,0.0
1463750477609149287,371,1463750477607658200,,0.0,0.0
1463750477629104514,372,1463750477627658635,,0.0,0.0
1463750477649125835,373,1463750477647675320,,0.0,0.0
1463750477669192885,374,1463750477667669193,,0.0,0.0
1463750477689119049,375,1463750477687653952,,0.0,0.0
1463750477709166724,376,1463750477707660897,,0.0,0.0
1463750477729001119,377,1463750477727579406,,0.0,0.0
1463750477749148428,378,1463750477747669164,,0.0,0.0
1463750477769145843,379,1463750477767672151,,0.0,0.0
1463750477789149820,380,1463750477787676388,,0.0,0.0
1463750477809150047,381,1463750477807667449,,0.0,0.0
1463750477829525793,382,1463750477827728874,,0.0,0.0
1463750477849251802,383,1463750477847704101,,0.0,0.0
1463750477869358227,384,1463750477867694901,,0.0,0.0
1463750477889394183,385,1463750477887675440,,0.0,0.0
1463750477909652273,386,1463750477907670511,,0.0,0.0
1463750477929640782,387,1463750477927656363,,0.0,0.0
1463750477949347312,388,1463750477947682996,,0.0,0.0
1463750477969485872,389,1463750477967693640,,0.0,0.0
1463750477989573338,390,1463750477987684440,,0.0,0.0
1463750478009266847,391,1463750478007682062,,0.0,0.0
1463750478031173993,392,1463750478027660206,,0.0,0.0
1463750478049111625,393,1463750478047674756,,0.0,0.0
1463750478069354768,394,1463750478067702379,,0.0,0.0
1463750478089677701,395,1463750478087675106,,0.0,0.0
1463750478111535368,396,1463750478107816061,,0.0,0.0
1463750478129449406,397,1463750478127684049,,0.0,0.0
1463750478149695153,398,1463750478147656985,,0.0,0.0
1463750478169105643,399,1463750478167669035,,0.0,0.0
1463750478189464306,400,1463750478187677908,,0.0,0.0
1463750478209216930,401,1463750478207661520,,0.0,0.0
1463750478229230334,402,1463750478227569977,,0.0,0.0
1463750478249888058,403,1463750478247663953,,0.0,0.0
1463750478269885421,404,1463750478267677565,,0.0,0.0
1463750478289996376,405,1463750478287676074,,0.0,0.0
1463750478310152280,406,1463750478307673905,,0.0,0.0
1463750478330318443,407,1463750478327646788,,0.0,0.0
1463750478350300702,408,1463750478347663682,,0.0,0.0
1463750478370012180,409,1463750478367654482,,0.0,0.0
1463750478389535951,410,1463750478387689709,,0.0,0.0
1463750478410103727,411,1463750478407675300,,0.0,0.0
1463750478430033851,412,1463750478427664121,,0.0,0.0
1463750478450146994,413,1463750478447674869,,0.0,0.0
1463750478469029205,414,1463750478467655148,,0.0,0.0
1463750478489094588,415,1463750478487678864,,0.0,0.0
1463750478508945388,416,1463750478507660706,,0.0,0.0
1463750478529199624,417,1463750478527652287,,0.0,0.0
1463750478549508756,418,1463750478547658035,,0.0,0.0
1463750478569308307,419,1463750478567680085,,0.0,0.0
1463750478589397440,420,1463750478587697239,,0.0,0.0
1463750478609159543,421,1463750478607646164,,0.0,0.0
1463750478629506435,422,1463750478627672849,,0.0,0.0
1463750478649066977,423,1463750478647664587,,0.0,0.0
1463750478669700326,424,1463750478667655282,,0.0,0.0
1463750478689397221,425,1463750478687695666,,0.0,0.0
1463750478709267344,426,1463750478707662143,,0.0,0.0
1463750478729010437,427,1463750478727581641,,0.0,0.0
1463750478749193007,428,1463750478747652440,,0.0,0.0
1463750478769105213,429,1463750478767651782,,0.0,0.0
1463750478789225856,430,1463750478787726384,,0.0,0.0
1463750478809659832,431,1463750478807688486,,0.0,0.0
1463750478830570367,432,1463750478827695223,,0.0,0.0
1463750478849610234,433,1463750478847656909,,0.0,0.0
1463750478869189681,434,1463750478867673177,,0.0,0.0
1463750478889345428,435,1463750478887689863,,0.0,0.0
1463750478909366801,436,1463750478907671496,,0.0,0.0
1463750478929112446,437,1463750478927675265,,0.0,0.0
1463750478949155954,438,1463750478947658148,,0.0,0.0
1463750478969103473,439,1463750478967657646,,0.0,0.0
1463750478989423386,440,1463750478987655581,,0.0,0.0
1463750479010585796,441,1463750479007653568,,0.0,0.0
1463750479029388580,442,1463750479027729576,,0.0,0.0
1463750479049470108,443,1463750479047628293,,0.0,0.0
1463750479069491429,444,1463750479067653624,,0.0,0.0
1463750479089551291,445,1463750479087669581,,0.0,0.0
1463750479109756674,446,1463750479107654703,,0.0,0.0
1463750479129644036,447,1463750479127687534,,0.0,0.0
1463750479149704159,448,1463750479147677293,,0.0,0.0
1463750479169636834,449,1463750479167674134,,0.0,0.0
1463750479189434250,450,1463750479187670715,,0.0,0.0
1463750479210171140,451,1463750479207667557,,0.0,0.0
1463750479229361787,452,1463750479227597159,,0.0,0.0
1463750479250098053,453,1463750479247657699,,0.0,0.0
1463750479269369637,454,1463750479267673186,,0.0,0.0
1463750479289427416,455,1463750479287678725,,0.0,0.0
1463750479309500195,456,1463750479307667182,,0.0,0.0
1463750479329226360,457,1463750479327705533,,0.0,0.0
1463750479350057157,458,1463750479347656906,,0.0,0.0
1463750479369665094,459,1463750479367749112,,0.0,0.0
1463750479389404801,460,1463750479387659235,,0.0,0.0
1463750479409333987,461,1463750479407638421,,0.0,0.0
1463750479429295203,462,1463750479427667606,,0.0,0.0
1463750479449260066,463,1463750479447665437,,0.0,0.0
1463750479469386699,464,1463750479467675352,,0.0,0.0
1463750479488990990,465,1463750479487670683,,0.0,0.0
1463750479511492664,466,1463750479507660493,,0.0,0.0
1463750479529393265,467,1463750479527654418,,0.0,0.0
1463750479549481617,468,1463750479547659176,,0.0,0.0
1463750479569700645,469,1463750479567650862,,0.0,0.0
1463750479589295457,470,1463750479587662547,,0.0,0.0
1463750479609262090,471,1463750479607686680,,0.0,0.0
1463750479629753930,472,1463750479627661959,,0.0,0.0
1463750479648992337,473,1463750479647658072,,0.0,0.0
1463750479669162251,474,1463750479667681892,,0.0,0.0
1463750479689053468,475,1463750479687686286,,0.0,0.0
1463750479709020205,476,1463750479707682138,,0.0,0.0
1463750479729025901,477,1463750479727574241,,0.0,0.0
1463750479748810400,478,1463750479747654155,,0.0,0.0
1463750479769413489,479,1463750479767657298,,0.0,0.0
1463750479789555069,480,1463750479787693098,,0.0,0.0
1463750479809196027,481,1463750479807652492,,0.0,0.0
1463750479829279431,482,1463750479827681677,,0.0,0.0
1463750479850117571,483,1463750479847664300,,0.0,0.0
1463750479870262589,484,1463750479867667756,,0.0,0.0
1463750479889434486,485,1463750479887666369,,0.0,0.0
1463750479909318724,486,1463750479907675658,,0.0,0.0
1463750479931077589,487,1463750479927676510,,0.0,0.0
1463750479949902248,488,1463750479947659862,,0.0,0.0
1463750479970143308,489,1463750479967682589,,0.0,0.0
1463750479991120093,490,1463750479987661045,,0.0,0.0
1463750480011210059,491,1463750480007670751,,0.0,0.0
1463750480030152895,492,1463750480027744884,,0.0,0.0
1463750480049288021,493,1463750480047671362,,0.0,0.0
1463750480069408769,494,1463750480067659818,,0.0,0.0
1463750480090042743,495,1463750480087676972,,0.0,0.0
1463750480109519535,496,1463750480107677303,,0.0,0.0
1463750480129104659,497,1463750480127668155,,0.0,0.0
1463750480148923116,498,1463750480147656767,,0.0,0.0
1463750480169257144,499,1463750480167684442,,0.0,0.0
1463750480189191538,500,1463750480187680294,,0.0,0.0
1463750480209238431,501,1463750480207679948,,0.0,0.0
1463750480229109127,502,1463750480227584603,,0.0,0.0
1463750480249180708,503,1463750480247682434,,0.0,0.0
1463750480269445674,504,1463750480267705369,,0.0,0.0
1463750480289400224,505,1463750480287696377,,0.0,0.0
1463750480309272535,506,1463750480307684312,,0.0,0.0
1463750480329203127,507,1463750480327656987,,0.0,0.0
1463750480349206947,508,1463750480347676954,,0.0,0.0
1463750480369495142,509,1463750480367683900,,0.0,0.0
1463750480389688493,510,1463750480387692877,,0.0,0.0
1463750480409493721,511,1463750480407672791,,0.0,0.0
1463750480429267178,512,1463750480427680935,,0.0,0.0
1463750480449146468,513,1463750480447684703,,0.0,0.0
1463750480469203205,514,1463750480467659878,,0.0,0.0
1463750480489130047,515,1463750480487676928,,0.0,0.0
1463750480509141107,516,1463750480507652885,,0.0,0.0
1463750480529132480,517,1463750480527657747,,0.0,0.0
1463750480549127030,518,1463750480547681620,,0.0,0.0
1463750480569156736,519,1463750480567660753,,0.0,0.0
1463750480589154099,520,1463750480587669522,,0.0,0.0
1463750480609163440,521,1463750480607690946,,0.0,0.0
1463750480629165490,522,1463750480627675601,,0.0,0.0
1463750480649157540,523,1463750480647687390,,0.0,0.0
1463750480669235110,524,1463750480667659388,,0.0,0.0
1463750480689098671,525,1463750480687674198,,0.0,0.0
1463750480709149836,526,1463750480707655988,,0.0,0.0
1463750480729050219,527,1463750480727575226,,0.0,0.0
1463750480749109717,528,1463750480747664254,,0.0,0.0
1463750480769172704,529,1463750480767665575,,0.0,0.0
1463750480789116837,530,1463750480787662052,,0.0,0.0
1463750480809826593,531,1463750480807676133,,0.0,0.0
1463750480829177864,532,1463750480827682870,,0.0,0.0
1463750480849128716,533,1463750480847676170,,0.0,0.0
1463750480869237380,534,1463750480867649054,,0.0,0.0
1463750480889199639,535,1463750480887669593,,0.0,0.0
1463750480909206064,536,1463750480907640029,,0.0,0.0
1463750480929193061,537,1463750480927684474,,0.0,0.0
1463750480949205528,538,1463750480947668555,,0.0,0.0
1463750480969167318,539,1463750480967642428,,0.0,0.0
1463750480989116659,540,1463750480987658541,,0.0,0.0
1463750481009418812,541,1463750481007736163,,0.0,0.0
1463750481029051801,542,1463750481027684828,,0.0,0.0
1463750481049082028,543,1463750481047662347,,0.0,0.0
1463750481070057615,544,1463750481067660490,,0.0,0.0
1463750481089798625,545,1463750481087695717,,0.0,0.0
1463750481109900310,546,1463750481107674538,,0.0,0.0
1463750481129799600,547,1463750481127670859,,0.0,0.0
1463750481149877535,548,1463750481147685513,,0.0,0.0
1463750481169745731,549,1463750481167658240,,0.0,0.0
1463750481189760593,550,1463750481187649248,,0.0,0.0
1463750481210315193,551,1463750481207678954,,0.0,0.0
1463750481229759016,552,1463750481227593244,,0.0,0.0
1463750481249753670,553,1463750481247673314,,0.0,0.0
1463750481270024729,554,1463750481267668437,,0.0,0.0
1463750481289309074,555,1463750481287666581,,0.0,0.0
1463750481309344353,556,1463750481307654516,,0.0,0.0
1463750481329351351,557,1463750481327676358,,0.0,0.0
1463750481349528139,558,1463750481347672470,,0.0,0.0
1463750481369304253,559,1463750481367670666,,0.0,0.0
1463750481389633176,560,1463750481387676101,,0.0,0.0
1463750481409849809,561,1463750481407675807,,0.0,0.0
1463750481429226340,562,1463750481427674368,,0.0,0.0
1463750481449206880,563,1463750481447665272,,0.0,0.0
1463750481469494918,564,1463750481467669509,,0.0,0.0
1463750481489602384,565,1463750481487679111,,0.0,0.0
1463750481509524851,566,1463750481507667047,,0.0,0.0
1463750481529759817,567,1463750481527660919,,0.0,0.0
1463750481550138740,568,1463750481547688698,,0.0,0.0
1463750481570004593,569,1463750481567667728,,0.0,0.0
1463750481590754764,570,1463750481587670923,,0.0,0.0
1463750481609835881,571,1463750481607678338,,0.0,0.0
1463750481629937045,572,1463750481627673200,,0.0,0.0
1463750481649759616,573,1463750481647670406,,0.0,0.0
1463750481669766458,574,1463750481667664071,,0.0,0.0
1463750481689423926,575,1463750481687655079,,0.0,0.0
1463750481709178581,576,1463750481707674056,,0.0,0.0
1463750481729981669,577,1463750481727590013,,0.0,0.0
1463750481749656324,578,1463750481747665135,,0.0,0.0
1463750481770170195,579,1463750481767707654,,0.0,0.0
1463750481789808653,580,1463750481787689704,,0.0,0.0
1463750481809406329,581,1463750481807673785,,0.0,0.0
1463750481829316088,582,1463750481827647397,,0.0,0.0
1463750481849298138,583,1463750481847659030,,0.0,0.0
1463750481869130449,584,1463750481867689570,,0.0,0.0
1463750481889128749,585,1463750481887658703,,0.0,0.0
1463750481909778869,586,1463750481907719763,,0.0,0.0
1463750481929169411,587,1463750481927687438,,0.0,0.0
1463750481949122138,588,1463750481947692509,,0.0,0.0
1463750481969190230,589,1463750481967653570,,0.0,0.0
1463750481989108842,590,1463750481987663484,,0.0,0.0
1463750482009147923,591,1463750482007688919,,0.0,0.0
1463750482029296796,592,1463750482027758469,,0.0,0.0
1463750482049131555,593,1463750482047660467,,0.0,0.0
1463750482069334176,594,1463750482067650798,,0.0,0.0
1463750482089241539,595,1463750482087676858,,0.0,0.0
1463750482109343276,596,1463750482107671981,,0.0,0.0
1463750482129322826,597,1463750482127687885,,0.0,0.0
1463750482149310918,598,1463750482147675196,,0.0,0.0
1463750482169258124,599,1463750482167652454,,0.0,0.0
1463750482189439757,600,1463750482187692420,,0.0,0.0
1463750482210105814,601,1463750482207676293,,0.0,0.0
1463750482229201670,602,1463750482227587354,,0.0,0.0
1463750482249947258,603,1463750482247659872,,0.0,0.0
1463750482269148635,604,1463750482267649943,,0.0,0.0
1463750482289378861,605,1463750482287680743,,0.0,0.0
1463750482309386536,606,1463750482307682480,,0.0,0.0
1463750482330598737,607,1463750482327655520,,0.0,0.0
1463750482349919383,608,1463750482347682466,,0.0,0.0
1463750482369976068,609,1463750482367671651,,0.0,0.0
1463750482390057753,610,1463750482387670524,,0.0,0.0
1463750482410140792,611,1463750482407698303,,0.0,0.0
1463750482430076645,612,1463750482427654103,,0.0,0.0
1463750482450136923,613,1463750482447677142,,0.0,0.0
1463750482470094651,614,1463750482467653671,,0.0,0.0
1463750482489131080,615,1463750482487688169,,0.0,0.0
1463750482509176358,616,1463750482507678917,,0.0,0.0
1463750482529101950,617,1463750482527679873,,0.0,0.0
1463750482549074990,618,1463750482547657340,,0.0,0.0
1463750482569240633,619,1463750482567672567,,0.0,0.0
1463750482589127527,620,1463750482587688262,,0.0,0.0
1463750482609116035,621,1463750482607677031,,0.0,0.0
1463750482629077408,622,1463750482627650227,,0.0,0.0
1463750482649074510,623,1463750482647675506,,0.0,0.0
1463750482669069477,624,1463750482667649952,,0.0,0.0
1463750482689072933,625,1463750482687664450,,0.0,0.0
1463750482709142639,626,1463750482707696760,,0.0,0.0
1463750482729006929,627,1463750482727557664,,0.0,0.0
1463750482749090020,628,1463750482747671380,,0.0,0.0
1463750482769067070,629,1463750482767633483,,0.0,0.0
1463750482789091099,630,1463750482787660949,,0.0,0.0
1463750482809228878,631,1463750482807752478,,0.0,0.0
1463750482829064105,632,1463750482827656195,,0.0,0.0
1463750482849061260,633,1463750482847673245,,0.0,0.0
1463750482869064195,634,1463750482867645555,,0.0,0.0
1463750482889071401,635,1463750482887644740,,0.0,0.0
1463750482909145638,636,1463750482907694082,,0.0,0.0
1463750482929114355,637,1463750482927696913,,0.0,0.0
1463750482949045103,638,1463750482947648911,,0.0,0.0
1463750482969070121,639,1463750482967645492,,0.0,0.0
1463750482989099046,640,1463750482987666396,,0.0,0.0
1463750483009410782,641,1463750483007653602,,0.0,0.0
1463750483033437763,642,1463750483027680704,,0.0,0.0
1463750483049013165,643,1463750483047633431,,0.0,0.0
1463750483069292610,644,1463750483067643606,,0.0,0.0
1463750483089115650,645,1463750483087644094,,0.0,0.0
1463750483109701187,646,1463750483107645050,,0.0,0.0
1463750483129104802,647,1463750483127653818,,0.0,0.0
1463750483150957625,648,1463750483147653941,,0.0,0.0
1463750483171066289,649,1463750483167656408,,0.0,0.0
1463750483189770688,650,1463750483187644760,,0.0,0.0
1463750483209993362,651,1463750483207651810,,0.0,0.0
1463750483229630466,652,1463750483227550683,,0.0,0.0
1463750483249658609,653,1463750483247661274,,0.0,0.0
1463750483269621597,654,1463750483267647751,,0.0,0.0
1463750483289252763,655,1463750483287649541,,0.0,0.0
1463750483310302881,656,1463750483307654924,,0.0,0.0
1463750483329160613,657,1463750483327659057,,0.0709034428,0.0
1463750483349261204,658,1463750483347645742,,0.0644576773047,0.0
1463750483369397004,659,1463750483367641386,,0.0585978887975,0.0
1463750483389430147,660,1463750483387653071,,0.0532708093524,0.0
1463750483409241208,661,1463750483407659965,,0.0484280101955,0.0
1463750483429158727,662,1463750483427640869,,0.0440254658461,0.0
1463750483449231194,663,1463750483447642242,,0.0400231517851,0.0
1463750483469235379,664,1463750483467668146,,0.0363846831024,0.0
1463750483489152950,665,1463750483487648321,,0.0330769866705,0.0
1463750483509259426,666,1463750483507686621,,0.0300699882209,0.0
1463750483529110904,667,1463750483527635650,,0.118175752461,0.0
1463750483549267120,668,1463750483547644887,,0.107432506979,0.0
1463750483569055212,669,1463750483567631416,,0.203130871058,0.0
1463750483589227783,670,1463750483587663675,,0.290129363537,0.0
1463750483613816532,671,1463750483607670099,,0.386645138264,0.0
1463750483633473791,672,1463750483627635327,,0.474175602198,0.0
1463750483650501479,673,1463750483647633106,,0.559716999531,0.0
1463750483669281242,674,1463750483667637083,,0.641794085503,0.0
1463750483689278501,675,1463750483687673351,,0.716409683228,0.0
1463750483709392217,676,1463750483707718213,,0.784242033958,0.0
1463750483729205882,677,1463750483727589587,,0.845660626888,0.0
1463750483749279129,678,1463750483747622730,,0.901742935181,0.0
1463750483769374252,679,1463750483767627645,,0.81976634264,0.0
1463750483789812810,680,1463750483787660840,,0.877709269524,0.0
1463750483810551784,681,1463750483807671171,,0.931126058102,0.0
1463750483834293922,682,1463750483829209204,,0.846478283405,0.0
1463750483850686404,683,1463750483847944072,,0.902486205101,0.0
1463750483870975068,684,1463750483868236954,,0.953155338764,0.0
1463750483891374616,685,1463750483889901237,,1.00302457809,0.0
1463750483912436036,686,1463750483907813764,,1.04836022854,0.0
1463750483932048869,687,1463750483927730814,,1.08601522446,0.0
1463750483949484732,688,1463750483947649636,,1.12024700642,0.0
1463750483970294747,689,1463750483967665331,,1.15111970901,0.0
1463750483988956646,690,1463750483987672850,,1.17918586731,0.0
1463750484009067185,691,1463750484007649952,,1.20494759083,0.0
1463750484029375849,692,1463750484027782678,,1.23218810558,0.0
1463750484049185868,693,1463750484047658895,,1.25695228577,0.0
1463750484069142397,694,1463750484067651622,,1.27490580082,0.0
1463750484089250332,695,1463750484087684610,,1.29122710228,0.0
1463750484109380246,696,1463750484107670931,,1.31010198593,0.0
1463750484129227765,697,1463750484127661001,,1.32752156258,0.0
1463750484149141014,698,1463750484147665551,,1.34004628658,0.0
1463750484169137386,699,1463750484167650153,,1.35500514507,0.0
1463750484189180426,700,1463750484187681526,,1.36860406399,0.0
1463750484209140393,701,1463750484207696128,,1.37714600563,0.0
1463750484229279369,702,1463750484227634376,,1.38491141796,0.0
1463750484249079128,703,1463750484247654655,,1.39221894741,0.0
1463750484269876070,704,1463750484267640767,,1.39547133446,0.0
1463750484288870208,705,1463750484287699640,,1.39842808247,0.0
1463750484309319027,706,1463750484307654607,,1.40401160717,0.0
1463750484329192536,707,1463750484327679990,,1.406665802,0.0
1463750484349194221,708,1463750484347668134,,1.40907871723,0.0
1463750484369858560,709,1463750484367668413,,1.41127228737,0.0
1463750484389969099,710,1463750484387667442,,1.41643238068,0.0
1463750484408970476,711,1463750484407652200,,1.42112338543,0.0
1463750484429114400,712,1463750484427654823,,1.42538797855,0.0
1463750484449144210,713,1463750484447699321,,1.4369134903,0.0
1463750484469139229,714,1463750484467644808,,1.44332873821,0.0
1463750484489361382,715,1463750484487632066,,1.44507753849,0.0
1463750484510437073,716,1463750484507714949,,1.44666731358,0.0
1463750484529150222,717,1463750484527646583,,1.45167183876,0.0
1463750484549311490,718,1463750484547648633,,1.45622134209,0.0
1463750484569174478,719,1463750484567665683,,1.46061885357,0.0
1463750484589195122,720,1463750484587641795,,1.46461653709,0.0
1463750484610814769,721,1463750484607746605,,1.47229766846,0.0
1463750484629115316,722,1463750484627637249,,1.47190999985,0.0
1463750484649342521,723,1463750484647633830,,1.47155761719,0.0
1463750484670768106,724,1463750484667658276,,1.47508692741,0.0
1463750484689300163,725,1463750484687640899,,1.47829544544,0.0
1463750484709370077,726,1463750484707771490,,1.48147678375,0.0
1463750484729189992,727,1463750484727682238,,1.48436892033,0.0
1463750484749056313,728,1463750484747629132,,1.486733675,0.0
1463750484770294087,729,1463750484767678630,,1.48914790154,0.0
1463750484789381297,730,1463750484787654898,,1.49543702602,0.0
1463750484809331681,731,1463750484807802364,,1.49759221077,0.0
1463750484829173054,732,1463750484827653321,,1.49928486347,0.0
1463750484849829893,733,1463750484847646725,,1.5049341917,0.0
1463750484869131060,734,1463750484867670858,,1.51006984711,0.0
1463750484889923419,735,1463750484887652283,,1.51502144337,0.0
1463750484910437030,736,1463750484907782041,,1.51952290535,0.0
1463750484929100127,737,1463750484927641331,,1.51842820644,0.0
1463750484949943632,738,1463750484947654579,,1.52640116215,0.0
1463750484971261405,739,1463750484967601525,,1.53364932537,0.0
1463750484988858726,740,1463750484987697272,,1.53127038479,0.0
1463750485009225461,741,1463750485007796353,,1.52910768986,0.0
1463750485029347719,742,1463750485027672674,,1.53581178188,0.0
1463750485049143937,743,1463750485047633891,,1.54250359535,0.0
1463750485069078435,744,1463750485067637347,,1.54422390461,0.0
1463750485089129703,745,1463750485087652157,,1.54607057571,0.0
1463750485109321231,746,1463750485107646134,,1.54662501812,0.0
1463750485129170313,747,1463750485127659538,,1.547129035,0.0
1463750485149044135,748,1463750485147648203,,1.55711340904,0.0
1463750485169134153,749,1463750485167638430,,1.55366170406,0.0
1463750485189125734,750,1463750485187628449,,1.55052375793,0.0
1463750485209145388,751,1463750485207642061,,1.55528092384,0.0
1463750485229179938,752,1463750485227649840,,1.56020283699,0.0
1463750485249126259,753,1463750485247646213,,1.56088078022,0.0
1463750485269114663,754,1463750485267638627,,1.56149709225,0.0
1463750485289137442,755,1463750485287639844,,1.5649600029,0.0
1463750485309139960,756,1463750485307640592,,1.56840479374,0.0
1463750485329184302,757,1463750485327646965,,1.57153642178,0.0
1463750485349112967,758,1463750485347639171,,1.57438337803,0.0
1463750485369432255,759,1463750485367647210,,1.57697141171,0.0
1463750485389235139,760,1463750485387633114,,1.58298230171,0.0
1463750485409309324,761,1463750485407662508,,1.59002578259,0.0
1463750485429287624,762,1463750485427657006,,1.59611046314,0.0
1463750485449289778,763,1463750485447656191,,1.60164189339,0.0
1463750485470600728,764,1463750485467640220,,1.60667049885,0.0
1463750485490080489,765,1463750485487649197,,1.61060905457,0.0
1463750485510067591,766,1463750485507654476,,1.6148225069,0.0
1463750485531427552,767,1463750485527648662,,1.62883090973,0.0
1463750485550030181,768,1463750485547657014,,1.63631045818,0.0
1463750485569985251,769,1463750485567659689,,1.64311003685,0.0
1463750485590067249,770,1463750485587644395,,1.64861655235,0.0
1463750485609876696,771,1463750485607652643,,1.65362250805,0.0
1463750485630249838,772,1463750485627656255,,1.65817344189,0.0
1463750485649183194,773,1463750485647664659,,1.65870118141,0.0
1463750485669134828,774,1463750485667643167,,1.66380500793,0.0
1463750485689130159,775,1463750485687647926,,1.66844463348,0.0
1463750485709138250,776,1463750485707642267,,1.67164802551,0.0
1463750485729134415,777,1463750485727648796,,1.680128932,0.0
1463750485749144486,778,1463750485747659023,,1.6839684248,0.0
1463750485769507628,779,1463750485767624354,,1.68677520752,0.0
1463750485789405251,780,1463750485787641248,,1.68932676315,0.0
1463750485809396103,781,1463750485807661110,,1.69584083557,0.0
1463750485829408674,782,1463750485827645556,,1.70176267624,0.0
1463750485849394734,783,1463750485847651356,,1.70363545418,0.0
1463750485869490273,784,1463750485867645073,,1.70956993103,0.0
1463750485889589198,785,1463750485887634831,,1.71605873108,0.0
1463750485909757757,786,1463750485907655006,,1.72195768356,0.0
1463750485929145331,787,1463750485927650493,,1.72097110748,0.0
1463750485949100506,788,1463750485947623429,,1.73056530952,0.0
1463750485969106305,789,1463750485967629958,,1.73928725719,0.0
1463750485989128980,790,1463750485987657112,,1.74234366417,0.0
1463750486009141082,791,1463750486007648432,,1.7454867363,0.0
1463750486033317958,792,1463750486027651264,,1.74871039391,0.0
1463750486049126172,793,1463750486047640241,,1.75164103508,0.0
1463750486069324315,794,1463750486067630572,,1.75883412361,0.0
1463750486089374125,795,1463750486087668299,,1.76537322998,0.0
1463750486109377841,796,1463750486107656078,,1.77131772041,0.0
1463750486129311610,797,1463750486127651826,,1.77182674408,0.0
1463750486149452826,798,1463750486147669032,,1.77228951454,0.0
1463750486169446022,799,1463750486167707956,,1.77760529518,0.0
1463750486189148646,800,1463750486187686048,,1.78243780136,0.0
1463750486209113821,801,1463750486207649504,,1.78722000122,0.0
1463750486229214516,802,1463750486227657596,,1.78519439697,0.0
1463750486249167244,803,1463750486247651938,,1.79011666775,0.0
1463750486269356845,804,1463750486267729664,,1.79459142685,0.0
1463750486289205770,805,1463750486287702652,,1.79865944386,0.0
1463750486309103602,806,1463750486307644389,,1.79595518112,0.0
1463750486329209558,807,1463750486327701699,,1.79349684715,0.0
1463750486349099264,808,1463750486347651666,,1.79126191139,0.0
1463750486371065889,809,1463750486367674029,,1.78431463242,0.0
1463750486390146224,810,1463750486387687224,,1.78147876263,0.0
1463750486410041452,811,1463750486407683545,,1.7744063139,0.0
1463750486429146266,812,1463750486427651324,,1.76764166355,0.0
1463750486449851906,813,1463750486447667645,,1.76149201393,0.0
1463750486469222813,814,1463750486467674799,,1.75623655319,0.0
1463750486489218457,815,1463750486487692161,,1.75145888329,0.0
1463750486509815140,816,1463750486507658899,,1.74192047119,0.0
1463750486529814065,817,1463750486527657199,,1.73324918747,0.0
1463750486549813354,818,1463750486547663728,,1.72536611557,0.0
1463750486569885716,819,1463750486567663746,,1.72406971455,0.0
1463750486590008911,820,1463750486587661526,,1.7176514864,0.0
1463750486609924764,821,1463750486607673523,,1.7115008831,0.0
1463750486629909157,822,1463750486627660782,,1.70590949059,0.0
1463750486649815322,823,1463750486647672675,,1.69683873653,0.0
1463750486669927424,824,1463750486667662954,,1.69226574898,0.0
1463750486690116087,825,1463750486687657504,,1.68810844421,0.0
1463750486709885847,826,1463750486707649450,,1.68095517159,0.0
1463750486729940448,827,1463750486727662750,,1.67445218563,0.0
1463750486749822968,828,1463750486747656466,,1.66884076595,0.0
1463750486770543660,829,1463750486767669454,,1.65907585621,0.0
1463750486790207274,830,1463750486787663848,,1.65019869804,0.0
1463750486809847190,831,1463750486807650585,,1.64184689522,0.0
1463750486829973406,832,1463750486827663781,,1.63800525665,0.0
1463750486849772644,833,1463750486847659060,,1.6307618618,0.0
1463750486869688393,834,1463750486867629026,,1.62417697906,0.0
1463750486891111270,835,1463750486887658055,,1.61330580711,0.0
1463750486909770721,836,1463750486907671876,,1.60342288017,0.0
1463750486929778084,837,1463750486927661686,,1.59793186188,0.0
1463750486949791384,838,1463750486947664361,,1.59293997288,0.0
1463750486969743538,839,1463750486967664328,,1.58840191364,0.0
1463750486991500841,840,1463750486987663097,,1.58078300953,0.0
1463750487009096234,841,1463750487007661969,,1.57053303719,0.0
1463750487029840937,842,1463750487027708811,,1.56121492386,0.0
1463750487049309968,843,1463750487047647684,,1.55299377441,0.0
1463750487069132332,844,1463750487067669421,,1.54551994801,0.0
1463750487089056778,845,1463750487087652200,,1.53872561455,0.0
1463750487109109609,846,1463750487107639354,,1.53180193901,0.0
1463750487129214314,847,1463750487127733696,,1.52550768852,0.0
1463750487149221625,848,1463750487147690537,,1.51617264748,0.0
1463750487169145342,849,1463750487167662067,,1.50768625736,0.0
1463750487189073121,850,1463750487187664898,,1.50688302517,0.0
1463750487209100067,851,1463750487207651010,,1.50260698795,0.0
1463750487229169512,852,1463750487227673893,,1.49871969223,0.0
1463750487249207603,853,1463750487247651256,,1.49493968487,0.0
1463750487269141112,854,1463750487267667108,,1.49199652672,0.0
1463750487289121443,855,1463750487287665095,,1.48932099342,0.0
1463750487309209326,856,1463750487307668395,,1.48664152622,0.0
1463750487329168095,857,1463750487327673883,,1.47697520256,0.0
1463750487349169884,858,1463750487347651037,,1.34270477295,0.0
1463750487369155632,859,1463750487367661316,,1.34998822212,0.0
1463750487389137370,860,1463750487387655189,,1.35296583176,0.0
1463750487409182544,861,1463750487407691145,,1.35545194149,0.0
1463750487429269334,862,1463750487427658768,,1.35771203041,0.0
1463750487449282529,863,1463750487447678734,,1.35976660252,0.0
1463750487469174944,864,1463750487467672294,,1.3590426445,0.0
1463750487489116057,865,1463750487487676063,,1.35859632492,0.0
1463750487509128523,866,1463750487507651394,,1.35755717754,0.0
1463750487529148177,867,1463750487527664486,,1.23414289951,0.0
1463750487549163561,868,1463750487547673567,,1.24194777012,0.0
1463750487569162746,869,1463750487567676398,,1.25109434128,0.0
1463750487589080994,870,1463750487587642719,,1.25920116901,0.0
1463750487609083721,871,1463750487607650029,,1.26139473915,0.0
1463750487629157854,872,1463750487627667183,,1.26338887215,0.0
1463750487649095165,873,1463750487647650692,,1.14853537083,0.0
1463750487669118308,874,1463750487667662012,,1.16022026539,0.0
1463750487689124473,875,1463750487687673906,,1.17084288597,0.0
1463750487709094231,876,1463750487707662466,,1.06440269947,0.0
1463750487729110187,877,1463750487727643683,,1.08373606205,0.0
1463750487749081404,878,1463750487747642504,,0.985214650631,0.0
1463750487769095381,879,1463750487767655908,,1.00703787804,0.0
1463750487788988525,880,1463750487787666812,,0.915489017963,0.0
1463750487809091460,881,1463750487807655320,,0.946137964725,0.0
1463750487829179447,882,1463750487827676641,,0.974000632763,0.0
1463750487849138788,883,1463750487847678638,,0.998608469963,0.0
1463750487869172713,884,1463750487867656626,,1.01600730419,0.0
1463750487889149138,885,1463750487887662218,,1.03182446957,0.0
1463750487909188948,886,1463750487907693069,,0.938022255898,0.0
1463750487929143603,887,1463750487927657099,,0.963273525238,0.0
1463750487949073361,888,1463750487947662898,,0.875703215599,0.0
1463750487969149005,889,1463750487967675886,,0.901871323586,0.0
1463750487989093190,890,1463750487987662727,,0.819883048534,0.0
1463750488009093938,891,1463750488007616340,,0.745348274708,0.0
1463750488029229268,892,1463750488027726358,,0.785607159138,0.0
1463750488049163037,893,1463750488047674190,,0.714188337326,0.0
1463750488069849980,894,1463750488067687646,,0.64926213026,0.0
1463750488089732708,895,1463750488087683550,,0.590238332748,0.0
1463750488109549967,896,1463750488107655860,,0.640208423138,0.0
1463750488129564569,897,1463750488127662598,,0.582007646561,0.0
1463750488149796357,898,1463750488147645064,,0.630374133587,0.0
1463750488169699658,899,1463750488167659041,,0.573067426682,0.0
1463750488189436969,900,1463750488187671352,,0.61986207962,0.0
1463750488209343394,901,1463750488207659808,,0.662402629852,0.0
1463750488229372944,902,1463750488227652170,,0.701488494873,0.0
1463750488249307078,903,1463750488247604168,,0.7370210886,0.0
1463750488269404544,904,1463750488267641062,,0.767029762268,0.0
1463750488289403052,905,1463750488287669518,,0.794310331345,0.0
1463750488309401769,906,1463750488307649797,,0.722100317478,0.0
1463750488329390225,907,1463750488327653982,,0.753729760647,0.0
1463750488349395087,908,1463750488347665251,,0.685208916664,0.0
1463750488369659740,909,1463750488367683967,,0.716372430325,0.0
1463750488389691634,910,1463750488387651069,,0.651247680187,0.0
1463750488410152275,911,1463750488407645880,,0.685376405716,0.0
1463750488429574588,912,1463750488427648555,,0.71640253067,0.0
1463750488449618513,913,1463750488447681229,,0.651275038719,0.0
1463750488469925145,914,1463750488467651040,,0.592068254948,0.0
1463750488489422718,915,1463750488487673506,,0.538243889809,0.0
1463750488509337580,916,1463750488507644931,,0.489312648773,0.0
1463750488529347547,917,1463750488527652919,,0.444829702377,0.0
1463750488549392878,918,1463750488547665333,,0.404390662909,0.0
1463750488569338730,919,1463750488567663998,,0.456877589226,0.0
1463750488589416926,920,1463750488587666673,,0.415343284607,0.0
1463750488609413923,921,1463750488607659400,,0.463712394238,0.0
1463750488629339515,922,1463750488627633585,,0.421556740999,0.0
1463750488649363023,923,1463750488647662822,,0.383233398199,0.0
1463750488669402052,924,1463750488667666383,,0.434211045504,0.0
1463750488689408321,925,1463750488687668797,,0.480554372072,0.0
1463750488709427246,926,1463750488707661680,,0.436867624521,0.0
1463750488729394869,927,1463750488727635085,,0.397152394056,0.0
1463750488749297075,928,1463750488747578541,,0.361047655344,0.0
1463750488769348031,929,1463750488767670278,,0.328225165606,0.0
1463750488789443050,930,1463750488787658838,,0.298386514187,0.0
1463750488809448068,931,1463750488807662503,,0.271260470152,0.0
1463750488829410014,932,1463750488827653615,,0.32549521327,0.0
1463750488849522272,933,1463750488847664051,,0.295904755592,0.0
1463750488869460103,934,1463750488867674798,,0.26900434494,0.0
1463750488889487518,935,1463750488887673150,,0.244549408555,0.0
1463750488909336131,936,1463750488907663377,,0.222317650914,0.0
1463750488929762658,937,1463750488927667094,,0.202106967568,0.0
1463750488949109294,938,1463750488947666956,,0.183733612299,0.0
1463750488969582384,939,1463750488967644579,,0.16703055799,0.0
1463750488989230008,940,1463750488987671629,,0.151845961809,0.0
1463750489009542525,941,1463750489007653783,,0.212649703026,0.0
1463750489029194160,942,1463750489027701875,,0.19331791997,0.0
1463750489049194179,943,1463750489047631321,,0.175743564963,0.0
1463750489069266176,944,1463750489067646652,,0.233299076557,0.0
1463750489089296299,945,1463750489087622868,,0.212090075016,0.0
1463750489109323244,946,1463750489107637731,,0.192809164524,0.0
1463750489129343680,947,1463750489127638843,,0.175281062722,0.0
1463750489149407031,948,1463750489147671205,,0.159346431494,0.0
1463750489168973094,949,1463750489167665443,,0.14486040175,0.0
1463750489189109257,950,1463750489187650410,,0.131691277027,0.0
1463750489209205265,951,1463750489207642980,,0.119719348848,0.0
1463750489229202992,952,1463750489227654874,,0.10883577168,0.0
1463750489249180094,953,1463750489247596976,,0.098941616714,0.0
1463750489269238238,954,1463750489267659390,,0.0899469256401,0.0
1463750489289201069,955,1463750489287651284,,0.0817699357867,0.0
1463750489309200932,956,1463750489307641094,,0.0743363052607,0.0
1463750489329195169,957,1463750489327652571,,0.138481914997,0.0
1463750489349191386,958,1463750489347635142,,0.125892654061,0.0
1463750489369207498,959,1463750489367658650,,0.11444786936,0.0
1463750489389222204,960,1463750489387677367,,0.104043520987,0.0
1463750489409215869,961,1463750489407651136,,0.0945850238204,0.0
1463750489429196721,962,1463750489427638915,,0.0859863907099,0.0
1463750489449233302,963,1463750489447665548,,0.0781694501638,0.0
1463750489469245039,964,1463750489467634369,,0.0710631385446,0.0
1463750489489247766,965,1463750489487635846,,0.0646028518677,0.0
1463750489509295180,966,1463750489507639979,,0.0587298683822,0.0
1463750489529281657,967,1463750489527638904,,0.053390789777,0.0
1463750489549434800,968,1463750489547863297,,0.0485370829701,0.0
1463750489570729501,969,1463750489568277741,,0.0441246218979,0.0
1463750489589436921,970,1463750489587838594,,0.0401132926345,0.0
1463750489609595533,971,1463750489607936529,,0.0364666320384,0.0
1463750489630799765,972,1463750489628316911,,0.104054927826,0.0
1463750489650827856,973,1463750489648340054,,0.0945953950286,0.0
1463750489669664026,974,1463750489668229709,,0.0859958156943,0.0
1463750489690305188,975,1463750489688332175,,0.0781780183315,0.0
1463750489709614532,976,1463750489707891414,,0.0710709244013,0.0
1463750489729403666,977,1463750489727658413,,0.135513365269,0.0
1463750489749273477,978,1463750489747614474,,0.123193971813,0.0
1463750489769294173,979,1463750489767651211,,0.11199451983,0.0
1463750489789296691,980,1463750489787654771,,0.101813204587,0.0
1463750489809493376,981,1463750489807812446,,0.163531392813,0.0
1463750489829213396,982,1463750489827647361,,0.148664906621,0.0
1463750489849263623,983,1463750489847654567,,0.135149925947,0.0
1463750489869203121,984,1463750489867641148,,0.122863575816,0.0
1463750489889243868,985,1463750489887647729,,0.111694164574,0.0
1463750489909432272,986,1463750489907861653,,0.101540155709,0.0
1463750489929415155,987,1463750489927842870,,0.0923092365265,0.0
1463750489949425538,988,1463750489947841691,,0.083917491138,0.0
1463750489969446755,989,1463750489967835355,,0.0762886330485,0.0
1463750489989140368,990,1463750489987844020,,0.0693533048034,0.0
1463750490009611531,991,1463750490007993256,,0.13395190239,0.0
1463750490033076899,992,1463750490027843172,,0.121774457395,0.0
1463750490049133393,993,1463750490047656889,,0.110704056919,0.0
1463750490069165912,994,1463750490067660710,,0.100640051067,0.0
1463750490089245774,995,1463750490087701770,,0.0914909616113,0.0
1463750490109356833,996,1463750490107703611,,0.15407705307,0.0
1463750490129152738,997,1463750490127661964,,0.140070050955,0.0
1463750490149635620,998,1463750490147864846,,0.127336412668,0.0
1463750490172800468,999,1463750490170219177,,0.11576037854,0.0
1463750490189252586,1000,1463750490187649624,,0.105236709118,0.0
1463750490209273281,1001,1463750490207660580,,0.166573181748,0.0
1463750490229183457,1002,1463750490227679401,,0.222333610058,0.0
1463750490249186913,1003,1463750490247595357,,0.202121466398,0.0
1463750490269197192,1004,1463750490267674698,,0.183746799827,0.0
1463750490289154867,1005,1463750490287663832,,0.167042553425,0.0
1463750490309178375,1006,1463750490307668017,,0.151856869459,0.0
1463750490329252977,1007,1463750490327657254,,0.138051703572,0.0
1463750490349108881,1008,1463750490347645919,,0.196404993534,0.0
1463750490369135462,1009,1463750490367661667,,0.178550004959,0.0
1463750490389237981,1010,1463750490387664342,,0.162318184972,0.0
1463750490409303364,1011,1463750490407645037,,0.147561997175,0.0
1463750490429098644,1012,1463750490427642139,,0.134147271514,0.0
1463750490449297411,1013,1463750490447680491,,0.121952071786,0.0
1463750490469296545,1014,1463750490467670458,,0.110865525901,0.0
1463750490488948127,1015,1463750490487675841,,0.100786842406,0.0
1463750490508950073,1016,1463750490507665391,,0.0916244015098,0.0
1463750490529194986,1017,1463750490527668274,,0.0832949131727,0.0
1463750490549544795,1018,1463750490547680168,,0.0757226496935,0.0
1463750490569505179,1019,1463750490567680811,,0.0688387751579,0.0
1463750490589425510,1020,1463750490587670674,,0.062580704689,0.0
1463750490609351727,1021,1463750490607671370,,0.0568915531039,0.0
1463750490629280704,1022,1463750490627664982,,0.0517195947468,0.0
1463750490649471087,1023,1463750490647696824,,0.0470178164542,0.0
1463750490669605011,1024,1463750490667697415,,0.0427434705198,0.0
1463750490689259510,1025,1463750490687661757,,0.0388577021658,0.0
1463750490709405414,1026,1463750490707664171,,0.0353251844645,0.0
1463750490729518713,1027,1463750490727647107,,0.0321138054132,0.0
1463750490749511336,1028,1463750490747613115,,0.0291943699121,0.0
1463750490769477917,1029,1463750490767671727,,0.0265403371304,0.0
1463750490789637206,1030,1463750490787674090,,0.0241275802255,0.0
1463750490809617954,1031,1463750490807686348,,0.021934164688,0.0
1463750490829410265,1032,1463750490827652721,,0.0199401509017,0.0
1463750490849560388,1033,1463750490847692583,,0.0181274097413,0.0
1463750490869529833,1034,1463750490867664893,,0.0164794642478,0.0
1463750490889660997,1035,1463750490887685016,,0.0149813313037,0.0
1463750490909512162,1036,1463750490907653368,,0.013619392179,0.0
1463750490929409317,1037,1463750490927672970,,0.0123812658712,0.0
1463750490949548814,1038,1463750490947652260,,0.0112556964159,0.0
1463750490969526698,1039,1463750490967676080,,0.0102324513718,0.0
1463750490989686455,1040,1463750490987683182,,0.00930222868919,0.0
1463750491009437933,1041,1463750491007666222,,0.00845657195896,0.0
1463750491029799825,1042,1463750491027716136,,0.00768779311329,0.0
1463750491049499116,1043,1463750491047680426,,0.00698890304193,0.0
1463750491069252886,1044,1463750491067668413,,0.00635354826227,0.0
1463750491088906500,1045,1463750491087689786,,0.00577595317736,0.0
1463750491109134174,1046,1463750491107684440,,0.00525086652488,0.0
1463750491129129661,1047,1463750491127663365,,0.00477351527661,0.0
1463750491149201867,1048,1463750491147684321,,0.00433955946937,0.0
1463750491169176469,1049,1463750491167684444,,0.00394505402073,0.0
1463750491189182738,1050,1463750491187675400,,0.00358641287312,0.0
1463750491209151350,1051,1463750491207668075,,0.0032603754662,0.0
1463750491229137254,1052,1463750491227646115,,0.00296397786587,0.0
1463750491249636646,1053,1463750491248110402,,0.00269452552311,0.0
1463750491269178021,1054,1463750491267688548,,0.00244956882671,0.0
1463750491289195487,1055,1463750491287682837,,0.00222688075155,0.0
1463750491309150089,1056,1463750491307659419,,0.00202443706803,0.0
1463750491329152816,1057,1463750491327667771,,0.00184039736632,0.0
1463750491349211168,1058,1463750491347724560,,0.00167308852542,0.0
1463750491369358946,1059,1463750491367686245,,0.00152098957915,0.0
1463750491389385423,1060,1463750491387686264,,0.00138271786273,0.0
1463750491409338567,1061,1463750491407682897,,0.00125701632351,0.0
1463750491429445981,1062,1463750491427757082,,0.00114274211228,0.0
1463750491452484997,1063,1463750491447816684,,0.00103885645512,0.0
1463750491471004866,1064,1463750491467813213,,0.000944414990954,0.0
1463750491492038787,1065,1463750491487847450,,0.00085855909856,0.0
1463750491510187303,1066,1463750491507764240,,0.000780508271419,0.0
1463750491532440958,1067,1463750491527837800,,0.00070955301635,0.0
1463750491554551488,1068,1463750491547878704,,0.000645048217848,0.0
1463750491570239546,1069,1463750491567807265,,0.000586407491937,0.0
1463750491590981436,1070,1463750491587816762,,0.000533097714651,0.0
1463750491611431662,1071,1463750491607854281,,0.000484634307213,0.0
1463750491630187363,1072,1463750491627737998,,0.000440576666733,0.0
1463750491649161448,1073,1463750491647653850,,0.000400524266297,0.0
1463750491669150581,1074,1463750491667653244,,0.000364112987882,0.0
1463750491689120288,1075,1463750491687669252,,0.000331011804519,0.0
1463750491709174681,1076,1463750491707677969,,0.000300919840811,0.0
1463750491729095950,1077,1463750491727647258,,0.000273563491646,0.0
1463750491749063365,1078,1463750491747588944,,0.000248694093898,0.0
1463750491769160310,1079,1463750491767662660,,0.000226085539907,0.0
1463750491789176631,1080,1463750491787687887,,0.000205532312975,0.0
1463750491809147847,1081,1463750491807655510,,0.000186847566511,0.0
1463750491829158647,1082,1463750491827690581,,0.000169861436007,0.0
1463750491849123770,1083,1463750491847669245,,0.000154419496539,0.0
1463750491869126393,1084,1463750491867654160,,0.000140381365782,0.0
1463750491889113756,1085,1463750491887613085,,0.000127619423438,0.0
1463750491909121587,1086,1463750491907653989,,0.000116017661639,0.0
1463750491929199522,1087,1463750491927675309,,0.000105470608105,0.0
1463750491949138447,1088,1463750491947676943,,9.58823729889e-05,0.0
1463750491969103674,1089,1463750491967661076,,8.71657975949e-05,0.0
1463750491989113016,1090,1463750491987652709,,7.92416394688e-05,0.0
1463750492009151263,1091,1463750492007650488,,7.20378593542e-05,0.0
1463750492031106273,1092,1463750492027665299,,6.54889663565e-05,0.0
1463750492049273540,1093,1463750492047648494,,5.95354249526e-05,0.0
1463750492069594859,1094,1463750492067657315,,5.41231165698e-05,0.0
1463750492089531336,1095,1463750492087664625,,4.92028339067e-05,0.0
1463750492109426512,1096,1463750492107667717,,4.47298516519e-05,0.0
1463750492129418614,1097,1463750492127653986,,4.06635044783e-05,0.0
1463750492149830037,1098,1463750492147656713,,3.69668232452e-05,0.0
1463750492169843180,1099,1463750492167685429,,3.36062039423e-05,0.0
1463750492190045073,1100,1463750492187686802,,3.05510948237e-05,0.0
1463750492209819989,1101,1463750492207660987,,2.77737235592e-05,0.0
1463750492229734435,1102,1463750492227654912,,2.52488407568e-05,0.0
1463750492249184820,1103,1463750492247575192,,2.29534925893e-05,0.0
1463750492269301505,1104,1463750492267660418,,2.08668116102e-05,0.0
1463750492289183295,1105,1463750492287670697,,1.8969829398e-05,0.0
1463750492310272007,1106,1463750492307672070,,1.72453001142e-05,0.0
1463750492329414686,1107,1463750492327662662,,1.5677545889e-05,0.0
1463750492350023400,1108,1463750492347671691,,1.42523149407e-05,0.0
1463750492370137636,1109,1463750492367684262,,1.29566506075e-05,0.0
1463750492390882756,1110,1463750492387664645,,1.17787740237e-05,0.0
1463750492410737098,1111,1463750492407668778,,1.07079767986e-05,0.0
1463750492430092797,1112,1463750492427666036,,9.73452461039e-06,0.0
1463750492450084118,1113,1463750492447658086,,8.84956807568e-06,0.0
1463750492470258042,1114,1463750492467662220,,8.0450618043e-06,0.0
1463750492489356189,1115,1463750492487668644,,7.31369254936e-06,0.0
1463750492510208548,1116,1463750492507694705,,6.64881144985e-06,0.0
1463750492530073776,1117,1463750492527660505,,6.04437400398e-06,0.0
1463750492549476974,1118,1463750492547671669,,5.4948854995e-06,0.0
1463750492569734596,1119,1463750492567680281,,4.99535053677e-06,0.0
1463750492590038103,1120,1463750492587673946,,4.54122800875e-06,0.0
1463750492611938582,1121,1463750492607684850,,4.12838926422e-06,0.0
1463750492630151941,1122,1463750492627648411,,3.75308127332e-06,0.0
1463750492650266387,1123,1463750492647669627,,3.41189206665e-06,0.0
1463750492670204583,1124,1463750492668708287,,3.10172003992e-06,0.0
