%time,field.header.seq,field.header.stamp,field.header.frame_id,field.temperature,field.variance
1463750476028735523,289,1463750475967752607,,1494.0,1471.0
1463750476029021251,290,1463750475987942989,,1494.0,1471.0
1463750476029067709,291,1463750476007760509,,1494.0,1471.0
1463750476029710102,292,1463750476027851725,,1494.0,1471.0
1463750476049081686,293,1463750476047650442,,1493.0,1471.0
1463750476068933424,294,1463750476067709211,,1493.0,1471.0
1463750476088855995,295,1463750476087634855,,1494.0,1471.0
1463750476109088721,296,1463750476107651488,,1494.0,1471.0
1463750476128908532,297,1463750476127616975,,1494.0,1471.0
1463750476149016571,298,1463750476147628609,,1494.0,1471.0
1463750476169055496,299,1463750476167624304,,1494.0,1471.0
1463750476190442332,300,1463750476187628386,,1494.0,1471.0
1463750476209320637,301,1463750476207667154,,1494.0,1471.0
1463750476229229406,302,1463750476227563840,,1494.0,1471.0
1463750476249618225,303,1463750476247653025,,1493.0,1471.0
1463750476269688139,304,1463750476267659346,,1495.0,1471.0
1463750476289490763,305,1463750476287635823,,1494.0,1471.0
1463750476309929269,306,1463750476307647143,,1494.0,1471.0
1463750476329548248,307,1463750476327656797,,1494.0,1471.0
1463750476349202903,308,1463750476347644889,,1493.0,1471.0
1463750476369304848,309,1463750476367642668,,1494.0,1471.0
1463750476389593199,310,1463750476387650760,,1493.0,1471.0
1463750476409581760,311,1463750476407627705,,1494.0,1471.0
1463750476429635945,312,1463750476427614078,,1494.0,1471.0
1463750476449258100,313,1463750476447628368,,1494.0,1471.0
1463750476471561495,314,1463750476467626668,,1494.0,1471.0
1463750476489830791,315,1463750476487636843,,1494.0,1471.0
1463750476509884456,316,1463750476507628111,,1494.0,1471.0
1463750476529978276,317,1463750476527621672,,1493.0,1471.0
1463750476549936889,318,1463750476547602055,,1494.0,1471.0
1463750476570401176,319,1463750476567604990,,1494.0,1471.0
1463750476589883957,320,1463750476587647248,,1494.0,1471.0
1463750476609976424,321,1463750476607656173,,1493.0,1471.0
1463750476629846443,322,1463750476627624577,,1494.0,1471.0
1463750476649816722,323,1463750476647636054,,1494.0,1471.0
1463750476669766793,324,1463750476667666073,,1494.0,1471.0
1463750476689926655,325,1463750476687653279,,1494.0,1471.0
1463750476709944902,326,1463750476707632621,,1493.0,1471.0
1463750476730002265,327,1463750476727734201,,1495.0,1470.0
1463750476749942127,328,1463750476747639585,,1494.0,1471.0
1463750476769708032,329,1463750476767644656,,1494.0,1471.0
1463750476789984925,330,1463750476787658841,,1494.0,1471.0
1463750476810148849,331,1463750476807663964,,1494.0,1471.0
1463750476829617151,332,1463750476827669035,,1493.0,1471.0
1463750476850822634,333,1463750476847782490,,1493.0,1471.0
1463750476874885239,334,1463750476867791780,,1494.0,1471.0
1463750476890621995,335,1463750476887975339,,1494.0,1471.0
1463750476911239302,336,1463750476907843588,,1494.0,1471.0
1463750476929450474,337,1463750476927649909,,1494.0,1471.0
1463750476951794546,338,1463750476947944406,,1494.0,1471.0
1463750476971254358,339,1463750476967864477,,1493.0,1471.0
1463750476991274585,340,1463750476987985328,,1493.0,1472.0
1463750477011753352,341,1463750477007888733,,1494.0,1471.0
1463750477031172904,342,1463750477027920470,,1493.0,1471.0
1463750477049018192,343,1463750477047743042,,1493.0,1471.0
1463750477069606021,344,1463750477067623425,,1493.0,1472.0
1463750477090064475,345,1463750477087638652,,1494.0,1471.0
1463750477109680433,346,1463750477107640129,,1492.0,1473.0
1463750477130383053,347,1463750477127617283,,1495.0,1471.0
1463750477149884792,348,1463750477147621000,,1493.0,1471.0
1463750477170981733,349,1463750477167668050,,1494.0,1471.0
1463750477190677691,350,1463750477187638381,,1494.0,1470.0
1463750477210389169,351,1463750477207683452,,1494.0,1471.0
1463750477229132006,352,1463750477227539148,,1494.0,1471.0
1463750477249336815,353,1463750477247738332,,1494.0,1471.0
1463750477269642718,354,1463750477267660903,,1494.0,1471.0
1463750477289236384,355,1463750477287631756,,1493.0,1471.0
1463750477309291455,356,1463750477307626201,,1494.0,1470.0
1463750477329206526,357,1463750477327626949,,1494.0,1471.0
1463750477349237065,358,1463750477347657957,,1493.0,1471.0
1463750477369666874,359,1463750477367630164,,1494.0,1472.0
1463750477389288873,360,1463750477387634453,,1494.0,1471.0
1463750477409273996,361,1463750477407630722,,1494.0,1471.0
1463750477429265421,362,1463750477427630480,,1494.0,1471.0
1463750477449586688,363,1463750477447633155,,1494.0,1471.0
1463750477469649154,364,1463750477467639736,,1493.0,1472.0
1463750477489253394,365,1463750477487634025,,1494.0,1471.0
1463750477509277839,366,1463750477507642898,,1493.0,1471.0
1463750477529231973,367,1463750477527639896,,1493.0,1471.0
1463750477549237773,368,1463750477547627363,,1494.0,1471.0
1463750477569638102,369,1463750477567626965,,1493.0,1471.0
1463750477589252237,370,1463750477587627088,,1493.0,1471.0
1463750477609229287,371,1463750477607626221,,1493.0,1471.0
1463750477629207899,372,1463750477627628844,,1494.0,1471.0
1463750477649228387,373,1463750477647645060,,1494.0,1471.0
1463750477669654914,374,1463750477667637110,,1494.0,1471.0
1463750477689226028,375,1463750477687621504,,1494.0,1471.0
1463750477709247609,376,1463750477707629127,,1493.0,1471.0
1463750477729122472,377,1463750477727549041,,1495.0,1471.0
1463750477749248897,378,1463750477747635362,,1493.0,1471.0
1463750477769603862,379,1463750477767637360,,1494.0,1471.0
1463750477789256173,380,1463750477787644982,,1494.0,1471.0
1463750477809220255,381,1463750477807635574,,1493.0,1471.0
1463750477829597772,382,1463750477827695488,,1493.0,1471.0
1463750477849871748,383,1463750477847669830,,1494.0,1471.0
1463750477869911089,384,1463750477867662088,,1494.0,1471.0
1463750477889470432,385,1463750477887642940,,1494.0,1471.0
1463750477910951747,386,1463750477907637178,,1494.0,1471.0
1463750477930267185,387,1463750477927625634,,1494.0,1471.0
1463750477950573765,388,1463750477947647267,,1494.0,1471.0
1463750477970499253,389,1463750477967658484,,1494.0,1471.0
1463750477990197554,390,1463750477987651731,,1494.0,1471.0
1463750478009359347,391,1463750478007647479,,1494.0,1471.0
1463750478031269149,392,1463750478027628540,,1494.0,1471.0
1463750478049347405,393,1463750478047644965,,1494.0,1471.0
1463750478069458725,394,1463750478067663577,,1494.0,1471.0
1463750478089788066,395,1463750478087644846,,1494.0,1470.0
1463750478111632920,396,1463750478107782676,,1494.0,1471.0
1463750478129551281,397,1463750478127652018,,1493.0,1472.0
1463750478149787809,398,1463750478147624589,,1493.0,1472.0
1463750478169205799,399,1463750478167635285,,1494.0,1471.0
1463750478189556337,400,1463750478187646553,,1494.0,1471.0
1463750478209448075,401,1463750478207630218,,1494.0,1471.0
1463750478229335854,402,1463750478227539456,,1493.0,1471.0
1463750478249974256,403,1463750478247632182,,1494.0,1471.0
1463750478271733486,404,1463750478267645795,,1494.0,1471.0
1463750478291134028,405,1463750478287644928,,1493.0,1471.0
1463750478311544201,406,1463750478307641613,,1494.0,1471.0
1463750478331235887,407,1463750478327615278,,1494.0,1471.0
1463750478350388462,408,1463750478347629984,,1491.0,1474.0
1463750478371263477,409,1463750478367623024,,1494.0,1470.0
1463750478389631888,410,1463750478387658875,,1494.0,1471.0
1463750478411275337,411,1463750478407643477,,1494.0,1471.0
1463750478430946555,412,1463750478427632038,,1493.0,1472.0
1463750478451136104,413,1463750478447642004,,1494.0,1471.0
1463750478469273995,414,1463750478467623221,,1494.0,1471.0
1463750478489183441,415,1463750478487648344,,1494.0,1471.0
1463750478509059190,416,1463750478507626227,,1494.0,1471.0
1463750478529488946,417,1463750478527620308,,1493.0,1471.0
1463750478550247659,418,1463750478547627254,,1493.0,1471.0
1463750478569437109,419,1463750478567647064,,1494.0,1471.0
1463750478589516762,420,1463750478587664479,,1494.0,1471.0
1463750478609446677,421,1463750478607613560,,1494.0,1471.0
1463750478629722997,422,1463750478627640558,,1494.0,1471.0
1463750478649522860,423,1463750478647633076,,1494.0,1471.0
1463750478670593447,424,1463750478667624658,,1493.0,1471.0
1463750478689489616,425,1463750478687661707,,1493.0,1472.0
1463750478709357500,426,1463750478707629487,,1493.0,1472.0
1463750478729296998,427,1463750478727552370,,1494.0,1471.0
1463750478749455245,428,1463750478747620357,,1493.0,1472.0
1463750478769418597,429,1463750478767620897,,1494.0,1471.0
1463750478789615907,430,1463750478787693103,,1494.0,1471.0
1463750478810668890,431,1463750478807655621,,1494.0,1471.0
1463750478830598961,432,1463750478827662932,,1493.0,1471.0
1463750478850143044,433,1463750478847623523,,1494.0,1471.0
1463750478869620617,434,1463750478867640105,,1493.0,1472.0
1463750478889435532,435,1463750478887653665,,1494.0,1471.0
1463750478909675602,436,1463750478907638996,,1494.0,1471.0
1463750478929434215,437,1463750478927641619,,1495.0,1471.0
1463750478949385172,438,1463750478947626690,,1494.0,1471.0
1463750478970830184,439,1463750478967627333,,1493.0,1471.0
1463750478989500886,440,1463750478987623081,,1495.0,1471.0
1463750479010714493,441,1463750479007624141,,1493.0,1471.0
1463750479029609777,442,1463750479027693379,,1494.0,1471.0
1463750479050719947,443,1463750479047599387,,1494.0,1471.0
1463750479069568720,444,1463750479067622739,,1494.0,1471.0
1463750479090256913,445,1463750479087637914,,1494.0,1471.0
1463750479110740471,446,1463750479107625016,,1494.0,1471.0
1463750479129707005,447,1463750479127655764,,1494.0,1471.0
1463750479150232698,448,1463750479147644585,,1494.0,1471.0
1463750479169711521,449,1463750479167642728,,1493.0,1471.0
1463750479189506176,450,1463750479187638893,,1494.0,1472.0
1463750479210251921,451,1463750479207638078,,1493.0,1471.0
1463750479231100530,452,1463750479227565232,,1493.0,1472.0
1463750479251102215,453,1463750479247625720,,1494.0,1470.0
1463750479269447241,454,1463750479267642457,,1494.0,1470.0
1463750479289797310,455,1463750479287646069,,1494.0,1471.0
1463750479309789933,456,1463750479307636817,,1494.0,1471.0
1463750479329454172,457,1463750479327671784,,1494.0,1471.0
1463750479350736685,458,1463750479347625969,,1494.0,1471.0
1463750479370263581,459,1463750479367714164,,1494.0,1471.0
1463750479389705112,460,1463750479387626371,,1494.0,1471.0
1463750479409453361,461,1463750479407607900,,1494.0,1471.0
1463750479429581608,462,1463750479427636825,,1494.0,1471.0
1463750479450309280,463,1463750479447632729,,1494.0,1471.0
1463750479469480709,464,1463750479467642175,,1494.0,1471.0
1463750479489088073,465,1463750479487640423,,1494.0,1471.0
1463750479511576362,466,1463750479507629191,,1493.0,1471.0
1463750479529438890,467,1463750479527622387,,1493.0,1471.0
1463750479549821303,468,1463750479547627458,,1494.0,1471.0
1463750479570234184,469,1463750479567618518,,1493.0,1471.0
1463750479589408737,470,1463750479587630985,,1494.0,1471.0
1463750479609874015,471,1463750479607654024,,1494.0,1471.0
1463750479630257886,472,1463750479627630657,,1494.0,1471.0
1463750479649339471,473,1463750479647623801,,1494.0,1471.0
1463750479669248396,474,1463750479667647726,,1494.0,1471.0
1463750479689350810,475,1463750479687654255,,1494.0,1471.0
1463750479709377287,476,1463750479707650732,,1494.0,1471.0
1463750479729119651,477,1463750479727544241,,1494.0,1471.0
1463750479749096284,478,1463750479747623374,,1494.0,1471.0
1463750479770096038,479,1463750479767623288,,1493.0,1471.0
1463750479789656267,480,1463750479787659088,,1494.0,1471.0
1463750479809923420,481,1463750479807621398,,1494.0,1471.0
1463750479829409534,482,1463750479827650219,,1494.0,1471.0
1463750479851064910,483,1463750479847630081,,1494.0,1471.0
1463750479871552062,484,1463750479867635413,,1491.0,1474.0
1463750479889434434,485,1463750479887633817,,1494.0,1471.0
1463750479909803461,486,1463750479907642794,,1494.0,1471.0
1463750479931168162,487,1463750479927642864,,1493.0,1471.0
1463750479951160733,488,1463750479947626841,,1494.0,1470.0
1463750479971350802,489,1463750479967647329,,1494.0,1471.0
1463750479991241915,490,1463750479987629327,,1494.0,1471.0
1463750480011650422,491,1463750480007636949,,1493.0,1471.0
1463750480030649716,492,1463750480027706759,,1494.0,1471.0
1463750480049548072,493,1463750480047638393,,1493.0,1472.0
1463750480069912516,494,1463750480067628255,,1494.0,1471.0
1463750480089574828,495,1463750480087643378,,1494.0,1471.0
1463750480109611461,496,1463750480107644022,,1494.0,1471.0
1463750480129211117,497,1463750480127635134,,1493.0,1471.0
1463750480150276079,498,1463750480147626507,,1494.0,1471.0
1463750480169388081,499,1463750480167652359,,1494.0,1471.0
1463750480189290548,500,1463750480187646544,,1494.0,1471.0
1463750480209742804,501,1463750480207646355,,1494.0,1471.0
1463750480229213450,502,1463750480227551009,,1494.0,1471.0
1463750480249272166,503,1463750480247650559,,1494.0,1471.0
1463750480270202598,504,1463750480267669796,,1493.0,1471.0
1463750480289744702,505,1463750480287662419,,1494.0,1471.0
1463750480309753783,506,1463750480307652802,,1494.0,1471.0
1463750480329293074,507,1463750480327624123,,1493.0,1471.0
1463750480349309395,508,1463750480347644298,,1494.0,1471.0
1463750480369602329,509,1463750480367648691,,1494.0,1471.0
1463750480389691201,510,1463750480387657720,,1494.0,1471.0
1463750480410127312,511,1463750480407640135,,1493.0,1476.0
1463750480429941446,512,1463750480427648643,,1493.0,1477.0
1463750480449240478,513,1463750480447653037,,1494.0,1479.0
1463750480469302059,514,1463750480467626285,,1493.0,1483.0
1463750480489243172,515,1463750480487644116,,1494.0,1483.0
1463750480509691782,516,1463750480507622312,,1494.0,1488.0
1463750480529667895,517,1463750480527627174,,1494.0,1487.0
1463750480549241300,518,1463750480547649641,,1494.0,1487.0
1463750480569338142,519,1463750480567630389,,1493.0,1492.0
1463750480589275192,520,1463750480587637282,,1493.0,1492.0
1463750480609704896,521,1463750480607658238,,1494.0,1491.0
1463750480629700644,522,1463750480627643934,,1494.0,1491.0
1463750480649247331,523,1463750480647657026,,1493.0,1492.0
1463750480669334954,524,1463750480667626992,,1494.0,1491.0
1463750480689211744,525,1463750480687640500,,1493.0,1492.0
1463750480709731812,526,1463750480707622759,,1493.0,1492.0
1463750480729574175,527,1463750480727545330,,1494.0,1491.0
1463750480749853620,528,1463750480747631598,,1494.0,1491.0
1463750480770073013,529,1463750480767633388,,1494.0,1491.0
1463750480789204493,530,1463750480787629240,,1494.0,1491.0
1463750480810895026,531,1463750480807644362,,1494.0,1491.0
1463750480829890569,532,1463750480827650943,,1493.0,1492.0
1463750480849236737,533,1463750480847644087,,1494.0,1491.0
1463750480869328734,534,1463750480867619887,,1493.0,1491.0
1463750480889751563,535,1463750480887636989,,1494.0,1491.0
1463750480909751582,536,1463750480907606695,,1494.0,1491.0
1463750480929759569,537,1463750480927654162,,1494.0,1491.0
1463750480949365788,538,1463750480947637358,,1494.0,1491.0
1463750480969415962,539,1463750480967612064,,1493.0,1492.0
1463750480989576137,540,1463750480987628489,,1494.0,1492.0
1463750481009929904,541,1463750481007701580,,1493.0,1491.0
1463750481029150863,542,1463750481027651911,,1494.0,1492.0
1463750481049165361,543,1463750481047630993,,1494.0,1491.0
1463750481071096882,544,1463750481067629032,,1494.0,1491.0
1463750481089928364,545,1463750481087662280,,1494.0,1489.0
1463750481111700146,546,1463750481107643861,,1494.0,1489.0
1463750481131483863,547,1463750481127639088,,1494.0,1491.0
1463750481150075034,548,1463750481147654002,,1494.0,1491.0
1463750481169858491,549,1463750481167628552,,1494.0,1491.0
1463750481190046842,550,1463750481187618415,,1494.0,1491.0
1463750481210291339,551,1463750481207647444,,1494.0,1491.0
1463750481231325936,552,1463750481227559807,,1497.0,1491.0
1463750481251218039,553,1463750481247640606,,1494.0,1491.0
1463750481270123166,554,1463750481267636614,,1494.0,1492.0
1463750481289791676,555,1463750481287636164,,1494.0,1492.0
1463750481310291172,556,1463750481307622850,,1494.0,1491.0
1463750481330294159,557,1463750481327645004,,1494.0,1491.0
1463750481350037825,558,1463750481347642418,,1494.0,1491.0
1463750481369432690,559,1463750481367638739,,1493.0,1492.0
1463750481389416510,560,1463750481387645424,,1494.0,1491.0
1463750481412097143,561,1463750481407645808,,1494.0,1491.0
1463750481429392798,562,1463750481427642076,,1493.0,1492.0
1463750481449298077,563,1463750481447633605,,1494.0,1491.0
1463750481469335179,564,1463750481467637999,,1494.0,1491.0
1463750481489397229,565,1463750481487647288,,1494.0,1491.0
1463750481509947089,566,1463750481507634651,,1494.0,1491.0
1463750481530001587,567,1463750481527630607,,1494.0,1491.0
1463750481551377953,568,1463750481547655313,,1494.0,1492.0
1463750481571729116,569,1463750481567635905,,1493.0,1492.0
1463750481591214814,570,1463750481587639048,,1493.0,1492.0
1463750481611881809,571,1463750481607647400,,1494.0,1491.0
1463750481630015951,572,1463750481627640909,,1494.0,1491.0
1463750481649873626,573,1463750481647637021,,1494.0,1491.0
1463750481669879738,574,1463750481667630269,,1494.0,1491.0
1463750481689525175,575,1463750481687623048,,1493.0,1492.0
1463750481709610767,576,1463750481707639525,,1494.0,1491.0
1463750481730098231,577,1463750481727559388,,1494.0,1491.0
1463750481749888928,578,1463750481747633208,,1494.0,1491.0
1463750481769995769,579,1463750481767677393,,1493.0,1492.0
1463750481789965631,580,1463750481787654495,,1493.0,1492.0
1463750481809566589,581,1463750481807642587,,1494.0,1492.0
1463750481829401192,582,1463750481827619324,,1494.0,1492.0
1463750481849393138,583,1463750481847628874,,1493.0,1491.0
1463750481869217532,584,1463750481867657591,,1495.0,1491.0
1463750481889242134,585,1463750481887628183,,1494.0,1491.0
1463750481909885379,586,1463750481907689034,,1493.0,1491.0
1463750481929251546,587,1463750481927654522,,1494.0,1491.0
1463750481949244377,588,1463750481947659593,,1494.0,1491.0
1463750481969307573,589,1463750481967622997,,1493.0,1492.0
1463750481989242175,590,1463750481987632495,,1493.0,1492.0
1463750482009258235,591,1463750482007656159,,1494.0,1491.0
1463750482029811116,592,1463750482027718781,,1494.0,1491.0
1463750482049262596,593,1463750482047629217,,1493.0,1491.0
1463750482069427614,594,1463750482067618090,,1493.0,1492.0
1463750482089348883,595,1463750482087644411,,1493.0,1492.0
1463750482110394418,596,1463750482107640367,,1494.0,1492.0
1463750482129419336,597,1463750482127655906,,1494.0,1491.0
1463750482149438730,598,1463750482147643946,,1494.0,1491.0
1463750482171068169,599,1463750482167621413,,1494.0,1491.0
1463750482189532569,600,1463750482187660285,,1494.0,1492.0
1463750482211130289,601,1463750482207644523,,1494.0,1492.0
1463750482229316149,602,1463750482227557927,,1494.0,1491.0
1463750482249413094,603,1463750482247627841,,1494.0,1491.0
1463750482270118735,604,1463750482267618797,,1494.0,1491.0
1463750482289466933,605,1463750482287649858,,1494.0,1491.0
1463750482310312417,606,1463750482307651178,,1493.0,1492.0
1463750482329560043,607,1463750482327624583,,1494.0,1491.0
1463750482350519797,608,1463750482347648716,,1494.0,1491.0
1463750482371197313,609,1463750482367638943,,1494.0,1491.0
1463750482390163638,610,1463750482387639014,,1494.0,1491.0
1463750482411247454,611,1463750482407667001,,1494.0,1492.0
1463750482430532424,612,1463750482427623165,,1494.0,1491.0
1463750482450227756,613,1463750482447644538,,1494.0,1491.0
1463750482471058657,614,1463750482467624609,,1493.0,1492.0
1463750482489238787,615,1463750482487657909,,1495.0,1491.0
1463750482509632138,616,1463750482507647511,,1493.0,1491.0
1463750482529672417,617,1463750482527648936,,1494.0,1492.0
1463750482549190614,618,1463750482547624840,,1494.0,1491.0
1463750482570707606,619,1463750482567641629,,1494.0,1491.0
1463750482589237995,620,1463750482587656804,,1493.0,1491.0
1463750482610631185,621,1463750482607646719,,1494.0,1491.0
1463750482630041519,622,1463750482627616685,,1494.0,1491.0
1463750482649185864,623,1463750482647645871,,1494.0,1491.0
1463750482670536971,624,1463750482667618962,,1493.0,1492.0
1463750482689184495,625,1463750482687631116,,1640.0,1492.0
1463750482710639039,626,1463750482707664885,,1640.0,1491.0
1463750482729961300,627,1463750482727526779,,1640.0,1491.0
1463750482749198666,628,1463750482747637839,,1640.0,1491.0
1463750482770413783,629,1463750482767602910,,1640.0,1491.0
1463750482789198755,630,1463750482787629595,,1640.0,1491.0
1463750482810564653,631,1463750482807715603,,1640.0,1491.0
1463750482829997851,632,1463750482827625622,,1640.0,1492.0
1463750482849168186,633,1463750482847640328,,1640.0,1491.0
1463750482870503251,634,1463750482867614878,,1640.0,1491.0
1463750482889177182,635,1463750482887613178,,1640.0,1492.0
1463750482910592767,636,1463750482907656842,,1640.0,1492.0
1463750482930059455,637,1463750482927662382,,1640.0,1491.0
1463750482949164269,638,1463750482947617244,,1640.0,1492.0
1463750482970520063,639,1463750482967614555,,1640.0,1492.0
1463750482989210087,640,1463750482987633636,,1640.0,1491.0
1463750483010630256,641,1463750483007623707,,1640.0,1492.0
1463750483035746243,642,1463750483027650131,,1640.0,1491.0
1463750483049118581,643,1463750483047601817,,1640.0,1491.0
1463750483069390422,644,1463750483067611627,,1640.0,1491.0
1463750483089211118,645,1463750483087611333,,1640.0,1492.0
1463750483109800718,646,1463750483107613383,,1640.0,1491.0
1463750483129210166,647,1463750483127623766,,1640.0,1492.0
1463750483151050177,648,1463750483147622587,,1640.0,1488.0
1463750483171110143,649,1463750483167624845,,1640.0,1491.0
1463750483189864907,650,1463750483187614916,,1640.0,1492.0
1463750483210760182,651,1463750483207621185,,1640.0,1491.0
1463750483229897235,652,1463750483227520527,,1640.0,1491.0
1463750483249761473,653,1463750483247628670,,1640.0,1492.0
1463750483269721440,654,1463750483267614835,,1640.0,1491.0
1463750483290354842,655,1463750483287618551,,1640.0,1491.0
1463750483310483297,656,1463750483307622945,,1640.0,1491.0
1463750483330325035,657,1463750483327627234,,1640.0,1492.0
1463750483350252346,658,1463750483347614336,,1640.0,1491.0
1463750483369969710,659,1463750483367609355,,1640.0,1491.0
1463750483389946135,660,1463750483387623436,,1640.0,1491.0
1463750483409349124,661,1463750483407627726,,1640.0,1491.0
1463750483429808881,662,1463750483427609723,,1640.0,1493.0
1463750483449322964,663,1463750483447610419,,1640.0,1491.0
1463750483469323399,664,1463750483467636011,,1640.0,1492.0
1463750483489613573,665,1463750483487617332,,1640.0,1481.0
1463750483509393540,666,1463750483507653392,,1640.0,1492.0
1463750483529677412,667,1463750483527605286,,1640.0,1491.0
1463750483549284672,668,1463750483547614887,,1640.0,1492.0
1463750483569145316,669,1463750483567599490,,1640.0,1492.0
1463750483589320438,670,1463750483587633050,,1640.0,1488.0
1463750483614326113,671,1463750483607639110,,1640.0,1491.0
1463750483634300767,672,1463750483627603348,,1640.0,1491.0
1463750483651416215,673,1463750483647601283,,1640.0,1492.0
1463750483669385877,674,1463750483667606145,,1640.0,1492.0
1463750483690308913,675,1463750483687639133,,1640.0,1491.0
1463750483709502633,676,1463750483707687068,,1640.0,1491.0
1463750483731053947,677,1463750483727556670,,1640.0,1489.0
1463750483749385379,678,1463750483747591949,,1640.0,1491.0
1463750483768776546,679,1463750483767596603,,1640.0,1491.0
1463750483789638488,680,1463750483787629382,,1640.0,1493.0
1463750483809239186,681,1463750483807639401,,1640.0,1489.0
1463750483831134509,682,1463750483829171809,,1640.0,1491.0
1463750483850777289,683,1463750483847911937,,1640.0,1492.0
1463750483871075327,684,1463750483868199506,,1640.0,1492.0
1463750483891532636,685,1463750483889860299,,1640.0,1492.0
1463750483910652554,686,1463750483907780743,,1640.0,1491.0
1463750483931900588,687,1463750483927699773,,1640.0,1492.0
1463750483948939422,688,1463750483947618229,,1640.0,1492.0
1463750483968936576,689,1463750483967633248,,1640.0,1491.0
1463750483989911069,690,1463750483987640090,,1640.0,1476.0
1463750484009279060,691,1463750484007618754,,1640.0,1503.0
1463750484029482046,692,1463750484027744606,,1640.0,1483.0
1463750484049208108,693,1463750484047628062,,1640.0,1483.0
1463750484069645520,694,1463750484067622143,,1640.0,1491.0
1463750484089753768,695,1463750484087650964,,1640.0,1476.0
1463750484110415554,696,1463750484107638535,,1640.0,1491.0
1463750484129347400,697,1463750484127628866,,1640.0,1491.0
1463750484149255596,698,1463750484147633208,,1640.0,1491.0
1463750484170184257,699,1463750484167618955,,1640.0,1491.0
1463750484190218703,700,1463750484187649182,,1640.0,1491.0
1463750484210436897,701,1463750484207657638,,1640.0,1491.0
1463750484230655561,702,1463750484227597918,,1640.0,1500.0
1463750484249188190,703,1463750484247622051,,1640.0,1484.0
1463750484270866691,704,1463750484267607018,,1640.0,1491.0
1463750484289119321,705,1463750484287664692,,1640.0,1491.0
1463750484310166731,706,1463750484307623461,,1640.0,1495.0
1463750484329285764,707,1463750484327649209,,1640.0,1491.0
1463750484349312189,708,1463750484347636519,,1640.0,1491.0
1463750484370849389,709,1463750484367635913,,1640.0,1491.0
1463750484390478524,710,1463750484387634681,,1640.0,1491.0
1463750484409090006,711,1463750484407619127,,1640.0,1491.0
1463750484429299868,712,1463750484427623156,,1640.0,1491.0
1463750484449254418,713,1463750484447664529,,1640.0,1492.0
1463750484469690685,714,1463750484467612308,,1640.0,1499.0
1463750484489467423,715,1463750484487600556,,1640.0,1491.0
1463750484510285303,716,1463750484507683127,,1640.0,1491.0
1463750484529880323,717,1463750484527615593,,1640.0,1491.0
1463750484549286022,718,1463750484547616133,,1640.0,1496.0
1463750484570235724,719,1463750484567633495,,1640.0,1491.0
1463750484590646522,720,1463750484587608202,,1640.0,1491.0
1463750484610221959,721,1463750484607713428,,1640.0,1491.0
1463750484629220159,722,1463750484627606468,,1640.0,1491.0
1463750484649439135,723,1463750484647601851,,1640.0,1491.0
1463750484670591649,724,1463750484667626662,,1640.0,1491.0
1463750484690276460,725,1463750484687609493,,1640.0,1482.0
1463750484709480493,726,1463750484707739615,,1640.0,1500.0
1463750484729838896,727,1463750484727652551,,1640.0,1499.0
1463750484749144490,728,1463750484747599132,,1640.0,1492.0
1463750484770899397,729,1463750484767642796,,1640.0,1494.0
1463750484789320568,730,1463750484787623336,,1640.0,1491.0
1463750484809423920,731,1463750484807769135,,1640.0,1492.0
1463750484829293887,732,1463750484827622019,,1640.0,1492.0
1463750484850361141,733,1463750484847616777,,1640.0,1491.0
1463750484869887828,734,1463750484867636796,,1640.0,1501.0
1463750484890613521,735,1463750484887619419,,1640.0,1489.0
1463750484910255416,736,1463750484907749541,,1640.0,1491.0
1463750484930877619,737,1463750484927610237,,1640.0,1480.0
1463750484950490817,738,1463750484947621923,,1640.0,1497.0
1463750484969863807,739,1463750484967569910,,1640.0,1497.0
1463750484989317265,740,1463750484987662272,,1640.0,1491.0
1463750485009378898,741,1463750485007763384,,1640.0,1492.0
1463750485029413448,742,1463750485027639393,,1640.0,1493.0
1463750485049619976,743,1463750485047601808,,1640.0,1497.0
1463750485069187080,744,1463750485067605420,,1640.0,1492.0
1463750485089607305,745,1463750485087620699,,1640.0,1491.0
1463750485109418783,746,1463750485107614885,,1640.0,1499.0
1463750485129622290,747,1463750485127626934,,1640.0,1499.0
1463750485149156374,748,1463750485147615495,,1640.0,1491.0
1463750485169226496,749,1463750485167607909,,1640.0,1491.0
1463750485190173594,750,1463750485187596053,,1640.0,1492.0
1463750485209244971,751,1463750485207609717,,1640.0,1439.0
1463750485230245819,752,1463750485227619111,,1640.0,1487.0
1463750485249225008,753,1463750485247614390,,1640.0,1491.0
1463750485269272370,754,1463750485267607013,,1640.0,1491.0
1463750485289623950,755,1463750485287607084,,1640.0,1491.0
1463750485309230429,756,1463750485307609550,,1640.0,1492.0
1463750485329782268,757,1463750485327615246,,1640.0,1492.0
1463750485349231299,758,1463750485347608806,,1640.0,1492.0
1463750485369541108,759,1463750485367614867,,1640.0,1509.0
1463750485390241541,760,1463750485387602437,,1640.0,1491.0
1463750485410250570,761,1463750485407628081,,1640.0,1491.0
1463750485429775747,762,1463750485427625235,,1640.0,1491.0
1463750485449747745,763,1463750485447625306,,1640.0,1491.0
1463750485471645255,764,1463750485467608866,,1640.0,1492.0
1463750485491721992,765,1463750485487618156,,1640.0,1486.0
1463750485511665917,766,1463750485507619997,,1640.0,1492.0
1463750485529624070,767,1463750485527617985,,1640.0,1491.0
1463750485552024182,768,1463750485547624357,,1640.0,1492.0
1463750485570183792,769,1463750485567625522,,1640.0,1492.0
1463750485591182609,770,1463750485587612624,,1640.0,1492.0
1463750485609577218,771,1463750485607620351,,1640.0,1492.0
1463750485629662496,772,1463750485627622245,,1640.0,1493.0
1463750485649717098,773,1463750485647631899,,1640.0,1491.0
1463750485669224515,774,1463750485667611501,,1640.0,1492.0
1463750485689645261,775,1463750485687616207,,1640.0,1492.0
1463750485709260177,776,1463750485707611486,,1640.0,1483.0
1463750485729778579,777,1463750485727617025,,1640.0,1491.0
1463750485750049117,778,1463750485747625794,,1640.0,1491.0
1463750485771131058,779,1463750485767594042,,1640.0,1491.0
1463750485791219931,780,1463750485787609790,,1640.0,1491.0
1463750485810199797,781,1463750485807628402,,1640.0,1491.0
1463750485829981900,782,1463750485827613317,,1640.0,1507.0
1463750485851065612,783,1463750485847621825,,1640.0,1484.0
1463750485871122506,784,1463750485867612781,,1640.0,1492.0
1463750485891357888,785,1463750485887604154,,1640.0,1492.0
1463750485909842705,786,1463750485907622662,,1640.0,1492.0
1463750485929715901,787,1463750485927618670,,1640.0,1491.0
1463750485949553368,788,1463750485947592439,,1640.0,1491.0
1463750485969551512,789,1463750485967599333,,1640.0,1491.0
1463750485990143143,790,1463750485987625914,,1640.0,1499.0
1463750486009259311,791,1463750486007617026,,1640.0,1486.0
1463750486033431083,792,1463750486027618503,,1640.0,1511.0
1463750486049602107,793,1463750486047608782,,1640.0,1491.0
1463750486069583949,794,1463750486067600259,,1640.0,1492.0
1463750486089758915,795,1463750486087636372,,1640.0,1492.0
1463750486110202577,796,1463750486107625609,,1640.0,1498.0
1463750486130007857,797,1463750486127620888,,1501.0,1489.0
1463750486150333916,798,1463750486147636011,,1494.0,1492.0
1463750486169598677,799,1463750486167673738,,1487.0,1491.0
1463750486189240416,800,1463750486187653757,,1500.0,1489.0
1463750486209675225,801,1463750486207617213,,1494.0,1492.0
1463750486229675296,802,1463750486227625669,,1494.0,1491.0
1463750486249628439,803,1463750486247621990,,1503.0,1491.0
1463750486269580750,804,1463750486267698623,,1485.0,1500.0
1463750486289320718,805,1463750486287669475,,1485.0,1500.0
1463750486310325576,806,1463750486307612462,,1494.0,1491.0
1463750486329664139,807,1463750486327669304,,1494.0,1491.0
1463750486349637283,808,1463750486347620312,,1485.0,1491.0
1463750486371997135,809,1463750486367641425,,1492.0,1486.0
1463750486390493410,810,1463750486387651808,,1494.0,1492.0
1463750486410639105,811,1463750486407650316,,1493.0,1492.0
1463750486429237099,812,1463750486427619762,,1494.0,1491.0
1463750486450480602,813,1463750486447635874,,1493.0,1495.0
1463750486470266507,814,1463750486467639903,,1487.0,1498.0
1463750486489316477,815,1463750486487657838,,1487.0,1498.0
1463750486510739094,816,1463750486507628066,,1494.0,1492.0
1463750486530922601,817,1463750486527626470,,1494.0,1491.0
1463750486551072932,818,1463750486547630603,,1506.0,1482.0
1463750486569979362,819,1463750486567630778,,1498.0,1487.0
1463750486590188286,820,1463750486587631161,,1494.0,1491.0
1463750486610012836,821,1463750486607641805,,1493.0,1491.0
1463750486629999053,822,1463750486627628230,,1494.0,1491.0
1463750486651074067,823,1463750486647641373,,1493.0,1492.0
1463750486671010128,824,1463750486667632121,,1493.0,1492.0
1463750486691045198,825,1463750486687626775,,1509.0,1499.0
1463750486710010690,826,1463750486707617836,,1493.0,1492.0
1463750486730063000,827,1463750486727630146,,1494.0,1491.0
1463750486751060619,828,1463750486747626154,,1484.0,1501.0
1463750486771008606,829,1463750486767636225,,1489.0,1491.0
1463750486791134093,830,1463750486787632910,,1494.0,1491.0
1463750486811338955,831,1463750486807618554,,1493.0,1492.0
1463750486830091479,832,1463750486827632479,,1516.0,1475.0
1463750486851026806,833,1463750486847627445,,1516.0,1475.0
1463750486870326619,834,1463750486867598454,,1494.0,1491.0
1463750486891195749,835,1463750486887625503,,1495.0,1492.0
1463750486909885200,836,1463750486907640730,,1495.0,1492.0
1463750486931284952,837,1463750486927630332,,1382.0,1517.0
1463750486951031378,838,1463750486947632122,,1494.0,1491.0
1463750486970706138,839,1463750486967633234,,1494.0,1488.0
1463750486992303910,840,1463750486987631118,,1494.0,1492.0
1463750487009291806,841,1463750487007632282,,1494.0,1492.0
1463750487029840885,842,1463750487027673082,,1494.0,1492.0
1463750487049267156,843,1463750487047617163,,1494.0,1491.0
1463750487069639413,844,1463750487067639161,,1606.0,1491.0
1463750487089171829,845,1463750487087620690,,1493.0,1492.0
1463750487109204817,846,1463750487107609094,,1481.0,1498.0
1463750487129307335,847,1463750487127698696,,1492.0,1481.0
1463750487149283343,848,1463750487147657569,,1494.0,1492.0
1463750487170094140,849,1463750487167629567,,1494.0,1491.0
1463750487189190672,850,1463750487187634065,,1504.0,1476.0
1463750487209208504,851,1463750487207620073,,1494.0,1491.0
1463750487229293574,852,1463750487227639206,,1494.0,1491.0
1463750487249341040,853,1463750487247622662,,1494.0,1492.0
1463750487269652151,854,1463750487267636223,,1480.0,1492.0
1463750487289234359,855,1463750487287634314,,1494.0,1491.0
1463750487309307034,856,1463750487307635635,,1502.0,1476.0
1463750487329289657,857,1463750487327640393,,1495.0,1492.0
1463750487349256707,858,1463750487347620360,,1494.0,1491.0
1463750487369701515,859,1463750487367628660,,1489.0,1496.0
1463750487389219192,860,1463750487387623991,,1489.0,1504.0
1463750487409507178,861,1463750487407656509,,1494.0,1491.0
1463750487429421156,862,1463750487427626580,,1494.0,1491.0
1463750487449299717,863,1463750487447646599,,1494.0,1491.0
1463750487469689421,864,1463750487467641461,,1493.0,1491.0
1463750487489208244,865,1463750487487645178,,1495.0,1491.0
1463750487509271596,866,1463750487507619780,,1493.0,1492.0
1463750487529282760,867,1463750487527632298,,1494.0,1492.0
1463750487549270539,868,1463750487547640702,,1489.0,1479.0
1463750487569722327,869,1463750487567644367,,1494.0,1491.0
1463750487589178442,870,1463750487587612615,,1493.0,1492.0
1463750487609181741,871,1463750487607620186,,1496.0,1489.0
1463750487629265978,872,1463750487627634319,,1496.0,1489.0
1463750487649207716,873,1463750487647619285,,1495.0,1491.0
1463750487669655441,874,1463750487667629096,,1501.0,1482.0
1463750487689227389,875,1463750487687642604,,1494.0,1491.0
1463750487709209178,876,1463750487707629602,,1493.0,1492.0
1463750487729222166,877,1463750487727612693,,1492.0,1477.0
1463750487749166091,878,1463750487747612295,,1494.0,1491.0
1463750487770158970,879,1463750487767625074,,1495.0,1511.0
1463750487789405815,880,1463750487787635145,,1494.0,1491.0
1463750487809191928,881,1463750487807622351,,1473.0,1493.0
1463750487829290957,882,1463750487827645235,,1473.0,1493.0
1463750487849238580,883,1463750487847646868,,1493.0,1491.0
1463750487869736565,884,1463750487867623866,,1493.0,1491.0
1463750487889243200,885,1463750487887631020,,1501.0,1481.0
1463750487909320406,886,1463750487907655622,,1494.0,1491.0
1463750487929236154,887,1463750487927623974,,1508.0,1486.0
1463750487949186850,888,1463750487947631753,,1494.0,1491.0
1463750487970149938,889,1463750487967643594,,1488.0,1496.0
1463750487989177044,890,1463750487987631530,,1494.0,1491.0
1463750488009191490,891,1463750488007584674,,1494.0,1491.0
1463750488029315466,892,1463750488027691150,,1487.0,1499.0
1463750488049267308,893,1463750488047644659,,1493.0,1491.0
1463750488070829507,894,1463750488067656917,,1507.0,1484.0
1463750488090793849,895,1463750488087650477,,1494.0,1491.0
1463750488110681160,896,1463750488107624246,,1499.0,1486.0
1463750488129988786,897,1463750488127629889,,1494.0,1491.0
1463750488149897086,898,1463750488147613450,,1493.0,1489.0
1463750488170129656,899,1463750488167629354,,1494.0,1491.0
1463750488190362434,900,1463750488187640102,,1501.0,1483.0
1463750488209662507,901,1463750488207629443,,1501.0,1483.0
1463750488229726536,902,1463750488227621597,,1494.0,1491.0
1463750488249657076,903,1463750488247573075,,1500.0,1482.0
1463750488269959646,904,1463750488267611218,,1494.0,1491.0
1463750488289937164,905,1463750488287636393,,1494.0,1491.0
1463750488309938902,906,1463750488307620630,,1494.0,1491.0
1463750488329952827,907,1463750488327620909,,1494.0,1499.0
1463750488349757273,908,1463750488347634470,,1493.0,1491.0
1463750488369906145,909,1463750488367648915,,1475.0,1489.0
1463750488390347464,910,1463750488387618986,,1493.0,1492.0
1463750488410747273,911,1463750488407614682,,1501.0,1484.0
1463750488429883337,912,1463750488427617149,,1501.0,1484.0
1463750488450426478,913,1463750488447648000,,1494.0,1491.0
1463750488469925093,914,1463750488467621248,,1493.0,1492.0
1463750488490101152,915,1463750488487641059,,1494.0,1503.0
1463750488509711329,916,1463750488507612744,,1494.0,1491.0
1463750488529685983,917,1463750488527619898,,1482.0,1491.0
1463750488549742356,918,1463750488547633771,,1494.0,1489.0
1463750488569654354,919,1463750488567630508,,1495.0,1491.0
1463750488589952288,920,1463750488587633808,,1493.0,1491.0
1463750488609931577,921,1463750488607629452,,1494.0,1491.0
1463750488629707326,922,1463750488627602335,,1493.0,1492.0
1463750488649714532,923,1463750488647630062,,1493.0,1491.0
1463750488669527312,924,1463750488667636435,,1499.0,1501.0
1463750488689955350,925,1463750488687636297,,1499.0,1501.0
1463750488709961046,926,1463750488707630274,,1494.0,1491.0
1463750488730085855,927,1463750488727605606,,1494.0,1492.0
1463750488749630720,928,1463750488747546718,,1494.0,1491.0
1463750488769675113,929,1463750488767639028,,1494.0,1491.0
1463750488790006380,930,1463750488787627484,,1497.0,1492.0
1463750488809986503,931,1463750488807629534,,1493.0,1492.0
1463750488829980949,932,1463750488827622470,,1402.0,1580.0
1463750488850249873,933,1463750488847631499,,1494.0,1492.0
1463750488869841768,934,1463750488867644121,,1494.0,1491.0
1463750488890027151,935,1463750488887641692,,1500.0,1485.0
1463750488909448578,936,1463750488907630773,,1494.0,1492.0
1463750488929854845,937,1463750488927634959,,1494.0,1491.0
1463750488949195544,938,1463750488947634977,,1494.0,1491.0
1463750488969421811,939,1463750488967615152,,1493.0,1492.0
1463750488990315055,940,1463750488987638713,,1493.0,1492.0
1463750489009651327,941,1463750489007622585,,1480.0,1491.0
1463750489030174677,942,1463750489027664479,,1494.0,1491.0
1463750489049313657,943,1463750489047599810,,1493.0,1492.0
1463750489069354040,944,1463750489067615610,,1494.0,1491.0
1463750489089925411,945,1463750489087592608,,1493.0,1491.0
1463750489109941940,946,1463750489107605596,,1494.0,1491.0
1463750489129957427,947,1463750489127609000,,1494.0,1500.0
1463750489149499948,948,1463750489147641779,,1493.0,1491.0
1463750489169210853,949,1463750489167634037,,1494.0,1491.0
1463750489189361444,950,1463750489187618847,,1494.0,1491.0
1463750489209965835,951,1463750489207612928,,1493.0,1492.0
1463750489230574028,952,1463750489227625187,,1494.0,1491.0
1463750489249992383,953,1463750489247566716,,1494.0,1491.0
1463750489270194223,954,1463750489267629078,,1503.0,1487.0
1463750489289632161,955,1463750489287620295,,1494.0,1491.0
1463750489310078480,956,1463750489307609897,,1493.0,1491.0
1463750489330534382,957,1463750489327620332,,1493.0,1491.0
1463750489350138829,958,1463750489347606184,,1494.0,1491.0
1463750489370093067,959,1463750489367625109,,1493.0,1492.0
1463750489389662410,960,1463750489387645336,,1494.0,1491.0
1463750489409977115,961,1463750489407619521,,1497.0,1488.0
1463750489429635208,962,1463750489427607613,,1494.0,1491.0
1463750489450018246,963,1463750489447633465,,1494.0,1491.0
1463750489470083525,964,1463750489467605098,,1494.0,1495.0
1463750489489741462,965,1463750489487605742,,1494.0,1491.0
1463750489510100125,966,1463750489507609354,,1494.0,1491.0
1463750489530648058,967,1463750489527609581,,1494.0,1491.0
1463750489549534279,968,1463750489547830484,,1494.0,1491.0
1463750489571998870,969,1463750489568241647,,1494.0,1491.0
1463750489589546243,970,1463750489587807449,,1494.0,1491.0
1463750489610974068,971,1463750489607906634,,1494.0,1491.0
1463750489631664865,972,1463750489628283474,,1494.0,1491.0
1463750489653576178,973,1463750489648232867,,1494.0,1491.0
1463750489669763921,974,1463750489668194345,,1493.0,1491.0
1463750489692011066,975,1463750489688295144,,1493.0,1492.0
1463750489709725417,976,1463750489707861154,,1493.0,1492.0
1463750489729834914,977,1463750489727627632,,1494.0,1491.0
1463750489750878002,978,1463750489747581870,,1494.0,1492.0
1463750489770408595,979,1463750489767619649,,1494.0,1491.0
1463750489790519395,980,1463750489787625032,,1494.0,1491.0
1463750489810209102,981,1463750489807781925,,1494.0,1491.0
1463750489830495890,982,1463750489827615278,,1494.0,1491.0
1463750489849696850,983,1463750489847623057,,1490.0,1495.0
1463750489869635931,984,1463750489867610263,,1494.0,1492.0
1463750489889710377,985,1463750489887615125,,1493.0,1491.0
1463750489910005655,986,1463750489907830508,,1494.0,1491.0
1463750489930539525,987,1463750489927809589,,1494.0,1491.0
1463750489950549908,988,1463750489947808670,,1494.0,1491.0
1463750489970567739,989,1463750489967802439,,1494.0,1491.0
1463750489989392034,990,1463750489987812249,,1494.0,1491.0
1463750490010773505,991,1463750490007958829,,1493.0,1491.0
1463750490033290284,992,1463750490027805828,,1494.0,1491.0
1463750490050553804,993,1463750490047626264,,1494.0,1491.0
1463750490070739134,994,1463750490067631074,,1494.0,1491.0
1463750490089281971,995,1463750490087669739,,1493.0,1492.0
1463750490109393083,996,1463750490107673351,,1476.0,1493.0
1463750490129723153,997,1463750490127630089,,1493.0,1492.0
1463750490151795871,998,1463750490147820523,,1494.0,1491.0
1463750490174995147,999,1463750490170185584,,1494.0,1491.0
1463750490189341179,1000,1463750490187618634,,1493.0,1491.0
1463750490209773019,1001,1463750490207629174,,1493.0,1491.0
1463750490229613871,1002,1463750490227649244,,1493.0,1492.0
1463750490249621859,1003,1463750490247563482,,1493.0,1491.0
1463750490269635367,1004,1463750490267643553,,1494.0,1491.0
1463750490289243148,1005,1463750490287627634,,1493.0,1492.0
1463750490309626758,1006,1463750490307636975,,1493.0,1492.0
1463750490329703912,1007,1463750490327627879,,1493.0,1492.0
1463750490349571119,1008,1463750490347616700,,1493.0,1492.0
1463750490370206135,1009,1463750490367631146,,1493.0,1491.0
1463750490389782093,1010,1463750490387633665,,1493.0,1492.0
1463750490410219193,1011,1463750490407613787,,1493.0,1492.0
1463750490429356976,1012,1463750490427611827,,1494.0,1492.0
1463750490450676624,1013,1463750490447648668,,1493.0,1492.0
1463750490470536696,1014,1463750490467639312,,1493.0,1492.0
1463750490489725728,1015,1463750490487646206,,1493.0,1492.0
1463750490509284551,1016,1463750490507633464,,1494.0,1494.0
1463750490529713005,1017,1463750490527637337,,1494.0,1491.0
1463750490550160470,1018,1463750490547647564,,1494.0,1491.0
1463750490570044864,1019,1463750490567648155,,1494.0,1491.0
1463750490589773842,1020,1463750490587640882,,1494.0,1492.0
1463750490609876777,1021,1463750490607638922,,1494.0,1491.0
1463750490629797890,1022,1463750490627633420,,1494.0,1491.0
1463750490650000876,1023,1463750490647659480,,1494.0,1491.0
1463750490670272092,1024,1463750490667665540,,1494.0,1491.0
1463750490689593832,1025,1463750490687630507,,1494.0,1491.0
1463750490709998484,1026,1463750490707631724,,1494.0,1491.0
1463750490731262091,1027,1463750490727616742,,1493.0,1492.0
1463750490751268152,1028,1463750490747582230,,1493.0,1492.0
1463750490769607344,1029,1463750490767639540,,1493.0,1492.0
1463750490791551313,1030,1463750490787640861,,1493.0,1492.0
1463750490810267535,1031,1463750490807654942,,1493.0,1492.0
1463750490829838493,1032,1463750490827619908,,1493.0,1492.0
1463750490850222103,1033,1463750490847660031,,1492.0,1484.0
1463750490870087487,1034,1463750490867633331,,1494.0,1491.0
1463750490890214693,1035,1463750490887652100,,1494.0,1491.0
1463750490911265384,1036,1463750490907622066,,1493.0,1492.0
1463750490930023221,1037,1463750490927638960,,1494.0,1491.0
1463750490951064954,1038,1463750490947623510,,1494.0,1491.0
1463750490971033358,1039,1463750490967644154,,1493.0,1491.0
1463750490990381660,1040,1463750490987651308,,1494.0,1491.0
1463750491010571626,1041,1463750491007635701,,1494.0,1491.0
1463750491032226846,1042,1463750491027678689,,1494.0,1489.0
1463750491050172290,1043,1463750491047649697,,1493.0,1492.0
1463750491070052830,1044,1463750491067636643,,1493.0,1492.0
1463750491089183009,1045,1463750491087658797,,1493.0,1492.0
1463750491109227194,1046,1463750491107651680,,1494.0,1491.0
1463750491129649398,1047,1463750491127631230,,1493.0,1492.0
1463750491149663479,1048,1463750491147651405,,1493.0,1492.0
1463750491169645061,1049,1463750491167652986,,1497.0,1492.0
1463750491189702006,1050,1463750491187644567,,1493.0,1492.0
1463750491209613484,1051,1463750491207636930,,1494.0,1491.0
1463750491230975528,1052,1463750491227614344,,1493.0,1492.0
1463750491250179404,1053,1463750491248079465,,1493.0,1492.0
1463750491269698331,1054,1463750491267656881,,1493.0,1492.0
1463750491290133973,1055,1463750491287650077,,1494.0,1492.0
1463750491309600817,1056,1463750491307628742,,1493.0,1492.0
1463750491329688751,1057,1463750491327637042,,1494.0,1491.0
1463750491349676166,1058,1463750491347694456,,1494.0,1491.0
1463750491369891132,1059,1463750491367654839,,1493.0,1492.0
1463750491390002296,1060,1463750491387655899,,1493.0,1492.0
1463750491409450181,1061,1463750491407651543,,1493.0,1492.0
1463750491431279255,1062,1463750491427725051,,1493.0,1492.0
1463750491453723950,1063,1463750491447784497,,1494.0,1492.0
1463750491471525176,1064,1463750491467781026,,1493.0,1492.0
1463750491492997012,1065,1463750491487815055,,1493.0,1492.0
1463750491510307354,1066,1463750491507731584,,1494.0,1491.0
1463750491530135551,1067,1463750491527807488,,1494.0,1491.0
1463750491555847732,1068,1463750491547807142,,1494.0,1491.0
1463750491571091834,1069,1463750491567775077,,1494.0,1491.0
1463750491591037842,1070,1463750491587784315,,1494.0,1492.0
1463750491610894580,1071,1463750491607822354,,1494.0,1491.0
1463750491630310383,1072,1463750491627708207,,1494.0,1491.0
1463750491649284312,1073,1463750491647622861,,1493.0,1491.0
1463750491669272612,1074,1463750491667622203,,1494.0,1492.0
1463750491689243933,1075,1463750491687638784,,1494.0,1491.0
1463750491709277702,1076,1463750491707647188,,1494.0,1491.0
1463750491729216262,1077,1463750491727616217,,1494.0,1491.0
1463750491749188260,1078,1463750491747558371,,1494.0,1491.0
1463750491769274945,1079,1463750491767631827,,1494.0,1491.0
1463750491789285745,1080,1463750491787654554,,1493.0,1491.0
1463750491809269670,1081,1463750491807623531,,1493.0,1492.0
1463750491829272136,1082,1463750491827657768,,1494.0,1491.0
1463750491849241686,1083,1463750491847637058,,1493.0,1492.0
1463750491869251445,1084,1463750491867621660,,1493.0,1492.0
1463750491889236828,1085,1463750491887581991,,1493.0,1492.0
1463750491909241222,1086,1463750491907622947,,1493.0,1492.0
1463750491929322854,1087,1463750491927642445,,1493.0,1492.0
1463750491949251155,1088,1463750491947644807,,1494.0,1491.0
1463750491969222580,1089,1463750491967628941,,1494.0,1491.0
1463750491989233067,1090,1463750491987623230,,1493.0,1492.0
1463750492009263138,1091,1463750492007619499,,1494.0,1491.0
1463750492035565004,1092,1463750492027632434,,1494.0,1491.0
1463750492049391195,1093,1463750492047616255,,1494.0,1491.0
1463750492069682984,1094,1463750492067626899,,1494.0,1491.0
1463750492089531388,1095,1463750492087633063,,1494.0,1491.0
1463750492109511199,1096,1463750492107636155,,1494.0,1491.0
1463750492130500536,1097,1463750492127624142,,1496.0,1492.0
1463750492149952276,1098,1463750492147623327,,1494.0,1491.0
1463750492171018019,1099,1463750492167653138,,1493.0,1491.0
1463750492188894974,1100,1463750492187655344,,1494.0,1491.0
1463750492209252751,1101,1463750492207630467,,1494.0,1491.0
1463750492229164333,1102,1463750492227624079,,1494.0,1491.0
1463750492248887634,1103,1463750492247543838,,1494.0,1491.0
1463750492268893955,1104,1463750492267630575,,1494.0,1491.0
1463750492288879651,1105,1463750492287638718,,1494.0,1491.0
1463750492309184928,1106,1463750492307640404,,1494.0,1491.0
1463750492328879375,1107,1463750492327630631,,1494.0,1491.0
1463750492348933925,1108,1463750492347637889,,1494.0,1491.0
1463750492368978162,1109,1463750492367654105,,1494.0,1491.0
1463750492388982816,1110,1463750492387632353,,1493.0,1492.0
1463750492408988356,1111,1463750492407636226,,1494.0,1491.0
1463750492429004156,1112,1463750492427633849,,1494.0,1491.0
1463750492448989331,1113,1463750492447626836,,1494.0,1491.0
1463750492468981849,1114,1463750492467630553,,1494.0,1491.0
1463750492490270196,1115,1463750492487638176,,1494.0,1491.0
1463750492510346568,1116,1463750492507663246,,1494.0,1491.0
1463750492529646694,1117,1463750492527628526,,1493.0,1492.0
1463750492549380151,1118,1463750492547637294,,1494.0,1491.0
1463750492569298920,1119,1463750492567649344,,1493.0,1491.0
1463750492589378418,1120,1463750492587643634,,1494.0,1491.0
1463750492611024419,1121,1463750492607653079,,1493.0,1492.0
1463750492630365534,1122,1463750492627614504,,1494.0,1492.0
1463750492650350657,1123,1463750492647635825,,1494.0,1492.0
1463750492670319426,1124,1463750492668671412,,1494.0,1491.0
