%time,field.header.seq,field.header.stamp,field.header.frame_id,field.status.status,field.status.service,field.latitude,field.longitude,field.altitude,field.position_covariance0,field.position_covariance1,field.position_covariance2,field.position_covariance3,field.position_covariance4,field.position_covariance5,field.position_covariance6,field.position_covariance7,field.position_covariance8,field.position_covariance_type
1480335450314824995,49,1480335450311191644,,0,0,46.5185241699,6.56666278839,2.77602830977e-40,1.0,0.0,0.0,0.0,1.0,0.0,0.0,0.0,1.0,0
1480335450523082159,50,1480335450515686761,,0,0,46.5185241699,6.56666278839,2.77602830977e-40,1.0,0.0,0.0,0.0,1.0,0.0,0.0,0.0,1.0,0
1480335450711035924,51,1480335450708727613,,0,0,46.5185241699,6.56666278839,2.77602830977e-40,1.0,0.0,0.0,0.0,1.0,0.0,0.0,0.0,1.0,0
1480335450904020735,52,1480335450901603362,,0,0,46.5185241699,6.56666278839,2.77602830977e-40,1.0,0.0,0.0,0.0,1.0,0.0,0.0,0.0,1.0,0
1480335451127471295,53,1480335451116092498,,0,0,46.5185241699,6.56666278839,2.77602830977e-40,1.0,0.0,0.0,0.0,1.0,0.0,0.0,0.0,1.0,0
1480335451313002115,54,1480335451309589127,,0,0,46.5185241699,6.56666278839,2.77602830977e-40,1.0,0.0,0.0,0.0,1.0,0.0,0.0,0.0,1.0,0
1480335451527159326,55,1480335451524478779,,0,0,46.5185241699,6.56666278839,2.77602830977e-40,1.0,0.0,0.0,0.0,1.0,0.0,0.0,0.0,1.0,0
1480335451715697357,56,1480335451712669052,,0,0,46.5185241699,6.56666278839,2.77602830977e-40,1.0,0.0,0.0,0.0,1.0,0.0,0.0,0.0,1.0,0
1480335451913035459,57,1480335451909238568,,0,0,46.5185165405,6.56667518616,2.77602830977e-40,1.0,0.0,0.0,0.0,1.0,0.0,0.0,0.0,1.0,0
1480335452118454629,58,1480335452115144349,,0,0,46.5185165405,6.56667900085,2.77602830977e-40,1.0,0.0,0.0,0.0,1.0,0.0,0.0,0.0,1.0,0
1480335452311032309,59,1480335452308983006,,0,0,46.5185203552,6.5666809082,2.77602830977e-40,1.0,0.0,0.0,0.0,1.0,0.0,0.0,0.0,1.0,0
1480335452528860631,60,1480335452526389977,,0,0,46.5185203552,6.56668138504,2.77602830977e-40,1.0,0.0,0.0,0.0,1.0,0.0,0.0,0.0,1.0,0
1480335452733370226,61,1480335452729577867,,0,0,46.5185203552,6.56668138504,2.77602830977e-40,1.0,0.0,0.0,0.0,1.0,0.0,0.0,0.0,1.0,0
1480335452925766397,62,1480335452915617745,,0,0,46.5185203552,6.56668138504,2.77602830977e-40,1.0,0.0,0.0,0.0,1.0,0.0,0.0,0.0,1.0,0
1480335453113953754,63,1480335453111798827,,0,0,46.5185203552,6.5666809082,2.77602830977e-40,1.0,0.0,0.0,0.0,1.0,0.0,0.0,0.0,1.0,0
1480335453321867067,64,1480335453316595295,,0,0,46.5185203552,6.5666809082,2.77602830977e-40,1.0,0.0,0.0,0.0,1.0,0.0,0.0,0.0,1.0,0
1480335453526459319,65,1480335453523500389,,0,0,46.5185203552,6.56668043137,2.77602830977e-40,1.0,0.0,0.0,0.0,1.0,0.0,0.0,0.0,1.0,0
1480335453725134439,66,1480335453720291309,,0,0,46.5185203552,6.56668043137,2.77602830977e-40,1.0,0.0,0.0,0.0,1.0,0.0,0.0,0.0,1.0,0
1480335453931399852,67,1480335453926959061,,0,0,46.5185203552,6.56667995453,2.77602830977e-40,1.0,0.0,0.0,0.0,1.0,0.0,0.0,0.0,1.0,0
1480335454117269679,68,1480335454114687464,,0,0,46.5185203552,6.56667947769,2.77602830977e-40,1.0,0.0,0.0,0.0,1.0,0.0,0.0,0.0,1.0,0
1480335454315796988,69,1480335454311776298,,0,0,46.5185203552,6.56667900085,2.77602830977e-40,1.0,0.0,0.0,0.0,1.0,0.0,0.0,0.0,1.0,0
1480335454524549825,70,1480335454520138617,,0,0,46.5185203552,6.56667852402,2.77602830977e-40,1.0,0.0,0.0,0.0,1.0,0.0,0.0,0.0,1.0,0
1480335454717267346,71,1480335454713150042,,0,0,46.5185203552,6.56667852402,2.77602830977e-40,1.0,0.0,0.0,0.0,1.0,0.0,0.0,0.0,1.0,0
1480335454911620321,72,1480335454907173176,,0,0,46.5185203552,6.56667804718,2.77602830977e-40,1.0,0.0,0.0,0.0,1.0,0.0,0.0,0.0,1.0,0
1480335455106553603,73,1480335455104145293,,0,0,46.5185203552,6.56667757034,2.77602830977e-40,1.0,0.0,0.0,0.0,1.0,0.0,0.0,0.0,1.0,0
1480335455311259759,74,1480335455308213747,,0,0,46.5185241699,6.56666326523,2.77602830977e-40,1.0,0.0,0.0,0.0,1.0,0.0,0.0,0.0,1.0,0
1480335455505169874,75,1480335455503000884,,0,0,46.5185241699,6.56666278839,2.77602830977e-40,1.0,0.0,0.0,0.0,1.0,0.0,0.0,0.0,1.0,0
1480335455721893935,76,1480335455719233805,,0,0,46.5185241699,6.56666326523,2.77602830977e-40,1.0,0.0,0.0,0.0,1.0,0.0,0.0,0.0,1.0,0
1480335455919995312,77,1480335455912995171,,0,0,46.5185241699,6.56666326523,2.77602830977e-40,1.0,0.0,0.0,0.0,1.0,0.0,0.0,0.0,1.0,0
1480335456111050089,78,1480335456107541112,,0,0,46.5185241699,6.56666326523,2.77602830977e-40,1.0,0.0,0.0,0.0,1.0,0.0,0.0,0.0,1.0,0
1480335456306546073,79,1480335456300935815,,0,0,46.5185241699,6.56666326523,2.77602830977e-40,1.0,0.0,0.0,0.0,1.0,0.0,0.0,0.0,1.0,0
1480335456510321301,80,1480335456505969104,,0,0,46.5185241699,6.56666326523,2.77602830977e-40,1.0,0.0,0.0,0.0,1.0,0.0,0.0,0.0,1.0,0
1480335456705079637,81,1480335456700148955,,0,0,46.5185241699,6.56666326523,2.77602830977e-40,1.0,0.0,0.0,0.0,1.0,0.0,0.0,0.0,1.0,0
1480335456921431619,82,1480335456915792819,,0,0,46.5185241699,6.56666326523,2.77602830977e-40,1.0,0.0,0.0,0.0,1.0,0.0,0.0,0.0,1.0,0
1480335457115769125,83,1480335457112842122,,0,0,46.5185241699,6.56666326523,2.77602830977e-40,1.0,0.0,0.0,0.0,1.0,0.0,0.0,0.0,1.0,0
1480335457309864550,84,1480335457307655769,,0,0,46.5185241699,6.56666326523,2.77602830977e-40,1.0,0.0,0.0,0.0,1.0,0.0,0.0,0.0,1.0,0
1480335457515193565,85,1480335457512564945,,0,0,46.5185241699,6.56666326523,2.77602830977e-40,1.0,0.0,0.0,0.0,1.0,0.0,0.0,0.0,1.0,0
1480335457713108797,86,1480335457710856371,,0,0,46.5185241699,6.56666326523,2.77602830977e-40,1.0,0.0,0.0,0.0,1.0,0.0,0.0,0.0,1.0,0
1480335457909085559,87,1480335457906312148,,0,0,46.5185241699,6.56666278839,2.77602830977e-40,1.0,0.0,0.0,0.0,1.0,0.0,0.0,0.0,1.0,0
1480335458129012767,88,1480335458121922835,,0,0,46.5185241699,6.56666278839,2.77602830977e-40,1.0,0.0,0.0,0.0,1.0,0.0,0.0,0.0,1.0,0
1480335458320097648,89,1480335458314717647,,0,0,46.5185241699,6.56666278839,2.77602830977e-40,1.0,0.0,0.0,0.0,1.0,0.0,0.0,0.0,1.0,0
1480335458513538079,90,1480335458510174101,,0,0,46.5185241699,6.56666278839,2.77602830977e-40,1.0,0.0,0.0,0.0,1.0,0.0,0.0,0.0,1.0,0
1480335458708215426,91,1480335458705115456,,0,0,46.5185241699,6.56666278839,2.77602830977e-40,1.0,0.0,0.0,0.0,1.0,0.0,0.0,0.0,1.0,0
1480335458913409963,92,1480335458910718947,,0,0,46.5185241699,6.56666278839,2.77602830977e-40,1.0,0.0,0.0,0.0,1.0,0.0,0.0,0.0,1.0,0
1480335459107572523,93,1480335459104215576,,0,0,46.5185241699,6.56666278839,2.77602830977e-40,1.0,0.0,0.0,0.0,1.0,0.0,0.0,0.0,1.0,0
1480335459310257293,94,1480335459307959658,,0,0,46.5185241699,6.56666278839,2.77602830977e-40,1.0,0.0,0.0,0.0,1.0,0.0,0.0,0.0,1.0,0
1480335459515921096,95,1480335459512933833,,0,0,46.5185241699,6.56666278839,2.77602830977e-40,1.0,0.0,0.0,0.0,1.0,0.0,0.0,0.0,1.0,0
1480335459711678745,96,1480335459709616785,,0,0,46.5185241699,6.56666278839,2.77602830977e-40,1.0,0.0,0.0,0.0,1.0,0.0,0.0,0.0,1.0,0
1480335459917158540,97,1480335459914487107,,0,0,46.5185241699,6.56666278839,2.77602830977e-40,1.0,0.0,0.0,0.0,1.0,0.0,0.0,0.0,1.0,0
1480335460110039445,98,1480335460107900351,,0,0,46.5185241699,6.56666278839,2.77602830977e-40,1.0,0.0,0.0,0.0,1.0,0.0,0.0,0.0,1.0,0
1480335460326115336,99,1480335460323673172,,0,0,46.5185241699,6.56666278839,2.77602830977e-40,1.0,0.0,0.0,0.0,1.0,0.0,0.0,0.0,1.0,0
1480335460511269181,100,1480335460508808319,,0,0,46.5185241699,6.56666278839,2.77602830977e-40,1.0,0.0,0.0,0.0,1.0,0.0,0.0,0.0,1.0,0
1480335460709076810,101,1480335460702968014,,0,0,46.5185241699,6.56666278839,2.77602830977e-40,1.0,0.0,0.0,0.0,1.0,0.0,0.0,0.0,1.0,0
1480335460911760798,102,1480335460909228635,,0,0,46.5185241699,6.56666278839,2.77602830977e-40,1.0,0.0,0.0,0.0,1.0,0.0,0.0,0.0,1.0,0
1480335461114734054,103,1480335461112441160,,0,0,46.5185241699,6.56666278839,2.77602830977e-40,1.0,0.0,0.0,0.0,1.0,0.0,0.0,0.0,1.0,0
1480335461323277153,104,1480335461320126506,,0,0,46.5185241699,6.56666278839,2.77602830977e-40,1.0,0.0,0.0,0.0,1.0,0.0,0.0,0.0,1.0,0
1480335461508830681,105,1480335461506630598,,0,0,46.5185241699,6.56666278839,2.77602830977e-40,1.0,0.0,0.0,0.0,1.0,0.0,0.0,0.0,1.0,0
1480335461713621056,106,1480335461710305827,,0,0,46.5185241699,6.56666278839,2.77602830977e-40,1.0,0.0,0.0,0.0,1.0,0.0,0.0,0.0,1.0,0
1480335461897832149,107,1480335461894009894,,0,0,46.5185241699,6.56666278839,2.77602830977e-40,1.0,0.0,0.0,0.0,1.0,0.0,0.0,0.0,1.0,0
1480335462111412647,108,1480335462109273032,,0,0,46.5185241699,6.56666278839,2.77602830977e-40,1.0,0.0,0.0,0.0,1.0,0.0,0.0,0.0,1.0,0
1480335462305904370,109,1480335462302135292,,0,0,46.5185241699,6.56666278839,2.77602830977e-40,1.0,0.0,0.0,0.0,1.0,0.0,0.0,0.0,1.0,0
1480335462508145863,110,1480335462505176933,,0,0,46.5185241699,6.56666278839,2.77602830977e-40,1.0,0.0,0.0,0.0,1.0,0.0,0.0,0.0,1.0,0
1480335462708644664,111,1480335462706488747,,0,0,46.5185241699,6.56666231155,2.77602830977e-40,1.0,0.0,0.0,0.0,1.0,0.0,0.0,0.0,1.0,0
1480335462909982311,112,1480335462907329524,,0,0,46.5185241699,6.56666231155,2.77602830977e-40,1.0,0.0,0.0,0.0,1.0,0.0,0.0,0.0,1.0,0
1480335463114062484,113,1480335463110898921,,0,0,46.5185241699,6.56666088104,2.77602830977e-40,1.0,0.0,0.0,0.0,1.0,0.0,0.0,0.0,1.0,0
1480335463285643386,114,1480335463283223097,,0,0,46.5185241699,6.56665897369,2.77602830977e-40,1.0,0.0,0.0,0.0,1.0,0.0,0.0,0.0,1.0,0
1480335463408808244,115,1480335463406135248,,0,0,46.5185241699,6.56665754318,2.77602830977e-40,1.0,0.0,0.0,0.0,1.0,0.0,0.0,0.0,1.0,0
1480335463614279601,116,1480335463611327650,,0,0,46.5185241699,6.56665372849,2.77602830977e-40,1.0,0.0,0.0,0.0,1.0,0.0,0.0,0.0,1.0,0
1480335463830541323,117,1480335463827493488,,0,0,46.5185241699,6.56664896011,2.77602830977e-40,1.0,0.0,0.0,0.0,1.0,0.0,0.0,0.0,1.0,0
1480335464023237127,118,1480335464020632047,,0,0,46.5185241699,6.56664276123,2.77602830977e-40,1.0,0.0,0.0,0.0,1.0,0.0,0.0,0.0,1.0,0
1480335464215668661,119,1480335464212996187,,0,0,46.5185241699,6.56663608551,2.77602830977e-40,1.0,0.0,0.0,0.0,1.0,0.0,0.0,0.0,1.0,0
1480335464410229551,120,1480335464407605618,,0,0,46.5185241699,6.56662940979,2.77602830977e-40,1.0,0.0,0.0,0.0,1.0,0.0,0.0,0.0,1.0,0
1480335464644741098,121,1480335464641355297,,0,0,46.5185241699,6.5666217804,2.77602830977e-40,1.0,0.0,0.0,0.0,1.0,0.0,0.0,0.0,1.0,0
1480335464920739017,122,1480335464918733150,,0,0,46.5185203552,6.56661510468,2.77602830977e-40,1.0,0.0,0.0,0.0,1.0,0.0,0.0,0.0,1.0,0
1480335465247701445,123,1480335465245301364,,0,0,46.5185165405,6.56660366058,2.77602830977e-40,1.0,0.0,0.0,0.0,1.0,0.0,0.0,0.0,1.0,0
1480335465629145746,124,1480335465626349523,,0,0,46.5185127258,6.56659126282,2.77602830977e-40,1.0,0.0,0.0,0.0,1.0,0.0,0.0,0.0,1.0,0
1480335465805906859,125,1480335465802871523,,0,0,46.5185050964,6.56659698486,2.77602830977e-40,1.0,0.0,0.0,0.0,1.0,0.0,0.0,0.0,1.0,0
1480335465992646469,126,1480335465990029671,,0,0,46.5184783936,6.56659221649,2.77602830977e-40,1.0,0.0,0.0,0.0,1.0,0.0,0.0,0.0,1.0,0
1480335466205757753,127,1480335466203070748,,0,0,46.5184822083,6.56659507751,2.77602830977e-40,1.0,0.0,0.0,0.0,1.0,0.0,0.0,0.0,1.0,0
1480335466403886681,128,1480335466401617328,,0,0,46.5184822083,6.5665974617,2.77602830977e-40,1.0,0.0,0.0,0.0,1.0,0.0,0.0,0.0,1.0,0
1480335466605235370,129,1480335466602784508,,0,0,46.5184822083,6.56659650803,2.77602830977e-40,1.0,0.0,0.0,0.0,1.0,0.0,0.0,0.0,1.0,0
1480335466812552439,130,1480335466810018765,,0,0,46.5184822083,6.56659555435,2.77602830977e-40,1.0,0.0,0.0,0.0,1.0,0.0,0.0,0.0,1.0,0
1480335467038750055,131,1480335467035098788,,0,0,46.5184822083,6.56659650803,2.77602830977e-40,1.0,0.0,0.0,0.0,1.0,0.0,0.0,0.0,1.0,0
1480335467206804481,132,1480335467203965445,,0,0,46.5184822083,6.56659698486,2.77602830977e-40,1.0,0.0,0.0,0.0,1.0,0.0,0.0,0.0,1.0,0
1480335467409699665,133,1480335467404134041,,0,0,46.5184822083,6.5665974617,2.77602830977e-40,1.0,0.0,0.0,0.0,1.0,0.0,0.0,0.0,1.0,0
1480335467607282765,134,1480335467602201043,,0,0,46.5184822083,6.5665974617,2.77602830977e-40,1.0,0.0,0.0,0.0,1.0,0.0,0.0,0.0,1.0,0
1480335467803385514,135,1480335467801019808,,0,0,46.5184822083,6.56659603119,2.77602830977e-40,1.0,0.0,0.0,0.0,1.0,0.0,0.0,0.0,1.0,0
1480335468023054183,136,1480335468019130471,,0,0,46.5184860229,6.56659460068,2.77602830977e-40,1.0,0.0,0.0,0.0,1.0,0.0,0.0,0.0,1.0,0
1480335468201669653,137,1480335468197421777,,0,0,46.5184860229,6.56659603119,2.77602830977e-40,1.0,0.0,0.0,0.0,1.0,0.0,0.0,0.0,1.0,0
1480335468397253345,138,1480335468394995711,,0,0,46.5184822083,6.56659507751,2.77602830977e-40,1.0,0.0,0.0,0.0,1.0,0.0,0.0,0.0,1.0,0
1480335468605537384,139,1480335468603506310,,0,0,46.5184173584,6.56658220291,2.77602830977e-40,1.0,0.0,0.0,0.0,1.0,0.0,0.0,0.0,1.0,0
1480335468800761079,140,1480335468794560618,,0,0,46.5185279846,6.56660985947,2.77602830977e-40,1.0,0.0,0.0,0.0,1.0,0.0,0.0,0.0,1.0,0
1480335468999326826,141,1480335468995028899,,0,0,46.518409729,6.56636428833,2.77602830977e-40,1.0,0.0,0.0,0.0,1.0,0.0,0.0,0.0,1.0,0
1480335469197198361,142,1480335469194934893,,0,0,46.518447876,6.56661748886,2.77602830977e-40,1.0,0.0,0.0,0.0,1.0,0.0,0.0,0.0,1.0,0
1480335469401424678,143,1480335469396960763,,0,0,46.5184440613,6.56627988815,2.77602830977e-40,1.0,0.0,0.0,0.0,1.0,0.0,0.0,0.0,1.0,0
1480335469613076132,144,1480335469609112681,,0,0,46.5184822083,6.56667566299,2.77602830977e-40,1.0,0.0,0.0,0.0,1.0,0.0,0.0,0.0,1.0,0
1480335469809243256,145,1480335469806116464,,0,0,46.5184707642,6.56670665741,2.77602830977e-40,1.0,0.0,0.0,0.0,1.0,0.0,0.0,0.0,1.0,0
1480335470022232354,146,1480335470018082446,,0,0,46.5184783936,6.56671333313,2.77602830977e-40,1.0,0.0,0.0,0.0,1.0,0.0,0.0,0.0,1.0,0
1480335470201745159,147,1480335470198202381,,0,0,46.5184822083,6.5667052269,2.77602830977e-40,1.0,0.0,0.0,0.0,1.0,0.0,0.0,0.0,1.0,0
1480335470405800801,148,1480335470399456018,,0,0,46.5184822083,6.56660032272,2.77602830977e-40,1.0,0.0,0.0,0.0,1.0,0.0,0.0,0.0,1.0,0
1480335470603385359,149,1480335470599806748,,0,0,46.5184783936,6.56667041779,2.77602830977e-40,1.0,0.0,0.0,0.0,1.0,0.0,0.0,0.0,1.0,0
1480335470815239989,150,1480335470812309913,,0,0,46.5184898376,6.56663942337,2.77602830977e-40,1.0,0.0,0.0,0.0,1.0,0.0,0.0,0.0,1.0,0
1480335471014145680,151,1480335471011724922,,0,0,46.5184783936,6.56663703918,2.77602830977e-40,1.0,0.0,0.0,0.0,1.0,0.0,0.0,0.0,1.0,0
1480335471211821644,152,1480335471208958650,,0,0,46.5184783936,6.56660556793,2.77602830977e-40,1.0,0.0,0.0,0.0,1.0,0.0,0.0,0.0,1.0,0
1480335471409221568,153,1480335471407198254,,0,0,46.5184783936,6.56659317017,2.77602830977e-40,1.0,0.0,0.0,0.0,1.0,0.0,0.0,0.0,1.0,0
1480335471691342657,154,1480335471688927524,,0,0,46.5184783936,6.56658887863,2.77602830977e-40,1.0,0.0,0.0,0.0,1.0,0.0,0.0,0.0,1.0,0
1480335472138296432,155,1480335472132921432,,0,0,46.5184783936,6.56657171249,2.77602830977e-40,1.0,0.0,0.0,0.0,1.0,0.0,0.0,0.0,1.0,0
1480335472532711441,156,1480335472529759595,,0,0,46.5184745789,6.56655025482,2.77602830977e-40,1.0,0.0,0.0,0.0,1.0,0.0,0.0,0.0,1.0,0
1480335472889185097,157,1480335472886557518,,0,0,46.5184745789,6.56652641296,2.77602830977e-40,1.0,0.0,0.0,0.0,1.0,0.0,0.0,0.0,1.0,0
1480335473179998133,158,1480335473176979881,,0,0,46.5184707642,6.56650686264,2.77602830977e-40,1.0,0.0,0.0,0.0,1.0,0.0,0.0,0.0,1.0,0
1480335473510908441,159,1480335473509120645,,0,0,46.5184669495,6.56648778915,2.77602830977e-40,1.0,0.0,0.0,0.0,1.0,0.0,0.0,0.0,1.0,0
1480335473837194991,160,1480335473834837201,,0,0,46.5184555054,6.56645965576,2.77602830977e-40,1.0,0.0,0.0,0.0,1.0,0.0,0.0,0.0,1.0,0
1480335474038162485,161,1480335474034596998,,0,0,46.518447876,6.56643772125,2.77602830977e-40,1.0,0.0,0.0,0.0,1.0,0.0,0.0,0.0,1.0,0
1480335474252419800,162,1480335474247734168,,0,0,46.5184440613,6.56642246246,2.77602830977e-40,1.0,0.0,0.0,0.0,1.0,0.0,0.0,0.0,1.0,0
1480335474488891119,163,1480335474484404756,,0,0,46.5184402466,6.56640625,2.77602830977e-40,1.0,0.0,0.0,0.0,1.0,0.0,0.0,0.0,1.0,0
1480335474646293929,164,1480335474644096137,,0,0,46.5184402466,6.56639051437,2.77602830977e-40,1.0,0.0,0.0,0.0,1.0,0.0,0.0,0.0,1.0,0
1480335474855258638,165,1480335474852670225,,0,0,46.5184402466,6.56637525558,2.77602830977e-40,1.0,0.0,0.0,0.0,1.0,0.0,0.0,0.0,1.0,0
1480335475032383185,166,1480335475030064978,,0,0,46.5184364319,6.56635951996,2.77602830977e-40,1.0,0.0,0.0,0.0,1.0,0.0,0.0,0.0,1.0,0
1480335475242658714,167,1480335475237866521,,0,0,46.5184364319,6.56634473801,2.77602830977e-40,1.0,0.0,0.0,0.0,1.0,0.0,0.0,0.0,1.0,0
1480335475410848087,168,1480335475406108289,,0,0,46.5184364319,6.56632995605,2.77602830977e-40,1.0,0.0,0.0,0.0,1.0,0.0,0.0,0.0,1.0,0
1480335475632312155,169,1480335475627819281,,0,0,46.5184326172,6.56631708145,2.77602830977e-40,1.0,0.0,0.0,0.0,1.0,0.0,0.0,0.0,1.0,0
1480335475841456550,170,1480335475839214853,,0,0,46.5184288025,6.56630563736,2.77602830977e-40,1.0,0.0,0.0,0.0,1.0,0.0,0.0,0.0,1.0,0
1480335476044314391,171,1480335476040939371,,0,0,46.5184516907,6.56629133224,2.77602830977e-40,1.0,0.0,0.0,0.0,1.0,0.0,0.0,0.0,1.0,0
1480335476287249086,172,1480335476283704016,,0,0,46.5184440613,6.56628847122,2.77602830977e-40,1.0,0.0,0.0,0.0,1.0,0.0,0.0,0.0,1.0,0
1480335476496600718,173,1480335476493178720,,0,0,46.5184326172,6.56628608704,2.77602830977e-40,1.0,0.0,0.0,0.0,1.0,0.0,0.0,0.0,1.0,0
1480335476744866039,174,1480335476735824303,,0,0,46.5184211731,6.56628608704,2.77602830977e-40,1.0,0.0,0.0,0.0,1.0,0.0,0.0,0.0,1.0,0
1480335476964584187,175,1480335476959187312,,0,0,46.518409729,6.56629037857,2.77602830977e-40,1.0,0.0,0.0,0.0,1.0,0.0,0.0,0.0,1.0,0
1480335477131633726,176,1480335477128285738,,0,0,46.5184020996,6.56629610062,2.77602830977e-40,1.0,0.0,0.0,0.0,1.0,0.0,0.0,0.0,1.0,0
1480335477435710594,177,1480335477432141566,,0,0,46.5183944702,6.5663022995,2.77602830977e-40,1.0,0.0,0.0,0.0,1.0,0.0,0.0,0.0,1.0,0
1480335477705245554,178,1480335477696052674,,0,0,46.5183792114,6.56631422043,2.77602830977e-40,1.0,0.0,0.0,0.0,1.0,0.0,0.0,0.0,1.0,0
1480335477912539185,179,1480335477907409131,,0,0,46.5183677673,6.56632661819,2.77602830977e-40,1.0,0.0,0.0,0.0,1.0,0.0,0.0,0.0,1.0,0
1480335478164746291,180,1480335478157915055,,0,0,46.5183639526,6.56633710861,2.77602830977e-40,1.0,0.0,0.0,0.0,1.0,0.0,0.0,0.0,1.0,0
1480335478403287227,181,1480335478399877780,,0,0,46.5183601379,6.56634807587,2.77602830977e-40,1.0,0.0,0.0,0.0,1.0,0.0,0.0,0.0,1.0,0
1480335478614375145,182,1480335478610938407,,0,0,46.5183525085,6.56636619568,2.77602830977e-40,1.0,0.0,0.0,0.0,1.0,0.0,0.0,0.0,1.0,0
1480335478818589535,183,1480335478814037287,,0,0,46.5183525085,6.56637859344,2.77602830977e-40,1.0,0.0,0.0,0.0,1.0,0.0,0.0,0.0,1.0,0
1480335479009525772,184,1480335479007298085,,0,0,46.5183525085,6.56639146805,2.77602830977e-40,1.0,0.0,0.0,0.0,1.0,0.0,0.0,0.0,1.0,0
1480335479214135992,185,1480335479210534724,,0,0,46.5183525085,6.56640386581,2.77602830977e-40,1.0,0.0,0.0,0.0,1.0,0.0,0.0,0.0,1.0,0
1480335479404952542,186,1480335479402855843,,0,0,46.5183563232,6.56641578674,2.77602830977e-40,1.0,0.0,0.0,0.0,1.0,0.0,0.0,0.0,1.0,0
1480335479687183838,187,1480335479684446261,,0,0,46.5183601379,6.56642580032,2.77602830977e-40,1.0,0.0,0.0,0.0,1.0,0.0,0.0,0.0,1.0,0
1480335479969689976,188,1480335479966922086,,0,0,46.5183639526,6.56643438339,2.77602830977e-40,1.0,0.0,0.0,0.0,1.0,0.0,0.0,0.0,1.0,0
1480335480283651436,189,1480335480280455529,,0,0,46.5183753967,6.56644296646,2.77602830977e-40,1.0,0.0,0.0,0.0,1.0,0.0,0.0,0.0,1.0,0
1480335480560967936,190,1480335480557613228,,0,0,46.5183868408,6.56644535065,2.77602830977e-40,1.0,0.0,0.0,0.0,1.0,0.0,0.0,0.0,1.0,0
1480335480813524465,191,1480335480810880637,,0,0,46.5183982849,6.56644392014,2.77602830977e-40,1.0,0.0,0.0,0.0,1.0,0.0,0.0,0.0,1.0,0
1480335481155760393,192,1480335481150494662,,0,0,46.518409729,6.56644105911,2.77602830977e-40,1.0,0.0,0.0,0.0,1.0,0.0,0.0,0.0,1.0,0
1480335481538522285,193,1480335481535331639,,0,0,46.5184173584,6.56643724442,2.77602830977e-40,1.0,0.0,0.0,0.0,1.0,0.0,0.0,0.0,1.0,0
1480335481965784218,194,1480335481962026546,,0,0,46.5184173584,6.56644105911,2.77602830977e-40,1.0,0.0,0.0,0.0,1.0,0.0,0.0,0.0,1.0,0
1480335482428631955,195,1480335482425532349,,0,0,46.5184364319,6.56642484665,2.77602830977e-40,1.0,0.0,0.0,0.0,1.0,0.0,0.0,0.0,1.0,0
1480335482911711111,196,1480335482909620037,,0,0,46.5184555054,6.56640911102,2.77602830977e-40,1.0,0.0,0.0,0.0,1.0,0.0,0.0,0.0,1.0,0
1480335483509960046,197,1480335483507582933,,0,0,46.5184822083,6.56638813019,2.77602830977e-40,1.0,0.0,0.0,0.0,1.0,0.0,0.0,0.0,1.0,0
1480335483866373337,198,1480335483862392386,,0,0,46.518497467,6.56635665894,2.77602830977e-40,1.0,0.0,0.0,0.0,1.0,0.0,0.0,0.0,1.0,0
1480335483996628543,199,1480335483993845601,,0,0,46.5185012817,6.56633758545,2.77602830977e-40,1.0,0.0,0.0,0.0,1.0,0.0,0.0,0.0,1.0,0
1480335484096549509,200,1480335484094165157,,0,0,46.5185012817,6.56633090973,2.77602830977e-40,1.0,0.0,0.0,0.0,1.0,0.0,0.0,0.0,1.0,0
1480335484301763681,201,1480335484299084384,,0,0,46.518497467,6.56631755829,2.77602830977e-40,1.0,0.0,0.0,0.0,1.0,0.0,0.0,0.0,1.0,0
1480335484503508668,202,1480335484501442178,,0,0,46.5184822083,6.56629371643,2.77602830977e-40,1.0,0.0,0.0,0.0,1.0,0.0,0.0,0.0,1.0,0
1480335484710284909,203,1480335484707487123,,0,0,46.5184898376,6.56625938416,2.77602830977e-40,1.0,0.0,0.0,0.0,1.0,0.0,0.0,0.0,1.0,0
1480335484931799862,204,1480335484925569401,,0,0,46.5184745789,6.5662651062,2.77602830977e-40,1.0,0.0,0.0,0.0,1.0,0.0,0.0,0.0,1.0,0
1480335485110907463,205,1480335485107729316,,0,0,46.5184783936,6.56624317169,2.77602830977e-40,1.0,0.0,0.0,0.0,1.0,0.0,0.0,0.0,1.0,0
1480335485486221562,206,1480335485474006471,,0,0,46.5184707642,6.56623983383,2.77602830977e-40,1.0,0.0,0.0,0.0,1.0,0.0,0.0,0.0,1.0,0
1480335485752402440,207,1480335485749956265,,0,0,46.5184555054,6.56623888016,2.77602830977e-40,1.0,0.0,0.0,0.0,1.0,0.0,0.0,0.0,1.0,0
1480335486021445321,208,1480335486014583252,,0,0,46.5184555054,6.56627321243,2.77602830977e-40,1.0,0.0,0.0,0.0,1.0,0.0,0.0,0.0,1.0,0
1480335486344801795,209,1480335486342887022,,0,0,46.5184135437,6.56626558304,2.77602830977e-40,1.0,0.0,0.0,0.0,1.0,0.0,0.0,0.0,1.0,0
1480335486845617239,210,1480335486842735236,,0,0,46.5184173584,6.56627893448,2.77602830977e-40,1.0,0.0,0.0,0.0,1.0,0.0,0.0,0.0,1.0,0
1480335487172593157,211,1480335487166902014,,0,0,46.5183906555,6.56628608704,2.77602830977e-40,1.0,0.0,0.0,0.0,1.0,0.0,0.0,0.0,1.0,0
1480335487466422415,212,1480335487463352028,,0,0,46.5183830261,6.56628322601,2.77602830977e-40,1.0,0.0,0.0,0.0,1.0,0.0,0.0,0.0,1.0,0
1480335487651242200,213,1480335487647983534,,0,0,46.5183677673,6.56628704071,2.77602830977e-40,1.0,0.0,0.0,0.0,1.0,0.0,0.0,0.0,1.0,0
1480335487881297280,214,1480335487878690378,,0,0,46.5183601379,6.56628656387,2.77602830977e-40,1.0,0.0,0.0,0.0,1.0,0.0,0.0,0.0,1.0,0
1480335488054705299,215,1480335488051986888,,0,0,46.5183525085,6.56629610062,2.77602830977e-40,1.0,0.0,0.0,0.0,1.0,0.0,0.0,0.0,1.0,0
1480335488302732393,216,1480335488300366583,,0,0,46.5183448792,6.56630373001,2.77602830977e-40,1.0,0.0,0.0,0.0,1.0,0.0,0.0,0.0,1.0,0
1480335488651027013,217,1480335488647314392,,0,0,46.5183372498,6.56631660461,2.77602830977e-40,1.0,0.0,0.0,0.0,1.0,0.0,0.0,0.0,1.0,0
1480335488955384503,218,1480335488952581613,,0,0,46.5183296204,6.56633043289,2.77602830977e-40,1.0,0.0,0.0,0.0,1.0,0.0,0.0,0.0,1.0,0
1480335489223158230,219,1480335489220793773,,0,0,46.5183258057,6.56634473801,2.77602830977e-40,1.0,0.0,0.0,0.0,1.0,0.0,0.0,0.0,1.0,0
1480335489499401407,220,1480335489494306508,,0,0,46.5183181763,6.56635522842,2.77602830977e-40,1.0,0.0,0.0,0.0,1.0,0.0,0.0,0.0,1.0,0
1480335489902311178,221,1480335489898097416,,0,0,46.5183143616,6.56637477875,2.77602830977e-40,1.0,0.0,0.0,0.0,1.0,0.0,0.0,0.0,1.0,0
1480335490261947199,222,1480335490260542108,,0,0,46.5183067322,6.56639289856,2.77602830977e-40,1.0,0.0,0.0,0.0,1.0,0.0,0.0,0.0,1.0,0
1480335490487218626,223,1480335490484568860,,0,0,46.5183029175,6.56641674042,2.77602830977e-40,1.0,0.0,0.0,0.0,1.0,0.0,0.0,0.0,1.0,0
1480335490700735271,224,1480335490696459062,,0,0,46.5182991028,6.56642532349,2.77602830977e-40,1.0,0.0,0.0,0.0,1.0,0.0,0.0,0.0,1.0,0
1480335490904218366,225,1480335490899534557,,0,0,46.5182991028,6.56644535065,2.77602830977e-40,1.0,0.0,0.0,0.0,1.0,0.0,0.0,0.0,1.0,0
1480335491104696334,226,1480335491102139848,,0,0,46.5183029175,6.56645822525,2.77602830977e-40,1.0,0.0,0.0,0.0,1.0,0.0,0.0,0.0,1.0,0
1480335491473603932,227,1480335491471091769,,0,0,46.5183067322,6.56647062302,2.77602830977e-40,1.0,0.0,0.0,0.0,1.0,0.0,0.0,0.0,1.0,0
1480335491740568969,228,1480335491737512123,,0,0,46.5183143616,6.56648588181,2.77602830977e-40,1.0,0.0,0.0,0.0,1.0,0.0,0.0,0.0,1.0,0
1480335492172539711,229,1480335492167919755,,0,0,46.518321991,6.56649971008,2.77602830977e-40,1.0,0.0,0.0,0.0,1.0,0.0,0.0,0.0,1.0,0
1480335492527487600,230,1480335492524398983,,0,0,46.5183410645,6.56651306152,2.77602830977e-40,1.0,0.0,0.0,0.0,1.0,0.0,0.0,0.0,1.0,0
1480335493031538273,231,1480335493029114130,,0,0,46.5183601379,6.56651926041,2.77602830977e-40,1.0,0.0,0.0,0.0,1.0,0.0,0.0,0.0,1.0,0
1480335493575253513,232,1480335493573086868,,0,0,46.5183830261,6.56651687622,2.77602830977e-40,1.0,0.0,0.0,0.0,1.0,0.0,0.0,0.0,1.0,0
1480335494031877924,233,1480335494029775705,,0,0,46.518409729,6.56650829315,2.77602830977e-40,1.0,0.0,0.0,0.0,1.0,0.0,0.0,0.0,1.0,0
1480335494534524549,234,1480335494530226205,,0,0,46.5184326172,6.56649494171,2.77602830977e-40,1.0,0.0,0.0,0.0,1.0,0.0,0.0,0.0,1.0,0
1480335495169645264,235,1480335495166424254,,0,0,46.5184593201,6.56648492813,2.77602830977e-40,1.0,0.0,0.0,0.0,1.0,0.0,0.0,0.0,1.0,0
1480335495677804336,236,1480335495674452441,,0,0,46.5184898376,6.5664601326,2.77602830977e-40,1.0,0.0,0.0,0.0,1.0,0.0,0.0,0.0,1.0,0
1480335496124620872,237,1480335496121670120,,0,0,46.5185012817,6.566426754,2.77602830977e-40,1.0,0.0,0.0,0.0,1.0,0.0,0.0,0.0,1.0,0
1480335496369804244,238,1480335496366086050,,0,0,46.5185089111,6.56638765335,2.77602830977e-40,1.0,0.0,0.0,0.0,1.0,0.0,0.0,0.0,1.0,0
1480335496584782176,239,1480335496580235658,,0,0,46.5185089111,6.56637096405,2.77602830977e-40,1.0,0.0,0.0,0.0,1.0,0.0,0.0,0.0,1.0,0
1480335496765454762,240,1480335496760375227,,0,0,46.5185050964,6.56635522842,2.77602830977e-40,1.0,0.0,0.0,0.0,1.0,0.0,0.0,0.0,1.0,0
1480335496932890287,241,1480335496930499841,,0,0,46.5185012817,6.56632423401,2.77602830977e-40,1.0,0.0,0.0,0.0,1.0,0.0,0.0,0.0,1.0,0
1480335497114059951,242,1480335497111618048,,0,0,46.518497467,6.56631040573,2.77602830977e-40,1.0,0.0,0.0,0.0,1.0,0.0,0.0,0.0,1.0,0
1480335497366198360,243,1480335497363638853,,0,0,46.5184898376,6.56629800797,2.77602830977e-40,1.0,0.0,0.0,0.0,1.0,0.0,0.0,0.0,1.0,0
1480335497631799660,244,1480335497628751877,,0,0,46.5184822083,6.56628656387,2.77602830977e-40,1.0,0.0,0.0,0.0,1.0,0.0,0.0,0.0,1.0,0
1480335497878160364,245,1480335497873438638,,0,0,46.5184669495,6.56627368927,2.77602830977e-40,1.0,0.0,0.0,0.0,1.0,0.0,0.0,0.0,1.0,0
1480335498151992522,246,1480335498149523900,,0,0,46.5184555054,6.56627082825,2.77602830977e-40,1.0,0.0,0.0,0.0,1.0,0.0,0.0,0.0,1.0,0
1480335498490652390,247,1480335498487373620,,0,0,46.5184364319,6.56626605988,2.77602830977e-40,1.0,0.0,0.0,0.0,1.0,0.0,0.0,0.0,1.0,0
1480335498794134628,248,1480335498791079814,,0,0,46.5184211731,6.56626701355,2.77602830977e-40,1.0,0.0,0.0,0.0,1.0,0.0,0.0,0.0,1.0,0
1480335499057518345,249,1480335499054852902,,0,0,46.5184020996,6.56627225876,2.77602830977e-40,1.0,0.0,0.0,0.0,1.0,0.0,0.0,0.0,1.0,0
1480335499349007105,250,1480335499346807282,,0,0,46.5183868408,6.56628131866,2.77602830977e-40,1.0,0.0,0.0,0.0,1.0,0.0,0.0,0.0,1.0,0
1480335499761071163,251,1480335499758599156,,0,0,46.518371582,6.56629323959,2.77602830977e-40,1.0,0.0,0.0,0.0,1.0,0.0,0.0,0.0,1.0,0
1480335500130242092,252,1480335500127146080,,0,0,46.5183525085,6.56631278992,2.77602830977e-40,1.0,0.0,0.0,0.0,1.0,0.0,0.0,0.0,1.0,0
1480335500641558269,253,1480335500638945950,,0,0,46.5183334351,6.56633234024,2.77602830977e-40,1.0,0.0,0.0,0.0,1.0,0.0,0.0,0.0,1.0,0
1480335501100865414,254,1480335501096594049,,0,0,46.5183105469,6.56635522842,2.77602830977e-40,1.0,0.0,0.0,0.0,1.0,0.0,0.0,0.0,1.0,0
1480335501453549367,255,1480335501451885216,,0,0,46.5182952881,6.56637811661,2.77602830977e-40,1.0,0.0,0.0,0.0,1.0,0.0,0.0,0.0,1.0,0
1480335501708604987,256,1480335501706229489,,0,0,46.5182876587,6.56639385223,2.77602830977e-40,1.0,0.0,0.0,0.0,1.0,0.0,0.0,0.0,1.0,0
1480335501964328361,257,1480335501962324891,,0,0,46.518283844,6.56641101837,2.77602830977e-40,1.0,0.0,0.0,0.0,1.0,0.0,0.0,0.0,1.0,0
1480335502178850360,258,1480335502171251006,,0,0,46.518283844,6.5664229393,2.77602830977e-40,1.0,0.0,0.0,0.0,1.0,0.0,0.0,0.0,1.0,0
1480335502319544737,259,1480335502313433493,,0,0,46.5182876587,6.56642961502,2.77602830977e-40,1.0,0.0,0.0,0.0,1.0,0.0,0.0,0.0,1.0,0
1480335502509239423,260,1480335502506333357,,0,0,46.5182914734,6.56643724442,2.77602830977e-40,1.0,0.0,0.0,0.0,1.0,0.0,0.0,0.0,1.0,0
1480335502713526365,261,1480335502710811547,,0,0,46.5182952881,6.56644392014,2.77602830977e-40,1.0,0.0,0.0,0.0,1.0,0.0,0.0,0.0,1.0,0
1480335502903472038,262,1480335502900770189,,0,0,46.5182991028,6.56645107269,2.77602830977e-40,1.0,0.0,0.0,0.0,1.0,0.0,0.0,0.0,1.0,0
1480335503111507798,263,1480335503105822853,,0,0,46.5183029175,6.56645536423,2.77602830977e-40,1.0,0.0,0.0,0.0,1.0,0.0,0.0,0.0,1.0,0
1480335503321862962,264,1480335503317588368,,0,0,46.5183067322,6.56646203995,2.77602830977e-40,1.0,0.0,0.0,0.0,1.0,0.0,0.0,0.0,1.0,0
1480335503543442082,265,1480335503540799920,,0,0,46.5183143616,6.5664691925,2.77602830977e-40,1.0,0.0,0.0,0.0,1.0,0.0,0.0,0.0,1.0,0
1480335503807646364,266,1480335503805453989,,0,0,46.5183181763,6.56647396088,2.77602830977e-40,1.0,0.0,0.0,0.0,1.0,0.0,0.0,0.0,1.0,0
1480335504047932386,267,1480335504045254600,,0,0,46.518321991,6.56647920609,2.77602830977e-40,1.0,0.0,0.0,0.0,1.0,0.0,0.0,0.0,1.0,0
1480335504262156056,268,1480335504259215198,,0,0,46.5183296204,6.56648540497,2.77602830977e-40,1.0,0.0,0.0,0.0,1.0,0.0,0.0,0.0,1.0,0
1480335504493170709,269,1480335504491039792,,0,0,46.5183334351,6.5664896965,2.77602830977e-40,1.0,0.0,0.0,0.0,1.0,0.0,0.0,0.0,1.0,0
1480335504636605892,270,1480335504633349101,,0,0,46.5183410645,6.56649255753,2.77602830977e-40,1.0,0.0,0.0,0.0,1.0,0.0,0.0,0.0,1.0,0
1480335504982805636,271,1480335504979849883,,0,0,46.5183448792,6.5664935112,2.77602830977e-40,1.0,0.0,0.0,0.0,1.0,0.0,0.0,0.0,1.0,0
1480335505195367342,272,1480335505193393142,,0,0,46.5183525085,6.56649303436,2.77602830977e-40,1.0,0.0,0.0,0.0,1.0,0.0,0.0,0.0,1.0,0
1480335505347159840,273,1480335505345412045,,0,0,46.5183601379,6.56649446487,2.77602830977e-40,1.0,0.0,0.0,0.0,1.0,0.0,0.0,0.0,1.0,0
1480335505631309608,274,1480335505628678539,,0,0,46.5183639526,6.56649541855,2.77602830977e-40,1.0,0.0,0.0,0.0,1.0,0.0,0.0,0.0,1.0,0
1480335505892559439,275,1480335505890471074,,0,0,46.518371582,6.56650066376,2.77602830977e-40,1.0,0.0,0.0,0.0,1.0,0.0,0.0,0.0,1.0,0
1480335506220529046,276,1480335506216325961,,0,0,46.5183792114,6.5664973259,2.77602830977e-40,1.0,0.0,0.0,0.0,1.0,0.0,0.0,0.0,1.0,0
1480335506412306420,277,1480335506410117014,,0,0,46.5183868408,6.56649494171,2.77602830977e-40,1.0,0.0,0.0,0.0,1.0,0.0,0.0,0.0,1.0,0
1480335506656106472,278,1480335506653767848,,0,0,46.5183906555,6.56649684906,2.77602830977e-40,1.0,0.0,0.0,0.0,1.0,0.0,0.0,0.0,1.0,0
1480335506809737026,279,1480335506807544390,,0,0,46.5183944702,6.56650018692,2.77602830977e-40,1.0,0.0,0.0,0.0,1.0,0.0,0.0,0.0,1.0,0
1480335507017065761,280,1480335507012895072,,0,0,46.5183944702,6.56650495529,2.77602830977e-40,1.0,0.0,0.0,0.0,1.0,0.0,0.0,0.0,1.0,0
1480335507207844916,281,1480335507205348430,,0,0,46.5183944702,6.56650829315,2.77602830977e-40,1.0,0.0,0.0,0.0,1.0,0.0,0.0,0.0,1.0,0
1480335507391528983,282,1480335507386316689,,0,0,46.5183944702,6.56651067734,2.77602830977e-40,1.0,0.0,0.0,0.0,1.0,0.0,0.0,0.0,1.0,0
1480335507490389595,283,1480335507487627642,,0,0,46.5183944702,6.5665102005,2.77602830977e-40,1.0,0.0,0.0,0.0,1.0,0.0,0.0,0.0,1.0,0
1480335507602017323,284,1480335507599164278,,0,0,46.5183906555,6.56651067734,2.77602830977e-40,1.0,0.0,0.0,0.0,1.0,0.0,0.0,0.0,1.0,0
1480335507805193703,285,1480335507803166066,,0,0,46.5183944702,6.56650829315,2.77602830977e-40,1.0,0.0,0.0,0.0,1.0,0.0,0.0,0.0,1.0,0
1480335508000315993,286,1480335507995868432,,0,0,46.5183982849,6.56650209427,2.77602830977e-40,1.0,0.0,0.0,0.0,1.0,0.0,0.0,0.0,1.0,0
1480335508201571089,287,1480335508198228621,,0,0,46.5183982849,6.56650352478,2.77602830977e-40,1.0,0.0,0.0,0.0,1.0,0.0,0.0,0.0,1.0,0
1480335508405723240,288,1480335508402902434,,0,0,46.5183982849,6.56650352478,2.77602830977e-40,1.0,0.0,0.0,0.0,1.0,0.0,0.0,0.0,1.0,0
1480335508599613251,289,1480335508595225168,,0,0,46.5183982849,6.56650352478,2.77602830977e-40,1.0,0.0,0.0,0.0,1.0,0.0,0.0,0.0,1.0,0
1480335508802239375,290,1480335508799363257,,0,0,46.5183982849,6.56650352478,2.77602830977e-40,1.0,0.0,0.0,0.0,1.0,0.0,0.0,0.0,1.0,0
1480335509007239956,291,1480335509004022695,,0,0,46.5183982849,6.56650352478,2.77602830977e-40,1.0,0.0,0.0,0.0,1.0,0.0,0.0,0.0,1.0,0
1480335509205415186,292,1480335509202963386,,0,0,46.5183982849,6.56650352478,2.77602830977e-40,1.0,0.0,0.0,0.0,1.0,0.0,0.0,0.0,1.0,0
1480335509397983282,293,1480335509395252943,,0,0,46.5183982849,6.56650304794,2.77602830977e-40,1.0,0.0,0.0,0.0,1.0,0.0,0.0,0.0,1.0,0
1480335509602557252,294,1480335509597852922,,0,0,46.5183982849,6.56650352478,2.77602830977e-40,1.0,0.0,0.0,0.0,1.0,0.0,0.0,0.0,1.0,0
1480335509803208604,295,1480335509800438109,,0,0,46.5183982849,6.56650257111,2.77602830977e-40,1.0,0.0,0.0,0.0,1.0,0.0,0.0,0.0,1.0,0
1480335510005310827,296,1480335510003343137,,0,0,46.5183982849,6.56650257111,2.77602830977e-40,1.0,0.0,0.0,0.0,1.0,0.0,0.0,0.0,1.0,0
1480335510199356513,297,1480335510195308010,,0,0,46.5183982849,6.56650257111,2.77602830977e-40,1.0,0.0,0.0,0.0,1.0,0.0,0.0,0.0,1.0,0
1480335510404214543,298,1480335510400447027,,0,0,46.5183982849,6.56650257111,2.77602830977e-40,1.0,0.0,0.0,0.0,1.0,0.0,0.0,0.0,1.0,0
1480335510597724557,299,1480335510595048385,,0,0,46.5183982849,6.56650257111,2.77602830977e-40,1.0,0.0,0.0,0.0,1.0,0.0,0.0,0.0,1.0,0
1480335510811504584,300,1480335510809441115,,0,0,46.5183982849,6.56650257111,2.77602830977e-40,1.0,0.0,0.0,0.0,1.0,0.0,0.0,0.0,1.0,0
1480335510994174755,301,1480335510990922755,,0,0,46.5183982849,6.56650257111,2.77602830977e-40,1.0,0.0,0.0,0.0,1.0,0.0,0.0,0.0,1.0,0
1480335511203643105,302,1480335511195254488,,0,0,46.5183982849,6.56650257111,2.77602830977e-40,1.0,0.0,0.0,0.0,1.0,0.0,0.0,0.0,1.0,0
1480335511404417841,303,1480335511400562045,,0,0,46.5183982849,6.56650257111,2.77602830977e-40,1.0,0.0,0.0,0.0,1.0,0.0,0.0,0.0,1.0,0
1480335511584575327,304,1480335511582139726,,0,0,46.5183982849,6.56650257111,2.77602830977e-40,1.0,0.0,0.0,0.0,1.0,0.0,0.0,0.0,1.0,0
1480335511696590448,305,1480335511692670225,,0,0,46.5183982849,6.56650257111,2.77602830977e-40,1.0,0.0,0.0,0.0,1.0,0.0,0.0,0.0,1.0,0
1480335511819334111,306,1480335511813614843,,0,0,46.5183982849,6.56650257111,2.77602830977e-40,1.0,0.0,0.0,0.0,1.0,0.0,0.0,0.0,1.0,0
1480335511998981863,307,1480335511996160744,,0,0,46.5183982849,6.56650209427,2.77602830977e-40,1.0,0.0,0.0,0.0,1.0,0.0,0.0,0.0,1.0,0
1480335512204273899,308,1480335512200983202,,0,0,46.5183982849,6.56650257111,2.77602830977e-40,1.0,0.0,0.0,0.0,1.0,0.0,0.0,0.0,1.0,0
1480335512406112010,309,1480335512404144008,,0,0,46.5183982849,6.56650209427,2.77602830977e-40,1.0,0.0,0.0,0.0,1.0,0.0,0.0,0.0,1.0,0
1480335512629574601,310,1480335512625000426,,0,0,46.5183982849,6.56650209427,2.77602830977e-40,1.0,0.0,0.0,0.0,1.0,0.0,0.0,0.0,1.0,0
1480335512828824508,311,1480335512825585997,,0,0,46.5183982849,6.56650257111,2.77602830977e-40,1.0,0.0,0.0,0.0,1.0,0.0,0.0,0.0,1.0,0
1480335512990087749,312,1480335512987478659,,0,0,46.5183982849,6.56650352478,2.77602830977e-40,1.0,0.0,0.0,0.0,1.0,0.0,0.0,0.0,1.0,0
1480335513093634409,313,1480335513090307983,,0,0,46.5183982849,6.56650352478,2.77602830977e-40,1.0,0.0,0.0,0.0,1.0,0.0,0.0,0.0,1.0,0
1480335513212160353,314,1480335513207352014,,0,0,46.5183982849,6.56650400162,2.77602830977e-40,1.0,0.0,0.0,0.0,1.0,0.0,0.0,0.0,1.0,0
1480335513413369512,315,1480335513410956410,,0,0,46.5183982849,6.56650400162,2.77602830977e-40,1.0,0.0,0.0,0.0,1.0,0.0,0.0,0.0,1.0,0
1480335513605937451,316,1480335513603154718,,0,0,46.5183982849,6.56650495529,2.77602830977e-40,1.0,0.0,0.0,0.0,1.0,0.0,0.0,0.0,1.0,0
1480335513812540673,317,1480335513807904051,,0,0,46.5183982849,6.56650495529,2.77602830977e-40,1.0,0.0,0.0,0.0,1.0,0.0,0.0,0.0,1.0,0
1480335514013888737,318,1480335514011597821,,0,0,46.5183982849,6.56650495529,2.77602830977e-40,1.0,0.0,0.0,0.0,1.0,0.0,0.0,0.0,1.0,0
1480335514208510407,319,1480335514205456738,,0,0,46.5183982849,6.56650447845,2.77602830977e-40,1.0,0.0,0.0,0.0,1.0,0.0,0.0,0.0,1.0,0
1480335514414366500,320,1480335514410226644,,0,0,46.5183982849,6.56650447845,2.77602830977e-40,1.0,0.0,0.0,0.0,1.0,0.0,0.0,0.0,1.0,0
1480335514637741071,321,1480335514633741943,,0,0,46.5183982849,6.56650495529,2.77602830977e-40,1.0,0.0,0.0,0.0,1.0,0.0,0.0,0.0,1.0,0
1480335514829892192,322,1480335514826469725,,0,0,46.5183982849,6.56650543213,2.77602830977e-40,1.0,0.0,0.0,0.0,1.0,0.0,0.0,0.0,1.0,0
1480335515019315474,323,1480335515015761602,,0,0,46.5183982849,6.56650590897,2.77602830977e-40,1.0,0.0,0.0,0.0,1.0,0.0,0.0,0.0,1.0,0
1480335515211103526,324,1480335515208685268,,0,0,46.5183982849,6.56650590897,2.77602830977e-40,1.0,0.0,0.0,0.0,1.0,0.0,0.0,0.0,1.0,0
1480335515413542152,325,1480335515411777221,,0,0,46.5183982849,6.56650686264,2.77602830977e-40,1.0,0.0,0.0,0.0,1.0,0.0,0.0,0.0,1.0,0
1480335515615110266,326,1480335515612070503,,0,0,46.5183982849,6.56650924683,2.77602830977e-40,1.0,0.0,0.0,0.0,1.0,0.0,0.0,0.0,1.0,0
1480335515807965182,327,1480335515804327769,,0,0,46.5183982849,6.56651210785,2.77602830977e-40,1.0,0.0,0.0,0.0,1.0,0.0,0.0,0.0,1.0,0
1480335516011468850,328,1480335516008126695,,0,0,46.5183982849,6.56651449203,2.77602830977e-40,1.0,0.0,0.0,0.0,1.0,0.0,0.0,0.0,1.0,0
1480335516211928745,329,1480335516208674714,,0,0,46.5184173584,6.56651258469,2.77602830977e-40,1.0,0.0,0.0,0.0,1.0,0.0,0.0,0.0,1.0,0
1480335516413676753,330,1480335516411385265,,0,0,46.5184135437,6.56651735306,2.77602830977e-40,1.0,0.0,0.0,0.0,1.0,0.0,0.0,0.0,1.0,0
1480335516618185776,331,1480335516614067586,,0,0,46.518409729,6.56651735306,2.77602830977e-40,1.0,0.0,0.0,0.0,1.0,0.0,0.0,0.0,1.0,0
1480335516827792198,332,1480335516824780560,,0,0,46.5184135437,6.56652021408,2.77602830977e-40,1.0,0.0,0.0,0.0,1.0,0.0,0.0,0.0,1.0,0
1480335517020260347,333,1480335517018298334,,0,0,46.5184135437,6.5665230751,2.77602830977e-40,1.0,0.0,0.0,0.0,1.0,0.0,0.0,0.0,1.0,0
1480335517215613208,334,1480335517211486529,,0,0,46.5184135437,6.56652641296,2.77602830977e-40,1.0,0.0,0.0,0.0,1.0,0.0,0.0,0.0,1.0,0
1480335517420219521,335,1480335517417075385,,0,0,46.5184173584,6.56653022766,2.77602830977e-40,1.0,0.0,0.0,0.0,1.0,0.0,0.0,0.0,1.0,0
1480335517610544670,336,1480335517608451097,,0,0,46.5184211731,6.56653356552,2.77602830977e-40,1.0,0.0,0.0,0.0,1.0,0.0,0.0,0.0,1.0,0
1480335517823511685,337,1480335517821529673,,0,0,46.5184211731,6.56653738022,2.77602830977e-40,1.0,0.0,0.0,0.0,1.0,0.0,0.0,0.0,1.0,0
1480335518029501214,338,1480335518025461514,,0,0,46.5184249878,6.56654167175,2.77602830977e-40,1.0,0.0,0.0,0.0,1.0,0.0,0.0,0.0,1.0,0
1480335518226331874,339,1480335518219740739,,0,0,46.5184288025,6.5665473938,2.77602830977e-40,1.0,0.0,0.0,0.0,1.0,0.0,0.0,0.0,1.0,0
1480335518417165455,340,1480335518414033819,,0,0,46.5184288025,6.56655073166,2.77602830977e-40,1.0,0.0,0.0,0.0,1.0,0.0,0.0,0.0,1.0,0
1480335518610567241,341,1480335518608346169,,0,0,46.5184326172,6.56655406952,2.77602830977e-40,1.0,0.0,0.0,0.0,1.0,0.0,0.0,0.0,1.0,0
1480335518826073502,342,1480335518823903888,,0,0,46.5184326172,6.56655788422,2.77602830977e-40,1.0,0.0,0.0,0.0,1.0,0.0,0.0,0.0,1.0,0
1480335519031078822,343,1480335519027303650,,0,0,46.5184326172,6.56655931473,2.77602830977e-40,1.0,0.0,0.0,0.0,1.0,0.0,0.0,0.0,1.0,0
1480335519222181776,344,1480335519219209097,,0,0,46.5184364319,6.56656551361,2.77602830977e-40,1.0,0.0,0.0,0.0,1.0,0.0,0.0,0.0,1.0,0
1480335519426535436,345,1480335519424933889,,0,0,46.5184402466,6.56656932831,2.77602830977e-40,1.0,0.0,0.0,0.0,1.0,0.0,0.0,0.0,1.0,0
1480335519623639530,346,1480335519618454268,,0,0,46.5184402466,6.56657266617,2.77602830977e-40,1.0,0.0,0.0,0.0,1.0,0.0,0.0,0.0,1.0,0
1480335519811789856,347,1480335519809978311,,0,0,46.5184402466,6.56657457352,2.77602830977e-40,1.0,0.0,0.0,0.0,1.0,0.0,0.0,0.0,1.0,0
1480335520034265686,348,1480335520032318204,,0,0,46.5184440613,6.56657791138,2.77602830977e-40,1.0,0.0,0.0,0.0,1.0,0.0,0.0,0.0,1.0,0
1480335520225243380,349,1480335520222923194,,0,0,46.518447876,6.56658124924,2.77602830977e-40,1.0,0.0,0.0,0.0,1.0,0.0,0.0,0.0,1.0,0
1480335520420409472,350,1480335520417579656,,0,0,46.518447876,6.5665845871,2.77602830977e-40,1.0,0.0,0.0,0.0,1.0,0.0,0.0,0.0,1.0,0
1480335520625762966,351,1480335520619843075,,0,0,46.5184516907,6.56658792496,2.77602830977e-40,1.0,0.0,0.0,0.0,1.0,0.0,0.0,0.0,1.0,0
1480335520825342037,352,1480335520823246275,,0,0,46.5184516907,6.56659126282,2.77602830977e-40,1.0,0.0,0.0,0.0,1.0,0.0,0.0,0.0,1.0,0
1480335521020712345,353,1480335521017444148,,0,0,46.5184745789,6.56659317017,2.77602830977e-40,1.0,0.0,0.0,0.0,1.0,0.0,0.0,0.0,1.0,0
1480335521214416993,354,1480335521212337273,,0,0,46.5184783936,6.56659555435,2.77602830977e-40,1.0,0.0,0.0,0.0,1.0,0.0,0.0,0.0,1.0,0
1480335521428735765,355,1480335521426027250,,0,0,46.5184783936,6.56659841537,2.77602830977e-40,1.0,0.0,0.0,0.0,1.0,0.0,0.0,0.0,1.0,0
1480335521611119011,356,1480335521608918928,,0,0,46.5184822083,6.56660032272,2.77602830977e-40,1.0,0.0,0.0,0.0,1.0,0.0,0.0,0.0,1.0,0
1480335521812883113,357,1480335521810705321,,0,0,46.5185012817,6.56659793854,2.77602830977e-40,1.0,0.0,0.0,0.0,1.0,0.0,0.0,0.0,1.0,0
1480335522013071604,358,1480335522009981842,,0,0,46.5185012817,6.5666012764,2.77602830977e-40,1.0,0.0,0.0,0.0,1.0,0.0,0.0,0.0,1.0,0
1480335522217493701,359,1480335522214447689,,0,0,46.5185089111,6.56660366058,2.77602830977e-40,1.0,0.0,0.0,0.0,1.0,0.0,0.0,0.0,1.0,0
1480335522410742311,360,1480335522408338689,,0,0,46.5185089111,6.56660699844,2.77602830977e-40,1.0,0.0,0.0,0.0,1.0,0.0,0.0,0.0,1.0,0
1480335522593224463,361,1480335522590250273,,0,0,46.5184822083,6.56664323807,2.77602830977e-40,1.0,0.0,0.0,0.0,1.0,0.0,0.0,0.0,1.0,0
1480335522812441001,362,1480335522809862900,,0,0,46.5185279846,6.56665325165,2.77602830977e-40,1.0,0.0,0.0,0.0,1.0,0.0,0.0,0.0,1.0,0
1480335523006476270,363,1480335523003734474,,0,0,46.5184936523,6.566655159,2.77602830977e-40,1.0,0.0,0.0,0.0,1.0,0.0,0.0,0.0,1.0,0
1480335523211736327,364,1480335523207397255,,0,0,46.5184936523,6.56665086746,2.77602830977e-40,1.0,0.0,0.0,0.0,1.0,0.0,0.0,0.0,1.0,0
1480335523412633041,365,1480335523409377344,,0,0,46.5185012817,6.56664991379,2.77602830977e-40,1.0,0.0,0.0,0.0,1.0,0.0,0.0,0.0,1.0,0
1480335523605423687,366,1480335523602850066,,0,0,46.5185012817,6.56665468216,2.77602830977e-40,1.0,0.0,0.0,0.0,1.0,0.0,0.0,0.0,1.0,0
1480335523805254005,367,1480335523803242462,,0,0,46.5185012817,6.56665897369,2.77602830977e-40,1.0,0.0,0.0,0.0,1.0,0.0,0.0,0.0,1.0,0
1480335523989523483,368,1480335523987151996,,0,0,46.5185012817,6.56666326523,2.77602830977e-40,1.0,0.0,0.0,0.0,1.0,0.0,0.0,0.0,1.0,0
1480335524205247503,369,1480335524203209189,,0,0,46.5185012817,6.56666469574,2.77602830977e-40,1.0,0.0,0.0,0.0,1.0,0.0,0.0,0.0,1.0,0
1480335524396323009,370,1480335524394051156,,0,0,46.5185050964,6.56666469574,2.77602830977e-40,1.0,0.0,0.0,0.0,1.0,0.0,0.0,0.0,1.0,0
1480335524602175769,371,1480335524598927936,,0,0,46.5185050964,6.56666564941,2.77602830977e-40,1.0,0.0,0.0,0.0,1.0,0.0,0.0,0.0,1.0,0
1480335524805590115,372,1480335524802568633,,0,0,46.5185089111,6.56666946411,2.77602830977e-40,1.0,0.0,0.0,0.0,1.0,0.0,0.0,0.0,1.0,0
1480335525016372202,373,1480335525013216191,,0,0,46.5185050964,6.56667327881,2.77602830977e-40,1.0,0.0,0.0,0.0,1.0,0.0,0.0,0.0,1.0,0
1480335525207056046,374,1480335525204005763,,0,0,46.5185050964,6.56668949127,2.77602830977e-40,1.0,0.0,0.0,0.0,1.0,0.0,0.0,0.0,1.0,0
1480335525408377339,375,1480335525406049184,,0,0,46.5185012817,6.56668901443,2.77602830977e-40,1.0,0.0,0.0,0.0,1.0,0.0,0.0,0.0,1.0,0
1480335525609340042,376,1480335525607225166,,0,0,46.5185012817,6.56668567657,2.77602830977e-40,1.0,0.0,0.0,0.0,1.0,0.0,0.0,0.0,1.0,0
1480335525810224673,377,1480335525801777098,,0,0,46.5185012817,6.56668376923,2.77602830977e-40,1.0,0.0,0.0,0.0,1.0,0.0,0.0,0.0,1.0,0
1480335526012847984,378,1480335526008146623,,0,0,46.518497467,6.56668281555,2.77602830977e-40,1.0,0.0,0.0,0.0,1.0,0.0,0.0,0.0,1.0,0
1480335526206043835,379,1480335526202450432,,0,0,46.518497467,6.56668329239,2.77602830977e-40,1.0,0.0,0.0,0.0,1.0,0.0,0.0,0.0,1.0,0
1480335526408753292,380,1480335526405988735,,0,0,46.518497467,6.56668138504,2.77602830977e-40,1.0,0.0,0.0,0.0,1.0,0.0,0.0,0.0,1.0,0
1480335526620854898,381,1480335526618729970,,0,0,46.518497467,6.56668138504,2.77602830977e-40,1.0,0.0,0.0,0.0,1.0,0.0,0.0,0.0,1.0,0
1480335526809870945,382,1480335526800886865,,0,0,46.518497467,6.56668233871,2.77602830977e-40,1.0,0.0,0.0,0.0,1.0,0.0,0.0,0.0,1.0,0
1480335527003520489,383,1480335527000875618,,0,0,46.518497467,6.56668233871,2.77602830977e-40,1.0,0.0,0.0,0.0,1.0,0.0,0.0,0.0,1.0,0
1480335527203637054,384,1480335527199639749,,0,0,46.518497467,6.56668233871,2.77602830977e-40,1.0,0.0,0.0,0.0,1.0,0.0,0.0,0.0,1.0,0
1480335527406231147,385,1480335527403992367,,0,0,46.518497467,6.56668186188,2.77602830977e-40,1.0,0.0,0.0,0.0,1.0,0.0,0.0,0.0,1.0,0
1480335527601571717,386,1480335527598392737,,0,0,46.518497467,6.56667900085,2.77602830977e-40,1.0,0.0,0.0,0.0,1.0,0.0,0.0,0.0,1.0,0
1480335527809204876,387,1480335527804014510,,0,0,46.518497467,6.56667757034,2.77602830977e-40,1.0,0.0,0.0,0.0,1.0,0.0,0.0,0.0,1.0,0
1480335528000731576,388,1480335527995948966,,0,0,46.518497467,6.56667566299,2.77602830977e-40,1.0,0.0,0.0,0.0,1.0,0.0,0.0,0.0,1.0,0
1480335528183996116,389,1480335528179622669,,0,0,46.518497467,6.56667566299,2.77602830977e-40,1.0,0.0,0.0,0.0,1.0,0.0,0.0,0.0,1.0,0
1480335528301341654,390,1480335528299660681,,0,0,46.518497467,6.56667375565,2.77602830977e-40,1.0,0.0,0.0,0.0,1.0,0.0,0.0,0.0,1.0,0
1480335528493704752,391,1480335528491061444,,0,0,46.518497467,6.56667470932,2.77602830977e-40,1.0,0.0,0.0,0.0,1.0,0.0,0.0,0.0,1.0,0
1480335528709111327,392,1480335528703415131,,0,0,46.518497467,6.56667470932,2.77602830977e-40,1.0,0.0,0.0,0.0,1.0,0.0,0.0,0.0,1.0,0
1480335528901582445,393,1480335528894522460,,0,0,46.518497467,6.56667327881,2.77602830977e-40,1.0,0.0,0.0,0.0,1.0,0.0,0.0,0.0,1.0,0
1480335529102068121,394,1480335529095844483,,0,0,46.5184936523,6.56667327881,2.77602830977e-40,1.0,0.0,0.0,0.0,1.0,0.0,0.0,0.0,1.0,0
1480335529300624336,395,1480335529297676500,,0,0,46.5184936523,6.56667327881,2.77602830977e-40,1.0,0.0,0.0,0.0,1.0,0.0,0.0,0.0,1.0,0
1480335529485006574,396,1480335529481050153,,0,0,46.5184936523,6.56667375565,2.77602830977e-40,1.0,0.0,0.0,0.0,1.0,0.0,0.0,0.0,1.0,0
1480335529582137254,397,1480335529579930609,,0,0,46.5184936523,6.56667327881,2.77602830977e-40,1.0,0.0,0.0,0.0,1.0,0.0,0.0,0.0,1.0,0
1480335529701142933,398,1480335529699075140,,0,0,46.5184936523,6.56667327881,2.77602830977e-40,1.0,0.0,0.0,0.0,1.0,0.0,0.0,0.0,1.0,0
1480335529898790876,399,1480335529892238022,,0,0,46.5184936523,6.5666718483,2.77602830977e-40,1.0,0.0,0.0,0.0,1.0,0.0,0.0,0.0,1.0,0
1480335530095680753,400,1480335530092320629,,0,0,46.5185089111,6.56664991379,2.77602830977e-40,1.0,0.0,0.0,0.0,1.0,0.0,0.0,0.0,1.0,0
1480335530295537529,401,1480335530292819326,,0,0,46.5185012817,6.56665802002,2.77602830977e-40,1.0,0.0,0.0,0.0,1.0,0.0,0.0,0.0,1.0,0
1480335530506153525,402,1480335530502160594,,0,0,46.518497467,6.56666612625,2.77602830977e-40,1.0,0.0,0.0,0.0,1.0,0.0,0.0,0.0,1.0,0
1480335530699050836,403,1480335530693845834,,0,0,46.5185012817,6.56666231155,2.77602830977e-40,1.0,0.0,0.0,0.0,1.0,0.0,0.0,0.0,1.0,0
1480335530900626971,404,1480335530896025088,,0,0,46.518497467,6.56666612625,2.77602830977e-40,1.0,0.0,0.0,0.0,1.0,0.0,0.0,0.0,1.0,0
1480335531103011275,405,1480335531099928075,,0,0,46.518497467,6.5666718483,2.77602830977e-40,1.0,0.0,0.0,0.0,1.0,0.0,0.0,0.0,1.0,0
1480335531308047428,406,1480335531303607106,,0,0,46.518497467,6.56667137146,2.77602830977e-40,1.0,0.0,0.0,0.0,1.0,0.0,0.0,0.0,1.0,0
1480335531499302984,407,1480335531497021913,,0,0,46.518497467,6.56667280197,2.77602830977e-40,1.0,0.0,0.0,0.0,1.0,0.0,0.0,0.0,1.0,0
1480335531704037526,408,1480335531699562777,,0,0,46.5184936523,6.56667375565,2.77602830977e-40,1.0,0.0,0.0,0.0,1.0,0.0,0.0,0.0,1.0,0
1480335531912587448,409,1480335531908824203,,0,0,46.5184936523,6.56667423248,2.77602830977e-40,1.0,0.0,0.0,0.0,1.0,0.0,0.0,0.0,1.0,0
1480335532103666391,410,1480335532100500641,,0,0,46.5184936523,6.56667423248,2.77602830977e-40,1.0,0.0,0.0,0.0,1.0,0.0,0.0,0.0,1.0,0
1480335532294586326,411,1480335532291133495,,0,0,46.5184936523,6.56667470932,2.77602830977e-40,1.0,0.0,0.0,0.0,1.0,0.0,0.0,0.0,1.0,0
1480335532397841427,412,1480335532392485385,,0,0,46.5184898376,6.56667470932,2.77602830977e-40,1.0,0.0,0.0,0.0,1.0,0.0,0.0,0.0,1.0,0
1480335532595789888,413,1480335532593097674,,0,0,46.5184936523,6.56667470932,2.77602830977e-40,1.0,0.0,0.0,0.0,1.0,0.0,0.0,0.0,1.0,0
1480335532809585488,414,1480335532806029950,,0,0,46.5184936523,6.56667470932,2.77602830977e-40,1.0,0.0,0.0,0.0,1.0,0.0,0.0,0.0,1.0,0
1480335533000814587,415,1480335532998433308,,0,0,46.5184898376,6.56667518616,2.77602830977e-40,1.0,0.0,0.0,0.0,1.0,0.0,0.0,0.0,1.0,0
1480335533202662021,416,1480335533200027307,,0,0,46.5184898376,6.56667566299,2.77602830977e-40,1.0,0.0,0.0,0.0,1.0,0.0,0.0,0.0,1.0,0
1480335533405250385,417,1480335533401587920,,0,0,46.5184898376,6.56667518616,2.77602830977e-40,1.0,0.0,0.0,0.0,1.0,0.0,0.0,0.0,1.0,0
1480335533599573985,418,1480335533592001506,,0,0,46.5184898376,6.56667566299,2.77602830977e-40,1.0,0.0,0.0,0.0,1.0,0.0,0.0,0.0,1.0,0
1480335533795583507,419,1480335533792971553,,0,0,46.5184898376,6.56667566299,2.77602830977e-40,1.0,0.0,0.0,0.0,1.0,0.0,0.0,0.0,1.0,0
1480335534009135984,420,1480335534006082628,,0,0,46.5184898376,6.56667566299,2.77602830977e-40,1.0,0.0,0.0,0.0,1.0,0.0,0.0,0.0,1.0,0
1480335534201748663,421,1480335534198463695,,0,0,46.5184898376,6.56667566299,2.77602830977e-40,1.0,0.0,0.0,0.0,1.0,0.0,0.0,0.0,1.0,0
1480335534407299707,422,1480335534400413003,,0,0,46.5184860229,6.56667613983,2.77602830977e-40,1.0,0.0,0.0,0.0,1.0,0.0,0.0,0.0,1.0,0
1480335534594667176,423,1480335534592176159,,0,0,46.5184860229,6.56667661667,2.77602830977e-40,1.0,0.0,0.0,0.0,1.0,0.0,0.0,0.0,1.0,0
1480335534805322026,424,1480335534803389232,,0,0,46.5184860229,6.56667661667,2.77602830977e-40,1.0,0.0,0.0,0.0,1.0,0.0,0.0,0.0,1.0,0
1480335535001889510,425,1480335534998962247,,0,0,46.5184860229,6.56667423248,2.77602830977e-40,1.0,0.0,0.0,0.0,1.0,0.0,0.0,0.0,1.0,0
1480335535205409636,426,1480335535200502652,,0,0,46.5184860229,6.56667804718,2.77602830977e-40,1.0,0.0,0.0,0.0,1.0,0.0,0.0,0.0,1.0,0
1480335535404195589,427,1480335535401389471,,0,0,46.5184822083,6.56667804718,2.77602830977e-40,1.0,0.0,0.0,0.0,1.0,0.0,0.0,0.0,1.0,0
