%time,field.header.seq,field.header.stamp,field.header.frame_id,field.status.status,field.status.service,field.latitude,field.longitude,field.altitude,field.position_covariance0,field.position_covariance1,field.position_covariance2,field.position_covariance3,field.position_covariance4,field.position_covariance5,field.position_covariance6,field.position_covariance7,field.position_covariance8,field.position_covariance_type
1480510684386265548,53,1480510684381887431,,0,0,46.5184860229,6.56673049927,2.77602830977e-40,1.0,0.0,0.0,0.0,1.0,0.0,0.0,0.0,1.0,0
1480510684580815688,54,1480510684575906010,,0,0,46.5184860229,6.56673049927,2.77602830977e-40,1.0,0.0,0.0,0.0,1.0,0.0,0.0,0.0,1.0,0
1480510684773706768,55,1480510684769973755,,0,0,46.5184860229,6.56673049927,2.77602830977e-40,1.0,0.0,0.0,0.0,1.0,0.0,0.0,0.0,1.0,0
1480510684979534022,56,1480510684975749602,,0,0,46.5184860229,6.56673049927,2.77602830977e-40,1.0,0.0,0.0,0.0,1.0,0.0,0.0,0.0,1.0,0
1480510685188660696,57,1480510685180421545,,0,0,46.5184860229,6.56673049927,2.77602830977e-40,1.0,0.0,0.0,0.0,1.0,0.0,0.0,0.0,1.0,0
1480510685378235116,58,1480510685375772829,,0,0,46.5184860229,6.56673049927,2.77602830977e-40,1.0,0.0,0.0,0.0,1.0,0.0,0.0,0.0,1.0,0
1480510685582699977,59,1480510685580893418,,0,0,46.5184860229,6.56673049927,2.77602830977e-40,1.0,0.0,0.0,0.0,1.0,0.0,0.0,0.0,1.0,0
1480510685787818898,60,1480510685784816716,,0,0,46.5184860229,6.56673049927,2.77602830977e-40,1.0,0.0,0.0,0.0,1.0,0.0,0.0,0.0,1.0,0
1480510685994285890,61,1480510685989318712,,0,0,46.5184860229,6.56673049927,2.77602830977e-40,1.0,0.0,0.0,0.0,1.0,0.0,0.0,0.0,1.0,0
1480510686177229750,62,1480510686173023092,,0,0,46.5184860229,6.56673049927,2.77602830977e-40,1.0,0.0,0.0,0.0,1.0,0.0,0.0,0.0,1.0,0
1480510686380506748,63,1480510686378376961,,0,0,46.5184860229,6.56673049927,2.77602830977e-40,1.0,0.0,0.0,0.0,1.0,0.0,0.0,0.0,1.0,0
1480510686587836603,64,1480510686584315620,,0,0,46.5184860229,6.56673049927,2.77602830977e-40,1.0,0.0,0.0,0.0,1.0,0.0,0.0,0.0,1.0,0
1480510686793995835,65,1480510686790253602,,0,0,46.5184860229,6.56673049927,2.77602830977e-40,1.0,0.0,0.0,0.0,1.0,0.0,0.0,0.0,1.0,0
1480510686976314436,66,1480510686973500744,,0,0,46.5184860229,6.56673049927,2.77602830977e-40,1.0,0.0,0.0,0.0,1.0,0.0,0.0,0.0,1.0,0
1480510687201051444,67,1480510687198658220,,0,0,46.5184860229,6.56673049927,2.77602830977e-40,1.0,0.0,0.0,0.0,1.0,0.0,0.0,0.0,1.0,0
1480510687383340098,68,1480510687381097290,,0,0,46.5184860229,6.56673049927,2.77602830977e-40,1.0,0.0,0.0,0.0,1.0,0.0,0.0,0.0,1.0,0
1480510687577587634,69,1480510687574692171,,0,0,46.5184860229,6.56673049927,2.77602830977e-40,1.0,0.0,0.0,0.0,1.0,0.0,0.0,0.0,1.0,0
1480510687792543411,70,1480510687789540136,,0,0,46.5184860229,6.56673049927,2.77602830977e-40,1.0,0.0,0.0,0.0,1.0,0.0,0.0,0.0,1.0,0
1480510687986722302,71,1480510687984072203,,0,0,46.5184822083,6.56673049927,2.77602830977e-40,1.0,0.0,0.0,0.0,1.0,0.0,0.0,0.0,1.0,0
1480510688176727712,72,1480510688173916519,,0,0,46.5184707642,6.56673955917,2.77602830977e-40,1.0,0.0,0.0,0.0,1.0,0.0,0.0,0.0,1.0,0
1480510688383308401,73,1480510688381158405,,0,0,46.5184707642,6.56673955917,2.77602830977e-40,1.0,0.0,0.0,0.0,1.0,0.0,0.0,0.0,1.0,0
1480510688578628956,74,1480510688576359898,,0,0,46.5184707642,6.56673955917,2.77602830977e-40,1.0,0.0,0.0,0.0,1.0,0.0,0.0,0.0,1.0,0
1480510688775640341,75,1480510688772123369,,0,0,46.5184669495,6.56673955917,2.77602830977e-40,1.0,0.0,0.0,0.0,1.0,0.0,0.0,0.0,1.0,0
1480510688978948277,76,1480510688969168608,,0,0,46.5184669495,6.56673955917,2.77602830977e-40,1.0,0.0,0.0,0.0,1.0,0.0,0.0,0.0,1.0,0
1480510689189913853,77,1480510689187121151,,0,0,46.5184669495,6.56673908234,2.77602830977e-40,1.0,0.0,0.0,0.0,1.0,0.0,0.0,0.0,1.0,0
1480510689387297738,78,1480510689383593162,,0,0,46.5184783936,6.5667309761,2.77602830977e-40,1.0,0.0,0.0,0.0,1.0,0.0,0.0,0.0,1.0,0
1480510689582052669,79,1480510689579134498,,0,0,46.5184783936,6.5667309761,2.77602830977e-40,1.0,0.0,0.0,0.0,1.0,0.0,0.0,0.0,1.0,0
1480510689789468097,80,1480510689782589568,,0,0,46.5184783936,6.5667309761,2.77602830977e-40,1.0,0.0,0.0,0.0,1.0,0.0,0.0,0.0,1.0,0
1480510689982003657,81,1480510689976488460,,0,0,46.5184707642,6.56673431396,2.77602830977e-40,1.0,0.0,0.0,0.0,1.0,0.0,0.0,0.0,1.0,0
1480510690177346348,82,1480510690170737819,,0,0,46.5184707642,6.56673431396,2.77602830977e-40,1.0,0.0,0.0,0.0,1.0,0.0,0.0,0.0,1.0,0
1480510690368503213,83,1480510690363164474,,0,0,46.5184707642,6.56673431396,2.77602830977e-40,1.0,0.0,0.0,0.0,1.0,0.0,0.0,0.0,1.0,0
1480510690579190040,84,1480510690576781399,,0,0,46.5184707642,6.56673431396,2.77602830977e-40,1.0,0.0,0.0,0.0,1.0,0.0,0.0,0.0,1.0,0
1480510690787528122,85,1480510690782187351,,0,0,46.5184707642,6.56673431396,2.77602830977e-40,1.0,0.0,0.0,0.0,1.0,0.0,0.0,0.0,1.0,0
1480510691186143904,86,1480510691181668653,,0,0,46.5184783936,6.5667309761,2.77602830977e-40,1.0,0.0,0.0,0.0,1.0,0.0,0.0,0.0,1.0,0
1480510691388304446,87,1480510691382700030,,0,0,46.5184783936,6.5667309761,2.77602830977e-40,1.0,0.0,0.0,0.0,1.0,0.0,0.0,0.0,1.0,0
1480510692581593308,88,1480510692577824253,,0,0,46.5184898376,6.5667257309,2.77602830977e-40,1.0,0.0,0.0,0.0,1.0,0.0,0.0,0.0,1.0,0
1480510692782844529,89,1480510692780225315,,0,0,46.5184898376,6.56672525406,2.77602830977e-40,1.0,0.0,0.0,0.0,1.0,0.0,0.0,0.0,1.0,0
1480510692978197220,90,1480510692975213580,,0,0,46.5184936523,6.56670331955,2.77602830977e-40,1.0,0.0,0.0,0.0,1.0,0.0,0.0,0.0,1.0,0
1480510693184720097,91,1480510693180720729,,0,0,46.518497467,6.56670713425,2.77602830977e-40,1.0,0.0,0.0,0.0,1.0,0.0,0.0,0.0,1.0,0
1480510693378163572,92,1480510693375312849,,0,0,46.5185012817,6.56670951843,2.77602830977e-40,1.0,0.0,0.0,0.0,1.0,0.0,0.0,0.0,1.0,0
1480510693584960251,93,1480510693582120933,,0,0,46.5185012817,6.56671142578,2.77602830977e-40,1.0,0.0,0.0,0.0,1.0,0.0,0.0,0.0,1.0,0
1480510693781736428,94,1480510693778700132,,0,0,46.5185050964,6.56671190262,2.77602830977e-40,1.0,0.0,0.0,0.0,1.0,0.0,0.0,0.0,1.0,0
1480510693986876547,95,1480510693983737126,,0,0,46.5185050964,6.56671237946,2.77602830977e-40,1.0,0.0,0.0,0.0,1.0,0.0,0.0,0.0,1.0,0
1480510694190574013,96,1480510694188189434,,0,0,46.5184745789,6.56673812866,2.77602830977e-40,1.0,0.0,0.0,0.0,1.0,0.0,0.0,0.0,1.0,0
1480510694374142352,97,1480510694370857671,,0,0,46.5184745789,6.56673812866,2.77602830977e-40,1.0,0.0,0.0,0.0,1.0,0.0,0.0,0.0,1.0,0
1480510694630408933,98,1480510694628043990,,0,0,46.5184707642,6.56673574448,2.77602830977e-40,1.0,0.0,0.0,0.0,1.0,0.0,0.0,0.0,1.0,0
1480510694784577017,99,1480510694781643481,,0,0,46.5184745789,6.56673765182,2.77602830977e-40,1.0,0.0,0.0,0.0,1.0,0.0,0.0,0.0,1.0,0
1480510694979260282,100,1480510694976131226,,0,0,46.5184745789,6.56673765182,2.77602830977e-40,1.0,0.0,0.0,0.0,1.0,0.0,0.0,0.0,1.0,0
1480510695183750663,101,1480510695180483065,,0,0,46.5184745789,6.56673765182,2.77602830977e-40,1.0,0.0,0.0,0.0,1.0,0.0,0.0,0.0,1.0,0
1480510695376857056,102,1480510695374238780,,0,0,46.5184745789,6.56673717499,2.77602830977e-40,1.0,0.0,0.0,0.0,1.0,0.0,0.0,0.0,1.0,0
1480510695582858684,103,1480510695579107441,,0,0,46.5184707642,6.56673526764,2.77602830977e-40,1.0,0.0,0.0,0.0,1.0,0.0,0.0,0.0,1.0,0
1480510695765254160,104,1480510695763094373,,0,0,46.5185050964,6.56671524048,2.77602830977e-40,1.0,0.0,0.0,0.0,1.0,0.0,0.0,0.0,1.0,0
1480510695979364470,105,1480510695976804006,,0,0,46.5185050964,6.56671524048,2.77602830977e-40,1.0,0.0,0.0,0.0,1.0,0.0,0.0,0.0,1.0,0
1480510696194204623,106,1480510696190486817,,0,0,46.5185050964,6.56671524048,2.77602830977e-40,1.0,0.0,0.0,0.0,1.0,0.0,0.0,0.0,1.0,0
1480510696389914239,107,1480510696386293622,,0,0,46.5185050964,6.56671571732,2.77602830977e-40,1.0,0.0,0.0,0.0,1.0,0.0,0.0,0.0,1.0,0
1480510696581424021,108,1480510696578333871,,0,0,46.5185050964,6.56671571732,2.77602830977e-40,1.0,0.0,0.0,0.0,1.0,0.0,0.0,0.0,1.0,0
1480510696783071439,109,1480510696780671756,,0,0,46.5185089111,6.56671476364,2.77602830977e-40,1.0,0.0,0.0,0.0,1.0,0.0,0.0,0.0,1.0,0
1480510696980567875,110,1480510696975598301,,0,0,46.5185089111,6.56671476364,2.77602830977e-40,1.0,0.0,0.0,0.0,1.0,0.0,0.0,0.0,1.0,0
1480510697175338535,111,1480510697172716093,,0,0,46.5185089111,6.56671524048,2.77602830977e-40,1.0,0.0,0.0,0.0,1.0,0.0,0.0,0.0,1.0,0
1480510697380810946,112,1480510697378120482,,0,0,46.5185089111,6.56671524048,2.77602830977e-40,1.0,0.0,0.0,0.0,1.0,0.0,0.0,0.0,1.0,0
1480510697585986638,113,1480510697583811590,,0,0,46.5185089111,6.56671476364,2.77602830977e-40,1.0,0.0,0.0,0.0,1.0,0.0,0.0,0.0,1.0,0
1480510697791021809,114,1480510697787982753,,0,0,46.5185089111,6.5667142868,2.77602830977e-40,1.0,0.0,0.0,0.0,1.0,0.0,0.0,0.0,1.0,0
1480510697986971947,115,1480510697984334192,,0,0,46.5185089111,6.56671476364,2.77602830977e-40,1.0,0.0,0.0,0.0,1.0,0.0,0.0,0.0,1.0,0
1480510698183318646,116,1480510698180837088,,0,0,46.5184745789,6.56668567657,2.77602830977e-40,1.0,0.0,0.0,0.0,1.0,0.0,0.0,0.0,1.0,0
1480510698386978664,117,1480510698384700543,,0,0,46.5184898376,6.56669998169,2.77602830977e-40,1.0,0.0,0.0,0.0,1.0,0.0,0.0,0.0,1.0,0
1480510698570274815,118,1480510698568018674,,0,0,46.518497467,6.56672096252,2.77602830977e-40,1.0,0.0,0.0,0.0,1.0,0.0,0.0,0.0,1.0,0
1480510698783890543,119,1480510698782265026,,0,0,46.518497467,6.56672048569,2.77602830977e-40,1.0,0.0,0.0,0.0,1.0,0.0,0.0,0.0,1.0,0
1480510698980764689,120,1480510698977591987,,0,0,46.5185012817,6.56672000885,2.77602830977e-40,1.0,0.0,0.0,0.0,1.0,0.0,0.0,0.0,1.0,0
1480510699185855121,121,1480510699183142939,,0,0,46.5185012817,6.56671953201,2.77602830977e-40,1.0,0.0,0.0,0.0,1.0,0.0,0.0,0.0,1.0,0
1480510699395019868,122,1480510699391016594,,0,0,46.5185012817,6.56671953201,2.77602830977e-40,1.0,0.0,0.0,0.0,1.0,0.0,0.0,0.0,1.0,0
1480510699591204223,123,1480510699588270896,,0,0,46.5185012817,6.56671905518,2.77602830977e-40,1.0,0.0,0.0,0.0,1.0,0.0,0.0,0.0,1.0,0
1480510699784637074,124,1480510699781841923,,0,0,46.5185012817,6.56671905518,2.77602830977e-40,1.0,0.0,0.0,0.0,1.0,0.0,0.0,0.0,1.0,0
1480510699968434006,125,1480510699965965781,,0,0,46.5185012817,6.56671857834,2.77602830977e-40,1.0,0.0,0.0,0.0,1.0,0.0,0.0,0.0,1.0,0
1480510700183063690,126,1480510700180158071,,0,0,46.5185050964,6.56671857834,2.77602830977e-40,1.0,0.0,0.0,0.0,1.0,0.0,0.0,0.0,1.0,0
1480510700377591278,127,1480510700375252012,,0,0,46.5185050964,6.56671857834,2.77602830977e-40,1.0,0.0,0.0,0.0,1.0,0.0,0.0,0.0,1.0,0
1480510700582848480,128,1480510700580897026,,0,0,46.5185050964,6.5667181015,2.77602830977e-40,1.0,0.0,0.0,0.0,1.0,0.0,0.0,0.0,1.0,0
1480510700778098359,129,1480510700774684042,,0,0,46.5185050964,6.5667181015,2.77602830977e-40,1.0,0.0,0.0,0.0,1.0,0.0,0.0,0.0,1.0,0
1480510700982479521,130,1480510700979277027,,0,0,46.5185050964,6.5667181015,2.77602830977e-40,1.0,0.0,0.0,0.0,1.0,0.0,0.0,0.0,1.0,0
1480510701169862019,131,1480510701165523590,,0,0,46.5185050964,6.56671762466,2.77602830977e-40,1.0,0.0,0.0,0.0,1.0,0.0,0.0,0.0,1.0,0
1480510701371160791,132,1480510701368759754,,0,0,46.5185050964,6.56671762466,2.77602830977e-40,1.0,0.0,0.0,0.0,1.0,0.0,0.0,0.0,1.0,0
1480510701584660478,133,1480510701582079806,,0,0,46.5185050964,6.56671762466,2.77602830977e-40,1.0,0.0,0.0,0.0,1.0,0.0,0.0,0.0,1.0,0
1480510701777583277,134,1480510701775248386,,0,0,46.5185050964,6.56671762466,2.77602830977e-40,1.0,0.0,0.0,0.0,1.0,0.0,0.0,0.0,1.0,0
1480510701983841936,135,1480510701979780850,,0,0,46.5184936523,6.56669378281,2.77602830977e-40,1.0,0.0,0.0,0.0,1.0,0.0,0.0,0.0,1.0,0
1480510702187235965,136,1480510702184479460,,0,0,46.5184936523,6.56669473648,2.77602830977e-40,1.0,0.0,0.0,0.0,1.0,0.0,0.0,0.0,1.0,0
1480510702372609665,137,1480510702370333888,,0,0,46.5184898376,6.56669044495,2.77602830977e-40,1.0,0.0,0.0,0.0,1.0,0.0,0.0,0.0,1.0,0
1480510702577801919,138,1480510702574119687,,0,0,46.5184783936,6.56666612625,2.77602830977e-40,1.0,0.0,0.0,0.0,1.0,0.0,0.0,0.0,1.0,0
1480510702769794252,139,1480510702767767693,,0,0,46.518535614,6.56679916382,2.77602830977e-40,1.0,0.0,0.0,0.0,1.0,0.0,0.0,0.0,1.0,0
1480510702968812560,140,1480510702966787616,,0,0,46.5184860229,6.56675100327,2.77602830977e-40,1.0,0.0,0.0,0.0,1.0,0.0,0.0,0.0,1.0,0
1480510703184271409,141,1480510703180744124,,0,0,46.5184898376,6.56675291061,2.77602830977e-40,1.0,0.0,0.0,0.0,1.0,0.0,0.0,0.0,1.0,0
1480510703380518265,142,1480510703376151502,,0,0,46.5184898376,6.56675291061,2.77602830977e-40,1.0,0.0,0.0,0.0,1.0,0.0,0.0,0.0,1.0,0
1480510703570389768,143,1480510703567093420,,0,0,46.5185432434,6.56672620773,2.77602830977e-40,1.0,0.0,0.0,0.0,1.0,0.0,0.0,0.0,1.0,0
1480510703782270707,144,1480510703780172795,,0,0,46.5184898376,6.56674814224,2.77602830977e-40,1.0,0.0,0.0,0.0,1.0,0.0,0.0,0.0,1.0,0
1480510703975812099,145,1480510703972908459,,0,0,46.5184669495,6.56672048569,2.77602830977e-40,1.0,0.0,0.0,0.0,1.0,0.0,0.0,0.0,1.0,0
1480510704168491722,146,1480510704165853290,,0,0,46.5184822083,6.5667309761,2.77602830977e-40,1.0,0.0,0.0,0.0,1.0,0.0,0.0,0.0,1.0,0
1480510704374712985,147,1480510704370192577,,0,0,46.5185012817,6.56674766541,2.77602830977e-40,1.0,0.0,0.0,0.0,1.0,0.0,0.0,0.0,1.0,0
1480510704576869829,148,1480510704574178689,,0,0,46.5184936523,6.56672954559,2.77602830977e-40,1.0,0.0,0.0,0.0,1.0,0.0,0.0,0.0,1.0,0
1480510704828280743,149,1480510704826217674,,0,0,46.5184936523,6.56672143936,2.77602830977e-40,1.0,0.0,0.0,0.0,1.0,0.0,0.0,0.0,1.0,0
1480510705142575128,150,1480510705140552424,,0,0,46.518447876,6.56666469574,2.77602830977e-40,1.0,0.0,0.0,0.0,1.0,0.0,0.0,0.0,1.0,0
1480510705623478614,151,1480510705620654713,,0,0,46.5185012817,6.56670093536,2.77602830977e-40,1.0,0.0,0.0,0.0,1.0,0.0,0.0,0.0,1.0,0
1480510706094330296,152,1480510706092052801,,0,0,46.5185050964,6.56666707993,2.77602830977e-40,1.0,0.0,0.0,0.0,1.0,0.0,0.0,0.0,1.0,0
1480510706528993664,153,1480510706527154710,,0,0,46.5185050964,6.56662893295,2.77602830977e-40,1.0,0.0,0.0,0.0,1.0,0.0,0.0,0.0,1.0,0
1480510706820379084,154,1480510706818532993,,0,0,46.5185165405,6.56660413742,2.77602830977e-40,1.0,0.0,0.0,0.0,1.0,0.0,0.0,0.0,1.0,0
1480510707151253280,155,1480510707145929071,,0,0,46.5185165405,6.56657648087,2.77602830977e-40,1.0,0.0,0.0,0.0,1.0,0.0,0.0,0.0,1.0,0
1480510707340327076,156,1480510707337678644,,0,0,46.5185317993,6.56656122208,2.77602830977e-40,1.0,0.0,0.0,0.0,1.0,0.0,0.0,0.0,1.0,0
1480510707553559003,157,1480510707550667029,,0,0,46.5185852051,6.56659698486,2.77602830977e-40,1.0,0.0,0.0,0.0,1.0,0.0,0.0,0.0,1.0,0
1480510707726161113,158,1480510707719965604,,0,0,46.5185317993,6.56652545929,2.77602830977e-40,1.0,0.0,0.0,0.0,1.0,0.0,0.0,0.0,1.0,0
1480510707952536086,159,1480510707949711456,,0,0,46.5185317993,6.5665063858,2.77602830977e-40,1.0,0.0,0.0,0.0,1.0,0.0,0.0,0.0,1.0,0
1480510708102220741,160,1480510708099126112,,0,0,46.5185317993,6.56648731232,2.77602830977e-40,1.0,0.0,0.0,0.0,1.0,0.0,0.0,0.0,1.0,0
1480510708273125198,161,1480510708270268746,,0,0,46.5185699463,6.56645154953,2.77602830977e-40,1.0,0.0,0.0,0.0,1.0,0.0,0.0,0.0,1.0,0
1480510708525471059,162,1480510708522845855,,0,0,46.5185317993,6.56645345688,2.77602830977e-40,1.0,0.0,0.0,0.0,1.0,0.0,0.0,0.0,1.0,0
1480510708801393175,163,1480510708794384439,,0,0,46.5185279846,6.56643533707,2.77602830977e-40,1.0,0.0,0.0,0.0,1.0,0.0,0.0,0.0,1.0,0
1480510709105763360,164,1480510709103082793,,0,0,46.5185203552,6.56640911102,2.77602830977e-40,1.0,0.0,0.0,0.0,1.0,0.0,0.0,0.0,1.0,0
1480510709413638070,165,1480510709410841878,,0,0,46.5185089111,6.56638622284,2.77602830977e-40,1.0,0.0,0.0,0.0,1.0,0.0,0.0,0.0,1.0,0
1480510709724466680,166,1480510709718302995,,0,0,46.5185012817,6.56636571884,2.77602830977e-40,1.0,0.0,0.0,0.0,1.0,0.0,0.0,0.0,1.0,0
1480510710068866944,167,1480510710065420596,,0,0,46.5184860229,6.56634616852,2.77602830977e-40,1.0,0.0,0.0,0.0,1.0,0.0,0.0,0.0,1.0,0
1480510710391662093,168,1480510710389515379,,0,0,46.518409729,6.56626653671,2.77602830977e-40,1.0,0.0,0.0,0.0,1.0,0.0,0.0,0.0,1.0,0
1480510710792032195,169,1480510710787531527,,0,0,46.5183906555,6.56624937057,2.77602830977e-40,1.0,0.0,0.0,0.0,1.0,0.0,0.0,0.0,1.0,0
1480510711201547331,170,1480510711198519472,,0,0,46.5183792114,6.56625175476,2.77602830977e-40,1.0,0.0,0.0,0.0,1.0,0.0,0.0,0.0,1.0,0
1480510711663695489,171,1480510711661267629,,0,0,46.5183868408,6.56627368927,2.77602830977e-40,1.0,0.0,0.0,0.0,1.0,0.0,0.0,0.0,1.0,0
1480510712166366432,172,1480510712157637803,,0,0,46.5183563232,6.56626701355,2.77602830977e-40,1.0,0.0,0.0,0.0,1.0,0.0,0.0,0.0,1.0,0
1480510712559788318,173,1480510712557672958,,0,0,46.5183258057,6.56626749039,2.77602830977e-40,1.0,0.0,0.0,0.0,1.0,0.0,0.0,0.0,1.0,0
1480510713032680153,174,1480510713030455001,,0,0,46.5182991028,6.56627321243,2.77602830977e-40,1.0,0.0,0.0,0.0,1.0,0.0,0.0,0.0,1.0,0
1480510713462208375,175,1480510713459186870,,0,0,46.5183067322,6.56626272202,2.77602830977e-40,1.0,0.0,0.0,0.0,1.0,0.0,0.0,0.0,1.0,0
1480510713734043468,176,1480510713730844359,,0,0,46.5182876587,6.56627845764,2.77602830977e-40,1.0,0.0,0.0,0.0,1.0,0.0,0.0,0.0,1.0,0
1480510714117366259,177,1480510714115410742,,0,0,46.5182762146,6.56629180908,2.77602830977e-40,1.0,0.0,0.0,0.0,1.0,0.0,0.0,0.0,1.0,0
1480510714417040308,178,1480510714413222138,,0,0,46.5182609558,6.56631135941,2.77602830977e-40,1.0,0.0,0.0,0.0,1.0,0.0,0.0,0.0,1.0,0
1480510714673189754,179,1480510714668053098,,0,0,46.518283844,6.56629180908,2.77602830977e-40,1.0,0.0,0.0,0.0,1.0,0.0,0.0,0.0,1.0,0
1480510714977014524,180,1480510714974937028,,0,0,46.5182609558,6.56632566452,2.77602830977e-40,1.0,0.0,0.0,0.0,1.0,0.0,0.0,0.0,1.0,0
1480510715221815347,181,1480510715218132959,,0,0,46.5182533264,6.56634807587,2.77602830977e-40,1.0,0.0,0.0,0.0,1.0,0.0,0.0,0.0,1.0,0
1480510715431244729,182,1480510715429148118,,0,0,46.5182495117,6.56636190414,2.77602830977e-40,1.0,0.0,0.0,0.0,1.0,0.0,0.0,0.0,1.0,0
1480510715633634697,183,1480510715631347879,,0,0,46.5182495117,6.56637334824,2.77602830977e-40,1.0,0.0,0.0,0.0,1.0,0.0,0.0,0.0,1.0,0
1480510715827997859,184,1480510715824617553,,0,0,46.518245697,6.566385746,2.77602830977e-40,1.0,0.0,0.0,0.0,1.0,0.0,0.0,0.0,1.0,0
1480510716042823167,185,1480510716039091664,,0,0,46.518245697,6.56639623642,2.77602830977e-40,1.0,0.0,0.0,0.0,1.0,0.0,0.0,0.0,1.0,0
1480510716236958048,186,1480510716233467430,,0,0,46.5182418823,6.56640195847,2.77602830977e-40,1.0,0.0,0.0,0.0,1.0,0.0,0.0,0.0,1.0,0
1480510716419535399,187,1480510716417033164,,0,0,46.5182418823,6.56641387939,2.77602830977e-40,1.0,0.0,0.0,0.0,1.0,0.0,0.0,0.0,1.0,0
1480510716728639012,188,1480510716726427402,,0,0,46.5182380676,6.56642580032,2.77602830977e-40,1.0,0.0,0.0,0.0,1.0,0.0,0.0,0.0,1.0,0
1480510717049491249,189,1480510717038087157,,0,0,46.5182380676,6.56644105911,2.77602830977e-40,1.0,0.0,0.0,0.0,1.0,0.0,0.0,0.0,1.0,0
1480510717284869955,190,1480510717282272200,,0,0,46.5182342529,6.56645488739,2.77602830977e-40,1.0,0.0,0.0,0.0,1.0,0.0,0.0,0.0,1.0,0
1480510717630804955,191,1480510717627557253,,0,0,46.5182304382,6.56647014618,2.77602830977e-40,1.0,0.0,0.0,0.0,1.0,0.0,0.0,0.0,1.0,0
1480510717906768842,192,1480510717904205409,,0,0,46.5182266235,6.56648397446,2.77602830977e-40,1.0,0.0,0.0,0.0,1.0,0.0,0.0,0.0,1.0,0
1480510718234013878,193,1480510718231439977,,0,0,46.5182228088,6.56649637222,2.77602830977e-40,1.0,0.0,0.0,0.0,1.0,0.0,0.0,0.0,1.0,0
1480510718539682499,194,1480510718537695888,,0,0,46.5182189941,6.56650829315,2.77602830977e-40,1.0,0.0,0.0,0.0,1.0,0.0,0.0,0.0,1.0,0
1480510718843610914,195,1480510718840283004,,0,0,46.5182189941,6.56652069092,2.77602830977e-40,1.0,0.0,0.0,0.0,1.0,0.0,0.0,0.0,1.0,0
1480510719144759700,196,1480510719142080382,,0,0,46.5182189941,6.56653308868,2.77602830977e-40,1.0,0.0,0.0,0.0,1.0,0.0,0.0,0.0,1.0,0
1480510719481083937,197,1480510719479365712,,0,0,46.5182151794,6.56654310226,2.77602830977e-40,1.0,0.0,0.0,0.0,1.0,0.0,0.0,0.0,1.0,0
1480510719883100025,198,1480510719876989829,,0,0,46.5182113647,6.56655359268,2.77602830977e-40,1.0,0.0,0.0,0.0,1.0,0.0,0.0,0.0,1.0,0
1480510720085169682,199,1480510720078749747,,0,0,46.5182113647,6.56656217575,2.77602830977e-40,1.0,0.0,0.0,0.0,1.0,0.0,0.0,0.0,1.0,0
1480510720303977639,200,1480510720295087448,,0,0,46.5182151794,6.56656217575,2.77602830977e-40,1.0,0.0,0.0,0.0,1.0,0.0,0.0,0.0,1.0,0
1480510720469621117,201,1480510720466615602,,0,0,46.5182228088,6.56655931473,2.77602830977e-40,1.0,0.0,0.0,0.0,1.0,0.0,0.0,0.0,1.0,0
1480510720673157333,202,1480510720669652444,,0,0,46.5182304382,6.56655693054,2.77602830977e-40,1.0,0.0,0.0,0.0,1.0,0.0,0.0,0.0,1.0,0
1480510720875668760,203,1480510720873231681,,0,0,46.5182304382,6.56655693054,2.77602830977e-40,1.0,0.0,0.0,0.0,1.0,0.0,0.0,0.0,1.0,0
1480510721090177194,204,1480510721086222150,,0,0,46.5182342529,6.56655550003,2.77602830977e-40,1.0,0.0,0.0,0.0,1.0,0.0,0.0,0.0,1.0,0
1480510721275962976,205,1480510721271600797,,0,0,46.5182342529,6.5665564537,2.77602830977e-40,1.0,0.0,0.0,0.0,1.0,0.0,0.0,0.0,1.0,0
1480510721468161454,206,1480510721464986512,,0,0,46.5182266235,6.5665602684,2.77602830977e-40,1.0,0.0,0.0,0.0,1.0,0.0,0.0,0.0,1.0,0
1480510721673242824,207,1480510721669962986,,0,0,46.5182266235,6.56656122208,2.77602830977e-40,1.0,0.0,0.0,0.0,1.0,0.0,0.0,0.0,1.0,0
1480510721874339722,208,1480510721872250715,,0,0,46.5182266235,6.56656169891,2.77602830977e-40,1.0,0.0,0.0,0.0,1.0,0.0,0.0,0.0,1.0,0
1480510722080446922,209,1480510722077874792,,0,0,46.5182304382,6.56655883789,2.77602830977e-40,1.0,0.0,0.0,0.0,1.0,0.0,0.0,0.0,1.0,0
1480510722281814862,210,1480510722279463356,,0,0,46.5182228088,6.56656312943,2.77602830977e-40,1.0,0.0,0.0,0.0,1.0,0.0,0.0,0.0,1.0,0
1480510722474163339,211,1480510722471857875,,0,0,46.5182151794,6.56656646729,2.77602830977e-40,1.0,0.0,0.0,0.0,1.0,0.0,0.0,0.0,1.0,0
1480510722665514006,212,1480510722663341094,,0,0,46.5182228088,6.56656360626,2.77602830977e-40,1.0,0.0,0.0,0.0,1.0,0.0,0.0,0.0,1.0,0
1480510722866569238,213,1480510722864411950,,0,0,46.5182304382,6.5665602684,2.77602830977e-40,1.0,0.0,0.0,0.0,1.0,0.0,0.0,0.0,1.0,0
1480510723082623294,214,1480510723078971426,,0,0,46.5182228088,6.56656503677,2.77602830977e-40,1.0,0.0,0.0,0.0,1.0,0.0,0.0,0.0,1.0,0
1480510723275001147,215,1480510723271352091,,0,0,46.5182228088,6.56656455994,2.77602830977e-40,1.0,0.0,0.0,0.0,1.0,0.0,0.0,0.0,1.0,0
1480510723465993846,216,1480510723463323122,,0,0,46.5182342529,6.56655979156,2.77602830977e-40,1.0,0.0,0.0,0.0,1.0,0.0,0.0,0.0,1.0,0
1480510723669191521,217,1480510723666222516,,0,0,46.5182266235,6.56656455994,2.77602830977e-40,1.0,0.0,0.0,0.0,1.0,0.0,0.0,0.0,1.0,0
1480510723872900653,218,1480510723870463992,,0,0,46.5182266235,6.56656551361,2.77602830977e-40,1.0,0.0,0.0,0.0,1.0,0.0,0.0,0.0,1.0,0
1480510724078618376,219,1480510724073028803,,0,0,46.5182228088,6.56656742096,2.77602830977e-40,1.0,0.0,0.0,0.0,1.0,0.0,0.0,0.0,1.0,0
1480510724282758549,220,1480510724273256224,,0,0,46.5182189941,6.56656885147,2.77602830977e-40,1.0,0.0,0.0,0.0,1.0,0.0,0.0,0.0,1.0,0
1480510724478843842,221,1480510724474836090,,0,0,46.5182189941,6.56656980515,2.77602830977e-40,1.0,0.0,0.0,0.0,1.0,0.0,0.0,0.0,1.0,0
1480510724669376751,222,1480510724666899203,,0,0,46.5182228088,6.56656837463,2.77602830977e-40,1.0,0.0,0.0,0.0,1.0,0.0,0.0,0.0,1.0,0
1480510724863402517,223,1480510724860576585,,0,0,46.5182189941,6.56656932831,2.77602830977e-40,1.0,0.0,0.0,0.0,1.0,0.0,0.0,0.0,1.0,0
1480510725086616507,224,1480510725083738179,,0,0,46.5182189941,6.56656980515,2.77602830977e-40,1.0,0.0,0.0,0.0,1.0,0.0,0.0,0.0,1.0,0
1480510725280882689,225,1480510725278087330,,0,0,46.5182228088,6.56656932831,2.77602830977e-40,1.0,0.0,0.0,0.0,1.0,0.0,0.0,0.0,1.0,0
1480510725474853455,226,1480510725470341693,,0,0,46.5182228088,6.56656885147,2.77602830977e-40,1.0,0.0,0.0,0.0,1.0,0.0,0.0,0.0,1.0,0
1480510725678049933,227,1480510725673359525,,0,0,46.5182228088,6.56656932831,2.77602830977e-40,1.0,0.0,0.0,0.0,1.0,0.0,0.0,0.0,1.0,0
1480510725870846170,228,1480510725866804459,,0,0,46.5182266235,6.56656885147,2.77602830977e-40,1.0,0.0,0.0,0.0,1.0,0.0,0.0,0.0,1.0,0
1480510726060425903,229,1480510726058168251,,0,0,46.5182342529,6.56656503677,2.77602830977e-40,1.0,0.0,0.0,0.0,1.0,0.0,0.0,0.0,1.0,0
1480510726275525846,230,1480510726272049968,,0,0,46.5182266235,6.56656932831,2.77602830977e-40,1.0,0.0,0.0,0.0,1.0,0.0,0.0,0.0,1.0,0
1480510726475589361,231,1480510726473429626,,0,0,46.5182266235,6.56656885147,2.77602830977e-40,1.0,0.0,0.0,0.0,1.0,0.0,0.0,0.0,1.0,0
1480510726670080178,232,1480510726666734404,,0,0,46.5182266235,6.56656932831,2.77602830977e-40,1.0,0.0,0.0,0.0,1.0,0.0,0.0,0.0,1.0,0
1480510726872125877,233,1480510726870233380,,0,0,46.5182266235,6.56656932831,2.77602830977e-40,1.0,0.0,0.0,0.0,1.0,0.0,0.0,0.0,1.0,0
1480510727076220737,234,1480510727073960221,,0,0,46.5182304382,6.56656742096,2.77602830977e-40,1.0,0.0,0.0,0.0,1.0,0.0,0.0,0.0,1.0,0
1480510727268642600,235,1480510727266705938,,0,0,46.5182266235,6.56656885147,2.77602830977e-40,1.0,0.0,0.0,0.0,1.0,0.0,0.0,0.0,1.0,0
1480510727461050401,236,1480510727458503010,,0,0,46.5182304382,6.56656837463,2.77602830977e-40,1.0,0.0,0.0,0.0,1.0,0.0,0.0,0.0,1.0,0
1480510727568032327,237,1480510727560785883,,0,0,46.5182304382,6.56656885147,2.77602830977e-40,1.0,0.0,0.0,0.0,1.0,0.0,0.0,0.0,1.0,0
1480510727678024612,238,1480510727673246756,,0,0,46.5182304382,6.56656837463,2.77602830977e-40,1.0,0.0,0.0,0.0,1.0,0.0,0.0,0.0,1.0,0
1480510727867924136,239,1480510727865536901,,0,0,46.5182304382,6.56656837463,2.77602830977e-40,1.0,0.0,0.0,0.0,1.0,0.0,0.0,0.0,1.0,0
1480510728081371635,240,1480510728078832681,,0,0,46.5182304382,6.56656885147,2.77602830977e-40,1.0,0.0,0.0,0.0,1.0,0.0,0.0,0.0,1.0,0
1480510728274220528,241,1480510728270867045,,0,0,46.518196106,6.56653928757,2.77602830977e-40,1.0,0.0,0.0,0.0,1.0,0.0,0.0,0.0,1.0,0
1480510728466473902,242,1480510728464261198,,0,0,46.5182151794,6.56655359268,2.77602830977e-40,1.0,0.0,0.0,0.0,1.0,0.0,0.0,0.0,1.0,0
1480510728670946887,243,1480510728668520277,,0,0,46.5182189941,6.56655883789,2.77602830977e-40,1.0,0.0,0.0,0.0,1.0,0.0,0.0,0.0,1.0,0
1480510728855039391,244,1480510728852512521,,0,0,46.5182228088,6.56656169891,2.77602830977e-40,1.0,0.0,0.0,0.0,1.0,0.0,0.0,0.0,1.0,0
1480510728983986222,245,1480510728979319096,,0,0,46.5182266235,6.56656312943,2.77602830977e-40,1.0,0.0,0.0,0.0,1.0,0.0,0.0,0.0,1.0,0
1480510729095225744,246,1480510729088608830,,0,0,46.5182266235,6.5665640831,2.77602830977e-40,1.0,0.0,0.0,0.0,1.0,0.0,0.0,0.0,1.0,0
1480510729279176113,247,1480510729273150448,,0,0,46.5182113647,6.56657409668,2.77602830977e-40,1.0,0.0,0.0,0.0,1.0,0.0,0.0,0.0,1.0,0
1480510729466067831,248,1480510729463921793,,0,0,46.5182113647,6.56657314301,2.77602830977e-40,1.0,0.0,0.0,0.0,1.0,0.0,0.0,0.0,1.0,0
1480510729670928888,249,1480510729667935248,,0,0,46.5182113647,6.56657266617,2.77602830977e-40,1.0,0.0,0.0,0.0,1.0,0.0,0.0,0.0,1.0,0
1480510729871704693,250,1480510729869191885,,0,0,46.51820755,6.56657218933,2.77602830977e-40,1.0,0.0,0.0,0.0,1.0,0.0,0.0,0.0,1.0,0
1480510730068021809,251,1480510730063107808,,0,0,46.51820755,6.56657171249,2.77602830977e-40,1.0,0.0,0.0,0.0,1.0,0.0,0.0,0.0,1.0,0
1480510730247912290,252,1480510730245335316,,0,0,46.51820755,6.56657123566,2.77602830977e-40,1.0,0.0,0.0,0.0,1.0,0.0,0.0,0.0,1.0,0
1480510730356743223,253,1480510730354529946,,0,0,46.51820755,6.56657028198,2.77602830977e-40,1.0,0.0,0.0,0.0,1.0,0.0,0.0,0.0,1.0,0
1480510730489819160,254,1480510730487118853,,0,0,46.5182037354,6.5665678978,2.77602830977e-40,1.0,0.0,0.0,0.0,1.0,0.0,0.0,0.0,1.0,0
1480510730653024726,255,1480510730650700981,,0,0,46.5182380676,6.56653833389,2.77602830977e-40,1.0,0.0,0.0,0.0,1.0,0.0,0.0,0.0,1.0,0
1480510730750520681,256,1480510730748333185,,0,0,46.5182113647,6.56656646729,2.77602830977e-40,1.0,0.0,0.0,0.0,1.0,0.0,0.0,0.0,1.0,0
1480510730864445250,257,1480510730857377763,,0,0,46.5182380676,6.56653833389,2.77602830977e-40,1.0,0.0,0.0,0.0,1.0,0.0,0.0,0.0,1.0,0
1480510730959941104,258,1480510730957270641,,0,0,46.5182380676,6.56653881073,2.77602830977e-40,1.0,0.0,0.0,0.0,1.0,0.0,0.0,0.0,1.0,0
1480510731067253759,259,1480510731064449962,,0,0,46.5182304382,6.56654691696,2.77602830977e-40,1.0,0.0,0.0,0.0,1.0,0.0,0.0,0.0,1.0,0
1480510731264014676,260,1480510731261835618,,0,0,46.518119812,6.56646728516,2.77602830977e-40,1.0,0.0,0.0,0.0,1.0,0.0,0.0,0.0,1.0,0
1480510731473322808,261,1480510731471164791,,0,0,46.5179519653,6.56648492813,2.77602830977e-40,1.0,0.0,0.0,0.0,1.0,0.0,0.0,0.0,1.0,0
1480510731652898342,262,1480510731650723450,,0,0,46.51795578,6.56648635864,2.77602830977e-40,1.0,0.0,0.0,0.0,1.0,0.0,0.0,0.0,1.0,0
1480510731770425195,263,1480510731767871554,,0,0,46.51795578,6.56647777557,2.77602830977e-40,1.0,0.0,0.0,0.0,1.0,0.0,0.0,0.0,1.0,0
1480510731993050228,264,1480510731990576275,,0,0,46.5182685852,6.56651449203,2.77602830977e-40,1.0,0.0,0.0,0.0,1.0,0.0,0.0,0.0,1.0,0
1480510732183165585,265,1480510732180732934,,0,0,46.5182685852,6.56651115417,2.77602830977e-40,1.0,0.0,0.0,0.0,1.0,0.0,0.0,0.0,1.0,0
1480510732374405888,266,1480510732371307196,,0,0,46.5182380676,6.56652355194,2.77602830977e-40,1.0,0.0,0.0,0.0,1.0,0.0,0.0,0.0,1.0,0
1480510732582828501,267,1480510732580414391,,0,0,46.5182380676,6.56651878357,2.77602830977e-40,1.0,0.0,0.0,0.0,1.0,0.0,0.0,0.0,1.0,0
1480510732783921701,268,1480510732780103115,,0,0,46.5182418823,6.5665178299,2.77602830977e-40,1.0,0.0,0.0,0.0,1.0,0.0,0.0,0.0,1.0,0
1480510732971562427,269,1480510732969204307,,0,0,46.5182495117,6.56652164459,2.77602830977e-40,1.0,0.0,0.0,0.0,1.0,0.0,0.0,0.0,1.0,0
1480510733187632577,270,1480510733185136436,,0,0,46.5182495117,6.56652069092,2.77602830977e-40,1.0,0.0,0.0,0.0,1.0,0.0,0.0,0.0,1.0,0
1480510733377121738,271,1480510733373589036,,0,0,46.5182571411,6.56652116776,2.77602830977e-40,1.0,0.0,0.0,0.0,1.0,0.0,0.0,0.0,1.0,0
1480510733579389363,272,1480510733574660986,,0,0,46.5182533264,6.56651687622,2.77602830977e-40,1.0,0.0,0.0,0.0,1.0,0.0,0.0,0.0,1.0,0
1480510733780648344,273,1480510733773490128,,0,0,46.5182533264,6.56651878357,2.77602830977e-40,1.0,0.0,0.0,0.0,1.0,0.0,0.0,0.0,1.0,0
1480510733977123115,274,1480510733974062392,,0,0,46.5182609558,6.56652021408,2.77602830977e-40,1.0,0.0,0.0,0.0,1.0,0.0,0.0,0.0,1.0,0
1480510734177750848,275,1480510734175267936,,0,0,46.5182495117,6.56651210785,2.77602830977e-40,1.0,0.0,0.0,0.0,1.0,0.0,0.0,0.0,1.0,0
1480510734358219140,276,1480510734355852895,,0,0,46.5182647705,6.56651830673,2.77602830977e-40,1.0,0.0,0.0,0.0,1.0,0.0,0.0,0.0,1.0,0
1480510734457788841,277,1480510734455292388,,0,0,46.5182647705,6.56651544571,2.77602830977e-40,1.0,0.0,0.0,0.0,1.0,0.0,0.0,0.0,1.0,0
1480510734579210114,278,1480510734575433871,,0,0,46.5182647705,6.56651306152,2.77602830977e-40,1.0,0.0,0.0,0.0,1.0,0.0,0.0,0.0,1.0,0
1480510734780379356,279,1480510734778118214,,0,0,46.5182723999,6.56651353836,2.77602830977e-40,1.0,0.0,0.0,0.0,1.0,0.0,0.0,0.0,1.0,0
1480510734969858985,280,1480510734967556645,,0,0,46.5182762146,6.56650972366,2.77602830977e-40,1.0,0.0,0.0,0.0,1.0,0.0,0.0,0.0,1.0,0
1480510735172315828,281,1480510735170158332,,0,0,46.5182571411,6.56654167175,2.77602830977e-40,1.0,0.0,0.0,0.0,1.0,0.0,0.0,0.0,1.0,0
1480510735370168982,282,1480510735367699560,,0,0,46.5182647705,6.5665307045,2.77602830977e-40,1.0,0.0,0.0,0.0,1.0,0.0,0.0,0.0,1.0,0
1480510735668286055,283,1480510735665963403,,0,0,46.5182647705,6.56653404236,2.77602830977e-40,1.0,0.0,0.0,0.0,1.0,0.0,0.0,0.0,1.0,0
1480510736049465257,284,1480510736046486096,,0,0,46.5182609558,6.56653499603,2.77602830977e-40,1.0,0.0,0.0,0.0,1.0,0.0,0.0,0.0,1.0,0
1480510736426253426,285,1480510736424032753,,0,0,46.5182723999,6.56651687622,2.77602830977e-40,1.0,0.0,0.0,0.0,1.0,0.0,0.0,0.0,1.0,0
1480510736876522596,286,1480510736873228853,,0,0,46.518283844,6.56650924683,2.77602830977e-40,1.0,0.0,0.0,0.0,1.0,0.0,0.0,0.0,1.0,0
1480510737465137017,287,1480510737462514106,,0,0,46.5183258057,6.56650257111,2.77602830977e-40,1.0,0.0,0.0,0.0,1.0,0.0,0.0,0.0,1.0,0
1480510738125434579,288,1480510738117613292,,0,0,46.5183448792,6.56650066376,2.77602830977e-40,1.0,0.0,0.0,0.0,1.0,0.0,0.0,0.0,1.0,0
1480510738651456258,289,1480510738649151991,,0,0,46.5183563232,6.56650257111,2.77602830977e-40,1.0,0.0,0.0,0.0,1.0,0.0,0.0,0.0,1.0,0
1480510739235885478,290,1480510739233043400,,0,0,46.5183944702,6.56651067734,2.77602830977e-40,1.0,0.0,0.0,0.0,1.0,0.0,0.0,0.0,1.0,0
1480510739681312731,291,1480510739674382068,,0,0,46.5184211731,6.56652259827,2.77602830977e-40,1.0,0.0,0.0,0.0,1.0,0.0,0.0,0.0,1.0,0
1480510740261091180,292,1480510740258865559,,0,0,46.5184364319,6.56652641296,2.77602830977e-40,1.0,0.0,0.0,0.0,1.0,0.0,0.0,0.0,1.0,0
1480510740943165001,293,1480510740940076361,,0,0,46.5184516907,6.56652832031,2.77602830977e-40,1.0,0.0,0.0,0.0,1.0,0.0,0.0,0.0,1.0,0
1480510741525389851,294,1480510741521817618,,0,0,46.5184898376,6.56652736664,2.77602830977e-40,1.0,0.0,0.0,0.0,1.0,0.0,0.0,0.0,1.0,0
1480510742044506022,295,1480510742041829257,,0,0,46.5185165405,6.56650972366,2.77602830977e-40,1.0,0.0,0.0,0.0,1.0,0.0,0.0,0.0,1.0,0
1480510742590865890,296,1480510742588683082,,0,0,46.5185279846,6.5664806366,2.77602830977e-40,1.0,0.0,0.0,0.0,1.0,0.0,0.0,0.0,1.0,0
1480510743006483514,297,1480510743002268939,,0,0,46.518535614,6.56644105911,2.77602830977e-40,1.0,0.0,0.0,0.0,1.0,0.0,0.0,0.0,1.0,0
1480510743362203756,298,1480510743360112249,,0,0,46.518535614,6.56641483307,2.77602830977e-40,1.0,0.0,0.0,0.0,1.0,0.0,0.0,0.0,1.0,0
1480510743741915408,299,1480510743738507811,,0,0,46.5185279846,6.5663895607,2.77602830977e-40,1.0,0.0,0.0,0.0,1.0,0.0,0.0,0.0,1.0,0
1480510744031732289,300,1480510744026795163,,0,0,46.5185241699,6.56637144089,2.77602830977e-40,1.0,0.0,0.0,0.0,1.0,0.0,0.0,0.0,1.0,0
1480510744399739589,301,1480510744397296782,,0,0,46.5185165405,6.56635475159,2.77602830977e-40,1.0,0.0,0.0,0.0,1.0,0.0,0.0,0.0,1.0,0
1480510744801869740,302,1480510744799383338,,0,0,46.5185050964,6.56633615494,2.77602830977e-40,1.0,0.0,0.0,0.0,1.0,0.0,0.0,0.0,1.0,0
1480510745267266850,303,1480510745265133312,,0,0,46.5184898376,6.56632232666,2.77602830977e-40,1.0,0.0,0.0,0.0,1.0,0.0,0.0,0.0,1.0,0
1480510745733099584,304,1480510745729787767,,0,0,46.5184669495,6.56631660461,2.77602830977e-40,1.0,0.0,0.0,0.0,1.0,0.0,0.0,0.0,1.0,0
1480510746043027154,305,1480510746040747002,,0,0,46.5184516907,6.5663189888,2.77602830977e-40,1.0,0.0,0.0,0.0,1.0,0.0,0.0,0.0,1.0,0
1480510746403928739,306,1480510746401457650,,0,0,46.5184364319,6.56632614136,2.77602830977e-40,1.0,0.0,0.0,0.0,1.0,0.0,0.0,0.0,1.0,0
1480510746771148385,307,1480510746768672244,,0,0,46.5184211731,6.56634092331,2.77602830977e-40,1.0,0.0,0.0,0.0,1.0,0.0,0.0,0.0,1.0,0
1480510747054261321,308,1480510747051763096,,0,0,46.5184135437,6.56635427475,2.77602830977e-40,1.0,0.0,0.0,0.0,1.0,0.0,0.0,0.0,1.0,0
1480510747406478808,309,1480510747401401162,,0,0,46.5184059143,6.56637525558,2.77602830977e-40,1.0,0.0,0.0,0.0,1.0,0.0,0.0,0.0,1.0,0
1480510747725768235,310,1480510747721673868,,0,0,46.5184020996,6.56639289856,2.77602830977e-40,1.0,0.0,0.0,0.0,1.0,0.0,0.0,0.0,1.0,0
1480510748020001253,311,1480510748013289183,,0,0,46.5184020996,6.56641054153,2.77602830977e-40,1.0,0.0,0.0,0.0,1.0,0.0,0.0,0.0,1.0,0
1480510748308646469,312,1480510748306434495,,0,0,46.5184020996,6.566426754,2.77602830977e-40,1.0,0.0,0.0,0.0,1.0,0.0,0.0,0.0,1.0,0
1480510748624901371,313,1480510748621237785,,0,0,46.5184059143,6.5664434433,2.77602830977e-40,1.0,0.0,0.0,0.0,1.0,0.0,0.0,0.0,1.0,0
1480510748919456576,314,1480510748917512830,,0,0,46.5184135437,6.56645774841,2.77602830977e-40,1.0,0.0,0.0,0.0,1.0,0.0,0.0,0.0,1.0,0
1480510749291084130,315,1480510749288886322,,0,0,46.5184211731,6.56647205353,2.77602830977e-40,1.0,0.0,0.0,0.0,1.0,0.0,0.0,0.0,1.0,0
1480510749704420560,316,1480510749701136765,,0,0,46.5184326172,6.56648635864,2.77602830977e-40,1.0,0.0,0.0,0.0,1.0,0.0,0.0,0.0,1.0,0
1480510750184216184,317,1480510750181075252,,0,0,46.518447876,6.56649971008,2.77602830977e-40,1.0,0.0,0.0,0.0,1.0,0.0,0.0,0.0,1.0,0
1480510750775166485,318,1480510750771023577,,0,0,46.5184631348,6.56651592255,2.77602830977e-40,1.0,0.0,0.0,0.0,1.0,0.0,0.0,0.0,1.0,0
1480510751361985337,319,1480510751359887112,,0,0,46.5184822083,6.56653594971,2.77602830977e-40,1.0,0.0,0.0,0.0,1.0,0.0,0.0,0.0,1.0,0
1480510751988450621,320,1480510751986165052,,0,0,46.5185050964,6.56655502319,2.77602830977e-40,1.0,0.0,0.0,0.0,1.0,0.0,0.0,0.0,1.0,0
1480510752582617270,321,1480510752580032692,,0,0,46.5185241699,6.56657361984,2.77602830977e-40,1.0,0.0,0.0,0.0,1.0,0.0,0.0,0.0,1.0,0
1480510753008122323,322,1480510753005710713,,0,0,46.5185394287,6.56659126282,2.77602830977e-40,1.0,0.0,0.0,0.0,1.0,0.0,0.0,0.0,1.0,0
1480510753173535905,323,1480510753171302576,,0,0,46.5185508728,6.56659984589,2.77602830977e-40,1.0,0.0,0.0,0.0,1.0,0.0,0.0,0.0,1.0,0
1480510753377565454,324,1480510753375027073,,0,0,46.5185585022,6.56660223007,2.77602830977e-40,1.0,0.0,0.0,0.0,1.0,0.0,0.0,0.0,1.0,0
1480510753570454035,325,1480510753567624717,,0,0,46.5185623169,6.56660461426,2.77602830977e-40,1.0,0.0,0.0,0.0,1.0,0.0,0.0,0.0,1.0,0
1480510753804733576,326,1480510753801905561,,0,0,46.5185699463,6.56660795212,2.77602830977e-40,1.0,0.0,0.0,0.0,1.0,0.0,0.0,0.0,1.0,0
1480510753967537476,327,1480510753965161648,,0,0,46.5185775757,6.56661081314,2.77602830977e-40,1.0,0.0,0.0,0.0,1.0,0.0,0.0,0.0,1.0,0
1480510754166720941,328,1480510754163668915,,0,0,46.5185813904,6.56661653519,2.77602830977e-40,1.0,0.0,0.0,0.0,1.0,0.0,0.0,0.0,1.0,0
1480510754365678416,329,1480510754361243008,,0,0,46.5185775757,6.56661844254,2.77602830977e-40,1.0,0.0,0.0,0.0,1.0,0.0,0.0,0.0,1.0,0
1480510754560183712,330,1480510754555503982,,0,0,46.5185890198,6.56661510468,2.77602830977e-40,1.0,0.0,0.0,0.0,1.0,0.0,0.0,0.0,1.0,0
1480510754759393739,331,1480510754752233857,,0,0,46.5185852051,6.56661081314,2.77602830977e-40,1.0,0.0,0.0,0.0,1.0,0.0,0.0,0.0,1.0,0
1480510754952561121,332,1480510754949241648,,0,0,46.5185661316,6.5666179657,2.77602830977e-40,1.0,0.0,0.0,0.0,1.0,0.0,0.0,0.0,1.0,0
1480510755147673448,333,1480510755143211894,,0,0,46.5185775757,6.56661653519,2.77602830977e-40,1.0,0.0,0.0,0.0,1.0,0.0,0.0,0.0,1.0,0
1480510755267904046,334,1480510755264378479,,0,0,46.5185775757,6.56660604477,2.77602830977e-40,1.0,0.0,0.0,0.0,1.0,0.0,0.0,0.0,1.0,0
1480510755467131520,335,1480510755460669397,,0,0,46.5185623169,6.56656932831,2.77602830977e-40,1.0,0.0,0.0,0.0,1.0,0.0,0.0,0.0,1.0,0
1480510755666910869,336,1480510755663131553,,0,0,46.5185585022,6.56657457352,2.77602830977e-40,1.0,0.0,0.0,0.0,1.0,0.0,0.0,0.0,1.0,0
1480510755861139082,337,1480510755856818934,,0,0,46.5185775757,6.5665974617,2.77602830977e-40,1.0,0.0,0.0,0.0,1.0,0.0,0.0,0.0,1.0,0
1480510756060003068,338,1480510756053483289,,0,0,46.5185699463,6.56658887863,2.77602830977e-40,1.0,0.0,0.0,0.0,1.0,0.0,0.0,0.0,1.0,0
1480510756253920397,339,1480510756250708788,,0,0,46.518573761,6.56658172607,2.77602830977e-40,1.0,0.0,0.0,0.0,1.0,0.0,0.0,0.0,1.0,0
1480510756439234669,340,1480510756436808841,,0,0,46.518573761,6.56657743454,2.77602830977e-40,1.0,0.0,0.0,0.0,1.0,0.0,0.0,0.0,1.0,0
1480510756541768271,341,1480510756539994837,,0,0,46.5185699463,6.56657171249,2.77602830977e-40,1.0,0.0,0.0,0.0,1.0,0.0,0.0,0.0,1.0,0
1480510756656627890,342,1480510756653441854,,0,0,46.5185699463,6.56658363342,2.77602830977e-40,1.0,0.0,0.0,0.0,1.0,0.0,0.0,0.0,1.0,0
1480510756861583739,343,1480510756858603380,,0,0,46.5185966492,6.56659603119,2.77602830977e-40,1.0,0.0,0.0,0.0,1.0,0.0,0.0,0.0,1.0,0
1480510757060624234,344,1480510757055657890,,0,0,46.5185852051,6.56660175323,2.77602830977e-40,1.0,0.0,0.0,0.0,1.0,0.0,0.0,0.0,1.0,0
1480510757252685838,345,1480510757249756729,,0,0,46.5185890198,6.56660175323,2.77602830977e-40,1.0,0.0,0.0,0.0,1.0,0.0,0.0,0.0,1.0,0
1480510757447449258,346,1480510757444125723,,0,0,46.5185852051,6.56660223007,2.77602830977e-40,1.0,0.0,0.0,0.0,1.0,0.0,0.0,0.0,1.0,0
1480510757548726873,347,1480510757545972451,,0,0,46.518573761,6.5666012764,2.77602830977e-40,1.0,0.0,0.0,0.0,1.0,0.0,0.0,0.0,1.0,0
1480510757755365739,348,1480510757752321474,,0,0,46.5185699463,6.56660890579,2.77602830977e-40,1.0,0.0,0.0,0.0,1.0,0.0,0.0,0.0,1.0,0
1480510757941020844,349,1480510757938491214,,0,0,46.5185775757,6.56661081314,2.77602830977e-40,1.0,0.0,0.0,0.0,1.0,0.0,0.0,0.0,1.0,0
1480510758053575989,350,1480510758050893859,,0,0,46.5185775757,6.56660652161,2.77602830977e-40,1.0,0.0,0.0,0.0,1.0,0.0,0.0,0.0,1.0,0
1480510758247373214,351,1480510758244112907,,0,0,46.5185775757,6.56660795212,2.77602830977e-40,1.0,0.0,0.0,0.0,1.0,0.0,0.0,0.0,1.0,0
1480510758350242439,352,1480510758347133695,,0,0,46.5185813904,6.56660461426,2.77602830977e-40,1.0,0.0,0.0,0.0,1.0,0.0,0.0,0.0,1.0,0
1480510758546296639,353,1480510758543262322,,0,0,46.5185813904,6.56660079956,2.77602830977e-40,1.0,0.0,0.0,0.0,1.0,0.0,0.0,0.0,1.0,0
1480510758646459776,354,1480510758642892439,,0,0,46.5185928345,6.5666179657,2.77602830977e-40,1.0,0.0,0.0,0.0,1.0,0.0,0.0,0.0,1.0,0
1480510758849219171,355,1480510758846282093,,0,0,46.5185775757,6.56660604477,2.77602830977e-40,1.0,0.0,0.0,0.0,1.0,0.0,0.0,0.0,1.0,0
1480510759053615854,356,1480510759051115078,,0,0,46.5185775757,6.56660223007,2.77602830977e-40,1.0,0.0,0.0,0.0,1.0,0.0,0.0,0.0,1.0,0
1480510759237128672,357,1480510759234477584,,0,0,46.5185699463,6.56659221649,2.77602830977e-40,1.0,0.0,0.0,0.0,1.0,0.0,0.0,0.0,1.0,0
1480510759341495239,358,1480510759338404203,,0,0,46.5185661316,6.56658601761,2.77602830977e-40,1.0,0.0,0.0,0.0,1.0,0.0,0.0,0.0,1.0,0
1480510759444837745,359,1480510759442012750,,0,0,46.5185661316,6.56658983231,2.77602830977e-40,1.0,0.0,0.0,0.0,1.0,0.0,0.0,0.0,1.0,0
1480510759649320626,360,1480510759646708964,,0,0,46.5185661316,6.56658792496,2.77602830977e-40,1.0,0.0,0.0,0.0,1.0,0.0,0.0,0.0,1.0,0
1480510759742280027,361,1480510759739743417,,0,0,46.5185623169,6.56658315659,2.77602830977e-40,1.0,0.0,0.0,0.0,1.0,0.0,0.0,0.0,1.0,0
1480510759854795901,362,1480510759851354970,,0,0,46.5185623169,6.5665845871,2.77602830977e-40,1.0,0.0,0.0,0.0,1.0,0.0,0.0,0.0,1.0,0
1480510760050700257,363,1480510760048371355,,0,0,46.5185661316,6.56659173965,2.77602830977e-40,1.0,0.0,0.0,0.0,1.0,0.0,0.0,0.0,1.0,0
1480510760260521356,364,1480510760258916828,,0,0,46.518573761,6.56659221649,2.77602830977e-40,1.0,0.0,0.0,0.0,1.0,0.0,0.0,0.0,1.0,0
1480510760450023329,365,1480510760448021614,,0,0,46.518573761,6.56659650803,2.77602830977e-40,1.0,0.0,0.0,0.0,1.0,0.0,0.0,0.0,1.0,0
1480510760634788749,366,1480510760631734119,,0,0,46.518573761,6.56659603119,2.77602830977e-40,1.0,0.0,0.0,0.0,1.0,0.0,0.0,0.0,1.0,0
1480510760744976189,367,1480510760742320986,,0,0,46.5185813904,6.56660985947,2.77602830977e-40,1.0,0.0,0.0,0.0,1.0,0.0,0.0,0.0,1.0,0
1480510760856193315,368,1480510760854148267,,0,0,46.5185813904,6.56661319733,2.77602830977e-40,1.0,0.0,0.0,0.0,1.0,0.0,0.0,0.0,1.0,0
1480510761072822214,369,1480510761070591802,,0,0,46.5185890198,6.5666179657,2.77602830977e-40,1.0,0.0,0.0,0.0,1.0,0.0,0.0,0.0,1.0,0
1480510761247986194,370,1480510761246328385,,0,0,46.5185890198,6.56661701202,2.77602830977e-40,1.0,0.0,0.0,0.0,1.0,0.0,0.0,0.0,1.0,0
1480510761342083666,371,1480510761339648619,,0,0,46.5185852051,6.56661605835,2.77602830977e-40,1.0,0.0,0.0,0.0,1.0,0.0,0.0,0.0,1.0,0
1480510761454969123,372,1480510761452928918,,0,0,46.5185852051,6.56661367416,2.77602830977e-40,1.0,0.0,0.0,0.0,1.0,0.0,0.0,0.0,1.0,0
1480510761641138133,373,1480510761637955379,,0,0,46.5185775757,6.56660556793,2.77602830977e-40,1.0,0.0,0.0,0.0,1.0,0.0,0.0,0.0,1.0,0
1480510761754682234,374,1480510761751981718,,0,0,46.5185775757,6.56660509109,2.77602830977e-40,1.0,0.0,0.0,0.0,1.0,0.0,0.0,0.0,1.0,0
1480510761944123478,375,1480510761938469635,,0,0,46.518573761,6.56660795212,2.77602830977e-40,1.0,0.0,0.0,0.0,1.0,0.0,0.0,0.0,1.0,0
1480510762034180958,376,1480510762031084766,,0,0,46.518573761,6.56660890579,2.77602830977e-40,1.0,0.0,0.0,0.0,1.0,0.0,0.0,0.0,1.0,0
1480510762145365688,377,1480510762142254027,,0,0,46.5185775757,6.56661128998,2.77602830977e-40,1.0,0.0,0.0,0.0,1.0,0.0,0.0,0.0,1.0,0
1480510762247995539,378,1480510762245615440,,0,0,46.518573761,6.56660890579,2.77602830977e-40,1.0,0.0,0.0,0.0,1.0,0.0,0.0,0.0,1.0,0
1480510762340710618,379,1480510762339069163,,0,0,46.5185775757,6.56661462784,2.77602830977e-40,1.0,0.0,0.0,0.0,1.0,0.0,0.0,0.0,1.0,0
1480510762443658073,380,1480510762439649487,,0,0,46.5185699463,6.56660366058,2.77602830977e-40,1.0,0.0,0.0,0.0,1.0,0.0,0.0,0.0,1.0,0
1480510762544512719,381,1480510762540694966,,0,0,46.5185661316,6.56659650803,2.77602830977e-40,1.0,0.0,0.0,0.0,1.0,0.0,0.0,0.0,1.0,0
1480510762647075435,382,1480510762643882212,,0,0,46.5185623169,6.56659173965,2.77602830977e-40,1.0,0.0,0.0,0.0,1.0,0.0,0.0,0.0,1.0,0
1480510762748155446,383,1480510762745208889,,0,0,46.5185661316,6.56659984589,2.77602830977e-40,1.0,0.0,0.0,0.0,1.0,0.0,0.0,0.0,1.0,0
1480510762861991733,384,1480510762857914241,,0,0,46.5185623169,6.56659317017,2.77602830977e-40,1.0,0.0,0.0,0.0,1.0,0.0,0.0,0.0,1.0,0
1480510763048004911,385,1480510763043217420,,0,0,46.5185546875,6.56659173965,2.77602830977e-40,1.0,0.0,0.0,0.0,1.0,0.0,0.0,0.0,1.0,0
1480510763246248377,386,1480510763240862242,,0,0,46.5185585022,6.56660413742,2.77602830977e-40,1.0,0.0,0.0,0.0,1.0,0.0,0.0,0.0,1.0,0
1480510763440423674,387,1480510763436189776,,0,0,46.5185585022,6.56660604477,2.77602830977e-40,1.0,0.0,0.0,0.0,1.0,0.0,0.0,0.0,1.0,0
1480510763551876529,388,1480510763549455231,,0,0,46.5185585022,6.56660795212,2.77602830977e-40,1.0,0.0,0.0,0.0,1.0,0.0,0.0,0.0,1.0,0
1480510763748975518,389,1480510763746748751,,0,0,46.5185546875,6.56660318375,2.77602830977e-40,1.0,0.0,0.0,0.0,1.0,0.0,0.0,0.0,1.0,0
1480510763964494523,390,1480510763960289323,,0,0,46.518573761,6.56661653519,2.77602830977e-40,1.0,0.0,0.0,0.0,1.0,0.0,0.0,0.0,1.0,0
1480510764166572773,391,1480510764164511840,,0,0,46.5185890198,6.56662130356,2.77602830977e-40,1.0,0.0,0.0,0.0,1.0,0.0,0.0,0.0,1.0,0
1480510764350368976,392,1480510764347518617,,0,0,46.5185928345,6.56662940979,2.77602830977e-40,1.0,0.0,0.0,0.0,1.0,0.0,0.0,0.0,1.0,0
1480510764557466539,393,1480510764552270248,,0,0,46.5185966492,6.56660652161,2.77602830977e-40,1.0,0.0,0.0,0.0,1.0,0.0,0.0,0.0,1.0,0
1480510764732538176,394,1480510764729488026,,0,0,46.5186004639,6.56663942337,2.77602830977e-40,1.0,0.0,0.0,0.0,1.0,0.0,0.0,0.0,1.0,0
1480510764847875034,395,1480510764844746498,,0,0,46.5186004639,6.56664323807,2.77602830977e-40,1.0,0.0,0.0,0.0,1.0,0.0,0.0,0.0,1.0,0
1480510764941785683,396,1480510764937700118,,0,0,46.518611908,6.56665754318,2.77602830977e-40,1.0,0.0,0.0,0.0,1.0,0.0,0.0,0.0,1.0,0
1480510765041476738,397,1480510765039368305,,0,0,46.5186157227,6.56665372849,2.77602830977e-40,1.0,0.0,0.0,0.0,1.0,0.0,0.0,0.0,1.0,0
1480510765147177469,398,1480510765143862683,,0,0,46.5186195374,6.56665468216,2.77602830977e-40,1.0,0.0,0.0,0.0,1.0,0.0,0.0,0.0,1.0,0
1480510765250397839,399,1480510765246983054,,0,0,46.5186271667,6.56666564941,2.77602830977e-40,1.0,0.0,0.0,0.0,1.0,0.0,0.0,0.0,1.0,0
1480510765459327430,400,1480510765454621190,,0,0,46.5186004639,6.56663751602,2.77602830977e-40,1.0,0.0,0.0,0.0,1.0,0.0,0.0,0.0,1.0,0
1480510765648948257,401,1480510765643980402,,0,0,46.5186004639,6.56663799286,2.77602830977e-40,1.0,0.0,0.0,0.0,1.0,0.0,0.0,0.0,1.0,0
1480510765749965924,402,1480510765745340100,,0,0,46.5186157227,6.56664800644,2.77602830977e-40,1.0,0.0,0.0,0.0,1.0,0.0,0.0,0.0,1.0,0
1480510765851792079,403,1480510765848048649,,0,0,46.5186042786,6.56664276123,2.77602830977e-40,1.0,0.0,0.0,0.0,1.0,0.0,0.0,0.0,1.0,0
1480510766051417938,404,1480510766049149713,,0,0,46.5186080933,6.5666475296,2.77602830977e-40,1.0,0.0,0.0,0.0,1.0,0.0,0.0,0.0,1.0,0
1480510766134049339,405,1480510766129657316,,0,0,46.5186233521,6.56664896011,2.77602830977e-40,1.0,0.0,0.0,0.0,1.0,0.0,0.0,0.0,1.0,0
1480510766245774745,406,1480510766241255067,,0,0,46.518611908,6.56663227081,2.77602830977e-40,1.0,0.0,0.0,0.0,1.0,0.0,0.0,0.0,1.0,0
1480510766339421020,407,1480510766337104931,,0,0,46.5185966492,6.5666179657,2.77602830977e-40,1.0,0.0,0.0,0.0,1.0,0.0,0.0,0.0,1.0,0
1480510766456028344,408,1480510766452427205,,0,0,46.5186004639,6.56661987305,2.77602830977e-40,1.0,0.0,0.0,0.0,1.0,0.0,0.0,0.0,1.0,0
1480510766639804964,409,1480510766636003409,,0,0,46.5185852051,6.56662559509,2.77602830977e-40,1.0,0.0,0.0,0.0,1.0,0.0,0.0,0.0,1.0,0
1480510766752032036,410,1480510766749947560,,0,0,46.5185928345,6.56661987305,2.77602830977e-40,1.0,0.0,0.0,0.0,1.0,0.0,0.0,0.0,1.0,0
1480510766946446447,411,1480510766943893327,,0,0,46.5185699463,6.56659698486,2.77602830977e-40,1.0,0.0,0.0,0.0,1.0,0.0,0.0,0.0,1.0,0
1480510767050333900,412,1480510767047740780,,0,0,46.518573761,6.56659889221,2.77602830977e-40,1.0,0.0,0.0,0.0,1.0,0.0,0.0,0.0,1.0,0
1480510767254577354,413,1480510767252018609,,0,0,46.5185813904,6.56659269333,2.77602830977e-40,1.0,0.0,0.0,0.0,1.0,0.0,0.0,0.0,1.0,0
1480510767452169780,414,1480510767448915411,,0,0,46.5185623169,6.56660890579,2.77602830977e-40,1.0,0.0,0.0,0.0,1.0,0.0,0.0,0.0,1.0,0
1480510767654276780,415,1480510767650878557,,0,0,46.5185661316,6.56659793854,2.77602830977e-40,1.0,0.0,0.0,0.0,1.0,0.0,0.0,0.0,1.0,0
1480510767863682151,416,1480510767861293198,,0,0,46.5185546875,6.56663036346,2.77602830977e-40,1.0,0.0,0.0,0.0,1.0,0.0,0.0,0.0,1.0,0
1480510768059778538,417,1480510768056368285,,0,0,46.5185623169,6.5666475296,2.77602830977e-40,1.0,0.0,0.0,0.0,1.0,0.0,0.0,0.0,1.0,0
1480510768256948986,418,1480510768254189824,,0,0,46.5185546875,6.56663751602,2.77602830977e-40,1.0,0.0,0.0,0.0,1.0,0.0,0.0,0.0,1.0,0
1480510768471298722,419,1480510768468738415,,0,0,46.5185508728,6.56664085388,2.77602830977e-40,1.0,0.0,0.0,0.0,1.0,0.0,0.0,0.0,1.0,0
1480510768667374797,420,1480510768664721521,,0,0,46.5185432434,6.56663894653,2.77602830977e-40,1.0,0.0,0.0,0.0,1.0,0.0,0.0,0.0,1.0,0
1480510768853684797,421,1480510768851203760,,0,0,46.518535614,6.56667757034,2.77602830977e-40,1.0,0.0,0.0,0.0,1.0,0.0,0.0,0.0,1.0,0
1480510769081487216,422,1480510769074888426,,0,0,46.5185470581,6.5666809082,2.77602830977e-40,1.0,0.0,0.0,0.0,1.0,0.0,0.0,0.0,1.0,0
1480510769268742370,423,1480510769266179823,,0,0,46.5185317993,6.56666946411,2.77602830977e-40,1.0,0.0,0.0,0.0,1.0,0.0,0.0,0.0,1.0,0
1480510769471722858,424,1480510769469114790,,0,0,46.5185127258,6.56666707993,2.77602830977e-40,1.0,0.0,0.0,0.0,1.0,0.0,0.0,0.0,1.0,0
1480510769664730032,425,1480510769662436860,,0,0,46.5185012817,6.56668710709,2.77602830977e-40,1.0,0.0,0.0,0.0,1.0,0.0,0.0,0.0,1.0,0
1480510769868726508,426,1480510769866313231,,0,0,46.5185089111,6.56667852402,2.77602830977e-40,1.0,0.0,0.0,0.0,1.0,0.0,0.0,0.0,1.0,0
1480510770076966152,427,1480510770073079181,,0,0,46.5185012817,6.5666680336,2.77602830977e-40,1.0,0.0,0.0,0.0,1.0,0.0,0.0,0.0,1.0,0
1480510770259212410,428,1480510770256947467,,0,0,46.5185012817,6.56667757034,2.77602830977e-40,1.0,0.0,0.0,0.0,1.0,0.0,0.0,0.0,1.0,0
1480510770474694593,429,1480510770472576107,,0,0,46.5185203552,6.56668949127,2.77602830977e-40,1.0,0.0,0.0,0.0,1.0,0.0,0.0,0.0,1.0,0
1480510770667770413,430,1480510770664973699,,0,0,46.5185241699,6.56668138504,2.77602830977e-40,1.0,0.0,0.0,0.0,1.0,0.0,0.0,0.0,1.0,0
1480510770868111843,431,1480510770865366849,,0,0,46.5185317993,6.56668949127,2.77602830977e-40,1.0,0.0,0.0,0.0,1.0,0.0,0.0,0.0,1.0,0
1480510771071807122,432,1480510771069856709,,0,0,46.5184898376,6.56668186188,2.77602830977e-40,1.0,0.0,0.0,0.0,1.0,0.0,0.0,0.0,1.0,0
1480510771263801850,433,1480510771261338418,,0,0,46.5184860229,6.56668519974,2.77602830977e-40,1.0,0.0,0.0,0.0,1.0,0.0,0.0,0.0,1.0,0
1480510771455789131,434,1480510771453485125,,0,0,46.5184440613,6.56666612625,2.77602830977e-40,1.0,0.0,0.0,0.0,1.0,0.0,0.0,0.0,1.0,0
1480510771652206090,435,1480510771649169013,,0,0,46.5184440613,6.56667995453,2.77602830977e-40,1.0,0.0,0.0,0.0,1.0,0.0,0.0,0.0,1.0,0
1480510771766784355,436,1480510771761328012,,0,0,46.5184783936,6.56667613983,2.77602830977e-40,1.0,0.0,0.0,0.0,1.0,0.0,0.0,0.0,1.0,0
1480510771963210846,437,1480510771958199762,,0,0,46.5185012817,6.56666755676,2.77602830977e-40,1.0,0.0,0.0,0.0,1.0,0.0,0.0,0.0,1.0,0
1480510772174790119,438,1480510772172123458,,0,0,46.5184822083,6.56667518616,2.77602830977e-40,1.0,0.0,0.0,0.0,1.0,0.0,0.0,0.0,1.0,0
1480510772371475203,439,1480510772369378905,,0,0,46.5184860229,6.56666183472,2.77602830977e-40,1.0,0.0,0.0,0.0,1.0,0.0,0.0,0.0,1.0,0
1480510772580510419,440,1480510772573661838,,0,0,46.5184631348,6.56663703918,2.77602830977e-40,1.0,0.0,0.0,0.0,1.0,0.0,0.0,0.0,1.0,0
1480510772768477134,441,1480510772766345784,,0,0,46.5184593201,6.56667613983,2.77602830977e-40,1.0,0.0,0.0,0.0,1.0,0.0,0.0,0.0,1.0,0
1480510772972894234,442,1480510772969304345,,0,0,46.5184631348,6.566655159,2.77602830977e-40,1.0,0.0,0.0,0.0,1.0,0.0,0.0,0.0,1.0,0
1480510773171521970,443,1480510773163240580,,0,0,46.5184860229,6.56666135788,2.77602830977e-40,1.0,0.0,0.0,0.0,1.0,0.0,0.0,0.0,1.0,0
1480510773380053229,444,1480510773378053024,,0,0,46.5184936523,6.56665182114,2.77602830977e-40,1.0,0.0,0.0,0.0,1.0,0.0,0.0,0.0,1.0,0
1480510773565312085,445,1480510773562839746,,0,0,46.5184936523,6.56665563583,2.77602830977e-40,1.0,0.0,0.0,0.0,1.0,0.0,0.0,0.0,1.0,0
1480510773777367139,446,1480510773772577929,,0,0,46.5185546875,6.56664991379,2.77602830977e-40,1.0,0.0,0.0,0.0,1.0,0.0,0.0,0.0,1.0,0
1480510773970071241,447,1480510773967656297,,0,0,46.5185241699,6.5666270256,2.77602830977e-40,1.0,0.0,0.0,0.0,1.0,0.0,0.0,0.0,1.0,0
1480510774176062400,448,1480510774173306989,,0,0,46.5185012817,6.56664323807,2.77602830977e-40,1.0,0.0,0.0,0.0,1.0,0.0,0.0,0.0,1.0,0
1480510774371195820,449,1480510774368719887,,0,0,46.5184669495,6.56665468216,2.77602830977e-40,1.0,0.0,0.0,0.0,1.0,0.0,0.0,0.0,1.0,0
1480510774584008945,450,1480510774581319940,,0,0,46.5184745789,6.56664943695,2.77602830977e-40,1.0,0.0,0.0,0.0,1.0,0.0,0.0,0.0,1.0,0
1480510774767822075,451,1480510774765383173,,0,0,46.5185241699,6.56665897369,2.77602830977e-40,1.0,0.0,0.0,0.0,1.0,0.0,0.0,0.0,1.0,0
1480510774985862377,452,1480510774981219157,,0,0,46.5185241699,6.56666469574,2.77602830977e-40,1.0,0.0,0.0,0.0,1.0,0.0,0.0,0.0,1.0,0
1480510775182068139,453,1480510775178401219,,0,0,46.5185127258,6.56667041779,2.77602830977e-40,1.0,0.0,0.0,0.0,1.0,0.0,0.0,0.0,1.0,0
1480510775385897948,454,1480510775382817017,,0,0,46.5185279846,6.56666612625,2.77602830977e-40,1.0,0.0,0.0,0.0,1.0,0.0,0.0,0.0,1.0,0
1480510775580603505,455,1480510775577907833,,0,0,46.5185470581,6.56668996811,2.77602830977e-40,1.0,0.0,0.0,0.0,1.0,0.0,0.0,0.0,1.0,0
1480510775766175642,456,1480510775764081948,,0,0,46.518535614,6.56666660309,2.77602830977e-40,1.0,0.0,0.0,0.0,1.0,0.0,0.0,0.0,1.0,0
1480510775980498660,457,1480510775977925487,,0,0,46.5185432434,6.56667852402,2.77602830977e-40,1.0,0.0,0.0,0.0,1.0,0.0,0.0,0.0,1.0,0
1480510776183307533,458,1480510776180861809,,0,0,46.518535614,6.56667470932,2.77602830977e-40,1.0,0.0,0.0,0.0,1.0,0.0,0.0,0.0,1.0,0
1480510776387035468,459,1480510776382667508,,0,0,46.5185394287,6.56665992737,2.77602830977e-40,1.0,0.0,0.0,0.0,1.0,0.0,0.0,0.0,1.0,0
1480510776579794101,460,1480510776577643012,,0,0,46.5185394287,6.5666680336,2.77602830977e-40,1.0,0.0,0.0,0.0,1.0,0.0,0.0,0.0,1.0,0
1480510776774391481,461,1480510776771673673,,0,0,46.5185508728,6.56667709351,2.77602830977e-40,1.0,0.0,0.0,0.0,1.0,0.0,0.0,0.0,1.0,0
1480510776983061385,462,1480510776979767433,,0,0,46.5185508728,6.56666994095,2.77602830977e-40,1.0,0.0,0.0,0.0,1.0,0.0,0.0,0.0,1.0,0
1480510777167395555,463,1480510777165395403,,0,0,46.5185508728,6.56665754318,2.77602830977e-40,1.0,0.0,0.0,0.0,1.0,0.0,0.0,0.0,1.0,0
1480510777385163098,464,1480510777383067998,,0,0,46.5185279846,6.566655159,2.77602830977e-40,1.0,0.0,0.0,0.0,1.0,0.0,0.0,0.0,1.0,0
1480510777597469036,465,1480510777595010760,,0,0,46.5185241699,6.5666680336,2.77602830977e-40,1.0,0.0,0.0,0.0,1.0,0.0,0.0,0.0,1.0,0
1480510777775959364,466,1480510777773669004,,0,0,46.5185241699,6.56665563583,2.77602830977e-40,1.0,0.0,0.0,0.0,1.0,0.0,0.0,0.0,1.0,0
1480510777967736072,467,1480510777965570972,,0,0,46.5185203552,6.56666660309,2.77602830977e-40,1.0,0.0,0.0,0.0,1.0,0.0,0.0,0.0,1.0,0
1480510778169924843,468,1480510778167650681,,0,0,46.5185279846,6.56667566299,2.77602830977e-40,1.0,0.0,0.0,0.0,1.0,0.0,0.0,0.0,1.0,0
1480510778365170502,469,1480510778363010506,,0,0,46.5185241699,6.56666564941,2.77602830977e-40,1.0,0.0,0.0,0.0,1.0,0.0,0.0,0.0,1.0,0
1480510778552806385,470,1480510778550557275,,0,0,46.5185317993,6.56666660309,2.77602830977e-40,1.0,0.0,0.0,0.0,1.0,0.0,0.0,0.0,1.0,0
1480510778768172422,471,1480510778766181905,,0,0,46.5185432434,6.56666994095,2.77602830977e-40,1.0,0.0,0.0,0.0,1.0,0.0,0.0,0.0,1.0,0
1480510778973489780,472,1480510778970207078,,0,0,46.5185394287,6.56667232513,2.77602830977e-40,1.0,0.0,0.0,0.0,1.0,0.0,0.0,0.0,1.0,0
1480510779172658088,473,1480510779167714504,,0,0,46.518535614,6.56667041779,2.77602830977e-40,1.0,0.0,0.0,0.0,1.0,0.0,0.0,0.0,1.0,0
1480510779365849012,474,1480510779363673287,,0,0,46.5185394287,6.56666517258,2.77602830977e-40,1.0,0.0,0.0,0.0,1.0,0.0,0.0,0.0,1.0,0
1480510779570260227,475,1480510779568173720,,0,0,46.518535614,6.56666564941,2.77602830977e-40,1.0,0.0,0.0,0.0,1.0,0.0,0.0,0.0,1.0,0
1480510779769577389,476,1480510779765060731,,0,0,46.518535614,6.56666564941,2.77602830977e-40,1.0,0.0,0.0,0.0,1.0,0.0,0.0,0.0,1.0,0
1480510779949079589,477,1480510779946578032,,0,0,46.5185317993,6.56667327881,2.77602830977e-40,1.0,0.0,0.0,0.0,1.0,0.0,0.0,0.0,1.0,0
1480510780169444262,478,1480510780165469374,,0,0,46.5185317993,6.56667327881,2.77602830977e-40,1.0,0.0,0.0,0.0,1.0,0.0,0.0,0.0,1.0,0
1480510780365133619,479,1480510780362528884,,0,0,46.5185317993,6.5666718483,2.77602830977e-40,1.0,0.0,0.0,0.0,1.0,0.0,0.0,0.0,1.0,0
1480510780572683733,480,1480510780568588481,,0,0,46.5185279846,6.56667089462,2.77602830977e-40,1.0,0.0,0.0,0.0,1.0,0.0,0.0,0.0,1.0,0
1480510780765673981,481,1480510780763138465,,0,0,46.5185317993,6.56666994095,2.77602830977e-40,1.0,0.0,0.0,0.0,1.0,0.0,0.0,0.0,1.0,0
1480510780977466587,482,1480510780970099570,,0,0,46.5185279846,6.56667041779,2.77602830977e-40,1.0,0.0,0.0,0.0,1.0,0.0,0.0,0.0,1.0,0
1480510781165628614,483,1480510781163093359,,0,0,46.5185279846,6.56667089462,2.77602830977e-40,1.0,0.0,0.0,0.0,1.0,0.0,0.0,0.0,1.0,0
1480510781357768186,484,1480510781355671628,,0,0,46.5185279846,6.56666851044,2.77602830977e-40,1.0,0.0,0.0,0.0,1.0,0.0,0.0,0.0,1.0,0
1480510781572012975,485,1480510781570046781,,0,0,46.5185279846,6.56666898727,2.77602830977e-40,1.0,0.0,0.0,0.0,1.0,0.0,0.0,0.0,1.0,0
1480510781768924621,486,1480510781765223430,,0,0,46.5185317993,6.56666946411,2.77602830977e-40,1.0,0.0,0.0,0.0,1.0,0.0,0.0,0.0,1.0,0
1480510781973935626,487,1480510781970562560,,0,0,46.5185317993,6.56666994095,2.77602830977e-40,1.0,0.0,0.0,0.0,1.0,0.0,0.0,0.0,1.0,0
1480510782169657430,488,1480510782166961863,,0,0,46.5185317993,6.56666994095,2.77602830977e-40,1.0,0.0,0.0,0.0,1.0,0.0,0.0,0.0,1.0,0
1480510782365810692,489,1480510782363335541,,0,0,46.5185317993,6.56666946411,2.77602830977e-40,1.0,0.0,0.0,0.0,1.0,0.0,0.0,0.0,1.0,0
1480510782570392844,490,1480510782567573006,,0,0,46.5185317993,6.56666994095,2.77602830977e-40,1.0,0.0,0.0,0.0,1.0,0.0,0.0,0.0,1.0,0
1480510782748241715,491,1480510782744185733,,0,0,46.5185317993,6.56667041779,2.77602830977e-40,1.0,0.0,0.0,0.0,1.0,0.0,0.0,0.0,1.0,0
1480510782878461251,492,1480510782875824017,,0,0,46.5185317993,6.56667041779,2.77602830977e-40,1.0,0.0,0.0,0.0,1.0,0.0,0.0,0.0,1.0,0
1480510783081512469,493,1480510783077789976,,0,0,46.518535614,6.56667089462,2.77602830977e-40,1.0,0.0,0.0,0.0,1.0,0.0,0.0,0.0,1.0,0
1480510783285875923,494,1480510783280759891,,0,0,46.518535614,6.56667041779,2.77602830977e-40,1.0,0.0,0.0,0.0,1.0,0.0,0.0,0.0,1.0,0
1480510783466242861,495,1480510783463863595,,0,0,46.518535614,6.56666946411,2.77602830977e-40,1.0,0.0,0.0,0.0,1.0,0.0,0.0,0.0,1.0,0
1480510783673642143,496,1480510783670563868,,0,0,46.518535614,6.56666946411,2.77602830977e-40,1.0,0.0,0.0,0.0,1.0,0.0,0.0,0.0,1.0,0
1480510783871793578,497,1480510783868118116,,0,0,46.518535614,6.56666946411,2.77602830977e-40,1.0,0.0,0.0,0.0,1.0,0.0,0.0,0.0,1.0,0
1480510784055367437,498,1480510784052903432,,0,0,46.518535614,6.56667041779,2.77602830977e-40,1.0,0.0,0.0,0.0,1.0,0.0,0.0,0.0,1.0,0
1480510784273283573,499,1480510784270159048,,0,0,46.518535614,6.56666994095,2.77602830977e-40,1.0,0.0,0.0,0.0,1.0,0.0,0.0,0.0,1.0,0
1480510784470821624,500,1480510784468174754,,0,0,46.518535614,6.56667041779,2.77602830977e-40,1.0,0.0,0.0,0.0,1.0,0.0,0.0,0.0,1.0,0
1480510784674277997,501,1480510784670946545,,0,0,46.518535614,6.56666994095,2.77602830977e-40,1.0,0.0,0.0,0.0,1.0,0.0,0.0,0.0,1.0,0
1480510784871084487,502,1480510784867758399,,0,0,46.518535614,6.56666946411,2.77602830977e-40,1.0,0.0,0.0,0.0,1.0,0.0,0.0,0.0,1.0,0
1480510785082159907,503,1480510785077890071,,0,0,46.518535614,6.56666898727,2.77602830977e-40,1.0,0.0,0.0,0.0,1.0,0.0,0.0,0.0,1.0,0
1480510785285812685,504,1480510785282086651,,0,0,46.5185546875,6.56666374207,2.77602830977e-40,1.0,0.0,0.0,0.0,1.0,0.0,0.0,0.0,1.0,0
1480510785448959710,505,1480510785445114092,,0,0,46.5185585022,6.56666326523,2.77602830977e-40,1.0,0.0,0.0,0.0,1.0,0.0,0.0,0.0,1.0,0
1480510785674325675,506,1480510785671821721,,0,0,46.5185508728,6.56666469574,2.77602830977e-40,1.0,0.0,0.0,0.0,1.0,0.0,0.0,0.0,1.0,0
1480510785869543678,507,1480510785867473213,,0,0,46.5185623169,6.56666135788,2.77602830977e-40,1.0,0.0,0.0,0.0,1.0,0.0,0.0,0.0,1.0,0
1480510786066708605,508,1480510786064534286,,0,0,46.5185623169,6.56666326523,2.77602830977e-40,1.0,0.0,0.0,0.0,1.0,0.0,0.0,0.0,1.0,0
1480510786286580362,509,1480510786282060943,,0,0,46.5185775757,6.56665754318,2.77602830977e-40,1.0,0.0,0.0,0.0,1.0,0.0,0.0,0.0,1.0,0
1480510786475481450,510,1480510786473449892,,0,0,46.5185661316,6.56666088104,2.77602830977e-40,1.0,0.0,0.0,0.0,1.0,0.0,0.0,0.0,1.0,0
1480510786668383052,511,1480510786666257223,,0,0,46.5185699463,6.56666040421,2.77602830977e-40,1.0,0.0,0.0,0.0,1.0,0.0,0.0,0.0,1.0,0
1480510786854624302,512,1480510786850278581,,0,0,46.5185546875,6.56666374207,2.77602830977e-40,1.0,0.0,0.0,0.0,1.0,0.0,0.0,0.0,1.0,0
1480510787077639595,513,1480510787073880748,,0,0,46.5185661316,6.56666040421,2.77602830977e-40,1.0,0.0,0.0,0.0,1.0,0.0,0.0,0.0,1.0,0
1480510787274316293,514,1480510787270761977,,0,0,46.5185775757,6.56665706635,2.77602830977e-40,1.0,0.0,0.0,0.0,1.0,0.0,0.0,0.0,1.0,0
1480510787473352310,515,1480510787468766329,,0,0,46.518573761,6.56665802002,2.77602830977e-40,1.0,0.0,0.0,0.0,1.0,0.0,0.0,0.0,1.0,0
1480510787667064483,516,1480510787664526623,,0,0,46.518573761,6.56665945053,2.77602830977e-40,1.0,0.0,0.0,0.0,1.0,0.0,0.0,0.0,1.0,0
1480510787867762527,517,1480510787863060141,,0,0,46.518573761,6.56665754318,2.77602830977e-40,1.0,0.0,0.0,0.0,1.0,0.0,0.0,0.0,1.0,0
1480510788081461484,518,1480510788077768679,,0,0,46.5185699463,6.56665802002,2.77602830977e-40,1.0,0.0,0.0,0.0,1.0,0.0,0.0,0.0,1.0,0
1480510788252635940,519,1480510788250351570,,0,0,46.518573761,6.56665754318,2.77602830977e-40,1.0,0.0,0.0,0.0,1.0,0.0,0.0,0.0,1.0,0
1480510788466606407,520,1480510788463215268,,0,0,46.5185546875,6.56666326523,2.77602830977e-40,1.0,0.0,0.0,0.0,1.0,0.0,0.0,0.0,1.0,0
1480510788670069290,521,1480510788666922265,,0,0,46.5185394287,6.56666755676,2.77602830977e-40,1.0,0.0,0.0,0.0,1.0,0.0,0.0,0.0,1.0,0
1480510788865378647,522,1480510788861832352,,0,0,46.518535614,6.56666994095,2.77602830977e-40,1.0,0.0,0.0,0.0,1.0,0.0,0.0,0.0,1.0,0
1480510789086081861,523,1480510789082762336,,0,0,46.5185394287,6.56666851044,2.77602830977e-40,1.0,0.0,0.0,0.0,1.0,0.0,0.0,0.0,1.0,0
1480510789266969476,524,1480510789263423493,,0,0,46.5185394287,6.56666851044,2.77602830977e-40,1.0,0.0,0.0,0.0,1.0,0.0,0.0,0.0,1.0,0
1480510789472605896,525,1480510789469253455,,0,0,46.5185432434,6.56666660309,2.77602830977e-40,1.0,0.0,0.0,0.0,1.0,0.0,0.0,0.0,1.0,0
1480510789666916974,526,1480510789660955423,,0,0,46.5185432434,6.56666517258,2.77602830977e-40,1.0,0.0,0.0,0.0,1.0,0.0,0.0,0.0,1.0,0
1480510789883719675,527,1480510789878217967,,0,0,46.5185699463,6.56667089462,2.77602830977e-40,1.0,0.0,0.0,0.0,1.0,0.0,0.0,0.0,1.0,0
1480510790087430526,528,1480510790083499284,,0,0,46.5186004639,6.56669044495,2.77602830977e-40,1.0,0.0,0.0,0.0,1.0,0.0,0.0,0.0,1.0,0
1480510790280368951,529,1480510790274514691,,0,0,46.5186080933,6.56669473648,2.77602830977e-40,1.0,0.0,0.0,0.0,1.0,0.0,0.0,0.0,1.0,0
1480510790481045902,530,1480510790478345855,,0,0,46.5185661316,6.56666851044,2.77602830977e-40,1.0,0.0,0.0,0.0,1.0,0.0,0.0,0.0,1.0,0
1480510790675160053,531,1480510790673118442,,0,0,46.5185394287,6.56667423248,2.77602830977e-40,1.0,0.0,0.0,0.0,1.0,0.0,0.0,0.0,1.0,0
1480510790880822723,532,1480510790878545436,,0,0,46.5185432434,6.56668186188,2.77602830977e-40,1.0,0.0,0.0,0.0,1.0,0.0,0.0,0.0,1.0,0
1480510791087355392,533,1480510791084199200,,0,0,46.5185470581,6.56668424606,2.77602830977e-40,1.0,0.0,0.0,0.0,1.0,0.0,0.0,0.0,1.0,0
1480510791282161417,534,1480510791279445433,,0,0,46.5185470581,6.56668519974,2.77602830977e-40,1.0,0.0,0.0,0.0,1.0,0.0,0.0,0.0,1.0,0
1480510791476949994,535,1480510791474416926,,0,0,46.5185508728,6.56668615341,2.77602830977e-40,1.0,0.0,0.0,0.0,1.0,0.0,0.0,0.0,1.0,0
1480510791692259000,536,1480510791679441837,,0,0,46.5185508728,6.56668710709,2.77602830977e-40,1.0,0.0,0.0,0.0,1.0,0.0,0.0,0.0,1.0,0
1480510791886436380,537,1480510791883838364,,0,0,46.5185546875,6.56669235229,2.77602830977e-40,1.0,0.0,0.0,0.0,1.0,0.0,0.0,0.0,1.0,0
1480510792088699421,538,1480510792086221822,,0,0,46.5185585022,6.56669235229,2.77602830977e-40,1.0,0.0,0.0,0.0,1.0,0.0,0.0,0.0,1.0,0
1480510792288271531,539,1480510792282268470,,0,0,46.5185585022,6.56669235229,2.77602830977e-40,1.0,0.0,0.0,0.0,1.0,0.0,0.0,0.0,1.0,0
