%time,field.header.seq,field.header.stamp,field.header.frame_id,field.status.status,field.status.service,field.latitude,field.longitude,field.altitude,field.position_covariance0,field.position_covariance1,field.position_covariance2,field.position_covariance3,field.position_covariance4,field.position_covariance5,field.position_covariance6,field.position_covariance7,field.position_covariance8,field.position_covariance_type
1480511025177582347,56,1480511025173668292,,0,0,46.5185165405,6.56668663025,2.77602830977e-40,1.0,0.0,0.0,0.0,1.0,0.0,0.0,0.0,1.0,0
1480511025380371481,57,1480511025377538882,,0,0,46.5185165405,6.56668663025,2.77602830977e-40,1.0,0.0,0.0,0.0,1.0,0.0,0.0,0.0,1.0,0
1480511025564839453,58,1480511025560620868,,0,0,46.5185165405,6.56668663025,2.77602830977e-40,1.0,0.0,0.0,0.0,1.0,0.0,0.0,0.0,1.0,0
1480511025677374077,59,1480511025671684557,,0,0,46.5185165405,6.56668663025,2.77602830977e-40,1.0,0.0,0.0,0.0,1.0,0.0,0.0,0.0,1.0,0
1480511025877820039,60,1480511025874602337,,0,0,46.5185165405,6.56668663025,2.77602830977e-40,1.0,0.0,0.0,0.0,1.0,0.0,0.0,0.0,1.0,0
1480511026081163703,61,1480511026077511992,,0,0,46.5185165405,6.56668663025,2.77602830977e-40,1.0,0.0,0.0,0.0,1.0,0.0,0.0,0.0,1.0,0
1480511026282902371,62,1480511026280246959,,0,0,46.5185165405,6.56668663025,2.77602830977e-40,1.0,0.0,0.0,0.0,1.0,0.0,0.0,0.0,1.0,0
1480511026477976781,63,1480511026475322984,,0,0,46.5185165405,6.56668663025,2.77602830977e-40,1.0,0.0,0.0,0.0,1.0,0.0,0.0,0.0,1.0,0
1480511026688246786,64,1480511026679778052,,0,0,46.5185165405,6.56668663025,2.77602830977e-40,1.0,0.0,0.0,0.0,1.0,0.0,0.0,0.0,1.0,0
1480511026875946002,65,1480511026872083040,,0,0,46.5185165405,6.56668663025,2.77602830977e-40,1.0,0.0,0.0,0.0,1.0,0.0,0.0,0.0,1.0,0
1480511027084088771,66,1480511027077079045,,0,0,46.5185165405,6.56668663025,2.77602830977e-40,1.0,0.0,0.0,0.0,1.0,0.0,0.0,0.0,1.0,0
1480511027284697285,67,1480511027279880784,,0,0,46.5185165405,6.56668663025,2.77602830977e-40,1.0,0.0,0.0,0.0,1.0,0.0,0.0,0.0,1.0,0
1480511027486477411,68,1480511027480645443,,0,0,46.5185165405,6.56668663025,2.77602830977e-40,1.0,0.0,0.0,0.0,1.0,0.0,0.0,0.0,1.0,0
1480511027680069532,69,1480511027675827457,,0,0,46.5185165405,6.56668663025,2.77602830977e-40,1.0,0.0,0.0,0.0,1.0,0.0,0.0,0.0,1.0,0
1480511027883217676,70,1480511027880337213,,0,0,46.5185165405,6.56668663025,2.77602830977e-40,1.0,0.0,0.0,0.0,1.0,0.0,0.0,0.0,1.0,0
1480511028089690865,71,1480511028086293320,,0,0,46.5185165405,6.56668663025,2.77602830977e-40,1.0,0.0,0.0,0.0,1.0,0.0,0.0,0.0,1.0,0
1480511028277494977,72,1480511028269432857,,0,0,46.5185165405,6.56668663025,2.77602830977e-40,1.0,0.0,0.0,0.0,1.0,0.0,0.0,0.0,1.0,0
1480511028470426006,73,1480511028465054402,,0,0,46.5185165405,6.56668663025,2.77602830977e-40,1.0,0.0,0.0,0.0,1.0,0.0,0.0,0.0,1.0,0
1480511028682907777,74,1480511028677691850,,0,0,46.5185165405,6.56668663025,2.77602830977e-40,1.0,0.0,0.0,0.0,1.0,0.0,0.0,0.0,1.0,0
1480511028886454045,75,1480511028881708221,,0,0,46.5185165405,6.56668663025,2.77602830977e-40,1.0,0.0,0.0,0.0,1.0,0.0,0.0,0.0,1.0,0
1480511029104609868,76,1480511029097697538,,0,0,46.5185165405,6.56668663025,2.77602830977e-40,1.0,0.0,0.0,0.0,1.0,0.0,0.0,0.0,1.0,0
1480511029283195508,77,1480511029280857753,,0,0,46.5185165405,6.56668663025,2.77602830977e-40,1.0,0.0,0.0,0.0,1.0,0.0,0.0,0.0,1.0,0
1480511029478295075,78,1480511029475816329,,0,0,46.5185165405,6.56668663025,2.77602830977e-40,1.0,0.0,0.0,0.0,1.0,0.0,0.0,0.0,1.0,0
1480511029672157091,79,1480511029669812200,,0,0,46.5185165405,6.56668663025,2.77602830977e-40,1.0,0.0,0.0,0.0,1.0,0.0,0.0,0.0,1.0,0
1480511029876933565,80,1480511029873990602,,0,0,46.5185165405,6.56668663025,2.77602830977e-40,1.0,0.0,0.0,0.0,1.0,0.0,0.0,0.0,1.0,0
1480511030082630923,81,1480511030079825043,,0,0,46.5185165405,6.56668663025,2.77602830977e-40,1.0,0.0,0.0,0.0,1.0,0.0,0.0,0.0,1.0,0
1480511030291668535,82,1480511030283249645,,0,0,46.5185165405,6.56668663025,2.77602830977e-40,1.0,0.0,0.0,0.0,1.0,0.0,0.0,0.0,1.0,0
1480511030475463227,83,1480511030472977398,,0,0,46.5185165405,6.56668663025,2.77602830977e-40,1.0,0.0,0.0,0.0,1.0,0.0,0.0,0.0,1.0,0
1480511030681771990,84,1480511030676737625,,0,0,46.5185165405,6.56668663025,2.77602830977e-40,1.0,0.0,0.0,0.0,1.0,0.0,0.0,0.0,1.0,0
1480511030897803546,85,1480511030895212457,,0,0,46.5185165405,6.56668663025,2.77602830977e-40,1.0,0.0,0.0,0.0,1.0,0.0,0.0,0.0,1.0,0
1480511031079775065,86,1480511031076055541,,0,0,46.5185165405,6.56668663025,2.77602830977e-40,1.0,0.0,0.0,0.0,1.0,0.0,0.0,0.0,1.0,0
1480511031280555766,87,1480511031278869363,,0,0,46.5185165405,6.56668663025,2.77602830977e-40,1.0,0.0,0.0,0.0,1.0,0.0,0.0,0.0,1.0,0
1480511031475824498,88,1480511031473137316,,0,0,46.5185165405,6.56668663025,2.77602830977e-40,1.0,0.0,0.0,0.0,1.0,0.0,0.0,0.0,1.0,0
1480511031678478164,89,1480511031676457178,,0,0,46.5185165405,6.56668663025,2.77602830977e-40,1.0,0.0,0.0,0.0,1.0,0.0,0.0,0.0,1.0,0
1480511031879974124,90,1480511031877880638,,0,0,46.5185165405,6.56668663025,2.77602830977e-40,1.0,0.0,0.0,0.0,1.0,0.0,0.0,0.0,1.0,0
1480511032082750602,91,1480511032080030086,,0,0,46.5185165405,6.56668663025,2.77602830977e-40,1.0,0.0,0.0,0.0,1.0,0.0,0.0,0.0,1.0,0
1480511032290047331,92,1480511032280786152,,0,0,46.5185165405,6.56668663025,2.77602830977e-40,1.0,0.0,0.0,0.0,1.0,0.0,0.0,0.0,1.0,0
1480511032467221672,93,1480511032463578346,,0,0,46.5185165405,6.56668663025,2.77602830977e-40,1.0,0.0,0.0,0.0,1.0,0.0,0.0,0.0,1.0,0
1480511032567579965,94,1480511032565300074,,0,0,46.5185165405,6.56668663025,2.77602830977e-40,1.0,0.0,0.0,0.0,1.0,0.0,0.0,0.0,1.0,0
1480511032689144154,95,1480511032685173277,,0,0,46.5185165405,6.56668663025,2.77602830977e-40,1.0,0.0,0.0,0.0,1.0,0.0,0.0,0.0,1.0,0
1480511032883530961,96,1480511032877789150,,0,0,46.5185165405,6.56668663025,2.77602830977e-40,1.0,0.0,0.0,0.0,1.0,0.0,0.0,0.0,1.0,0
1480511033103795322,97,1480511033101103296,,0,0,46.5185165405,6.56668663025,2.77602830977e-40,1.0,0.0,0.0,0.0,1.0,0.0,0.0,0.0,1.0,0
1480511033286993765,98,1480511033283900594,,0,0,46.5185165405,6.56668663025,2.77602830977e-40,1.0,0.0,0.0,0.0,1.0,0.0,0.0,0.0,1.0,0
1480511033489976649,99,1480511033488051809,,0,0,46.5185165405,6.56668663025,2.77602830977e-40,1.0,0.0,0.0,0.0,1.0,0.0,0.0,0.0,1.0,0
1480511033690102976,100,1480511033687716887,,0,0,46.5185165405,6.56668663025,2.77602830977e-40,1.0,0.0,0.0,0.0,1.0,0.0,0.0,0.0,1.0,0
1480511033863553939,101,1480511033860301237,,0,0,46.5185165405,6.56668663025,2.77602830977e-40,1.0,0.0,0.0,0.0,1.0,0.0,0.0,0.0,1.0,0
1480511034095910255,102,1480511034093745780,,0,0,46.5185165405,6.56668663025,2.77602830977e-40,1.0,0.0,0.0,0.0,1.0,0.0,0.0,0.0,1.0,0
1480511034289099356,103,1480511034286762954,,0,0,46.5185165405,6.56668663025,2.77602830977e-40,1.0,0.0,0.0,0.0,1.0,0.0,0.0,0.0,1.0,0
1480511034473100298,104,1480511034470403636,,0,0,46.5185050964,6.5666718483,2.77602830977e-40,1.0,0.0,0.0,0.0,1.0,0.0,0.0,0.0,1.0,0
1480511034677185315,105,1480511034675194381,,0,0,46.5185089111,6.56667470932,2.77602830977e-40,1.0,0.0,0.0,0.0,1.0,0.0,0.0,0.0,1.0,0
1480511034871959361,106,1480511034869202127,,0,0,46.5185127258,6.5666809082,2.77602830977e-40,1.0,0.0,0.0,0.0,1.0,0.0,0.0,0.0,1.0,0
1480511035075801983,107,1480511035073127509,,0,0,46.5185127258,6.5666809082,2.77602830977e-40,1.0,0.0,0.0,0.0,1.0,0.0,0.0,0.0,1.0,0
1480511035257983137,108,1480511035255969963,,0,0,46.5185050964,6.5666718483,2.77602830977e-40,1.0,0.0,0.0,0.0,1.0,0.0,0.0,0.0,1.0,0
1480511035371146405,109,1480511035366596622,,0,0,46.5185127258,6.56667757034,2.77602830977e-40,1.0,0.0,0.0,0.0,1.0,0.0,0.0,0.0,1.0,0
1480511035580756098,110,1480511035578749592,,0,0,46.5184593201,6.56666946411,2.77602830977e-40,1.0,0.0,0.0,0.0,1.0,0.0,0.0,0.0,1.0,0
1480511035782041173,111,1480511035779555136,,0,0,46.5185127258,6.56667089462,2.77602830977e-40,1.0,0.0,0.0,0.0,1.0,0.0,0.0,0.0,1.0,0
1480511035986411763,112,1480511035981459325,,0,0,46.5182685852,6.56667566299,2.77602830977e-40,1.0,0.0,0.0,0.0,1.0,0.0,0.0,0.0,1.0,0
1480511036289237108,113,1480511036286054197,,0,0,46.5184631348,6.56665468216,2.77602830977e-40,1.0,0.0,0.0,0.0,1.0,0.0,0.0,0.0,1.0,0
1480511036708683578,114,1480511036705712334,,0,0,46.5184860229,6.56664943695,2.77602830977e-40,1.0,0.0,0.0,0.0,1.0,0.0,0.0,0.0,1.0,0
1480511037254561833,115,1480511037250693090,,0,0,46.5184898376,6.5666103363,2.77602830977e-40,1.0,0.0,0.0,0.0,1.0,0.0,0.0,0.0,1.0,0
1480511037900940255,116,1480511037897972344,,0,0,46.5185165405,6.56659126282,2.77602830977e-40,1.0,0.0,0.0,0.0,1.0,0.0,0.0,0.0,1.0,0
1480511039484320333,117,1480511039479953362,,0,0,46.5185089111,6.56654310226,2.77602830977e-40,1.0,0.0,0.0,0.0,1.0,0.0,0.0,0.0,1.0,0
1480511040375996192,118,1480511040373817758,,0,0,46.5185508728,6.56644439697,2.77602830977e-40,1.0,0.0,0.0,0.0,1.0,0.0,0.0,0.0,1.0,0
1480511041055904705,119,1480511041047963730,,0,0,46.5185623169,6.56639289856,2.77602830977e-40,1.0,0.0,0.0,0.0,1.0,0.0,0.0,0.0,1.0,0
1480511041444546756,120,1480511041441399731,,0,0,46.5185890198,6.56635522842,2.77602830977e-40,1.0,0.0,0.0,0.0,1.0,0.0,0.0,0.0,1.0,0
1480511041709309884,121,1480511041706151973,,0,0,46.5185699463,6.56631374359,2.77602830977e-40,1.0,0.0,0.0,0.0,1.0,0.0,0.0,0.0,1.0,0
1480511042026827960,122,1480511042020710004,,0,0,46.5185813904,6.56631326675,2.77602830977e-40,1.0,0.0,0.0,0.0,1.0,0.0,0.0,0.0,1.0,0
1480511042299290135,123,1480511042296839098,,0,0,46.518573761,6.56629562378,2.77602830977e-40,1.0,0.0,0.0,0.0,1.0,0.0,0.0,0.0,1.0,0
1480511042646759611,124,1480511042642544463,,0,0,46.5185661316,6.5662779808,2.77602830977e-40,1.0,0.0,0.0,0.0,1.0,0.0,0.0,0.0,1.0,0
1480511042921516001,125,1480511042917308926,,0,0,46.5185585022,6.56626224518,2.77602830977e-40,1.0,0.0,0.0,0.0,1.0,0.0,0.0,0.0,1.0,0
1480511043256688209,126,1480511043254208214,,0,0,46.5185508728,6.56624746323,2.77602830977e-40,1.0,0.0,0.0,0.0,1.0,0.0,0.0,0.0,1.0,0
1480511043618084481,127,1480511043615829538,,0,0,46.5185394287,6.56623506546,2.77602830977e-40,1.0,0.0,0.0,0.0,1.0,0.0,0.0,0.0,1.0,0
1480511044080461649,128,1480511044076411657,,0,0,46.5185241699,6.56622219086,2.77602830977e-40,1.0,0.0,0.0,0.0,1.0,0.0,0.0,0.0,1.0,0
1480511044412709696,129,1480511044409744234,,0,0,46.5185050964,6.56621551514,2.77602830977e-40,1.0,0.0,0.0,0.0,1.0,0.0,0.0,0.0,1.0,0
1480511044716688893,130,1480511044714007023,,0,0,46.5184936523,6.56621694565,2.77602830977e-40,1.0,0.0,0.0,0.0,1.0,0.0,0.0,0.0,1.0,0
1480511045030821455,131,1480511045028225106,,0,0,46.5184822083,6.56622314453,2.77602830977e-40,1.0,0.0,0.0,0.0,1.0,0.0,0.0,0.0,1.0,0
1480511045387937683,132,1480511045386081281,,0,0,46.5184745789,6.56623268127,2.77602830977e-40,1.0,0.0,0.0,0.0,1.0,0.0,0.0,0.0,1.0,0
1480511045745853702,133,1480511045742643187,,0,0,46.5184669495,6.56624984741,2.77602830977e-40,1.0,0.0,0.0,0.0,1.0,0.0,0.0,0.0,1.0,0
1480511046002178617,134,1480511045998967217,,0,0,46.5184593201,6.56626462936,2.77602830977e-40,1.0,0.0,0.0,0.0,1.0,0.0,0.0,0.0,1.0,0
1480511046326372617,135,1480511046324673246,,0,0,46.5184898376,6.56628513336,2.77602830977e-40,1.0,0.0,0.0,0.0,1.0,0.0,0.0,0.0,1.0,0
1480511046653481560,136,1480511046650956201,,0,0,46.5184822083,6.56629514694,2.77602830977e-40,1.0,0.0,0.0,0.0,1.0,0.0,0.0,0.0,1.0,0
1480511046951277123,137,1480511046948452806,,0,0,46.5184745789,6.56630849838,2.77602830977e-40,1.0,0.0,0.0,0.0,1.0,0.0,0.0,0.0,1.0,0
1480511047258080794,138,1480511047254914394,,0,0,46.5184707642,6.56632232666,2.77602830977e-40,1.0,0.0,0.0,0.0,1.0,0.0,0.0,0.0,1.0,0
1480511047597657004,139,1480511047594270917,,0,0,46.5184669495,6.56633663177,2.77602830977e-40,1.0,0.0,0.0,0.0,1.0,0.0,0.0,0.0,1.0,0
1480511047940167063,140,1480511047937642276,,0,0,46.5184593201,6.56635665894,2.77602830977e-40,1.0,0.0,0.0,0.0,1.0,0.0,0.0,0.0,1.0,0
1480511048248420678,141,1480511048242068399,,0,0,46.5184593201,6.56637239456,2.77602830977e-40,1.0,0.0,0.0,0.0,1.0,0.0,0.0,0.0,1.0,0
1480511048528428620,142,1480511048526079041,,0,0,46.5184555054,6.56638908386,2.77602830977e-40,1.0,0.0,0.0,0.0,1.0,0.0,0.0,0.0,1.0,0
1480511048776943967,143,1480511048771560644,,0,0,46.5184440613,6.56639766693,2.77602830977e-40,1.0,0.0,0.0,0.0,1.0,0.0,0.0,0.0,1.0,0
1480511049057808886,144,1480511049055129203,,0,0,46.5184402466,6.56641578674,2.77602830977e-40,1.0,0.0,0.0,0.0,1.0,0.0,0.0,0.0,1.0,0
1480511049291204522,145,1480511049288744840,,0,0,46.5184402466,6.566426754,2.77602830977e-40,1.0,0.0,0.0,0.0,1.0,0.0,0.0,0.0,1.0,0
1480511049647641116,146,1480511049644599039,,0,0,46.5184402466,6.56644392014,2.77602830977e-40,1.0,0.0,0.0,0.0,1.0,0.0,0.0,0.0,1.0,0
1480511049984106760,147,1480511049980702392,,0,0,46.518447876,6.56646060944,2.77602830977e-40,1.0,0.0,0.0,0.0,1.0,0.0,0.0,0.0,1.0,0
1480511050349719742,148,1480511050346073708,,0,0,46.5184593201,6.56647777557,2.77602830977e-40,1.0,0.0,0.0,0.0,1.0,0.0,0.0,0.0,1.0,0
1480511050750578333,149,1480511050746822715,,0,0,46.5184669495,6.56648826599,2.77602830977e-40,1.0,0.0,0.0,0.0,1.0,0.0,0.0,0.0,1.0,0
1480511051244790178,150,1480511051240728050,,0,0,46.5184860229,6.56649923325,2.77602830977e-40,1.0,0.0,0.0,0.0,1.0,0.0,0.0,0.0,1.0,0
1480511051701435586,151,1480511051699341736,,0,0,46.5185050964,6.56650209427,2.77602830977e-40,1.0,0.0,0.0,0.0,1.0,0.0,0.0,0.0,1.0,0
1480511052309011011,152,1480511052306551016,,0,0,46.5185279846,6.56649637222,2.77602830977e-40,1.0,0.0,0.0,0.0,1.0,0.0,0.0,0.0,1.0,0
1480511052748613172,153,1480511052738331004,,0,0,46.5185508728,6.56647920609,2.77602830977e-40,1.0,0.0,0.0,0.0,1.0,0.0,0.0,0.0,1.0,0
1480511053100514670,154,1480511053096524522,,0,0,46.5185623169,6.56645917892,2.77602830977e-40,1.0,0.0,0.0,0.0,1.0,0.0,0.0,0.0,1.0,0
1480511053507561478,155,1480511053504701327,,0,0,46.518573761,6.5664358139,2.77602830977e-40,1.0,0.0,0.0,0.0,1.0,0.0,0.0,0.0,1.0,0
1480511053873434512,156,1480511053871090558,,0,0,46.5185775757,6.56640911102,2.77602830977e-40,1.0,0.0,0.0,0.0,1.0,0.0,0.0,0.0,1.0,0
1480511054327973362,157,1480511054324120973,,0,0,46.5185852051,6.56638240814,2.77602830977e-40,1.0,0.0,0.0,0.0,1.0,0.0,0.0,0.0,1.0,0
1480511054551288914,158,1480511054549378032,,0,0,46.5185890198,6.56635665894,2.77602830977e-40,1.0,0.0,0.0,0.0,1.0,0.0,0.0,0.0,1.0,0
1480511054752929405,159,1480511054747885977,,0,0,46.5185890198,6.5663433075,2.77602830977e-40,1.0,0.0,0.0,0.0,1.0,0.0,0.0,0.0,1.0,0
1480511054958662492,160,1480511054956193330,,0,0,46.5185928345,6.56633043289,2.77602830977e-40,1.0,0.0,0.0,0.0,1.0,0.0,0.0,0.0,1.0,0
1480511055131363768,161,1480511055127223203,,0,0,46.5185890198,6.56631755829,2.77602830977e-40,1.0,0.0,0.0,0.0,1.0,0.0,0.0,0.0,1.0,0
1480511055319967722,162,1480511055317851789,,0,0,46.5185890198,6.56630516052,2.77602830977e-40,1.0,0.0,0.0,0.0,1.0,0.0,0.0,0.0,1.0,0
1480511055564107713,163,1480511055561758499,,0,0,46.5185852051,6.56629371643,2.77602830977e-40,1.0,0.0,0.0,0.0,1.0,0.0,0.0,0.0,1.0,0
1480511055826247616,164,1480511055819225130,,0,0,46.5185813904,6.56628274918,2.77602830977e-40,1.0,0.0,0.0,0.0,1.0,0.0,0.0,0.0,1.0,0
1480511056138951536,165,1480511056136593259,,0,0,46.518573761,6.56626844406,2.77602830977e-40,1.0,0.0,0.0,0.0,1.0,0.0,0.0,0.0,1.0,0
1480511056468267870,166,1480511056465280532,,0,0,46.5185623169,6.56625747681,2.77602830977e-40,1.0,0.0,0.0,0.0,1.0,0.0,0.0,0.0,1.0,0
1480511056771830818,167,1480511056769903061,,0,0,46.5185470581,6.56624937057,2.77602830977e-40,1.0,0.0,0.0,0.0,1.0,0.0,0.0,0.0,1.0,0
1480511057086047442,168,1480511057084254685,,0,0,46.518535614,6.56624937057,2.77602830977e-40,1.0,0.0,0.0,0.0,1.0,0.0,0.0,0.0,1.0,0
1480511057393489965,169,1480511057390361951,,0,0,46.5185241699,6.56625556946,2.77602830977e-40,1.0,0.0,0.0,0.0,1.0,0.0,0.0,0.0,1.0,0
1480511057630911167,170,1480511057627533257,,0,0,46.5185165405,6.56626558304,2.77602830977e-40,1.0,0.0,0.0,0.0,1.0,0.0,0.0,0.0,1.0,0
1480511057825995525,171,1480511057821012097,,0,0,46.5185127258,6.56627464294,2.77602830977e-40,1.0,0.0,0.0,0.0,1.0,0.0,0.0,0.0,1.0,0
1480511058049848733,172,1480511058048077122,,0,0,46.5185127258,6.56628465652,2.77602830977e-40,1.0,0.0,0.0,0.0,1.0,0.0,0.0,0.0,1.0,0
1480511058285001241,173,1480511058281423227,,0,0,46.5185089111,6.5662946701,2.77602830977e-40,1.0,0.0,0.0,0.0,1.0,0.0,0.0,0.0,1.0,0
1480511058581030141,174,1480511058577957855,,0,0,46.5185050964,6.56630945206,2.77602830977e-40,1.0,0.0,0.0,0.0,1.0,0.0,0.0,0.0,1.0,0
1480511058870102544,175,1480511058863347765,,0,0,46.5185012817,6.56632471085,2.77602830977e-40,1.0,0.0,0.0,0.0,1.0,0.0,0.0,0.0,1.0,0
1480511059130652346,176,1480511059128233809,,0,0,46.5185012817,6.56633472443,2.77602830977e-40,1.0,0.0,0.0,0.0,1.0,0.0,0.0,0.0,1.0,0
1480511059394541205,177,1480511059390374234,,0,0,46.5185012817,6.56634998322,2.77602830977e-40,1.0,0.0,0.0,0.0,1.0,0.0,0.0,0.0,1.0,0
1480511059692908173,178,1480511059687656100,,0,0,46.518497467,6.566365242,2.77602830977e-40,1.0,0.0,0.0,0.0,1.0,0.0,0.0,0.0,1.0,0
1480511059976558034,179,1480511059973966217,,0,0,46.5184936523,6.56638097763,2.77602830977e-40,1.0,0.0,0.0,0.0,1.0,0.0,0.0,0.0,1.0,0
1480511060282716914,180,1480511060278801193,,0,0,46.5184936523,6.56639623642,2.77602830977e-40,1.0,0.0,0.0,0.0,1.0,0.0,0.0,0.0,1.0,0
1480511060591649695,181,1480511060588061629,,0,0,46.5184898376,6.56641101837,2.77602830977e-40,1.0,0.0,0.0,0.0,1.0,0.0,0.0,0.0,1.0,0
1480511060892938220,182,1480511060884909329,,0,0,46.5184860229,6.56642580032,2.77602830977e-40,1.0,0.0,0.0,0.0,1.0,0.0,0.0,0.0,1.0,0
1480511061208998122,183,1480511061201496835,,0,0,46.5184822083,6.56644153595,2.77602830977e-40,1.0,0.0,0.0,0.0,1.0,0.0,0.0,0.0,1.0,0
1480511061419135940,184,1480511061416673445,,0,0,46.5184783936,6.56645536423,2.77602830977e-40,1.0,0.0,0.0,0.0,1.0,0.0,0.0,0.0,1.0,0
1480511061686745676,185,1480511061681990634,,0,0,46.5184745789,6.56646442413,2.77602830977e-40,1.0,0.0,0.0,0.0,1.0,0.0,0.0,0.0,1.0,0
1480511062012134883,186,1480511062008446297,,0,0,46.5184707642,6.56647825241,2.77602830977e-40,1.0,0.0,0.0,0.0,1.0,0.0,0.0,0.0,1.0,0
1480511062376450212,187,1480511062373852040,,0,0,46.5184669495,6.56649208069,2.77602830977e-40,1.0,0.0,0.0,0.0,1.0,0.0,0.0,0.0,1.0,0
1480511062811143476,188,1480511062806274058,,0,0,46.5184593201,6.56651067734,2.77602830977e-40,1.0,0.0,0.0,0.0,1.0,0.0,0.0,0.0,1.0,0
1480511063252758965,189,1480511063250315220,,0,0,46.5184555054,6.56652879715,2.77602830977e-40,1.0,0.0,0.0,0.0,1.0,0.0,0.0,0.0,1.0,0
1480511063655155313,190,1480511063651402091,,0,0,46.518447876,6.56654882431,2.77602830977e-40,1.0,0.0,0.0,0.0,1.0,0.0,0.0,0.0,1.0,0
1480511064054948645,191,1480511064049630166,,0,0,46.5184440613,6.56656837463,2.77602830977e-40,1.0,0.0,0.0,0.0,1.0,0.0,0.0,0.0,1.0,0
1480511064405255824,192,1480511064398309015,,0,0,46.5184364319,6.56658792496,2.77602830977e-40,1.0,0.0,0.0,0.0,1.0,0.0,0.0,0.0,1.0,0
1480511064739763763,193,1480511064737077935,,0,0,46.5184364319,6.56660366058,2.77602830977e-40,1.0,0.0,0.0,0.0,1.0,0.0,0.0,0.0,1.0,0
1480511064977263038,194,1480511064974238460,,0,0,46.5184326172,6.56661462784,2.77602830977e-40,1.0,0.0,0.0,0.0,1.0,0.0,0.0,0.0,1.0,0
1480511065325596783,195,1480511065322535956,,0,0,46.5184364319,6.56662464142,2.77602830977e-40,1.0,0.0,0.0,0.0,1.0,0.0,0.0,0.0,1.0,0
1480511065489311150,196,1480511065485480741,,0,0,46.5184020996,6.56667041779,2.77602830977e-40,1.0,0.0,0.0,0.0,1.0,0.0,0.0,0.0,1.0,0
1480511065650577137,197,1480511065647871100,,0,0,46.5184020996,6.56667232513,2.77602830977e-40,1.0,0.0,0.0,0.0,1.0,0.0,0.0,0.0,1.0,0
1480511065773489292,198,1480511065768479093,,0,0,46.5184326172,6.56663560867,2.77602830977e-40,1.0,0.0,0.0,0.0,1.0,0.0,0.0,0.0,1.0,0
1480511065976820873,199,1480511065969903907,,0,0,46.5184364319,6.56663131714,2.77602830977e-40,1.0,0.0,0.0,0.0,1.0,0.0,0.0,0.0,1.0,0
1480511066175544963,200,1480511066172699656,,0,0,46.5184402466,6.56662797928,2.77602830977e-40,1.0,0.0,0.0,0.0,1.0,0.0,0.0,0.0,1.0,0
1480511066405845971,201,1480511066398283225,,0,0,46.5184364319,6.56662845612,2.77602830977e-40,1.0,0.0,0.0,0.0,1.0,0.0,0.0,0.0,1.0,0
1480511066571650698,202,1480511066569087214,,0,0,46.5184288025,6.56663560867,2.77602830977e-40,1.0,0.0,0.0,0.0,1.0,0.0,0.0,0.0,1.0,0
1480511066773965667,203,1480511066771591296,,0,0,46.5184326172,6.56663370132,2.77602830977e-40,1.0,0.0,0.0,0.0,1.0,0.0,0.0,0.0,1.0,0
1480511066971293510,204,1480511066964306336,,0,0,46.5184326172,6.56663322449,2.77602830977e-40,1.0,0.0,0.0,0.0,1.0,0.0,0.0,0.0,1.0,0
1480511067189740634,205,1480511067187695326,,0,0,46.5184326172,6.56663227081,2.77602830977e-40,1.0,0.0,0.0,0.0,1.0,0.0,0.0,0.0,1.0,0
1480511067383405984,206,1480511067380430417,,0,0,46.5184364319,6.56663227081,2.77602830977e-40,1.0,0.0,0.0,0.0,1.0,0.0,0.0,0.0,1.0,0
1480511067575491338,207,1480511067572489781,,0,0,46.5184364319,6.5666308403,2.77602830977e-40,1.0,0.0,0.0,0.0,1.0,0.0,0.0,0.0,1.0,0
1480511067778725471,208,1480511067775737612,,0,0,46.5184364319,6.56663036346,2.77602830977e-40,1.0,0.0,0.0,0.0,1.0,0.0,0.0,0.0,1.0,0
1480511067980839450,209,1480511067976156230,,0,0,46.5184364319,6.56662988663,2.77602830977e-40,1.0,0.0,0.0,0.0,1.0,0.0,0.0,0.0,1.0,0
1480511068183939313,210,1480511068179922134,,0,0,46.5184364319,6.56662893295,2.77602830977e-40,1.0,0.0,0.0,0.0,1.0,0.0,0.0,0.0,1.0,0
1480511068353151170,211,1480511068340560882,,0,0,46.518447876,6.56665182114,2.77602830977e-40,1.0,0.0,0.0,0.0,1.0,0.0,0.0,0.0,1.0,0
1480511068458741536,212,1480511068454633627,,0,0,46.5184516907,6.56664514542,2.77602830977e-40,1.0,0.0,0.0,0.0,1.0,0.0,0.0,0.0,1.0,0
1480511068671271120,213,1480511068660219006,,0,0,46.5184402466,6.56665372849,2.77602830977e-40,1.0,0.0,0.0,0.0,1.0,0.0,0.0,0.0,1.0,0
1480511068872697444,214,1480511068863056630,,0,0,46.5184402466,6.56664848328,2.77602830977e-40,1.0,0.0,0.0,0.0,1.0,0.0,0.0,0.0,1.0,0
1480511069079111051,215,1480511069077022878,,0,0,46.5184440613,6.56664991379,2.77602830977e-40,1.0,0.0,0.0,0.0,1.0,0.0,0.0,0.0,1.0,0
1480511069272590255,216,1480511069270457499,,0,0,46.5184364319,6.56664657593,2.77602830977e-40,1.0,0.0,0.0,0.0,1.0,0.0,0.0,0.0,1.0,0
1480511069459325202,217,1480511069457319008,,0,0,46.5184402466,6.56664133072,2.77602830977e-40,1.0,0.0,0.0,0.0,1.0,0.0,0.0,0.0,1.0,0
1480511069659593821,218,1480511069655514402,,0,0,46.5184326172,6.56664037704,2.77602830977e-40,1.0,0.0,0.0,0.0,1.0,0.0,0.0,0.0,1.0,0
1480511069866395916,219,1480511069860741187,,0,0,46.5184440613,6.56662797928,2.77602830977e-40,1.0,0.0,0.0,0.0,1.0,0.0,0.0,0.0,1.0,0
1480511070071181453,220,1480511070069366821,,0,0,46.518447876,6.56663131714,2.77602830977e-40,1.0,0.0,0.0,0.0,1.0,0.0,0.0,0.0,1.0,0
1480511070267420756,221,1480511070264745761,,0,0,46.5184402466,6.56662988663,2.77602830977e-40,1.0,0.0,0.0,0.0,1.0,0.0,0.0,0.0,1.0,0
1480511070461100064,222,1480511070458259549,,0,0,46.5184364319,6.56662797928,2.77602830977e-40,1.0,0.0,0.0,0.0,1.0,0.0,0.0,0.0,1.0,0
1480511070654356301,223,1480511070651722191,,0,0,46.5184402466,6.56664228439,2.77602830977e-40,1.0,0.0,0.0,0.0,1.0,0.0,0.0,0.0,1.0,0
1480511070847918838,224,1480511070846305769,,0,0,46.5184288025,6.56663513184,2.77602830977e-40,1.0,0.0,0.0,0.0,1.0,0.0,0.0,0.0,1.0,0
1480511070939683398,225,1480511070937175539,,0,0,46.5184326172,6.56662940979,2.77602830977e-40,1.0,0.0,0.0,0.0,1.0,0.0,0.0,0.0,1.0,0
1480511071047123292,226,1480511071038996954,,0,0,46.5184288025,6.56662940979,2.77602830977e-40,1.0,0.0,0.0,0.0,1.0,0.0,0.0,0.0,1.0,0
1480511071131778752,227,1480511071129357350,,0,0,46.5184326172,6.56662607193,2.77602830977e-40,1.0,0.0,0.0,0.0,1.0,0.0,0.0,0.0,1.0,0
1480511071248707221,228,1480511071243644574,,0,0,46.5184364319,6.56663179398,2.77602830977e-40,1.0,0.0,0.0,0.0,1.0,0.0,0.0,0.0,1.0,0
1480511071352726548,229,1480511071337531578,,0,0,46.5184364319,6.56662797928,2.77602830977e-40,1.0,0.0,0.0,0.0,1.0,0.0,0.0,0.0,1.0,0
1480511071453995152,230,1480511071451330574,,0,0,46.5184364319,6.56663274765,2.77602830977e-40,1.0,0.0,0.0,0.0,1.0,0.0,0.0,0.0,1.0,0
1480511071640577860,231,1480511071637080471,,0,0,46.5184288025,6.5666384697,2.77602830977e-40,1.0,0.0,0.0,0.0,1.0,0.0,0.0,0.0,1.0,0
1480511071747629004,232,1480511071739700426,,0,0,46.5184249878,6.56663990021,2.77602830977e-40,1.0,0.0,0.0,0.0,1.0,0.0,0.0,0.0,1.0,0
1480511071846679383,233,1480511071843235328,,0,0,46.5184326172,6.56664562225,2.77602830977e-40,1.0,0.0,0.0,0.0,1.0,0.0,0.0,0.0,1.0,0
1480511072050037215,234,1480511072039683016,,0,0,46.5184249878,6.56664562225,2.77602830977e-40,1.0,0.0,0.0,0.0,1.0,0.0,0.0,0.0,1.0,0
1480511072144769633,235,1480511072141420473,,0,0,46.5184173584,6.56664037704,2.77602830977e-40,1.0,0.0,0.0,0.0,1.0,0.0,0.0,0.0,1.0,0
1480511072257280507,236,1480511072252627860,,0,0,46.5184288025,6.56664419174,2.77602830977e-40,1.0,0.0,0.0,0.0,1.0,0.0,0.0,0.0,1.0,0
1480511072442447644,237,1480511072436132865,,0,0,46.5184364319,6.56662654877,2.77602830977e-40,1.0,0.0,0.0,0.0,1.0,0.0,0.0,0.0,1.0,0
1480511072530041692,238,1480511072526710344,,0,0,46.5184593201,6.56663751602,2.77602830977e-40,1.0,0.0,0.0,0.0,1.0,0.0,0.0,0.0,1.0,0
1480511072651481871,239,1480511072647769847,,0,0,46.5184669495,6.56663227081,2.77602830977e-40,1.0,0.0,0.0,0.0,1.0,0.0,0.0,0.0,1.0,0
1480511072751471467,240,1480511072749125638,,0,0,46.5184707642,6.5666437149,2.77602830977e-40,1.0,0.0,0.0,0.0,1.0,0.0,0.0,0.0,1.0,0
1480511072936760896,241,1480511072934487931,,0,0,46.5184631348,6.56663751602,2.77602830977e-40,1.0,0.0,0.0,0.0,1.0,0.0,0.0,0.0,1.0,0
1480511073050692496,242,1480511073047771980,,0,0,46.5184707642,6.56664943695,2.77602830977e-40,1.0,0.0,0.0,0.0,1.0,0.0,0.0,0.0,1.0,0
1480511073148786835,243,1480511073140339508,,0,0,46.5184707642,6.566655159,2.77602830977e-40,1.0,0.0,0.0,0.0,1.0,0.0,0.0,0.0,1.0,0
1480511073256005219,244,1480511073253147412,,0,0,46.5184669495,6.56665277481,2.77602830977e-40,1.0,0.0,0.0,0.0,1.0,0.0,0.0,0.0,1.0,0
1480511073454420976,245,1480511073448662602,,0,0,46.518447876,6.56664657593,2.77602830977e-40,1.0,0.0,0.0,0.0,1.0,0.0,0.0,0.0,1.0,0
1480511073651823194,246,1480511073645803726,,0,0,46.5184516907,6.56664705276,2.77602830977e-40,1.0,0.0,0.0,0.0,1.0,0.0,0.0,0.0,1.0,0
1480511073752267476,247,1480511073748081183,,0,0,46.5184440613,6.56663751602,2.77602830977e-40,1.0,0.0,0.0,0.0,1.0,0.0,0.0,0.0,1.0,0
1480511073834970075,248,1480511073830297220,,0,0,46.5184555054,6.56663942337,2.77602830977e-40,1.0,0.0,0.0,0.0,1.0,0.0,0.0,0.0,1.0,0
1480511073948169905,249,1480511073942328719,,0,0,46.5184555054,6.5666437149,2.77602830977e-40,1.0,0.0,0.0,0.0,1.0,0.0,0.0,0.0,1.0,0
1480511074068193941,250,1480511074064542126,,0,0,46.5184516907,6.56664943695,2.77602830977e-40,1.0,0.0,0.0,0.0,1.0,0.0,0.0,0.0,1.0,0
1480511074259608723,251,1480511074257120134,,0,0,46.518447876,6.56665420532,2.77602830977e-40,1.0,0.0,0.0,0.0,1.0,0.0,0.0,0.0,1.0,0
1480511074452549231,252,1480511074450177360,,0,0,46.5184516907,6.56666517258,2.77602830977e-40,1.0,0.0,0.0,0.0,1.0,0.0,0.0,0.0,1.0,0
1480511074657808569,253,1480511074654865345,,0,0,46.5184669495,6.56666755676,2.77602830977e-40,1.0,0.0,0.0,0.0,1.0,0.0,0.0,0.0,1.0,0
1480511074855444275,254,1480511074851826783,,0,0,46.5184593201,6.56666183472,2.77602830977e-40,1.0,0.0,0.0,0.0,1.0,0.0,0.0,0.0,1.0,0
1480511075050949153,255,1480511075048701501,,0,0,46.5184745789,6.56666612625,2.77602830977e-40,1.0,0.0,0.0,0.0,1.0,0.0,0.0,0.0,1.0,0
1480511075249610275,256,1480511075246391583,,0,0,46.5184364319,6.56668043137,2.77602830977e-40,1.0,0.0,0.0,0.0,1.0,0.0,0.0,0.0,1.0,0
1480511075341462647,257,1480511075339508172,,0,0,46.5184249878,6.56666612625,2.77602830977e-40,1.0,0.0,0.0,0.0,1.0,0.0,0.0,0.0,1.0,0
1480511075456526536,258,1480511075454077322,,0,0,46.518409729,6.56665802002,2.77602830977e-40,1.0,0.0,0.0,0.0,1.0,0.0,0.0,0.0,1.0,0
1480511075661218532,259,1480511075658445152,,0,0,46.5184211731,6.56665182114,2.77602830977e-40,1.0,0.0,0.0,0.0,1.0,0.0,0.0,0.0,1.0,0
1480511075905680032,260,1480511075900797125,,0,0,46.518409729,6.56659507751,2.77602830977e-40,1.0,0.0,0.0,0.0,1.0,0.0,0.0,0.0,1.0,0
1480511076328899516,261,1480511076326300511,,0,0,46.518409729,6.56657886505,2.77602830977e-40,1.0,0.0,0.0,0.0,1.0,0.0,0.0,0.0,1.0,0
1480511076876048706,262,1480511076872913504,,0,0,46.5183906555,6.5665602684,2.77602830977e-40,1.0,0.0,0.0,0.0,1.0,0.0,0.0,0.0,1.0,0
1480511077531416590,263,1480511077518565990,,0,0,46.5183944702,6.56653881073,2.77602830977e-40,1.0,0.0,0.0,0.0,1.0,0.0,0.0,0.0,1.0,0
1480511077991162252,264,1480511077987129083,,0,0,46.5184020996,6.56653118134,2.77602830977e-40,1.0,0.0,0.0,0.0,1.0,0.0,0.0,0.0,1.0,0
1480511078447451307,265,1480511078440576841,,0,0,46.5183830261,6.56647253036,2.77602830977e-40,1.0,0.0,0.0,0.0,1.0,0.0,0.0,0.0,1.0,0
1480511078910060349,266,1480511078904946818,,0,0,46.518371582,6.56646108627,2.77602830977e-40,1.0,0.0,0.0,0.0,1.0,0.0,0.0,0.0,1.0,0
1480511079389425609,267,1480511079384812493,,0,0,46.518371582,6.5664229393,2.77602830977e-40,1.0,0.0,0.0,0.0,1.0,0.0,0.0,0.0,1.0,0
1480511079851263299,268,1480511079843101179,,0,0,46.5183677673,6.56638765335,2.77602830977e-40,1.0,0.0,0.0,0.0,1.0,0.0,0.0,0.0,1.0,0
1480511080069390111,269,1480511080060517525,,0,0,46.518371582,6.56635761261,2.77602830977e-40,1.0,0.0,0.0,0.0,1.0,0.0,0.0,0.0,1.0,0
1480511080374405608,270,1480511080370621397,,0,0,46.5183830261,6.5663356781,2.77602830977e-40,1.0,0.0,0.0,0.0,1.0,0.0,0.0,0.0,1.0,0
1480511080642034147,271,1480511080639254881,,0,0,46.5183906555,6.56633138657,2.77602830977e-40,1.0,0.0,0.0,0.0,1.0,0.0,0.0,0.0,1.0,0
1480511080822042492,272,1480511080819868330,,0,0,46.5183830261,6.56631565094,2.77602830977e-40,1.0,0.0,0.0,0.0,1.0,0.0,0.0,0.0,1.0,0
1480511081170953268,273,1480511081166340308,,0,0,46.5184020996,6.56631040573,2.77602830977e-40,1.0,0.0,0.0,0.0,1.0,0.0,0.0,0.0,1.0,0
1480511081622689050,274,1480511081619314474,,0,0,46.5184249878,6.56629943848,2.77602830977e-40,1.0,0.0,0.0,0.0,1.0,0.0,0.0,0.0,1.0,0
1480511082251338705,275,1480511082248784491,,0,0,46.5184516907,6.56631469727,2.77602830977e-40,1.0,0.0,0.0,0.0,1.0,0.0,0.0,0.0,1.0,0
1480511082602805882,276,1480511082596396728,,0,0,46.5184745789,6.5662984848,2.77602830977e-40,1.0,0.0,0.0,0.0,1.0,0.0,0.0,0.0,1.0,0
1480511083003951086,277,1480511083001328800,,0,0,46.5184860229,6.56629610062,2.77602830977e-40,1.0,0.0,0.0,0.0,1.0,0.0,0.0,0.0,1.0,0
1480511083374395882,278,1480511083368544018,,0,0,46.5185203552,6.56629896164,2.77602830977e-40,1.0,0.0,0.0,0.0,1.0,0.0,0.0,0.0,1.0,0
1480511083787966427,279,1480511083781742168,,0,0,46.5185432434,6.56629371643,2.77602830977e-40,1.0,0.0,0.0,0.0,1.0,0.0,0.0,0.0,1.0,0
1480511084190035379,280,1480511084186043460,,0,0,46.5185546875,6.56627893448,2.77602830977e-40,1.0,0.0,0.0,0.0,1.0,0.0,0.0,0.0,1.0,0
1480511084441356346,281,1480511084438939840,,0,0,46.5185775757,6.56626558304,2.77602830977e-40,1.0,0.0,0.0,0.0,1.0,0.0,0.0,0.0,1.0,0
1480511084607994926,282,1480511084601849625,,0,0,46.5185813904,6.56625509262,2.77602830977e-40,1.0,0.0,0.0,0.0,1.0,0.0,0.0,0.0,1.0,0
1480511084877869658,283,1480511084875399402,,0,0,46.5185813904,6.56623888016,2.77602830977e-40,1.0,0.0,0.0,0.0,1.0,0.0,0.0,0.0,1.0,0
1480511085210194059,284,1480511085205845266,,0,0,46.5185813904,6.56622028351,2.77602830977e-40,1.0,0.0,0.0,0.0,1.0,0.0,0.0,0.0,1.0,0
1480511085468024701,285,1480511085465651997,,0,0,46.5185890198,6.56620979309,2.77602830977e-40,1.0,0.0,0.0,0.0,1.0,0.0,0.0,0.0,1.0,0
1480511085719510823,286,1480511085715214217,,0,0,46.5185852051,6.56618452072,2.77602830977e-40,1.0,0.0,0.0,0.0,1.0,0.0,0.0,0.0,1.0,0
1480511085899981147,287,1480511085897514329,,0,0,46.5185813904,6.56617069244,2.77602830977e-40,1.0,0.0,0.0,0.0,1.0,0.0,0.0,0.0,1.0,0
1480511086041439828,288,1480511086038156189,,0,0,46.518573761,6.56615018845,2.77602830977e-40,1.0,0.0,0.0,0.0,1.0,0.0,0.0,0.0,1.0,0
1480511086151762737,289,1480511086149557533,,0,0,46.5185699463,6.56614112854,2.77602830977e-40,1.0,0.0,0.0,0.0,1.0,0.0,0.0,0.0,1.0,0
1480511086347163032,290,1480511086342974498,,0,0,46.5185661316,6.56612920761,2.77602830977e-40,1.0,0.0,0.0,0.0,1.0,0.0,0.0,0.0,1.0,0
1480511086469703052,291,1480511086467609098,,0,0,46.5185661316,6.56613349915,2.77602830977e-40,1.0,0.0,0.0,0.0,1.0,0.0,0.0,0.0,1.0,0
1480511086662765904,292,1480511086660617783,,0,0,46.5185585022,6.56612205505,2.77602830977e-40,1.0,0.0,0.0,0.0,1.0,0.0,0.0,0.0,1.0,0
1480511086911562917,293,1480511086908292350,,0,0,46.5185546875,6.56610965729,2.77602830977e-40,1.0,0.0,0.0,0.0,1.0,0.0,0.0,0.0,1.0,0
1480511087124512083,294,1480511087121011309,,0,0,46.5185508728,6.56610202789,2.77602830977e-40,1.0,0.0,0.0,0.0,1.0,0.0,0.0,0.0,1.0,0
1480511087329564130,295,1480511087327143041,,0,0,46.5185432434,6.56609153748,2.77602830977e-40,1.0,0.0,0.0,0.0,1.0,0.0,0.0,0.0,1.0,0
1480511087537673722,296,1480511087535717945,,0,0,46.5185317993,6.56607532501,2.77602830977e-40,1.0,0.0,0.0,0.0,1.0,0.0,0.0,0.0,1.0,0
1480511087714363533,297,1480511087712250152,,0,0,46.5185241699,6.56607675552,2.77602830977e-40,1.0,0.0,0.0,0.0,1.0,0.0,0.0,0.0,1.0,0
1480511087931987065,298,1480511087925477078,,0,0,46.5185127258,6.56606149673,2.77602830977e-40,1.0,0.0,0.0,0.0,1.0,0.0,0.0,0.0,1.0,0
1480511088152741581,299,1480511088148186382,,0,0,46.5185012817,6.56604814529,2.77602830977e-40,1.0,0.0,0.0,0.0,1.0,0.0,0.0,0.0,1.0,0
1480511088332547531,300,1480511088329096600,,0,0,46.5184898376,6.56604719162,2.77602830977e-40,1.0,0.0,0.0,0.0,1.0,0.0,0.0,0.0,1.0,0
1480511088530522821,301,1480511088523674657,,0,0,46.5184898376,6.5660610199,2.77602830977e-40,1.0,0.0,0.0,0.0,1.0,0.0,0.0,0.0,1.0,0
1480511088735169920,302,1480511088731396230,,0,0,46.5184783936,6.56606197357,2.77602830977e-40,1.0,0.0,0.0,0.0,1.0,0.0,0.0,0.0,1.0,0
1480511089002830594,303,1480511088999623153,,0,0,46.5184707642,6.56606531143,2.77602830977e-40,1.0,0.0,0.0,0.0,1.0,0.0,0.0,0.0,1.0,0
1480511089270253769,304,1480511089266913202,,0,0,46.5184593201,6.56607294083,2.77602830977e-40,1.0,0.0,0.0,0.0,1.0,0.0,0.0,0.0,1.0,0
1480511089577987802,305,1480511089574766506,,0,0,46.5184516907,6.56608724594,2.77602830977e-40,1.0,0.0,0.0,0.0,1.0,0.0,0.0,0.0,1.0,0
1480511089780054177,306,1480511089775976216,,0,0,46.5184440613,6.56610298157,2.77602830977e-40,1.0,0.0,0.0,0.0,1.0,0.0,0.0,0.0,1.0,0
1480511089993996258,307,1480511089990240276,,0,0,46.5184249878,6.56608915329,2.77602830977e-40,1.0,0.0,0.0,0.0,1.0,0.0,0.0,0.0,1.0,0
1480511090198055494,308,1480511090195497895,,0,0,46.5184326172,6.56611394882,2.77602830977e-40,1.0,0.0,0.0,0.0,1.0,0.0,0.0,0.0,1.0,0
1480511090383944974,309,1480511090380620710,,0,0,46.5184364319,6.56614017487,2.77602830977e-40,1.0,0.0,0.0,0.0,1.0,0.0,0.0,0.0,1.0,0
1480511090592304202,310,1480511090588550928,,0,0,46.5184364319,6.56614971161,2.77602830977e-40,1.0,0.0,0.0,0.0,1.0,0.0,0.0,0.0,1.0,0
1480511090838124971,311,1480511090835652528,,0,0,46.5184402466,6.56616687775,2.77602830977e-40,1.0,0.0,0.0,0.0,1.0,0.0,0.0,0.0,1.0,0
1480511091044689983,312,1480511091041101188,,0,0,46.5184402466,6.56617212296,2.77602830977e-40,1.0,0.0,0.0,0.0,1.0,0.0,0.0,0.0,1.0,0
1480511091256648058,313,1480511091243218292,,0,0,46.5184516907,6.56618928909,2.77602830977e-40,1.0,0.0,0.0,0.0,1.0,0.0,0.0,0.0,1.0,0
1480511091438482598,314,1480511091436028175,,0,0,46.5184516907,6.56619501114,2.77602830977e-40,1.0,0.0,0.0,0.0,1.0,0.0,0.0,0.0,1.0,0
1480511091631921177,315,1480511091629981858,,0,0,46.5184593201,6.56620645523,2.77602830977e-40,1.0,0.0,0.0,0.0,1.0,0.0,0.0,0.0,1.0,0
1480511091857859172,316,1480511091855818031,,0,0,46.5184669495,6.5662150383,2.77602830977e-40,1.0,0.0,0.0,0.0,1.0,0.0,0.0,0.0,1.0,0
1480511092189784773,317,1480511092186018270,,0,0,46.5184707642,6.56622028351,2.77602830977e-40,1.0,0.0,0.0,0.0,1.0,0.0,0.0,0.0,1.0,0
1480511092437186997,318,1480511092433645493,,0,0,46.5184822083,6.56623220444,2.77602830977e-40,1.0,0.0,0.0,0.0,1.0,0.0,0.0,0.0,1.0,0
1480511092663001815,319,1480511092660206404,,0,0,46.5184860229,6.56623744965,2.77602830977e-40,1.0,0.0,0.0,0.0,1.0,0.0,0.0,0.0,1.0,0
1480511092962634666,320,1480511092959166965,,0,0,46.5184936523,6.56624794006,2.77602830977e-40,1.0,0.0,0.0,0.0,1.0,0.0,0.0,0.0,1.0,0
1480511093237444753,321,1480511093235112206,,0,0,46.5185050964,6.56626796722,2.77602830977e-40,1.0,0.0,0.0,0.0,1.0,0.0,0.0,0.0,1.0,0
1480511093504776626,322,1480511093500142416,,0,0,46.5185127258,6.56627702713,2.77602830977e-40,1.0,0.0,0.0,0.0,1.0,0.0,0.0,0.0,1.0,0
1480511093771729437,323,1480511093768679234,,0,0,46.5185203552,6.5662946701,2.77602830977e-40,1.0,0.0,0.0,0.0,1.0,0.0,0.0,0.0,1.0,0
1480511094096844894,324,1480511094087880485,,0,0,46.5185241699,6.56631469727,2.77602830977e-40,1.0,0.0,0.0,0.0,1.0,0.0,0.0,0.0,1.0,0
1480511094401270652,325,1480511094398615085,,0,0,46.5185279846,6.56633663177,2.77602830977e-40,1.0,0.0,0.0,0.0,1.0,0.0,0.0,0.0,1.0,0
1480511094585869874,326,1480511094581247904,,0,0,46.5185279846,6.56635808945,2.77602830977e-40,1.0,0.0,0.0,0.0,1.0,0.0,0.0,0.0,1.0,0
1480511094797043315,327,1480511094794521601,,0,0,46.5185241699,6.56637001038,2.77602830977e-40,1.0,0.0,0.0,0.0,1.0,0.0,0.0,0.0,1.0,0
1480511095011708572,328,1480511095009077067,,0,0,46.5185203552,6.5663819313,2.77602830977e-40,1.0,0.0,0.0,0.0,1.0,0.0,0.0,0.0,1.0,0
1480511095208886572,329,1480511095204212935,,0,0,46.5185203552,6.56639051437,2.77602830977e-40,1.0,0.0,0.0,0.0,1.0,0.0,0.0,0.0,1.0,0
1480511095461503942,330,1480511095459282019,,0,0,46.5185203552,6.56641435623,2.77602830977e-40,1.0,0.0,0.0,0.0,1.0,0.0,0.0,0.0,1.0,0
1480511095867305647,331,1480511095863194718,,0,0,46.5185089111,6.56642961502,2.77602830977e-40,1.0,0.0,0.0,0.0,1.0,0.0,0.0,0.0,1.0,0
1480511096218234075,332,1480511096214703926,,0,0,46.518497467,6.5664601326,2.77602830977e-40,1.0,0.0,0.0,0.0,1.0,0.0,0.0,0.0,1.0,0
1480511096647135371,333,1480511096645116260,,0,0,46.5184860229,6.56648302078,2.77602830977e-40,1.0,0.0,0.0,0.0,1.0,0.0,0.0,0.0,1.0,0
1480511096950186288,334,1480511096947917282,,0,0,46.5184669495,6.56650352478,2.77602830977e-40,1.0,0.0,0.0,0.0,1.0,0.0,0.0,0.0,1.0,0
1480511097311783080,335,1480511097308733868,,0,0,46.5184631348,6.56650590897,2.77602830977e-40,1.0,0.0,0.0,0.0,1.0,0.0,0.0,0.0,1.0,0
1480511097632438651,336,1480511097629123501,,0,0,46.5184402466,6.56652975082,2.77602830977e-40,1.0,0.0,0.0,0.0,1.0,0.0,0.0,0.0,1.0,0
1480511097974787929,337,1480511097960710196,,0,0,46.518409729,6.5665140152,2.77602830977e-40,1.0,0.0,0.0,0.0,1.0,0.0,0.0,0.0,1.0,0
1480511098354254842,338,1480511098350375735,,0,0,46.5183868408,6.56650114059,2.77602830977e-40,1.0,0.0,0.0,0.0,1.0,0.0,0.0,0.0,1.0,0
1480511098719878606,339,1480511098716911476,,0,0,46.5183830261,6.56652450562,2.77602830977e-40,1.0,0.0,0.0,0.0,1.0,0.0,0.0,0.0,1.0,0
1480511099081747116,340,1480511099078892330,,0,0,46.5183639526,6.56651973724,2.77602830977e-40,1.0,0.0,0.0,0.0,1.0,0.0,0.0,0.0,1.0,0
1480511099598286834,341,1480511099596351890,,0,0,46.5183372498,6.56651067734,2.77602830977e-40,1.0,0.0,0.0,0.0,1.0,0.0,0.0,0.0,1.0,0
1480511100159366673,342,1480511100154555693,,0,0,46.5183029175,6.56648588181,2.77602830977e-40,1.0,0.0,0.0,0.0,1.0,0.0,0.0,0.0,1.0,0
1480511100648074467,343,1480511100645257285,,0,0,46.5182876587,6.56643295288,2.77602830977e-40,1.0,0.0,0.0,0.0,1.0,0.0,0.0,0.0,1.0,0
1480511101008240689,344,1480511101005490382,,0,0,46.518283844,6.56640577316,2.77602830977e-40,1.0,0.0,0.0,0.0,1.0,0.0,0.0,0.0,1.0,0
1480511101435591936,345,1480511101427180494,,0,0,46.5182571411,6.56638240814,2.77602830977e-40,1.0,0.0,0.0,0.0,1.0,0.0,0.0,0.0,1.0,0
1480511101545176513,346,1480511101541279698,,0,0,46.5182495117,6.5663485527,2.77602830977e-40,1.0,0.0,0.0,0.0,1.0,0.0,0.0,0.0,1.0,0
1480511101666839869,347,1480511101664886279,,0,0,46.5182495117,6.56631994247,2.77602830977e-40,1.0,0.0,0.0,0.0,1.0,0.0,0.0,0.0,1.0,0
1480511101871553374,348,1480511101867208955,,0,0,46.5182495117,6.56632232666,2.77602830977e-40,1.0,0.0,0.0,0.0,1.0,0.0,0.0,0.0,1.0,0
1480511102075612350,349,1480511102071097931,,0,0,46.5182571411,6.56628608704,2.77602830977e-40,1.0,0.0,0.0,0.0,1.0,0.0,0.0,0.0,1.0,0
1480511102272166652,350,1480511102263875054,,0,0,46.5182609558,6.56628894806,2.77602830977e-40,1.0,0.0,0.0,0.0,1.0,0.0,0.0,0.0,1.0,0
1480511102471081471,351,1480511102467131687,,0,0,46.5182609558,6.56627511978,2.77602830977e-40,1.0,0.0,0.0,0.0,1.0,0.0,0.0,0.0,1.0,0
1480511102667679472,352,1480511102663072866,,0,0,46.5182571411,6.56626558304,2.77602830977e-40,1.0,0.0,0.0,0.0,1.0,0.0,0.0,0.0,1.0,0
1480511102847082975,353,1480511102838981116,,0,0,46.5182533264,6.56624746323,2.77602830977e-40,1.0,0.0,0.0,0.0,1.0,0.0,0.0,0.0,1.0,0
1480511102950354283,354,1480511102941484821,,0,0,46.5182533264,6.56623935699,2.77602830977e-40,1.0,0.0,0.0,0.0,1.0,0.0,0.0,0.0,1.0,0
1480511103072536648,355,1480511103066635254,,0,0,46.5182495117,6.56622743607,2.77602830977e-40,1.0,0.0,0.0,0.0,1.0,0.0,0.0,0.0,1.0,0
1480511103267155694,356,1480511103261723674,,0,0,46.518245697,6.56621456146,2.77602830977e-40,1.0,0.0,0.0,0.0,1.0,0.0,0.0,0.0,1.0,0
1480511103459596464,357,1480511103457511468,,0,0,46.518245697,6.56620740891,2.77602830977e-40,1.0,0.0,0.0,0.0,1.0,0.0,0.0,0.0,1.0,0
1480511103652816658,358,1480511103650691975,,0,0,46.5182418823,6.56619501114,2.77602830977e-40,1.0,0.0,0.0,0.0,1.0,0.0,0.0,0.0,1.0,0
1480511104113775027,359,1480511104108854307,,0,0,46.5182380676,6.56618452072,2.77602830977e-40,1.0,0.0,0.0,0.0,1.0,0.0,0.0,0.0,1.0,0
1480511104483003887,360,1480511104478204001,,0,0,46.5182304382,6.56617116928,2.77602830977e-40,1.0,0.0,0.0,0.0,1.0,0.0,0.0,0.0,1.0,0
1480511104935945605,361,1480511104932845872,,0,0,46.5182189941,6.56615877151,2.77602830977e-40,1.0,0.0,0.0,0.0,1.0,0.0,0.0,0.0,1.0,0
1480511105058418438,362,1480511105055320736,,0,0,46.5182151794,6.56614398956,2.77602830977e-40,1.0,0.0,0.0,0.0,1.0,0.0,0.0,0.0,1.0,0
1480511105137681356,363,1480511105135187507,,0,0,46.51820755,6.56614303589,2.77602830977e-40,1.0,0.0,0.0,0.0,1.0,0.0,0.0,0.0,1.0,0
1480511105279799672,364,1480511105277393062,,0,0,46.5181999207,6.56614637375,2.77602830977e-40,1.0,0.0,0.0,0.0,1.0,0.0,0.0,0.0,1.0,0
1480511105514759889,365,1480511105512746039,,0,0,46.5182113647,6.56613683701,2.77602830977e-40,1.0,0.0,0.0,0.0,1.0,0.0,0.0,0.0,1.0,0
1480511105694300996,366,1480511105690186681,,0,0,46.5181999207,6.5661406517,2.77602830977e-40,1.0,0.0,0.0,0.0,1.0,0.0,0.0,0.0,1.0,0
1480511106039979277,367,1480511106037509543,,0,0,46.5182151794,6.56613063812,2.77602830977e-40,1.0,0.0,0.0,0.0,1.0,0.0,0.0,0.0,1.0,0
1480511106410329386,368,1480511106405567937,,0,0,46.5182228088,6.56615972519,2.77602830977e-40,1.0,0.0,0.0,0.0,1.0,0.0,0.0,0.0,1.0,0
1480511106899942907,369,1480511106897882546,,0,0,46.5182189941,6.56613922119,2.77602830977e-40,1.0,0.0,0.0,0.0,1.0,0.0,0.0,0.0,1.0,0
1480511107350284421,370,1480511107343531570,,0,0,46.5181999207,6.56614398956,2.77602830977e-40,1.0,0.0,0.0,0.0,1.0,0.0,0.0,0.0,1.0,0
1480511107789334916,371,1480511107786184349,,0,0,46.5182037354,6.56613683701,2.77602830977e-40,1.0,0.0,0.0,0.0,1.0,0.0,0.0,0.0,1.0,0
1480511108337653895,372,1480511108335714784,,0,0,46.5181999207,6.56614398956,2.77602830977e-40,1.0,0.0,0.0,0.0,1.0,0.0,0.0,0.0,1.0,0
1480511108824959555,373,1480511108821690135,,0,0,46.5182037354,6.56615114212,2.77602830977e-40,1.0,0.0,0.0,0.0,1.0,0.0,0.0,0.0,1.0,0
1480511109356215599,374,1480511109353300448,,0,0,46.5182113647,6.56614732742,2.77602830977e-40,1.0,0.0,0.0,0.0,1.0,0.0,0.0,0.0,1.0,0
1480511109955906769,375,1480511109953298857,,0,0,46.51820755,6.56615114212,2.77602830977e-40,1.0,0.0,0.0,0.0,1.0,0.0,0.0,0.0,1.0,0
1480511110607468514,376,1480511110605255550,,0,0,46.51820755,6.56614875793,2.77602830977e-40,1.0,0.0,0.0,0.0,1.0,0.0,0.0,0.0,1.0,0
1480511111209739419,377,1480511111207717860,,0,0,46.51820755,6.56614685059,2.77602830977e-40,1.0,0.0,0.0,0.0,1.0,0.0,0.0,0.0,1.0,0
1480511111785930426,378,1480511111782999859,,0,0,46.51820755,6.56614494324,2.77602830977e-40,1.0,0.0,0.0,0.0,1.0,0.0,0.0,0.0,1.0,0
1480511112345103446,379,1480511112342845847,,0,0,46.5182151794,6.56615543365,2.77602830977e-40,1.0,0.0,0.0,0.0,1.0,0.0,0.0,0.0,1.0,0
1480511112752066921,380,1480511112749858904,,0,0,46.5182113647,6.56615209579,2.77602830977e-40,1.0,0.0,0.0,0.0,1.0,0.0,0.0,0.0,1.0,0
1480511113282797548,381,1480511113280109325,,0,0,46.5182151794,6.56615400314,2.77602830977e-40,1.0,0.0,0.0,0.0,1.0,0.0,0.0,0.0,1.0,0
1480511113772183934,382,1480511113769454252,,0,0,46.5182151794,6.56615304947,2.77602830977e-40,1.0,0.0,0.0,0.0,1.0,0.0,0.0,0.0,1.0,0
1480511114021605217,383,1480511114018741316,,0,0,46.5182151794,6.56615352631,2.77602830977e-40,1.0,0.0,0.0,0.0,1.0,0.0,0.0,0.0,1.0,0
1480511114206758240,384,1480511114203932100,,0,0,46.5182151794,6.56615400314,2.77602830977e-40,1.0,0.0,0.0,0.0,1.0,0.0,0.0,0.0,1.0,0
1480511114409228573,385,1480511114405608944,,0,0,46.5182151794,6.5661482811,2.77602830977e-40,1.0,0.0,0.0,0.0,1.0,0.0,0.0,0.0,1.0,0
1480511114570103935,386,1480511114559863538,,0,0,46.5182151794,6.56613826752,2.77602830977e-40,1.0,0.0,0.0,0.0,1.0,0.0,0.0,0.0,1.0,0
1480511114814583717,387,1480511114807741334,,0,0,46.5182151794,6.56613540649,2.77602830977e-40,1.0,0.0,0.0,0.0,1.0,0.0,0.0,0.0,1.0,0
1480511114965752431,388,1480511114962194834,,0,0,46.5182113647,6.56613969803,2.77602830977e-40,1.0,0.0,0.0,0.0,1.0,0.0,0.0,0.0,1.0,0
1480511115132566011,389,1480511115129737683,,0,0,46.51820755,6.56614112854,2.77602830977e-40,1.0,0.0,0.0,0.0,1.0,0.0,0.0,0.0,1.0,0
1480511115216256733,390,1480511115212505021,,0,0,46.51820755,6.56613922119,2.77602830977e-40,1.0,0.0,0.0,0.0,1.0,0.0,0.0,0.0,1.0,0
1480511115320910174,391,1480511115316967994,,0,0,46.51820755,6.5661315918,2.77602830977e-40,1.0,0.0,0.0,0.0,1.0,0.0,0.0,0.0,1.0,0
1480511115475514194,392,1480511115468265250,,0,0,46.5182113647,6.5661277771,2.77602830977e-40,1.0,0.0,0.0,0.0,1.0,0.0,0.0,0.0,1.0,0
1480511115633236437,393,1480511115630613161,,0,0,46.5182037354,6.56612920761,2.77602830977e-40,1.0,0.0,0.0,0.0,1.0,0.0,0.0,0.0,1.0,0
1480511115726621880,394,1480511115723505219,,0,0,46.5182037354,6.56612730026,2.77602830977e-40,1.0,0.0,0.0,0.0,1.0,0.0,0.0,0.0,1.0,0
1480511115827908765,395,1480511115824739604,,0,0,46.5182037354,6.56612586975,2.77602830977e-40,1.0,0.0,0.0,0.0,1.0,0.0,0.0,0.0,1.0,0
1480511115937881518,396,1480511115935300429,,0,0,46.51820755,6.56612157822,2.77602830977e-40,1.0,0.0,0.0,0.0,1.0,0.0,0.0,0.0,1.0,0
1480511116041301837,397,1480511116037646844,,0,0,46.5181999207,6.56612443924,2.77602830977e-40,1.0,0.0,0.0,0.0,1.0,0.0,0.0,0.0,1.0,0
1480511116145987152,398,1480511116140713152,,0,0,46.5182037354,6.56612491608,2.77602830977e-40,1.0,0.0,0.0,0.0,1.0,0.0,0.0,0.0,1.0,0
1480511116240086916,399,1480511116234858906,,0,0,46.5181999207,6.56607913971,2.77602830977e-40,1.0,0.0,0.0,0.0,1.0,0.0,0.0,0.0,1.0,0
1480511116379887945,400,1480511116376273889,,0,0,46.51820755,6.56608772278,2.77602830977e-40,1.0,0.0,0.0,0.0,1.0,0.0,0.0,0.0,1.0,0
1480511116554461718,401,1480511116549640946,,0,0,46.5182113647,6.56610822678,2.77602830977e-40,1.0,0.0,0.0,0.0,1.0,0.0,0.0,0.0,1.0,0
1480511116821671038,402,1480511116817161151,,0,0,46.5182037354,6.56612539291,2.77602830977e-40,1.0,0.0,0.0,0.0,1.0,0.0,0.0,0.0,1.0,0
1480511117018893152,403,1480511117015004566,,0,0,46.518196106,6.56610536575,2.77602830977e-40,1.0,0.0,0.0,0.0,1.0,0.0,0.0,0.0,1.0,0
1480511117205106277,404,1480511117199901496,,0,0,46.5181999207,6.56614542007,2.77602830977e-40,1.0,0.0,0.0,0.0,1.0,0.0,0.0,0.0,1.0,0
1480511117413997691,405,1480511117411393530,,0,0,46.5182189941,6.56618261337,2.77602830977e-40,1.0,0.0,0.0,0.0,1.0,0.0,0.0,0.0,1.0,0
1480511117638548189,406,1480511117634898144,,0,0,46.5182304382,6.56619215012,2.77602830977e-40,1.0,0.0,0.0,0.0,1.0,0.0,0.0,0.0,1.0,0
1480511117829008337,407,1480511117819917938,,0,0,46.5182266235,6.56617975235,2.77602830977e-40,1.0,0.0,0.0,0.0,1.0,0.0,0.0,0.0,1.0,0
1480511118039449696,408,1480511118037122149,,0,0,46.5182151794,6.56615209579,2.77602830977e-40,1.0,0.0,0.0,0.0,1.0,0.0,0.0,0.0,1.0,0
1480511118143782461,409,1480511118141964808,,0,0,46.5182380676,6.56617307663,2.77602830977e-40,1.0,0.0,0.0,0.0,1.0,0.0,0.0,0.0,1.0,0
1480511118236659935,410,1480511118234194055,,0,0,46.5182380676,6.5661854744,2.77602830977e-40,1.0,0.0,0.0,0.0,1.0,0.0,0.0,0.0,1.0,0
1480511118341563949,411,1480511118339079422,,0,0,46.5182342529,6.56617879868,2.77602830977e-40,1.0,0.0,0.0,0.0,1.0,0.0,0.0,0.0,1.0,0
1480511118451216651,412,1480511118443221614,,0,0,46.5182266235,6.56617450714,2.77602830977e-40,1.0,0.0,0.0,0.0,1.0,0.0,0.0,0.0,1.0,0
1480511118552132286,413,1480511118546424694,,0,0,46.5182266235,6.56617164612,2.77602830977e-40,1.0,0.0,0.0,0.0,1.0,0.0,0.0,0.0,1.0,0
1480511118645897363,414,1480511118637274307,,0,0,46.5182342529,6.5661816597,2.77602830977e-40,1.0,0.0,0.0,0.0,1.0,0.0,0.0,0.0,1.0,0
1480511118746612427,415,1480511118741990665,,0,0,46.5182495117,6.56618928909,2.77602830977e-40,1.0,0.0,0.0,0.0,1.0,0.0,0.0,0.0,1.0,0
1480511118845475410,416,1480511118842958071,,0,0,46.518245697,6.56618738174,2.77602830977e-40,1.0,0.0,0.0,0.0,1.0,0.0,0.0,0.0,1.0,0
1480511118945839380,417,1480511118943598135,,0,0,46.5182418823,6.56618452072,2.77602830977e-40,1.0,0.0,0.0,0.0,1.0,0.0,0.0,0.0,1.0,0
1480511119059514210,418,1480511119056742653,,0,0,46.5182380676,6.56618690491,2.77602830977e-40,1.0,0.0,0.0,0.0,1.0,0.0,0.0,0.0,1.0,0
1480511119250498420,419,1480511119248151653,,0,0,46.5182571411,6.56621408463,2.77602830977e-40,1.0,0.0,0.0,0.0,1.0,0.0,0.0,0.0,1.0,0
1480511119341807564,420,1480511119339328246,,0,0,46.518245697,6.56620168686,2.77602830977e-40,1.0,0.0,0.0,0.0,1.0,0.0,0.0,0.0,1.0,0
1480511119444157051,421,1480511119439491279,,0,0,46.5182380676,6.5661945343,2.77602830977e-40,1.0,0.0,0.0,0.0,1.0,0.0,0.0,0.0,1.0,0
1480511119545021958,422,1480511119542456233,,0,0,46.5182533264,6.56620359421,2.77602830977e-40,1.0,0.0,0.0,0.0,1.0,0.0,0.0,0.0,1.0,0
1480511119647849621,423,1480511119642868329,,0,0,46.518245697,6.56619596481,2.77602830977e-40,1.0,0.0,0.0,0.0,1.0,0.0,0.0,0.0,1.0,0
1480511119749010933,424,1480511119746072710,,0,0,46.5182571411,6.56620836258,2.77602830977e-40,1.0,0.0,0.0,0.0,1.0,0.0,0.0,0.0,1.0,0
1480511119849177039,425,1480511119846358659,,0,0,46.5182571411,6.56620740891,2.77602830977e-40,1.0,0.0,0.0,0.0,1.0,0.0,0.0,0.0,1.0,0
1480511120054680856,426,1480511120051271227,,0,0,46.5182495117,6.56620645523,2.77602830977e-40,1.0,0.0,0.0,0.0,1.0,0.0,0.0,0.0,1.0,0
1480511120263147062,427,1480511120259218060,,0,0,46.5182533264,6.56620073318,2.77602830977e-40,1.0,0.0,0.0,0.0,1.0,0.0,0.0,0.0,1.0,0
1480511120455903196,428,1480511120453155753,,0,0,46.5182533264,6.56620836258,2.77602830977e-40,1.0,0.0,0.0,0.0,1.0,0.0,0.0,0.0,1.0,0
1480511120660431649,429,1480511120657881290,,0,0,46.5182685852,6.56623077393,2.77602830977e-40,1.0,0.0,0.0,0.0,1.0,0.0,0.0,0.0,1.0,0
1480511120863583960,430,1480511120860786257,,0,0,46.5182685852,6.56623077393,2.77602830977e-40,1.0,0.0,0.0,0.0,1.0,0.0,0.0,0.0,1.0,0
1480511121077572187,431,1480511121074785890,,0,0,46.5182685852,6.56623792648,2.77602830977e-40,1.0,0.0,0.0,0.0,1.0,0.0,0.0,0.0,1.0,0
1480511121272240087,432,1480511121267020045,,0,0,46.5182609558,6.56622648239,2.77602830977e-40,1.0,0.0,0.0,0.0,1.0,0.0,0.0,0.0,1.0,0
1480511121473837974,433,1480511121469817773,,0,0,46.5182609558,6.56621742249,2.77602830977e-40,1.0,0.0,0.0,0.0,1.0,0.0,0.0,0.0,1.0,0
1480511121675493621,434,1480511121673162323,,0,0,46.5182685852,6.56622457504,2.77602830977e-40,1.0,0.0,0.0,0.0,1.0,0.0,0.0,0.0,1.0,0
1480511121876114582,435,1480511121872465475,,0,0,46.5182723999,6.56622982025,2.77602830977e-40,1.0,0.0,0.0,0.0,1.0,0.0,0.0,0.0,1.0,0
1480511122079844027,436,1480511122075806952,,0,0,46.5182800293,6.56624221802,2.77602830977e-40,1.0,0.0,0.0,0.0,1.0,0.0,0.0,0.0,1.0,0
1480511122266429964,437,1480511122260406955,,0,0,46.5182685852,6.56623888016,2.77602830977e-40,1.0,0.0,0.0,0.0,1.0,0.0,0.0,0.0,1.0,0
1480511122471670812,438,1480511122464216244,,0,0,46.5182685852,6.56622886658,2.77602830977e-40,1.0,0.0,0.0,0.0,1.0,0.0,0.0,0.0,1.0,0
1480511122669119697,439,1480511122664931892,,0,0,46.5182762146,6.56624412537,2.77602830977e-40,1.0,0.0,0.0,0.0,1.0,0.0,0.0,0.0,1.0,0
1480511122869496127,440,1480511122866847956,,0,0,46.5182800293,6.56624889374,2.77602830977e-40,1.0,0.0,0.0,0.0,1.0,0.0,0.0,0.0,1.0,0
1480511123091387620,441,1480511123088998979,,0,0,46.5182800293,6.56625652313,2.77602830977e-40,1.0,0.0,0.0,0.0,1.0,0.0,0.0,0.0,1.0,0
1480511123279810533,442,1480511123277161736,,0,0,46.5182876587,6.56626367569,2.77602830977e-40,1.0,0.0,0.0,0.0,1.0,0.0,0.0,0.0,1.0,0
1480511123473843174,443,1480511123469942400,,0,0,46.5182876587,6.56626462936,2.77602830977e-40,1.0,0.0,0.0,0.0,1.0,0.0,0.0,0.0,1.0,0
1480511123659402811,444,1480511123656634535,,0,0,46.5182876587,6.56626081467,2.77602830977e-40,1.0,0.0,0.0,0.0,1.0,0.0,0.0,0.0,1.0,0
1480511123878711027,445,1480511123874005568,,0,0,46.5182914734,6.56627082825,2.77602830977e-40,1.0,0.0,0.0,0.0,1.0,0.0,0.0,0.0,1.0,0
1480511124082221775,446,1480511124078613657,,0,0,46.5182914734,6.56627035141,2.77602830977e-40,1.0,0.0,0.0,0.0,1.0,0.0,0.0,0.0,1.0,0
1480511124275713740,447,1480511124273428067,,0,0,46.5182914734,6.56626987457,2.77602830977e-40,1.0,0.0,0.0,0.0,1.0,0.0,0.0,0.0,1.0,0
1480511124486047495,448,1480511124467076959,,0,0,46.5182876587,6.5662651062,2.77602830977e-40,1.0,0.0,0.0,0.0,1.0,0.0,0.0,0.0,1.0,0
1480511124675917383,449,1480511124671497861,,0,0,46.5182876587,6.56627368927,2.77602830977e-40,1.0,0.0,0.0,0.0,1.0,0.0,0.0,0.0,1.0,0
1480511124865382585,450,1480511124863242329,,0,0,46.5182876587,6.56627511978,2.77602830977e-40,1.0,0.0,0.0,0.0,1.0,0.0,0.0,0.0,1.0,0
1480511125072697388,451,1480511125068589063,,0,0,46.5182991028,6.56628894806,2.77602830977e-40,1.0,0.0,0.0,0.0,1.0,0.0,0.0,0.0,1.0,0
1480511125276302510,452,1480511125273072100,,0,0,46.5183029175,6.56628608704,2.77602830977e-40,1.0,0.0,0.0,0.0,1.0,0.0,0.0,0.0,1.0,0
1480511125475385558,453,1480511125470161766,,0,0,46.5183029175,6.56629419327,2.77602830977e-40,1.0,0.0,0.0,0.0,1.0,0.0,0.0,0.0,1.0,0
1480511125678787816,454,1480511125676936309,,0,0,46.5183029175,6.5662946701,2.77602830977e-40,1.0,0.0,0.0,0.0,1.0,0.0,0.0,0.0,1.0,0
1480511125872141292,455,1480511125869069840,,0,0,46.5182991028,6.5662984848,2.77602830977e-40,1.0,0.0,0.0,0.0,1.0,0.0,0.0,0.0,1.0,0
1480511126076988287,456,1480511126072983867,,0,0,46.5182876587,6.56632137299,2.77602830977e-40,1.0,0.0,0.0,0.0,1.0,0.0,0.0,0.0,1.0,0
1480511126259584179,457,1480511126257446631,,0,0,46.5182991028,6.56631851196,2.77602830977e-40,1.0,0.0,0.0,0.0,1.0,0.0,0.0,0.0,1.0,0
1480511126464534820,458,1480511126462899979,,0,0,46.5182991028,6.56633090973,2.77602830977e-40,1.0,0.0,0.0,0.0,1.0,0.0,0.0,0.0,1.0,0
1480511126670807281,459,1480511126667842391,,0,0,46.5182914734,6.5663356781,2.77602830977e-40,1.0,0.0,0.0,0.0,1.0,0.0,0.0,0.0,1.0,0
1480511126875581828,460,1480511126864816432,,0,0,46.5182952881,6.56632852554,2.77602830977e-40,1.0,0.0,0.0,0.0,1.0,0.0,0.0,0.0,1.0,0
1480511127079821688,461,1480511127077475703,,0,0,46.5183067322,6.56634235382,2.77602830977e-40,1.0,0.0,0.0,0.0,1.0,0.0,0.0,0.0,1.0,0
1480511127276816251,462,1480511127274650526,,0,0,46.5182914734,6.56634426117,2.77602830977e-40,1.0,0.0,0.0,0.0,1.0,0.0,0.0,0.0,1.0,0
1480511127471399203,463,1480511127468593948,,0,0,46.5183334351,6.56633520126,2.77602830977e-40,1.0,0.0,0.0,0.0,1.0,0.0,0.0,0.0,1.0,0
1480511127663057057,464,1480511127660730343,,0,0,46.5183372498,6.56633138657,2.77602830977e-40,1.0,0.0,0.0,0.0,1.0,0.0,0.0,0.0,1.0,0
1480511127877572419,465,1480511127875439350,,0,0,46.5183448792,6.56633520126,2.77602830977e-40,1.0,0.0,0.0,0.0,1.0,0.0,0.0,0.0,1.0,0
1480511128084556336,466,1480511128077558329,,0,0,46.5183486938,6.56633663177,2.77602830977e-40,1.0,0.0,0.0,0.0,1.0,0.0,0.0,0.0,1.0,0
1480511128276852366,467,1480511128273426175,,0,0,46.5183296204,6.56633901596,2.77602830977e-40,1.0,0.0,0.0,0.0,1.0,0.0,0.0,0.0,1.0,0
1480511128472554483,468,1480511128470410060,,0,0,46.5183334351,6.56634235382,2.77602830977e-40,1.0,0.0,0.0,0.0,1.0,0.0,0.0,0.0,1.0,0
1480511128671230813,469,1480511128667141811,,0,0,46.5183296204,6.56634950638,2.77602830977e-40,1.0,0.0,0.0,0.0,1.0,0.0,0.0,0.0,1.0,0
1480511128876760202,470,1480511128871972920,,0,0,46.5183372498,6.56634283066,2.77602830977e-40,1.0,0.0,0.0,0.0,1.0,0.0,0.0,0.0,1.0,0
1480511129069353732,471,1480511129067068944,,0,0,46.5183334351,6.56635808945,2.77602830977e-40,1.0,0.0,0.0,0.0,1.0,0.0,0.0,0.0,1.0,0
1480511129275350568,472,1480511129270911306,,0,0,46.5183486938,6.56635951996,2.77602830977e-40,1.0,0.0,0.0,0.0,1.0,0.0,0.0,0.0,1.0,0
1480511129476329185,473,1480511129473913513,,0,0,46.5183601379,6.56636810303,2.77602830977e-40,1.0,0.0,0.0,0.0,1.0,0.0,0.0,0.0,1.0,0
1480511129671998177,474,1480511129668610996,,0,0,46.5183486938,6.5663766861,2.77602830977e-40,1.0,0.0,0.0,0.0,1.0,0.0,0.0,0.0,1.0,0
1480511129876311110,475,1480511129872721065,,0,0,46.5183525085,6.56637620926,2.77602830977e-40,1.0,0.0,0.0,0.0,1.0,0.0,0.0,0.0,1.0,0
1480511130090569858,476,1480511130079187640,,0,0,46.5183601379,6.56637573242,2.77602830977e-40,1.0,0.0,0.0,0.0,1.0,0.0,0.0,0.0,1.0,0
1480511130268756071,477,1480511130266422899,,0,0,46.5183525085,6.56638097763,2.77602830977e-40,1.0,0.0,0.0,0.0,1.0,0.0,0.0,0.0,1.0,0
1480511130453664407,478,1480511130450052279,,0,0,46.5183601379,6.56638526917,2.77602830977e-40,1.0,0.0,0.0,0.0,1.0,0.0,0.0,0.0,1.0,0
1480511130570104388,479,1480511130563299662,,0,0,46.5183525085,6.56638860703,2.77602830977e-40,1.0,0.0,0.0,0.0,1.0,0.0,0.0,0.0,1.0,0
1480511130773614458,480,1480511130770186392,,0,0,46.5183525085,6.56639385223,2.77602830977e-40,1.0,0.0,0.0,0.0,1.0,0.0,0.0,0.0,1.0,0
1480511130968391108,481,1480511130966297206,,0,0,46.5183677673,6.56639766693,2.77602830977e-40,1.0,0.0,0.0,0.0,1.0,0.0,0.0,0.0,1.0,0
1480511131173813623,482,1480511131169447642,,0,0,46.5183601379,6.56640005112,2.77602830977e-40,1.0,0.0,0.0,0.0,1.0,0.0,0.0,0.0,1.0,0
1480511131376998277,483,1480511131373928648,,0,0,46.5183601379,6.56640386581,2.77602830977e-40,1.0,0.0,0.0,0.0,1.0,0.0,0.0,0.0,1.0,0
1480511131579969703,484,1480511131576744761,,0,0,46.5183639526,6.56640481949,2.77602830977e-40,1.0,0.0,0.0,0.0,1.0,0.0,0.0,0.0,1.0,0
1480511131771101360,485,1480511131767395794,,0,0,46.5183639526,6.5664100647,2.77602830977e-40,1.0,0.0,0.0,0.0,1.0,0.0,0.0,0.0,1.0,0
1480511131972211696,486,1480511131967776965,,0,0,46.5183639526,6.56641340256,2.77602830977e-40,1.0,0.0,0.0,0.0,1.0,0.0,0.0,0.0,1.0,0
1480511132178597281,487,1480511132175696297,,0,0,46.518371582,6.56641674042,2.77602830977e-40,1.0,0.0,0.0,0.0,1.0,0.0,0.0,0.0,1.0,0
1480511132375009553,488,1480511132371537685,,0,0,46.5183677673,6.56642103195,2.77602830977e-40,1.0,0.0,0.0,0.0,1.0,0.0,0.0,0.0,1.0,0
1480511132572800103,489,1480511132567825894,,0,0,46.5183753967,6.5664229393,2.77602830977e-40,1.0,0.0,0.0,0.0,1.0,0.0,0.0,0.0,1.0,0
1480511132784594585,490,1480511132780913810,,0,0,46.5183753967,6.56642723083,2.77602830977e-40,1.0,0.0,0.0,0.0,1.0,0.0,0.0,0.0,1.0,0
1480511132974353015,491,1480511132966944228,,0,0,46.5183753967,6.56643247604,2.77602830977e-40,1.0,0.0,0.0,0.0,1.0,0.0,0.0,0.0,1.0,0
1480511133176116891,492,1480511133169468571,,0,0,46.5183792114,6.5664358139,2.77602830977e-40,1.0,0.0,0.0,0.0,1.0,0.0,0.0,0.0,1.0,0
1480511133371701144,493,1480511133363162775,,0,0,46.5183830261,6.56643867493,2.77602830977e-40,1.0,0.0,0.0,0.0,1.0,0.0,0.0,0.0,1.0,0
1480511133580882818,494,1480511133577939594,,0,0,46.5183868408,6.56644201279,2.77602830977e-40,1.0,0.0,0.0,0.0,1.0,0.0,0.0,0.0,1.0,0
1480511133776900090,495,1480511133774060044,,0,0,46.5183906555,6.56644535065,2.77602830977e-40,1.0,0.0,0.0,0.0,1.0,0.0,0.0,0.0,1.0,0
1480511133993157167,496,1480511133989103685,,0,0,46.5183944702,6.56644964218,2.77602830977e-40,1.0,0.0,0.0,0.0,1.0,0.0,0.0,0.0,1.0,0
1480511134175189363,497,1480511134172956398,,0,0,46.5183906555,6.56645441055,2.77602830977e-40,1.0,0.0,0.0,0.0,1.0,0.0,0.0,0.0,1.0,0
1480511134376744854,498,1480511134371879342,,0,0,46.5183906555,6.56646060944,2.77602830977e-40,1.0,0.0,0.0,0.0,1.0,0.0,0.0,0.0,1.0,0
1480511134567692032,499,1480511134565430995,,0,0,46.5183944702,6.56646490097,2.77602830977e-40,1.0,0.0,0.0,0.0,1.0,0.0,0.0,0.0,1.0,0
1480511134777158966,500,1480511134775179594,,0,0,46.5183944702,6.56646871567,2.77602830977e-40,1.0,0.0,0.0,0.0,1.0,0.0,0.0,0.0,1.0,0
1480511134984063456,501,1480511134980167943,,0,0,46.5183982849,6.56647253036,2.77602830977e-40,1.0,0.0,0.0,0.0,1.0,0.0,0.0,0.0,1.0,0
1480511135176614590,502,1480511135173040639,,0,0,46.5184020996,6.56647729874,2.77602830977e-40,1.0,0.0,0.0,0.0,1.0,0.0,0.0,0.0,1.0,0
1480511135382189760,503,1480511135378668986,,0,0,46.5184020996,6.5664806366,2.77602830977e-40,1.0,0.0,0.0,0.0,1.0,0.0,0.0,0.0,1.0,0
1480511135576737557,504,1480511135573620740,,0,0,46.5184059143,6.56648397446,2.77602830977e-40,1.0,0.0,0.0,0.0,1.0,0.0,0.0,0.0,1.0,0
1480511135774795398,505,1480511135770527542,,0,0,46.518409729,6.56648778915,2.77602830977e-40,1.0,0.0,0.0,0.0,1.0,0.0,0.0,0.0,1.0,0
1480511135961687585,506,1480511135959102017,,0,0,46.518409729,6.56649017334,2.77602830977e-40,1.0,0.0,0.0,0.0,1.0,0.0,0.0,0.0,1.0,0
1480511136176363883,507,1480511136173945034,,0,0,46.5184135437,6.56649398804,2.77602830977e-40,1.0,0.0,0.0,0.0,1.0,0.0,0.0,0.0,1.0,0
1480511136371254127,508,1480511136367757623,,0,0,46.5184135437,6.56649780273,2.77602830977e-40,1.0,0.0,0.0,0.0,1.0,0.0,0.0,0.0,1.0,0
1480511136572845555,509,1480511136569328895,,0,0,46.5184173584,6.56650257111,2.77602830977e-40,1.0,0.0,0.0,0.0,1.0,0.0,0.0,0.0,1.0,0
1480511136776915260,510,1480511136774984170,,0,0,46.5184173584,6.5665063858,2.77602830977e-40,1.0,0.0,0.0,0.0,1.0,0.0,0.0,0.0,1.0,0
1480511136972687116,511,1480511136969796028,,0,0,46.5184211731,6.56650924683,2.77602830977e-40,1.0,0.0,0.0,0.0,1.0,0.0,0.0,0.0,1.0,0
1480511137179214003,512,1480511137176989945,,0,0,46.5184211731,6.56651353836,2.77602830977e-40,1.0,0.0,0.0,0.0,1.0,0.0,0.0,0.0,1.0,0
1480511137356021314,513,1480511137353178298,,0,0,46.5184249878,6.5665178299,2.77602830977e-40,1.0,0.0,0.0,0.0,1.0,0.0,0.0,0.0,1.0,0
1480511137471757077,514,1480511137467076773,,0,0,46.5184249878,6.56651878357,2.77602830977e-40,1.0,0.0,0.0,0.0,1.0,0.0,0.0,0.0,1.0,0
1480511137675020377,515,1480511137672483090,,0,0,46.5184288025,6.56652164459,2.77602830977e-40,1.0,0.0,0.0,0.0,1.0,0.0,0.0,0.0,1.0,0
1480511137882089399,516,1480511137878171802,,0,0,46.5184326172,6.56652641296,2.77602830977e-40,1.0,0.0,0.0,0.0,1.0,0.0,0.0,0.0,1.0,0
1480511138073960117,517,1480511138071645850,,0,0,46.5184326172,6.56653022766,2.77602830977e-40,1.0,0.0,0.0,0.0,1.0,0.0,0.0,0.0,1.0,0
1480511138280500650,518,1480511138276246804,,0,0,46.5184326172,6.56653404236,2.77602830977e-40,1.0,0.0,0.0,0.0,1.0,0.0,0.0,0.0,1.0,0
1480511138474732249,519,1480511138469458457,,0,0,46.5184364319,6.56653785706,2.77602830977e-40,1.0,0.0,0.0,0.0,1.0,0.0,0.0,0.0,1.0,0
1480511138665775000,520,1480511138661949591,,0,0,46.5184364319,6.56654071808,2.77602830977e-40,1.0,0.0,0.0,0.0,1.0,0.0,0.0,0.0,1.0,0
1480511138871012827,521,1480511138866967158,,0,0,46.5184402466,6.56654500961,2.77602830977e-40,1.0,0.0,0.0,0.0,1.0,0.0,0.0,0.0,1.0,0
1480511139085126315,522,1480511139082614913,,0,0,46.5184402466,6.56654834747,2.77602830977e-40,1.0,0.0,0.0,0.0,1.0,0.0,0.0,0.0,1.0,0
1480511139280786088,523,1480511139278348436,,0,0,46.5184440613,6.56655216217,2.77602830977e-40,1.0,0.0,0.0,0.0,1.0,0.0,0.0,0.0,1.0,0
1480511139477008829,524,1480511139474609979,,0,0,46.5184440613,6.56655597687,2.77602830977e-40,1.0,0.0,0.0,0.0,1.0,0.0,0.0,0.0,1.0,0
1480511139675637398,525,1480511139668851995,,0,0,46.518447876,6.56656074524,2.77602830977e-40,1.0,0.0,0.0,0.0,1.0,0.0,0.0,0.0,1.0,0
1480511139872084670,526,1480511139869716498,,0,0,46.518447876,6.56656551361,2.77602830977e-40,1.0,0.0,0.0,0.0,1.0,0.0,0.0,0.0,1.0,0
1480511140073620109,527,1480511140064730439,,0,0,46.5184516907,6.56656885147,2.77602830977e-40,1.0,0.0,0.0,0.0,1.0,0.0,0.0,0.0,1.0,0
1480511140274136696,528,1480511140271838627,,0,0,46.5184516907,6.56657266617,2.77602830977e-40,1.0,0.0,0.0,0.0,1.0,0.0,0.0,0.0,1.0,0
1480511140481216082,529,1480511140476779788,,0,0,46.5184516907,6.56657600403,2.77602830977e-40,1.0,0.0,0.0,0.0,1.0,0.0,0.0,0.0,1.0,0
1480511140676647679,530,1480511140672022635,,0,0,46.5184555054,6.56657886505,2.77602830977e-40,1.0,0.0,0.0,0.0,1.0,0.0,0.0,0.0,1.0,0
1480511140879300824,531,1480511140875901247,,0,0,46.5184593201,6.56658267975,2.77602830977e-40,1.0,0.0,0.0,0.0,1.0,0.0,0.0,0.0,1.0,0
1480511141092964624,532,1480511141086146512,,0,0,46.5184593201,6.56658697128,2.77602830977e-40,1.0,0.0,0.0,0.0,1.0,0.0,0.0,0.0,1.0,0
1480511141276321609,533,1480511141273000105,,0,0,46.5184593201,6.56659078598,2.77602830977e-40,1.0,0.0,0.0,0.0,1.0,0.0,0.0,0.0,1.0,0
1480511141460921300,534,1480511141457563546,,0,0,46.5184631348,6.56659412384,2.77602830977e-40,1.0,0.0,0.0,0.0,1.0,0.0,0.0,0.0,1.0,0
1480511141677486761,535,1480511141670145890,,0,0,46.5184631348,6.56659841537,2.77602830977e-40,1.0,0.0,0.0,0.0,1.0,0.0,0.0,0.0,1.0,0
1480511141878823346,536,1480511141875294864,,0,0,46.5184669495,6.56660223007,2.77602830977e-40,1.0,0.0,0.0,0.0,1.0,0.0,0.0,0.0,1.0,0
1480511142091251368,537,1480511142086961793,,0,0,46.5184669495,6.56660556793,2.77602830977e-40,1.0,0.0,0.0,0.0,1.0,0.0,0.0,0.0,1.0,0
1480511142277742982,538,1480511142273931062,,0,0,46.5184707642,6.56660890579,2.77602830977e-40,1.0,0.0,0.0,0.0,1.0,0.0,0.0,0.0,1.0,0
1480511142475784990,539,1480511142470420157,,0,0,46.5184707642,6.56661272049,2.77602830977e-40,1.0,0.0,0.0,0.0,1.0,0.0,0.0,0.0,1.0,0
1480511142679167665,540,1480511142675310485,,0,0,46.5184745789,6.56661605835,2.77602830977e-40,1.0,0.0,0.0,0.0,1.0,0.0,0.0,0.0,1.0,0
1480511142856846432,541,1480511142853446386,,0,0,46.5184745789,6.56661987305,2.77602830977e-40,1.0,0.0,0.0,0.0,1.0,0.0,0.0,0.0,1.0,0
1480511143090217433,542,1480511143088122177,,0,0,46.5184783936,6.56662321091,2.77602830977e-40,1.0,0.0,0.0,0.0,1.0,0.0,0.0,0.0,1.0,0
1480511143278622481,543,1480511143272720618,,0,0,46.5184783936,6.56662559509,2.77602830977e-40,1.0,0.0,0.0,0.0,1.0,0.0,0.0,0.0,1.0,0
1480511143477915320,544,1480511143475872147,,0,0,46.5184822083,6.56662940979,2.77602830977e-40,1.0,0.0,0.0,0.0,1.0,0.0,0.0,0.0,1.0,0
1480511143671820253,545,1480511143669820674,,0,0,46.5184822083,6.56663131714,2.77602830977e-40,1.0,0.0,0.0,0.0,1.0,0.0,0.0,0.0,1.0,0
1480511143875361053,546,1480511143872265174,,0,0,46.5184822083,6.56663417816,2.77602830977e-40,1.0,0.0,0.0,0.0,1.0,0.0,0.0,0.0,1.0,0
1480511144102863108,547,1480511144098928480,,0,0,46.5184860229,6.56663799286,2.77602830977e-40,1.0,0.0,0.0,0.0,1.0,0.0,0.0,0.0,1.0,0
1480511144251785733,548,1480511144249756778,,0,0,46.5184860229,6.56663990021,2.77602830977e-40,1.0,0.0,0.0,0.0,1.0,0.0,0.0,0.0,1.0,0
1480511144369975241,549,1480511144366067749,,0,0,46.5184898376,6.56664180756,2.77602830977e-40,1.0,0.0,0.0,0.0,1.0,0.0,0.0,0.0,1.0,0
1480511144586367995,550,1480511144582522533,,0,0,46.5184898376,6.56664514542,2.77602830977e-40,1.0,0.0,0.0,0.0,1.0,0.0,0.0,0.0,1.0,0
1480511144769676177,551,1480511144767451494,,0,0,46.5184936523,6.56664800644,2.77602830977e-40,1.0,0.0,0.0,0.0,1.0,0.0,0.0,0.0,1.0,0
1480511144975901503,552,1480511144970145681,,0,0,46.5184936523,6.5666513443,2.77602830977e-40,1.0,0.0,0.0,0.0,1.0,0.0,0.0,0.0,1.0,0
1480511145175159811,553,1480511145172892419,,0,0,46.518497467,6.56665372849,2.77602830977e-40,1.0,0.0,0.0,0.0,1.0,0.0,0.0,0.0,1.0,0
1480511145375970355,554,1480511145374157807,,0,0,46.5185012817,6.56665611267,2.77602830977e-40,1.0,0.0,0.0,0.0,1.0,0.0,0.0,0.0,1.0,0
1480511145569775653,555,1480511145567658626,,0,0,46.5185012817,6.56666088104,2.77602830977e-40,1.0,0.0,0.0,0.0,1.0,0.0,0.0,0.0,1.0,0
1480511145778710140,556,1480511145776494467,,0,0,46.5185012817,6.56666374207,2.77602830977e-40,1.0,0.0,0.0,0.0,1.0,0.0,0.0,0.0,1.0,0
1480511145973442102,557,1480511145970205494,,0,0,46.5185050964,6.5666680336,2.77602830977e-40,1.0,0.0,0.0,0.0,1.0,0.0,0.0,0.0,1.0,0
1480511146170940987,558,1480511146166872661,,0,0,46.5185089111,6.5666718483,2.77602830977e-40,1.0,0.0,0.0,0.0,1.0,0.0,0.0,0.0,1.0,0
1480511146372503300,559,1480511146367462425,,0,0,46.5185050964,6.56667041779,2.77602830977e-40,1.0,0.0,0.0,0.0,1.0,0.0,0.0,0.0,1.0,0
1480511146576600141,560,1480511146570202236,,0,0,46.5185050964,6.56666946411,2.77602830977e-40,1.0,0.0,0.0,0.0,1.0,0.0,0.0,0.0,1.0,0
1480511146774926992,561,1480511146771695332,,0,0,46.5185089111,6.56667470932,2.77602830977e-40,1.0,0.0,0.0,0.0,1.0,0.0,0.0,0.0,1.0,0
1480511146969275362,562,1480511146966275367,,0,0,46.5185089111,6.56667232513,2.77602830977e-40,1.0,0.0,0.0,0.0,1.0,0.0,0.0,0.0,1.0,0
1480511147234588696,563,1480511147219879402,,0,0,46.5185012817,6.56666898727,2.77602830977e-40,1.0,0.0,0.0,0.0,1.0,0.0,0.0,0.0,1.0,0
1480511147430709823,564,1480511147427870558,,0,0,46.5185127258,6.56668376923,2.77602830977e-40,1.0,0.0,0.0,0.0,1.0,0.0,0.0,0.0,1.0,0
1480511147576049070,565,1480511147573601522,,0,0,46.5185050964,6.56666851044,2.77602830977e-40,1.0,0.0,0.0,0.0,1.0,0.0,0.0,0.0,1.0,0
1480511147768826661,566,1480511147766219270,,0,0,46.5185050964,6.56667137146,2.77602830977e-40,1.0,0.0,0.0,0.0,1.0,0.0,0.0,0.0,1.0,0
1480511147966989450,567,1480511147963540967,,0,0,46.5185050964,6.56666898727,2.77602830977e-40,1.0,0.0,0.0,0.0,1.0,0.0,0.0,0.0,1.0,0
1480511148170472385,568,1480511148167035621,,0,0,46.5185089111,6.5666718483,2.77602830977e-40,1.0,0.0,0.0,0.0,1.0,0.0,0.0,0.0,1.0,0
1480511148349987815,569,1480511148348092767,,0,0,46.5185089111,6.56666898727,2.77602830977e-40,1.0,0.0,0.0,0.0,1.0,0.0,0.0,0.0,1.0,0
1480511148454320476,570,1480511148448638768,,0,0,46.5185089111,6.56667232513,2.77602830977e-40,1.0,0.0,0.0,0.0,1.0,0.0,0.0,0.0,1.0,0
1480511148576725392,571,1480511148572159985,,0,0,46.5185089111,6.56667137146,2.77602830977e-40,1.0,0.0,0.0,0.0,1.0,0.0,0.0,0.0,1.0,0
1480511148768519027,572,1480511148766467469,,0,0,46.5185127258,6.56668186188,2.77602830977e-40,1.0,0.0,0.0,0.0,1.0,0.0,0.0,0.0,1.0,0
1480511148960621724,573,1480511148958785165,,0,0,46.5185089111,6.56667661667,2.77602830977e-40,1.0,0.0,0.0,0.0,1.0,0.0,0.0,0.0,1.0,0
1480511149186199772,574,1480511149179239890,,0,0,46.5185050964,6.56666517258,2.77602830977e-40,1.0,0.0,0.0,0.0,1.0,0.0,0.0,0.0,1.0,0
1480511149367471605,575,1480511149360748910,,0,0,46.5185089111,6.56666755676,2.77602830977e-40,1.0,0.0,0.0,0.0,1.0,0.0,0.0,0.0,1.0,0
1480511149577257392,576,1480511149574930522,,0,0,46.5185089111,6.56667041779,2.77602830977e-40,1.0,0.0,0.0,0.0,1.0,0.0,0.0,0.0,1.0,0
1480511149761914427,577,1480511149759089224,,0,0,46.5185089111,6.56666851044,2.77602830977e-40,1.0,0.0,0.0,0.0,1.0,0.0,0.0,0.0,1.0,0
1480511149970089123,578,1480511149966480016,,0,0,46.5185089111,6.5666680336,2.77602830977e-40,1.0,0.0,0.0,0.0,1.0,0.0,0.0,0.0,1.0,0
1480511150174347161,579,1480511150171867635,,0,0,46.5185089111,6.56665945053,2.77602830977e-40,1.0,0.0,0.0,0.0,1.0,0.0,0.0,0.0,1.0,0
1480511150377134941,580,1480511150374779633,,0,0,46.5185089111,6.56665897369,2.77602830977e-40,1.0,0.0,0.0,0.0,1.0,0.0,0.0,0.0,1.0,0
1480511150579162150,581,1480511150576464447,,0,0,46.5185127258,6.5666680336,2.77602830977e-40,1.0,0.0,0.0,0.0,1.0,0.0,0.0,0.0,1.0,0
1480511150787149607,582,1480511150781263473,,0,0,46.5185127258,6.56667423248,2.77602830977e-40,1.0,0.0,0.0,0.0,1.0,0.0,0.0,0.0,1.0,0
1480511150969617375,583,1480511150966830714,,0,0,46.5185127258,6.56667089462,2.77602830977e-40,1.0,0.0,0.0,0.0,1.0,0.0,0.0,0.0,1.0,0
1480511151165679960,584,1480511151162983195,,0,0,46.5185127258,6.56668138504,2.77602830977e-40,1.0,0.0,0.0,0.0,1.0,0.0,0.0,0.0,1.0,0
1480511151371598567,585,1480511151369655967,,0,0,46.5185127258,6.56668281555,2.77602830977e-40,1.0,0.0,0.0,0.0,1.0,0.0,0.0,0.0,1.0,0
1480511151577091290,586,1480511151574010671,,0,0,46.5185050964,6.56666326523,2.77602830977e-40,1.0,0.0,0.0,0.0,1.0,0.0,0.0,0.0,1.0,0
1480511151781517921,587,1480511151779321728,,0,0,46.5185050964,6.56666994095,2.77602830977e-40,1.0,0.0,0.0,0.0,1.0,0.0,0.0,0.0,1.0,0
1480511151978004776,588,1480511151973980722,,0,0,46.5185050964,6.5666642189,2.77602830977e-40,1.0,0.0,0.0,0.0,1.0,0.0,0.0,0.0,1.0,0
1480511152179470059,589,1480511152175255796,,0,0,46.5185050964,6.56667280197,2.77602830977e-40,1.0,0.0,0.0,0.0,1.0,0.0,0.0,0.0,1.0,0
1480511152373667804,590,1480511152371214684,,0,0,46.5185050964,6.56667804718,2.77602830977e-40,1.0,0.0,0.0,0.0,1.0,0.0,0.0,0.0,1.0,0
1480511152561316291,591,1480511152558559525,,0,0,46.5185050964,6.56667518616,2.77602830977e-40,1.0,0.0,0.0,0.0,1.0,0.0,0.0,0.0,1.0,0
1480511152778669147,592,1480511152776143370,,0,0,46.5185089111,6.56667470932,2.77602830977e-40,1.0,0.0,0.0,0.0,1.0,0.0,0.0,0.0,1.0,0
1480511152983595881,593,1480511152980673960,,0,0,46.5185089111,6.5666847229,2.77602830977e-40,1.0,0.0,0.0,0.0,1.0,0.0,0.0,0.0,1.0,0
1480511153168923227,594,1480511153166550627,,0,0,46.5185127258,6.56668663025,2.77602830977e-40,1.0,0.0,0.0,0.0,1.0,0.0,0.0,0.0,1.0,0
1480511153363672377,595,1480511153361005663,,0,0,46.5185127258,6.56669235229,2.77602830977e-40,1.0,0.0,0.0,0.0,1.0,0.0,0.0,0.0,1.0,0
1480511153568347341,596,1480511153564195161,,0,0,46.5185127258,6.56669092178,2.77602830977e-40,1.0,0.0,0.0,0.0,1.0,0.0,0.0,0.0,1.0,0
1480511153770647882,597,1480511153767951377,,0,0,46.5185127258,6.5666809082,2.77602830977e-40,1.0,0.0,0.0,0.0,1.0,0.0,0.0,0.0,1.0,0
1480511153954422210,598,1480511153952313151,,0,0,46.5185127258,6.56668519974,2.77602830977e-40,1.0,0.0,0.0,0.0,1.0,0.0,0.0,0.0,1.0,0
1480511154089867778,599,1480511154084984975,,0,0,46.5185127258,6.56668329239,2.77602830977e-40,1.0,0.0,0.0,0.0,1.0,0.0,0.0,0.0,1.0,0
1480511154303050069,600,1480511154300293200,,0,0,46.5185127258,6.56668281555,2.77602830977e-40,1.0,0.0,0.0,0.0,1.0,0.0,0.0,0.0,1.0,0
1480511154470677866,601,1480511154466707770,,0,0,46.5185089111,6.56668043137,2.77602830977e-40,1.0,0.0,0.0,0.0,1.0,0.0,0.0,0.0,1.0,0
1480511154666316650,602,1480511154662953323,,0,0,46.5185127258,6.56667757034,2.77602830977e-40,1.0,0.0,0.0,0.0,1.0,0.0,0.0,0.0,1.0,0
1480511154869119274,603,1480511154867472246,,0,0,46.5185127258,6.56667327881,2.77602830977e-40,1.0,0.0,0.0,0.0,1.0,0.0,0.0,0.0,1.0,0
1480511155088304157,604,1480511155085960047,,0,0,46.5185127258,6.56667613983,2.77602830977e-40,1.0,0.0,0.0,0.0,1.0,0.0,0.0,0.0,1.0,0
1480511155262138608,605,1480511155258230647,,0,0,46.5185127258,6.56667995453,2.77602830977e-40,1.0,0.0,0.0,0.0,1.0,0.0,0.0,0.0,1.0,0
1480511155476772615,606,1480511155473890850,,0,0,46.5185127258,6.56667423248,2.77602830977e-40,1.0,0.0,0.0,0.0,1.0,0.0,0.0,0.0,1.0,0
1480511155681942683,607,1480511155676731495,,0,0,46.5185127258,6.56667423248,2.77602830977e-40,1.0,0.0,0.0,0.0,1.0,0.0,0.0,0.0,1.0,0
1480511155872801997,608,1480511155870068929,,0,0,46.5185089111,6.5666680336,2.77602830977e-40,1.0,0.0,0.0,0.0,1.0,0.0,0.0,0.0,1.0,0
1480511156079786435,609,1480511156076644514,,0,0,46.5185127258,6.56667900085,2.77602830977e-40,1.0,0.0,0.0,0.0,1.0,0.0,0.0,0.0,1.0,0
1480511156290624408,610,1480511156285004992,,0,0,46.5185127258,6.56668186188,2.77602830977e-40,1.0,0.0,0.0,0.0,1.0,0.0,0.0,0.0,1.0,0
1480511156468484789,611,1480511156466700417,,0,0,46.5185089111,6.56667709351,2.77602830977e-40,1.0,0.0,0.0,0.0,1.0,0.0,0.0,0.0,1.0,0
1480511156652876563,612,1480511156649540580,,0,0,46.5185089111,6.56667280197,2.77602830977e-40,1.0,0.0,0.0,0.0,1.0,0.0,0.0,0.0,1.0,0
1480511156867689268,613,1480511156865884688,,0,0,46.5185127258,6.56667423248,2.77602830977e-40,1.0,0.0,0.0,0.0,1.0,0.0,0.0,0.0,1.0,0
1480511157094898302,614,1480511157089616698,,0,0,46.5185127258,6.56667470932,2.77602830977e-40,1.0,0.0,0.0,0.0,1.0,0.0,0.0,0.0,1.0,0
1480511157276015396,615,1480511157273653994,,0,0,46.5185127258,6.56667757034,2.77602830977e-40,1.0,0.0,0.0,0.0,1.0,0.0,0.0,0.0,1.0,0
1480511157479748487,616,1480511157477673959,,0,0,46.5185089111,6.56667375565,2.77602830977e-40,1.0,0.0,0.0,0.0,1.0,0.0,0.0,0.0,1.0,0
1480511157663396669,617,1480511157661405891,,0,0,46.5185089111,6.56667280197,2.77602830977e-40,1.0,0.0,0.0,0.0,1.0,0.0,0.0,0.0,1.0,0
1480511157863266225,618,1480511157860958417,,0,0,46.5185089111,6.56667375565,2.77602830977e-40,1.0,0.0,0.0,0.0,1.0,0.0,0.0,0.0,1.0,0
1480511158051772731,619,1480511158049750131,,0,0,46.5185089111,6.56666564941,2.77602830977e-40,1.0,0.0,0.0,0.0,1.0,0.0,0.0,0.0,1.0,0
1480511158277396040,620,1480511158275273648,,0,0,46.5185089111,6.56666851044,2.77602830977e-40,1.0,0.0,0.0,0.0,1.0,0.0,0.0,0.0,1.0,0
1480511158476512421,621,1480511158473886697,,0,0,46.5185089111,6.56667709351,2.77602830977e-40,1.0,0.0,0.0,0.0,1.0,0.0,0.0,0.0,1.0,0
1480511158670161261,622,1480511158667989286,,0,0,46.5185089111,6.56667947769,2.77602830977e-40,1.0,0.0,0.0,0.0,1.0,0.0,0.0,0.0,1.0,0
1480511158873397217,623,1480511158870047901,,0,0,46.5185127258,6.56668901443,2.77602830977e-40,1.0,0.0,0.0,0.0,1.0,0.0,0.0,0.0,1.0,0
1480511159087594350,624,1480511159083627899,,0,0,46.5185127258,6.56668519974,2.77602830977e-40,1.0,0.0,0.0,0.0,1.0,0.0,0.0,0.0,1.0,0
1480511159273735183,625,1480511159267527435,,0,0,46.5185127258,6.56668329239,2.77602830977e-40,1.0,0.0,0.0,0.0,1.0,0.0,0.0,0.0,1.0,0
1480511159455685348,626,1480511159452907489,,0,0,46.5185127258,6.56668424606,2.77602830977e-40,1.0,0.0,0.0,0.0,1.0,0.0,0.0,0.0,1.0,0
1480511159569724760,627,1480511159564647374,,0,0,46.5185127258,6.56668329239,2.77602830977e-40,1.0,0.0,0.0,0.0,1.0,0.0,0.0,0.0,1.0,0
1480511159777776124,628,1480511159771066502,,0,0,46.5185127258,6.56668138504,2.77602830977e-40,1.0,0.0,0.0,0.0,1.0,0.0,0.0,0.0,1.0,0
1480511159971308089,629,1480511159968313876,,0,0,46.5185127258,6.56667423248,2.77602830977e-40,1.0,0.0,0.0,0.0,1.0,0.0,0.0,0.0,1.0,0
1480511160176739718,630,1480511160173283162,,0,0,46.5185089111,6.56667518616,2.77602830977e-40,1.0,0.0,0.0,0.0,1.0,0.0,0.0,0.0,1.0,0
1480511160375345527,631,1480511160368407676,,0,0,46.5185089111,6.56666564941,2.77602830977e-40,1.0,0.0,0.0,0.0,1.0,0.0,0.0,0.0,1.0,0
1480511160577330705,632,1480511160571056915,,0,0,46.5185127258,6.56667280197,2.77602830977e-40,1.0,0.0,0.0,0.0,1.0,0.0,0.0,0.0,1.0,0
1480511160772580479,633,1480511160765340233,,0,0,46.5185089111,6.56666755676,2.77602830977e-40,1.0,0.0,0.0,0.0,1.0,0.0,0.0,0.0,1.0,0
