%time,field.header.seq,field.header.stamp,field.header.frame_id,field.status.status,field.status.service,field.latitude,field.longitude,field.altitude,field.position_covariance0,field.position_covariance1,field.position_covariance2,field.position_covariance3,field.position_covariance4,field.position_covariance5,field.position_covariance6,field.position_covariance7,field.position_covariance8,field.position_covariance_type
1481903179915962176,62,1481903179912634841,,0,0,46.5184936523,6.5666103363,2.77602830977e-40,1.0,0.0,0.0,0.0,1.0,0.0,0.0,0.0,1.0,0
1481903180108560598,63,1481903180104286702,,0,0,46.5184936523,6.5666103363,2.77602830977e-40,1.0,0.0,0.0,0.0,1.0,0.0,0.0,0.0,1.0,0
1481903180304515417,64,1481903180301698497,,0,0,46.5184936523,6.5666103363,2.77602830977e-40,1.0,0.0,0.0,0.0,1.0,0.0,0.0,0.0,1.0,0
1481903180519580552,65,1481903180515195824,,0,0,46.5184936523,6.5666103363,2.77602830977e-40,1.0,0.0,0.0,0.0,1.0,0.0,0.0,0.0,1.0,0
1481903180707870234,66,1481903180703075142,,0,0,46.5184936523,6.5666103363,2.77602830977e-40,1.0,0.0,0.0,0.0,1.0,0.0,0.0,0.0,1.0,0
1481903180906591296,67,1481903180903769220,,0,0,46.5184936523,6.56661081314,2.77602830977e-40,1.0,0.0,0.0,0.0,1.0,0.0,0.0,0.0,1.0,0
1481903181112807756,68,1481903181108772558,,0,0,46.5184936523,6.5666103363,2.77602830977e-40,1.0,0.0,0.0,0.0,1.0,0.0,0.0,0.0,1.0,0
1481903181305431073,69,1481903181301877905,,0,0,46.5184936523,6.5666103363,2.77602830977e-40,1.0,0.0,0.0,0.0,1.0,0.0,0.0,0.0,1.0,0
1481903181527553066,70,1481903181523847971,,0,0,46.5184936523,6.5666103363,2.77602830977e-40,1.0,0.0,0.0,0.0,1.0,0.0,0.0,0.0,1.0,0
1481903181709255473,71,1481903181703686841,,0,0,46.5184936523,6.5666103363,2.77602830977e-40,1.0,0.0,0.0,0.0,1.0,0.0,0.0,0.0,1.0,0
1481903181907515703,72,1481903181903643733,,0,0,46.5184936523,6.5666103363,2.77602830977e-40,1.0,0.0,0.0,0.0,1.0,0.0,0.0,0.0,1.0,0
1481903182097394026,73,1481903182094073045,,0,0,46.5184936523,6.5666103363,2.77602830977e-40,1.0,0.0,0.0,0.0,1.0,0.0,0.0,0.0,1.0,0
1481903182311142759,74,1481903182307853965,,0,0,46.5184936523,6.5666103363,2.77602830977e-40,1.0,0.0,0.0,0.0,1.0,0.0,0.0,0.0,1.0,0
1481903182512427044,75,1481903182509991685,,0,0,46.5184936523,6.5666103363,2.77602830977e-40,1.0,0.0,0.0,0.0,1.0,0.0,0.0,0.0,1.0,0
1481903182706018067,76,1481903182701651359,,0,0,46.5184936523,6.5666103363,2.77602830977e-40,1.0,0.0,0.0,0.0,1.0,0.0,0.0,0.0,1.0,0
1481903182906204385,77,1481903182903370434,,0,0,46.5184936523,6.5666103363,2.77602830977e-40,1.0,0.0,0.0,0.0,1.0,0.0,0.0,0.0,1.0,0
1481903183122914204,78,1481903183117929842,,0,0,46.5184936523,6.5666103363,2.77602830977e-40,1.0,0.0,0.0,0.0,1.0,0.0,0.0,0.0,1.0,0
1481903183312077686,79,1481903183308930559,,0,0,46.5184936523,6.5666103363,2.77602830977e-40,1.0,0.0,0.0,0.0,1.0,0.0,0.0,0.0,1.0,0
1481903183509971094,80,1481903183506806415,,0,0,46.5184936523,6.5666103363,2.77602830977e-40,1.0,0.0,0.0,0.0,1.0,0.0,0.0,0.0,1.0,0
1481903183712756156,81,1481903183709579498,,0,0,46.5184936523,6.5666103363,2.77602830977e-40,1.0,0.0,0.0,0.0,1.0,0.0,0.0,0.0,1.0,0
1481903183910299513,82,1481903183907270875,,0,0,46.5184936523,6.5666103363,2.77602830977e-40,1.0,0.0,0.0,0.0,1.0,0.0,0.0,0.0,1.0,0
1481903184112689420,83,1481903184109656928,,0,0,46.5184936523,6.56661081314,2.77602830977e-40,1.0,0.0,0.0,0.0,1.0,0.0,0.0,0.0,1.0,0
1481903184318638693,84,1481903184311090431,,0,0,46.5184936523,6.56661081314,2.77602830977e-40,1.0,0.0,0.0,0.0,1.0,0.0,0.0,0.0,1.0,0
1481903184506520564,85,1481903184503061562,,0,0,46.5184745789,6.56663513184,2.77602830977e-40,1.0,0.0,0.0,0.0,1.0,0.0,0.0,0.0,1.0,0
1481903184723880381,86,1481903184712544107,,0,0,46.5184822083,6.56662845612,2.77602830977e-40,1.0,0.0,0.0,0.0,1.0,0.0,0.0,0.0,1.0,0
1481903184898930617,87,1481903184893843390,,0,0,46.5184822083,6.56662559509,2.77602830977e-40,1.0,0.0,0.0,0.0,1.0,0.0,0.0,0.0,1.0,0
1481903185006124774,88,1481903185003952957,,0,0,46.5184860229,6.56662416458,2.77602830977e-40,1.0,0.0,0.0,0.0,1.0,0.0,0.0,0.0,1.0,0
1481903185219191060,89,1481903185214469510,,0,0,46.5184860229,6.56662273407,2.77602830977e-40,1.0,0.0,0.0,0.0,1.0,0.0,0.0,0.0,1.0,0
1481903185416594522,90,1481903185414350725,,0,0,46.5184860229,6.56662225723,2.77602830977e-40,1.0,0.0,0.0,0.0,1.0,0.0,0.0,0.0,1.0,0
1481903185616206831,91,1481903185614212253,,0,0,46.5184860229,6.5666217804,2.77602830977e-40,1.0,0.0,0.0,0.0,1.0,0.0,0.0,0.0,1.0,0
1481903185819877256,92,1481903185816087786,,0,0,46.5184898376,6.56662130356,2.77602830977e-40,1.0,0.0,0.0,0.0,1.0,0.0,0.0,0.0,1.0,0
1481903186002132474,93,1481903185997658944,,0,0,46.5184898376,6.56662082672,2.77602830977e-40,1.0,0.0,0.0,0.0,1.0,0.0,0.0,0.0,1.0,0
1481903186192251318,94,1481903186189102107,,0,0,46.5184898376,6.56662034988,2.77602830977e-40,1.0,0.0,0.0,0.0,1.0,0.0,0.0,0.0,1.0,0
1481903186281538281,95,1481903186278747663,,0,0,46.5184898376,6.56661987305,2.77602830977e-40,1.0,0.0,0.0,0.0,1.0,0.0,0.0,0.0,1.0,0
1481903186391130192,96,1481903186388249887,,0,0,46.5184898376,6.56661987305,2.77602830977e-40,1.0,0.0,0.0,0.0,1.0,0.0,0.0,0.0,1.0,0
1481903186508052919,97,1481903186505628289,,0,0,46.5184898376,6.56661987305,2.77602830977e-40,1.0,0.0,0.0,0.0,1.0,0.0,0.0,0.0,1.0,0
1481903186699489208,98,1481903186697078953,,0,0,46.5184898376,6.56661987305,2.77602830977e-40,1.0,0.0,0.0,0.0,1.0,0.0,0.0,0.0,1.0,0
1481903186900740628,99,1481903186895685953,,0,0,46.5184898376,6.56661987305,2.77602830977e-40,1.0,0.0,0.0,0.0,1.0,0.0,0.0,0.0,1.0,0
1481903187002479799,100,1481903186995199244,,0,0,46.5184898376,6.56661939621,2.77602830977e-40,1.0,0.0,0.0,0.0,1.0,0.0,0.0,0.0,1.0,0
1481903187100361115,101,1481903187095546127,,0,0,46.5184898376,6.56661939621,2.77602830977e-40,1.0,0.0,0.0,0.0,1.0,0.0,0.0,0.0,1.0,0
1481903187208555790,102,1481903187205735016,,0,0,46.5184898376,6.56661939621,2.77602830977e-40,1.0,0.0,0.0,0.0,1.0,0.0,0.0,0.0,1.0,0
