%time,field.header.seq,field.header.stamp,field.header.frame_id,field.status.status,field.status.service,field.latitude,field.longitude,field.altitude,field.position_covariance0,field.position_covariance1,field.position_covariance2,field.position_covariance3,field.position_covariance4,field.position_covariance5,field.position_covariance6,field.position_covariance7,field.position_covariance8,field.position_covariance_type
1481903653211803416,82,1481903653207706759,,0,0,46.5184745789,6.56667041779,2.77602830977e-40,1.0,0.0,0.0,0.0,1.0,0.0,0.0,0.0,1.0,0
1481903653471756719,83,1481903653467508032,,0,0,46.5184745789,6.56667041779,2.77602830977e-40,1.0,0.0,0.0,0.0,1.0,0.0,0.0,0.0,1.0,0
1481903653611336003,84,1481903653607397315,,0,0,46.5184745789,6.56667041779,2.77602830977e-40,1.0,0.0,0.0,0.0,1.0,0.0,0.0,0.0,1.0,0
1481903653814112680,85,1481903653809843837,,0,0,46.5184745789,6.56667041779,2.77602830977e-40,1.0,0.0,0.0,0.0,1.0,0.0,0.0,0.0,1.0,0
1481903654006121624,86,1481903654001443823,,0,0,46.5184745789,6.56666994095,2.77602830977e-40,1.0,0.0,0.0,0.0,1.0,0.0,0.0,0.0,1.0,0
1481903654209384341,87,1481903654204682374,,0,0,46.5184745789,6.56666994095,2.77602830977e-40,1.0,0.0,0.0,0.0,1.0,0.0,0.0,0.0,1.0,0
1481903654389692949,88,1481903654386680978,,0,0,46.5184745789,6.56666994095,2.77602830977e-40,1.0,0.0,0.0,0.0,1.0,0.0,0.0,0.0,1.0,0
1481903654540437205,89,1481903654531091291,,0,0,46.5184745789,6.56666994095,2.77602830977e-40,1.0,0.0,0.0,0.0,1.0,0.0,0.0,0.0,1.0,0
1481903654723245026,90,1481903654718583788,,0,0,46.5184745789,6.56666994095,2.77602830977e-40,1.0,0.0,0.0,0.0,1.0,0.0,0.0,0.0,1.0,0
1481903654913367672,91,1481903654909624505,,0,0,46.5184745789,6.56666994095,2.77602830977e-40,1.0,0.0,0.0,0.0,1.0,0.0,0.0,0.0,1.0,0
1481903655116311328,92,1481903655111499777,,0,0,46.5184745789,6.56666994095,2.77602830977e-40,1.0,0.0,0.0,0.0,1.0,0.0,0.0,0.0,1.0,0
1481903655309310529,93,1481903655303059451,,0,0,46.5184745789,6.56667041779,2.77602830977e-40,1.0,0.0,0.0,0.0,1.0,0.0,0.0,0.0,1.0,0
1481903655523193168,94,1481903655517055371,,0,0,46.5184745789,6.56666994095,2.77602830977e-40,1.0,0.0,0.0,0.0,1.0,0.0,0.0,0.0,1.0,0
1481903655702343706,95,1481903655698107102,,0,0,46.5184745789,6.56666946411,2.77602830977e-40,1.0,0.0,0.0,0.0,1.0,0.0,0.0,0.0,1.0,0
1481903655911815522,96,1481903655909093810,,0,0,46.5184745789,6.56666946411,2.77602830977e-40,1.0,0.0,0.0,0.0,1.0,0.0,0.0,0.0,1.0,0
1481903656107315290,97,1481903656099730674,,0,0,46.5184783936,6.56666898727,2.77602830977e-40,1.0,0.0,0.0,0.0,1.0,0.0,0.0,0.0,1.0,0
1481903656210352427,98,1481903656207761339,,0,0,46.5184745789,6.56666994095,2.77602830977e-40,1.0,0.0,0.0,0.0,1.0,0.0,0.0,0.0,1.0,0
1481903656411365045,99,1481903656407698284,,0,0,46.5184745789,6.56666946411,2.77602830977e-40,1.0,0.0,0.0,0.0,1.0,0.0,0.0,0.0,1.0,0
1481903656599918008,100,1481903656596766974,,0,0,46.5184745789,6.56666946411,2.77602830977e-40,1.0,0.0,0.0,0.0,1.0,0.0,0.0,0.0,1.0,0
1481903656710076272,101,1481903656707461539,,0,0,46.5184745789,6.56666946411,2.77602830977e-40,1.0,0.0,0.0,0.0,1.0,0.0,0.0,0.0,1.0,0
1481903656910926652,102,1481903656907001037,,0,0,46.5184745789,6.56666946411,2.77602830977e-40,1.0,0.0,0.0,0.0,1.0,0.0,0.0,0.0,1.0,0
1481903657099459302,103,1481903657096936236,,0,0,46.5184745789,6.56666946411,2.77602830977e-40,1.0,0.0,0.0,0.0,1.0,0.0,0.0,0.0,1.0,0
1481903657302449468,104,1481903657298581092,,0,0,46.5184745789,6.56666946411,2.77602830977e-40,1.0,0.0,0.0,0.0,1.0,0.0,0.0,0.0,1.0,0
1481903657516252888,105,1481903657511073422,,0,0,46.5184745789,6.56666946411,2.77602830977e-40,1.0,0.0,0.0,0.0,1.0,0.0,0.0,0.0,1.0,0
1481903657707784437,106,1481903657704098248,,0,0,46.5184745789,6.56666946411,2.77602830977e-40,1.0,0.0,0.0,0.0,1.0,0.0,0.0,0.0,1.0,0
1481903657915100009,107,1481903657912067152,,0,0,46.5184745789,6.56666946411,2.77602830977e-40,1.0,0.0,0.0,0.0,1.0,0.0,0.0,0.0,1.0,0
1481903658112679407,108,1481903658109298165,,0,0,46.5184745789,6.56666946411,2.77602830977e-40,1.0,0.0,0.0,0.0,1.0,0.0,0.0,0.0,1.0,0
1481903658312688382,109,1481903658309481047,,0,0,46.5184745789,6.56666946411,2.77602830977e-40,1.0,0.0,0.0,0.0,1.0,0.0,0.0,0.0,1.0,0
1481903658495705994,110,1481903658490909548,,0,0,46.5184745789,6.56666946411,2.77602830977e-40,1.0,0.0,0.0,0.0,1.0,0.0,0.0,0.0,1.0,0
1481903658609617791,111,1481903658598395840,,0,0,46.5184745789,6.56666946411,2.77602830977e-40,1.0,0.0,0.0,0.0,1.0,0.0,0.0,0.0,1.0,0
1481903658711155504,112,1481903658706410412,,0,0,46.5184745789,6.56666946411,2.77602830977e-40,1.0,0.0,0.0,0.0,1.0,0.0,0.0,0.0,1.0,0
1481903658900990911,113,1481903658897661024,,0,0,46.5184745789,6.56666898727,2.77602830977e-40,1.0,0.0,0.0,0.0,1.0,0.0,0.0,0.0,1.0,0
1481903658998195354,114,1481903658995951818,,0,0,46.5184783936,6.56666898727,2.77602830977e-40,1.0,0.0,0.0,0.0,1.0,0.0,0.0,0.0,1.0,0
1481903659098185779,115,1481903659095206203,,0,0,46.5184783936,6.56666898727,2.77602830977e-40,1.0,0.0,0.0,0.0,1.0,0.0,0.0,0.0,1.0,0
1481903659197308811,116,1481903659194267516,,0,0,46.5184783936,6.56666898727,2.77602830977e-40,1.0,0.0,0.0,0.0,1.0,0.0,0.0,0.0,1.0,0
1481903659297160799,117,1481903659293351850,,0,0,46.5184783936,6.56666898727,2.77602830977e-40,1.0,0.0,0.0,0.0,1.0,0.0,0.0,0.0,1.0,0
1481903659405830525,118,1481903659401616473,,0,0,46.5184783936,6.56666898727,2.77602830977e-40,1.0,0.0,0.0,0.0,1.0,0.0,0.0,0.0,1.0,0
1481903659598821966,119,1481903659594980986,,0,0,46.5184745789,6.56666898727,2.77602830977e-40,1.0,0.0,0.0,0.0,1.0,0.0,0.0,0.0,1.0,0
1481903659698802027,120,1481903659695808649,,0,0,46.5184745789,6.56667470932,2.77602830977e-40,1.0,0.0,0.0,0.0,1.0,0.0,0.0,0.0,1.0,0
1481903659797496153,121,1481903659795070222,,0,0,46.5184783936,6.56667089462,2.77602830977e-40,1.0,0.0,0.0,0.0,1.0,0.0,0.0,0.0,1.0,0
1481903659895763406,122,1481903659893342110,,0,0,46.5184783936,6.56667089462,2.77602830977e-40,1.0,0.0,0.0,0.0,1.0,0.0,0.0,0.0,1.0,0
1481903659994645709,123,1481903659992121965,,0,0,46.5184783936,6.56666851044,2.77602830977e-40,1.0,0.0,0.0,0.0,1.0,0.0,0.0,0.0,1.0,0
1481903660104013663,124,1481903660101311794,,0,0,46.5184745789,6.56667232513,2.77602830977e-40,1.0,0.0,0.0,0.0,1.0,0.0,0.0,0.0,1.0,0
1481903660304566960,125,1481903660302083112,,0,0,46.5184783936,6.56666994095,2.77602830977e-40,1.0,0.0,0.0,0.0,1.0,0.0,0.0,0.0,1.0,0
1481903660517066945,126,1481903660514248098,,0,0,46.5184783936,6.56667041779,2.77602830977e-40,1.0,0.0,0.0,0.0,1.0,0.0,0.0,0.0,1.0,0
1481903660708614380,127,1481903660706000949,,0,0,46.5184783936,6.56666946411,2.77602830977e-40,1.0,0.0,0.0,0.0,1.0,0.0,0.0,0.0,1.0,0
1481903660911264338,128,1481903660908446481,,0,0,46.5184783936,6.56666898727,2.77602830977e-40,1.0,0.0,0.0,0.0,1.0,0.0,0.0,0.0,1.0,0
1481903661094695491,129,1481903661091911591,,0,0,46.5184783936,6.56666898727,2.77602830977e-40,1.0,0.0,0.0,0.0,1.0,0.0,0.0,0.0,1.0,0
1481903661194745499,130,1481903661191312383,,0,0,46.5184783936,6.56666898727,2.77602830977e-40,1.0,0.0,0.0,0.0,1.0,0.0,0.0,0.0,1.0,0
1481903661283580900,131,1481903661280679293,,0,0,46.5184783936,6.56666851044,2.77602830977e-40,1.0,0.0,0.0,0.0,1.0,0.0,0.0,0.0,1.0,0
1481903661392624897,132,1481903661390169851,,0,0,46.5184783936,6.56666851044,2.77602830977e-40,1.0,0.0,0.0,0.0,1.0,0.0,0.0,0.0,1.0,0
1481903661514349330,133,1481903661511073661,,0,0,46.5184783936,6.56666851044,2.77602830977e-40,1.0,0.0,0.0,0.0,1.0,0.0,0.0,0.0,1.0,0
1481903661707405823,134,1481903661703618488,,0,0,46.5184783936,6.5666680336,2.77602830977e-40,1.0,0.0,0.0,0.0,1.0,0.0,0.0,0.0,1.0,0
1481903661806837031,135,1481903661803682455,,0,0,46.5184783936,6.5666680336,2.77602830977e-40,1.0,0.0,0.0,0.0,1.0,0.0,0.0,0.0,1.0,0
1481903661905917146,136,1481903661903383350,,0,0,46.5184783936,6.5666680336,2.77602830977e-40,1.0,0.0,0.0,0.0,1.0,0.0,0.0,0.0,1.0,0
1481903662007244703,137,1481903662003553254,,0,0,46.5184783936,6.5666680336,2.77602830977e-40,1.0,0.0,0.0,0.0,1.0,0.0,0.0,0.0,1.0,0
1481903662109150280,138,1481903662100234365,,0,0,46.5184783936,6.5666680336,2.77602830977e-40,1.0,0.0,0.0,0.0,1.0,0.0,0.0,0.0,1.0,0
1481903662200402862,139,1481903662196549174,,0,0,46.5184783936,6.5666680336,2.77602830977e-40,1.0,0.0,0.0,0.0,1.0,0.0,0.0,0.0,1.0,0
1481903662299763289,140,1481903662295177624,,0,0,46.5184783936,6.5666680336,2.77602830977e-40,1.0,0.0,0.0,0.0,1.0,0.0,0.0,0.0,1.0,0
1481903662396843097,141,1481903662394341645,,0,0,46.5184783936,6.5666680336,2.77602830977e-40,1.0,0.0,0.0,0.0,1.0,0.0,0.0,0.0,1.0,0
1481903662505543188,142,1481903662501787208,,0,0,46.5184783936,6.5666680336,2.77602830977e-40,1.0,0.0,0.0,0.0,1.0,0.0,0.0,0.0,1.0,0
1481903662592102709,143,1481903662589379227,,0,0,46.5184783936,6.5666680336,2.77602830977e-40,1.0,0.0,0.0,0.0,1.0,0.0,0.0,0.0,1.0,0
1481903662693101361,144,1481903662690165639,,0,0,46.5184783936,6.5666680336,2.77602830977e-40,1.0,0.0,0.0,0.0,1.0,0.0,0.0,0.0,1.0,0
1481903662791594342,145,1481903662788901276,,0,0,46.5184783936,6.56666755676,2.77602830977e-40,1.0,0.0,0.0,0.0,1.0,0.0,0.0,0.0,1.0,0
1481903662904669735,146,1481903662900755630,,0,0,46.5184783936,6.56666755676,2.77602830977e-40,1.0,0.0,0.0,0.0,1.0,0.0,0.0,0.0,1.0,0
1481903663095078786,147,1481903663092600303,,0,0,46.5184783936,6.56666755676,2.77602830977e-40,1.0,0.0,0.0,0.0,1.0,0.0,0.0,0.0,1.0,0
1481903663194889525,148,1481903663191200367,,0,0,46.5184783936,6.56666755676,2.77602830977e-40,1.0,0.0,0.0,0.0,1.0,0.0,0.0,0.0,1.0,0
1481903663305559715,149,1481903663300245770,,0,0,46.5184783936,6.56666755676,2.77602830977e-40,1.0,0.0,0.0,0.0,1.0,0.0,0.0,0.0,1.0,0
1481903663403306656,150,1481903663400154789,,0,0,46.5184783936,6.56666707993,2.77602830977e-40,1.0,0.0,0.0,0.0,1.0,0.0,0.0,0.0,1.0,0
1481903663513111744,151,1481903663509985710,,0,0,46.5184783936,6.56666612625,2.77602830977e-40,1.0,0.0,0.0,0.0,1.0,0.0,0.0,0.0,1.0,0
1481903663712045774,152,1481903663707268495,,0,0,46.5184783936,6.56666374207,2.77602830977e-40,1.0,0.0,0.0,0.0,1.0,0.0,0.0,0.0,1.0,0
1481903663901925088,153,1481903663898994053,,0,0,46.5184745789,6.56665897369,2.77602830977e-40,1.0,0.0,0.0,0.0,1.0,0.0,0.0,0.0,1.0,0
1481903663992912827,154,1481903663988779973,,0,0,46.5184745789,6.56665563583,2.77602830977e-40,1.0,0.0,0.0,0.0,1.0,0.0,0.0,0.0,1.0,0
1481903664089238835,155,1481903664086406238,,0,0,46.5184745789,6.56665229797,2.77602830977e-40,1.0,0.0,0.0,0.0,1.0,0.0,0.0,0.0,1.0,0
1481903664200312774,156,1481903664195857056,,0,0,46.5184745789,6.56664848328,2.77602830977e-40,1.0,0.0,0.0,0.0,1.0,0.0,0.0,0.0,1.0,0
1481903664347317768,157,1481903664344199547,,0,0,46.5184745789,6.56665182114,2.77602830977e-40,1.0,0.0,0.0,0.0,1.0,0.0,0.0,0.0,1.0,0
1481903664631121272,158,1481903664628358310,,0,0,46.5184707642,6.5666437149,2.77602830977e-40,1.0,0.0,0.0,0.0,1.0,0.0,0.0,0.0,1.0,0
1481903665068943190,159,1481903665065519605,,0,0,46.5184707642,6.56662797928,2.77602830977e-40,1.0,0.0,0.0,0.0,1.0,0.0,0.0,0.0,1.0,0
1481903665411922170,160,1481903665408571658,,0,0,46.5184669495,6.56660795212,2.77602830977e-40,1.0,0.0,0.0,0.0,1.0,0.0,0.0,0.0,1.0,0
1481903665869442112,161,1481903665866490973,,0,0,46.5184631348,6.56658172607,2.77602830977e-40,1.0,0.0,0.0,0.0,1.0,0.0,0.0,0.0,1.0,0
1481903666410122209,162,1481903666408321692,,0,0,46.5184593201,6.56653404236,2.77602830977e-40,1.0,0.0,0.0,0.0,1.0,0.0,0.0,0.0,1.0,0
1481903666977590207,163,1481903666975178077,,0,0,46.5184516907,6.56650829315,2.77602830977e-40,1.0,0.0,0.0,0.0,1.0,0.0,0.0,0.0,1.0,0
1481903667405554389,164,1481903667402290804,,0,0,46.518447876,6.56647396088,2.77602830977e-40,1.0,0.0,0.0,0.0,1.0,0.0,0.0,0.0,1.0,0
1481903667678332556,165,1481903667675622459,,0,0,46.518447876,6.56644916534,2.77602830977e-40,1.0,0.0,0.0,0.0,1.0,0.0,0.0,0.0,1.0,0
1481903667931886397,166,1481903667928961977,,0,0,46.518447876,6.5664305687,2.77602830977e-40,1.0,0.0,0.0,0.0,1.0,0.0,0.0,0.0,1.0,0
1481903668207310964,167,1481903668204584564,,0,0,46.5184516907,6.56643342972,2.77602830977e-40,1.0,0.0,0.0,0.0,1.0,0.0,0.0,0.0,1.0,0
1481903668474687009,168,1481903668471106445,,0,0,46.5184593201,6.56640481949,2.77602830977e-40,1.0,0.0,0.0,0.0,1.0,0.0,0.0,0.0,1.0,0
1481903668715813121,169,1481903668713305419,,0,0,46.5184631348,6.56638622284,2.77602830977e-40,1.0,0.0,0.0,0.0,1.0,0.0,0.0,0.0,1.0,0
1481903669067219580,170,1481903669064150681,,0,0,46.5184669495,6.56636381149,2.77602830977e-40,1.0,0.0,0.0,0.0,1.0,0.0,0.0,0.0,1.0,0
1481903669351233656,171,1481903669347750175,,0,0,46.5184707642,6.56634140015,2.77602830977e-40,1.0,0.0,0.0,0.0,1.0,0.0,0.0,0.0,1.0,0
1481903669686111094,172,1481903669683723183,,0,0,46.5184745789,6.56631946564,2.77602830977e-40,1.0,0.0,0.0,0.0,1.0,0.0,0.0,0.0,1.0,0
1481903669987533876,173,1481903669984945810,,0,0,46.5184745789,6.56629753113,2.77602830977e-40,1.0,0.0,0.0,0.0,1.0,0.0,0.0,0.0,1.0,0
1481903670362764442,174,1481903670358754712,,0,0,46.5184783936,6.56627464294,2.77602830977e-40,1.0,0.0,0.0,0.0,1.0,0.0,0.0,0.0,1.0,0
1481903670702617440,175,1481903670698341357,,0,0,46.5184707642,6.56624603271,2.77602830977e-40,1.0,0.0,0.0,0.0,1.0,0.0,0.0,0.0,1.0,0
1481903671077035351,176,1481903671072619425,,0,0,46.5184593201,6.56622266769,2.77602830977e-40,1.0,0.0,0.0,0.0,1.0,0.0,0.0,0.0,1.0,0
1481903671381790209,177,1481903671376882982,,0,0,46.518447876,6.56620979309,2.77602830977e-40,1.0,0.0,0.0,0.0,1.0,0.0,0.0,0.0,1.0,0
1481903671704363355,178,1481903671698874410,,0,0,46.5184364319,6.5662021637,2.77602830977e-40,1.0,0.0,0.0,0.0,1.0,0.0,0.0,0.0,1.0,0
1481903672147425260,179,1481903672144244174,,0,0,46.5184173584,6.56619787216,2.77602830977e-40,1.0,0.0,0.0,0.0,1.0,0.0,0.0,0.0,1.0,0
1481903672578497195,180,1481903672575731108,,0,0,46.5183944702,6.56619977951,2.77602830977e-40,1.0,0.0,0.0,0.0,1.0,0.0,0.0,0.0,1.0,0
1481903672988267830,181,1481903672983175343,,0,0,46.5183792114,6.56620121002,2.77602830977e-40,1.0,0.0,0.0,0.0,1.0,0.0,0.0,0.0,1.0,0
1481903673436992898,182,1481903673432965616,,0,0,46.5183601379,6.56620550156,2.77602830977e-40,1.0,0.0,0.0,0.0,1.0,0.0,0.0,0.0,1.0,0
1481903673871235398,183,1481903673868847904,,0,0,46.5183372498,6.56621789932,2.77602830977e-40,1.0,0.0,0.0,0.0,1.0,0.0,0.0,0.0,1.0,0
1481903674267892003,184,1481903674264994979,,0,0,46.518321991,6.56623029709,2.77602830977e-40,1.0,0.0,0.0,0.0,1.0,0.0,0.0,0.0,1.0,0
1481903674705609755,185,1481903674703319917,,0,0,46.5183067322,6.56624507904,2.77602830977e-40,1.0,0.0,0.0,0.0,1.0,0.0,0.0,0.0,1.0,0
1481903675093649142,186,1481903675090279932,,0,0,46.5182914734,6.56626701355,2.77602830977e-40,1.0,0.0,0.0,0.0,1.0,0.0,0.0,0.0,1.0,0
1481903675418391710,187,1481903675414533907,,0,0,46.518283844,6.56628227234,2.77602830977e-40,1.0,0.0,0.0,0.0,1.0,0.0,0.0,0.0,1.0,0
1481903675870459061,188,1481903675859464609,,0,0,46.5182723999,6.56630420685,2.77602830977e-40,1.0,0.0,0.0,0.0,1.0,0.0,0.0,0.0,1.0,0
1481903676264149684,189,1481903676259830841,,0,0,46.5182647705,6.56632804871,2.77602830977e-40,1.0,0.0,0.0,0.0,1.0,0.0,0.0,0.0,1.0,0
1481903676650855325,190,1481903676647715593,,0,0,46.5182609558,6.5663523674,2.77602830977e-40,1.0,0.0,0.0,0.0,1.0,0.0,0.0,0.0,1.0,0
1481903677110819323,191,1481903677106681416,,0,0,46.5182609558,6.56637716293,2.77602830977e-40,1.0,0.0,0.0,0.0,1.0,0.0,0.0,0.0,1.0,0
1481903677673390250,192,1481903677670100623,,0,0,46.5182609558,6.56640863419,2.77602830977e-40,1.0,0.0,0.0,0.0,1.0,0.0,0.0,0.0,1.0,0
1481903677921824416,193,1481903677919091350,,0,0,46.5182685852,6.5664396286,2.77602830977e-40,1.0,0.0,0.0,0.0,1.0,0.0,0.0,0.0,1.0,0
1481903678201431680,194,1481903678198576062,,0,0,46.5185661316,6.56648588181,2.77602830977e-40,1.0,0.0,0.0,0.0,1.0,0.0,0.0,0.0,1.0,0
1481903678498916139,195,1481903678496116407,,0,0,46.5185852051,6.56650304794,2.77602830977e-40,1.0,0.0,0.0,0.0,1.0,0.0,0.0,0.0,1.0,0
1481903678834032275,196,1481903678830201920,,0,0,46.5185775757,6.56651544571,2.77602830977e-40,1.0,0.0,0.0,0.0,1.0,0.0,0.0,0.0,1.0,0
1481903679093624538,197,1481903679090650847,,0,0,46.5182685852,6.56649541855,2.77602830977e-40,1.0,0.0,0.0,0.0,1.0,0.0,0.0,0.0,1.0,0
1481903679313366120,198,1481903679309525765,,0,0,46.5182800293,6.56650209427,2.77602830977e-40,1.0,0.0,0.0,0.0,1.0,0.0,0.0,0.0,1.0,0
1481903679645803095,199,1481903679640314984,,0,0,46.5183067322,6.56651210785,2.77602830977e-40,1.0,0.0,0.0,0.0,1.0,0.0,0.0,0.0,1.0,0
1481903679948173219,200,1481903679944668905,,0,0,46.5183258057,6.56651735306,2.77602830977e-40,1.0,0.0,0.0,0.0,1.0,0.0,0.0,0.0,1.0,0
1481903680231061621,201,1481903680228338763,,0,0,46.5183372498,6.56651639938,2.77602830977e-40,1.0,0.0,0.0,0.0,1.0,0.0,0.0,0.0,1.0,0
1481903680606965987,202,1481903680600120119,,0,0,46.5183563232,6.56651973724,2.77602830977e-40,1.0,0.0,0.0,0.0,1.0,0.0,0.0,0.0,1.0,0
1481903680991749862,203,1481903680979832183,,0,0,46.5183677673,6.56651544571,2.77602830977e-40,1.0,0.0,0.0,0.0,1.0,0.0,0.0,0.0,1.0,0
1481903681325480011,204,1481903681321328407,,0,0,46.5183944702,6.56650829315,2.77602830977e-40,1.0,0.0,0.0,0.0,1.0,0.0,0.0,0.0,1.0,0
1481903681771299825,205,1481903681765670308,,0,0,46.5184135437,6.56650400162,2.77602830977e-40,1.0,0.0,0.0,0.0,1.0,0.0,0.0,0.0,1.0,0
1481903682060792221,206,1481903682056646815,,0,0,46.5184288025,6.56650114059,2.77602830977e-40,1.0,0.0,0.0,0.0,1.0,0.0,0.0,0.0,1.0,0
1481903682506061360,207,1481903682503727981,,0,0,46.5184440613,6.56649827957,2.77602830977e-40,1.0,0.0,0.0,0.0,1.0,0.0,0.0,0.0,1.0,0
1481903683019559234,208,1481903683015182214,,0,0,46.5184669495,6.56649303436,2.77602830977e-40,1.0,0.0,0.0,0.0,1.0,0.0,0.0,0.0,1.0,0
1481903683528962170,209,1481903683524310515,,0,0,46.5184898376,6.56648349762,2.77602830977e-40,1.0,0.0,0.0,0.0,1.0,0.0,0.0,0.0,1.0,0
1481903683904076694,210,1481903683900413318,,0,0,46.5185050964,6.5664691925,2.77602830977e-40,1.0,0.0,0.0,0.0,1.0,0.0,0.0,0.0,1.0,0
1481903684393054056,211,1481903684390355782,,0,0,46.5185165405,6.56644153595,2.77602830977e-40,1.0,0.0,0.0,0.0,1.0,0.0,0.0,0.0,1.0,0
1481903684778423294,212,1481903684773151016,,0,0,46.5185203552,6.56641626358,2.77602830977e-40,1.0,0.0,0.0,0.0,1.0,0.0,0.0,0.0,1.0,0
1481903685129990690,213,1481903685127039083,,0,0,46.5185241699,6.56639003754,2.77602830977e-40,1.0,0.0,0.0,0.0,1.0,0.0,0.0,0.0,1.0,0
1481903685476471744,214,1481903685473605606,,0,0,46.5185279846,6.56636333466,2.77602830977e-40,1.0,0.0,0.0,0.0,1.0,0.0,0.0,0.0,1.0,0
1481903685607544175,215,1481903685603139342,,0,0,46.5185279846,6.56634426117,2.77602830977e-40,1.0,0.0,0.0,0.0,1.0,0.0,0.0,0.0,1.0,0
1481903685794298392,216,1481903685791541888,,0,0,46.5185279846,6.56633043289,2.77602830977e-40,1.0,0.0,0.0,0.0,1.0,0.0,0.0,0.0,1.0,0
1481903685906357120,217,1481903685900917707,,0,0,46.5185317993,6.56632375717,2.77602830977e-40,1.0,0.0,0.0,0.0,1.0,0.0,0.0,0.0,1.0,0
1481903686104408340,218,1481903686098877625,,0,0,46.5185317993,6.56630992889,2.77602830977e-40,1.0,0.0,0.0,0.0,1.0,0.0,0.0,0.0,1.0,0
1481903686204590484,219,1481903686197047273,,0,0,46.5185317993,6.56630277634,2.77602830977e-40,1.0,0.0,0.0,0.0,1.0,0.0,0.0,0.0,1.0,0
1481903686310218186,220,1481903686305744135,,0,0,46.5185317993,6.56629562378,2.77602830977e-40,1.0,0.0,0.0,0.0,1.0,0.0,0.0,0.0,1.0,0
1481903686498718701,221,1481903686495728605,,0,0,46.518535614,6.5662817955,2.77602830977e-40,1.0,0.0,0.0,0.0,1.0,0.0,0.0,0.0,1.0,0
1481903686606090462,222,1481903686600306518,,0,0,46.518535614,6.56627511978,2.77602830977e-40,1.0,0.0,0.0,0.0,1.0,0.0,0.0,0.0,1.0,0
1481903686804140588,223,1481903686799738099,,0,0,46.518535614,6.5662612915,2.77602830977e-40,1.0,0.0,0.0,0.0,1.0,0.0,0.0,0.0,1.0,0
1481903687006223777,224,1481903686999831762,,0,0,46.518535614,6.56624746323,2.77602830977e-40,1.0,0.0,0.0,0.0,1.0,0.0,0.0,0.0,1.0,0
1481903687203207604,225,1481903687199966154,,0,0,46.518535614,6.56623363495,2.77602830977e-40,1.0,0.0,0.0,0.0,1.0,0.0,0.0,0.0,1.0,0
1481903687298355542,226,1481903687295778986,,0,0,46.518535614,6.56622695923,2.77602830977e-40,1.0,0.0,0.0,0.0,1.0,0.0,0.0,0.0,1.0,0
1481903687502100133,227,1481903687497271916,,0,0,46.518535614,6.56621313095,2.77602830977e-40,1.0,0.0,0.0,0.0,1.0,0.0,0.0,0.0,1.0,0
1481903687596666040,228,1481903687594358911,,0,0,46.518535614,6.56620645523,2.77602830977e-40,1.0,0.0,0.0,0.0,1.0,0.0,0.0,0.0,1.0,0
1481903687705372485,229,1481903687701118798,,0,0,46.518535614,6.56619977951,2.77602830977e-40,1.0,0.0,0.0,0.0,1.0,0.0,0.0,0.0,1.0,0
1481903687799444436,230,1481903687797092046,,0,0,46.518535614,6.56619262695,2.77602830977e-40,1.0,0.0,0.0,0.0,1.0,0.0,0.0,0.0,1.0,0
1481903687954424983,231,1481903687945920994,,0,0,46.5185317993,6.56618642807,2.77602830977e-40,1.0,0.0,0.0,0.0,1.0,0.0,0.0,0.0,1.0,0
1481903688146660437,232,1481903688144088620,,0,0,46.5185279846,6.5661740303,2.77602830977e-40,1.0,0.0,0.0,0.0,1.0,0.0,0.0,0.0,1.0,0
1481903688386811759,233,1481903688383791819,,0,0,46.5185241699,6.56616306305,2.77602830977e-40,1.0,0.0,0.0,0.0,1.0,0.0,0.0,0.0,1.0,0
1481903688760704151,234,1481903688758088584,,0,0,46.5185165405,6.56615352631,2.77602830977e-40,1.0,0.0,0.0,0.0,1.0,0.0,0.0,0.0,1.0,0
1481903689135945289,235,1481903689133653107,,0,0,46.5185012817,6.56613969803,2.77602830977e-40,1.0,0.0,0.0,0.0,1.0,0.0,0.0,0.0,1.0,0
1481903689551313826,236,1481903689548531177,,0,0,46.5184822083,6.56613302231,2.77602830977e-40,1.0,0.0,0.0,0.0,1.0,0.0,0.0,0.0,1.0,0
1481903690025870704,237,1481903690022569202,,0,0,46.5184631348,6.5661315918,2.77602830977e-40,1.0,0.0,0.0,0.0,1.0,0.0,0.0,0.0,1.0,0
1481903690338638875,238,1481903690335354091,,0,0,46.5184402466,6.56613349915,2.77602830977e-40,1.0,0.0,0.0,0.0,1.0,0.0,0.0,0.0,1.0,0
1481903690640732072,239,1481903690638511244,,0,0,46.5184249878,6.56613349915,2.77602830977e-40,1.0,0.0,0.0,0.0,1.0,0.0,0.0,0.0,1.0,0
1481903690960434340,240,1481903690958016325,,0,0,46.518409729,6.56613349915,2.77602830977e-40,1.0,0.0,0.0,0.0,1.0,0.0,0.0,0.0,1.0,0
1481903691220850247,241,1481903691218582179,,0,0,46.5183944702,6.56613302231,2.77602830977e-40,1.0,0.0,0.0,0.0,1.0,0.0,0.0,0.0,1.0,0
1481903691541172461,242,1481903691538476061,,0,0,46.5183830261,6.56613492966,2.77602830977e-40,1.0,0.0,0.0,0.0,1.0,0.0,0.0,0.0,1.0,0
1481903691828461529,243,1481903691826032212,,0,0,46.5183677673,6.56614112854,2.77602830977e-40,1.0,0.0,0.0,0.0,1.0,0.0,0.0,0.0,1.0,0
1481903692122437507,244,1481903692118460434,,0,0,46.5183563232,6.56615257263,2.77602830977e-40,1.0,0.0,0.0,0.0,1.0,0.0,0.0,0.0,1.0,0
1481903692394359010,245,1481903692390694801,,0,0,46.5182952881,6.56625080109,2.77602830977e-40,1.0,0.0,0.0,0.0,1.0,0.0,0.0,0.0,1.0,0
1481903692707537753,246,1481903692705014686,,0,0,46.5182113647,6.56639480591,2.77602830977e-40,1.0,0.0,0.0,0.0,1.0,0.0,0.0,0.0,1.0,0
1481903692967551942,247,1481903692965153198,,0,0,46.5182037354,6.5664229393,2.77602830977e-40,1.0,0.0,0.0,0.0,1.0,0.0,0.0,0.0,1.0,0
1481903693194855067,248,1481903693191746481,,0,0,46.518321991,6.56622982025,2.77602830977e-40,1.0,0.0,0.0,0.0,1.0,0.0,0.0,0.0,1.0,0
1481903693422532723,249,1481903693419585022,,0,0,46.5183258057,6.5662355423,2.77602830977e-40,1.0,0.0,0.0,0.0,1.0,0.0,0.0,0.0,1.0,0
1481903693697537395,250,1481903693694610683,,0,0,46.5183258057,6.56625175476,2.77602830977e-40,1.0,0.0,0.0,0.0,1.0,0.0,0.0,0.0,1.0,0
1481903694000180278,251,1481903693996798516,,0,0,46.5183296204,6.56626796722,2.77602830977e-40,1.0,0.0,0.0,0.0,1.0,0.0,0.0,0.0,1.0,0
1481903694324486701,252,1481903694320941085,,0,0,46.5183334351,6.5662817955,2.77602830977e-40,1.0,0.0,0.0,0.0,1.0,0.0,0.0,0.0,1.0,0
1481903694595983726,253,1481903694591281915,,0,0,46.5182533264,6.5664434433,2.77602830977e-40,1.0,0.0,0.0,0.0,1.0,0.0,0.0,0.0,1.0,0
1481903694919668380,254,1481903694914464851,,0,0,46.5184669495,6.56613540649,2.77602830977e-40,1.0,0.0,0.0,0.0,1.0,0.0,0.0,0.0,1.0,0
1481903695233831703,255,1481903695229836765,,0,0,46.5183143616,6.56638002396,2.77602830977e-40,1.0,0.0,0.0,0.0,1.0,0.0,0.0,0.0,1.0,0
1481903695543159205,256,1481903695538766039,,0,0,46.5183181763,6.56639575958,2.77602830977e-40,1.0,0.0,0.0,0.0,1.0,0.0,0.0,0.0,1.0,0
1481903695759215849,257,1481903695755921065,,0,0,46.5183677673,6.56636762619,2.77602830977e-40,1.0,0.0,0.0,0.0,1.0,0.0,0.0,0.0,1.0,0
1481903695913518064,258,1481903695910731613,,0,0,46.5183601379,6.56639623642,2.77602830977e-40,1.0,0.0,0.0,0.0,1.0,0.0,0.0,0.0,1.0,0
1481903696126372945,259,1481903696123936805,,0,0,46.5183143616,6.56642723083,2.77602830977e-40,1.0,0.0,0.0,0.0,1.0,0.0,0.0,0.0,1.0,0
1481903696347603273,260,1481903696345626820,,0,0,46.5183639526,6.56640958786,2.77602830977e-40,1.0,0.0,0.0,0.0,1.0,0.0,0.0,0.0,1.0,0
1481903696533618534,261,1481903696530706822,,0,0,46.5183601379,6.56641149521,2.77602830977e-40,1.0,0.0,0.0,0.0,1.0,0.0,0.0,0.0,1.0,0
1481903696706954035,262,1481903696704311437,,0,0,46.5183601379,6.56642818451,2.77602830977e-40,1.0,0.0,0.0,0.0,1.0,0.0,0.0,0.0,1.0,0
1481903696908663370,263,1481903696905925929,,0,0,46.518409729,6.56641817093,2.77602830977e-40,1.0,0.0,0.0,0.0,1.0,0.0,0.0,0.0,1.0,0
1481903697114001187,264,1481903697110064790,,0,0,46.5183906555,6.56644201279,2.77602830977e-40,1.0,0.0,0.0,0.0,1.0,0.0,0.0,0.0,1.0,0
1481903697319548065,265,1481903697316924738,,0,0,46.5183830261,6.56646728516,2.77602830977e-40,1.0,0.0,0.0,0.0,1.0,0.0,0.0,0.0,1.0,0
1481903697465495041,266,1481903697459961201,,0,0,46.5183906555,6.56645202637,2.77602830977e-40,1.0,0.0,0.0,0.0,1.0,0.0,0.0,0.0,1.0,0
1481903697567307597,267,1481903697563687554,,0,0,46.5183906555,6.5664434433,2.77602830977e-40,1.0,0.0,0.0,0.0,1.0,0.0,0.0,0.0,1.0,0
1481903697669690360,268,1481903697667019898,,0,0,46.5184173584,6.56643724442,2.77602830977e-40,1.0,0.0,0.0,0.0,1.0,0.0,0.0,0.0,1.0,0
1481903697888906787,269,1481903697885895076,,0,0,46.5184211731,6.5664563179,2.77602830977e-40,1.0,0.0,0.0,0.0,1.0,0.0,0.0,0.0,1.0,0
1481903698087207902,270,1481903698082664060,,0,0,46.518447876,6.56645011902,2.77602830977e-40,1.0,0.0,0.0,0.0,1.0,0.0,0.0,0.0,1.0,0
1481903698187214526,271,1481903698184025211,,0,0,46.5184745789,6.5664525032,2.77602830977e-40,1.0,0.0,0.0,0.0,1.0,0.0,0.0,0.0,1.0,0
1481903698289965725,272,1481903698286524223,,0,0,46.5184135437,6.56647443771,2.77602830977e-40,1.0,0.0,0.0,0.0,1.0,0.0,0.0,0.0,1.0,0
1481903698390836825,273,1481903698387821989,,0,0,46.5184059143,6.566447258,2.77602830977e-40,1.0,0.0,0.0,0.0,1.0,0.0,0.0,0.0,1.0,0
1481903698575004695,274,1481903698571372829,,0,0,46.5184555054,6.56643724442,2.77602830977e-40,1.0,0.0,0.0,0.0,1.0,0.0,0.0,0.0,1.0,0
1481903698695411527,275,1481903698692511534,,0,0,46.5184707642,6.56645679474,2.77602830977e-40,1.0,0.0,0.0,0.0,1.0,0.0,0.0,0.0,1.0,0
1481903698890052808,276,1481903698885452142,,0,0,46.5184555054,6.56644678116,2.77602830977e-40,1.0,0.0,0.0,0.0,1.0,0.0,0.0,0.0,1.0,0
1481903698992882861,277,1481903698988674278,,0,0,46.5184364319,6.56643438339,2.77602830977e-40,1.0,0.0,0.0,0.0,1.0,0.0,0.0,0.0,1.0,0
1481903699095398905,278,1481903699091001260,,0,0,46.5184593201,6.5664229393,2.77602830977e-40,1.0,0.0,0.0,0.0,1.0,0.0,0.0,0.0,1.0,0
1481903699186144770,279,1481903699183823110,,0,0,46.5184745789,6.56642532349,2.77602830977e-40,1.0,0.0,0.0,0.0,1.0,0.0,0.0,0.0,1.0,0
1481903699290001436,280,1481903699287715035,,0,0,46.5184783936,6.56643390656,2.77602830977e-40,1.0,0.0,0.0,0.0,1.0,0.0,0.0,0.0,1.0,0
1481903699394430131,281,1481903699390665974,,0,0,46.5185089111,6.56643009186,2.77602830977e-40,1.0,0.0,0.0,0.0,1.0,0.0,0.0,0.0,1.0,0
1481903699497790808,282,1481903699494975711,,0,0,46.5185050964,6.56644439697,2.77602830977e-40,1.0,0.0,0.0,0.0,1.0,0.0,0.0,0.0,1.0,0
1481903699685889241,283,1481903699683323050,,0,0,46.518497467,6.56642818451,2.77602830977e-40,1.0,0.0,0.0,0.0,1.0,0.0,0.0,0.0,1.0,0
1481903699798612603,284,1481903699796151984,,0,0,46.5185012817,6.56642389297,2.77602830977e-40,1.0,0.0,0.0,0.0,1.0,0.0,0.0,0.0,1.0,0
1481903699973549923,285,1481903699970841440,,0,0,46.5185089111,6.56643533707,2.77602830977e-40,1.0,0.0,0.0,0.0,1.0,0.0,0.0,0.0,1.0,0
1481903700087669740,286,1481903700083585844,,0,0,46.5185127258,6.56643199921,2.77602830977e-40,1.0,0.0,0.0,0.0,1.0,0.0,0.0,0.0,1.0,0
1481903700188029070,287,1481903700185276629,,0,0,46.5185089111,6.56642341614,2.77602830977e-40,1.0,0.0,0.0,0.0,1.0,0.0,0.0,0.0,1.0,0
1481903700443852905,288,1481903700441300151,,0,0,46.5185089111,6.56641817093,2.77602830977e-40,1.0,0.0,0.0,0.0,1.0,0.0,0.0,0.0,1.0,0
1481903700875434995,289,1481903700872524638,,0,0,46.5185089111,6.56641292572,2.77602830977e-40,1.0,0.0,0.0,0.0,1.0,0.0,0.0,0.0,1.0,0
1481903701248086921,290,1481903701245165991,,0,0,46.5185317993,6.56638145447,2.77602830977e-40,1.0,0.0,0.0,0.0,1.0,0.0,0.0,0.0,1.0,0
1481903701686851806,291,1481903701682599681,,0,0,46.5185165405,6.56633853912,2.77602830977e-40,1.0,0.0,0.0,0.0,1.0,0.0,0.0,0.0,1.0,0
1481903702101388002,292,1481903702098602957,,0,0,46.5185165405,6.56631469727,2.77602830977e-40,1.0,0.0,0.0,0.0,1.0,0.0,0.0,0.0,1.0,0
1481903702580127838,293,1481903702576890762,,0,0,46.5185394287,6.56628084183,2.77602830977e-40,1.0,0.0,0.0,0.0,1.0,0.0,0.0,0.0,1.0,0
1481903703026546297,294,1481903703023241305,,0,0,46.518535614,6.56624698639,2.77602830977e-40,1.0,0.0,0.0,0.0,1.0,0.0,0.0,0.0,1.0,0
1481903703438621821,295,1481903703436277348,,0,0,46.5185546875,6.56619596481,2.77602830977e-40,1.0,0.0,0.0,0.0,1.0,0.0,0.0,0.0,1.0,0
1481903703746170630,296,1481903703742999128,,0,0,46.5185089111,6.56619215012,2.77602830977e-40,1.0,0.0,0.0,0.0,1.0,0.0,0.0,0.0,1.0,0
1481903704039719266,297,1481903704036725367,,0,0,46.5185089111,6.56617069244,2.77602830977e-40,1.0,0.0,0.0,0.0,1.0,0.0,0.0,0.0,1.0,0
1481903704667247321,298,1481903704664703942,,0,0,46.518535614,6.56613826752,2.77602830977e-40,1.0,0.0,0.0,0.0,1.0,0.0,0.0,0.0,1.0,0
1481903705005721521,299,1481903705002180957,,0,0,46.5184822083,6.56611919403,2.77602830977e-40,1.0,0.0,0.0,0.0,1.0,0.0,0.0,0.0,1.0,0
1481903705278279168,300,1481903705275536414,,0,0,46.5184783936,6.56612491608,2.77602830977e-40,1.0,0.0,0.0,0.0,1.0,0.0,0.0,0.0,1.0,0
1481903705470755714,301,1481903705468038586,,0,0,46.5184936523,6.5661277771,2.77602830977e-40,1.0,0.0,0.0,0.0,1.0,0.0,0.0,0.0,1.0,0
1481903705696246813,302,1481903705694292651,,0,0,46.5184516907,6.5661239624,2.77602830977e-40,1.0,0.0,0.0,0.0,1.0,0.0,0.0,0.0,1.0,0
1481903706016491840,303,1481903706013208671,,0,0,46.5184326172,6.56610202789,2.77602830977e-40,1.0,0.0,0.0,0.0,1.0,0.0,0.0,0.0,1.0,0
1481903706295381137,304,1481903706292382135,,0,0,46.5184020996,6.56612253189,2.77602830977e-40,1.0,0.0,0.0,0.0,1.0,0.0,0.0,0.0,1.0,0
1481903706593704344,305,1481903706589935812,,0,0,46.5184249878,6.56611967087,2.77602830977e-40,1.0,0.0,0.0,0.0,1.0,0.0,0.0,0.0,1.0,0
1481903706852798119,306,1481903706848994222,,0,0,46.5183601379,6.56612443924,2.77602830977e-40,1.0,0.0,0.0,0.0,1.0,0.0,0.0,0.0,1.0,0
1481903707066700549,307,1481903707064074931,,0,0,46.518371582,6.56612586975,2.77602830977e-40,1.0,0.0,0.0,0.0,1.0,0.0,0.0,0.0,1.0,0
1481903707268258531,308,1481903707266127703,,0,0,46.5183677673,6.56610012054,2.77602830977e-40,1.0,0.0,0.0,0.0,1.0,0.0,0.0,0.0,1.0,0
1481903707566068823,309,1481903707563015601,,0,0,46.5183753967,6.56612873077,2.77602830977e-40,1.0,0.0,0.0,0.0,1.0,0.0,0.0,0.0,1.0,0
1481903707803027705,310,1481903707800520055,,0,0,46.5183448792,6.56614398956,2.77602830977e-40,1.0,0.0,0.0,0.0,1.0,0.0,0.0,0.0,1.0,0
1481903708146187153,311,1481903708144196325,,0,0,46.5183258057,6.56617498398,2.77602830977e-40,1.0,0.0,0.0,0.0,1.0,0.0,0.0,0.0,1.0,0
1481903708477792204,312,1481903708475287783,,0,0,46.5183067322,6.56620121002,2.77602830977e-40,1.0,0.0,0.0,0.0,1.0,0.0,0.0,0.0,1.0,0
1481903708734981921,313,1481903708731887553,,0,0,46.5183029175,6.5662279129,2.77602830977e-40,1.0,0.0,0.0,0.0,1.0,0.0,0.0,0.0,1.0,0
1481903708998555788,314,1481903708995988868,,0,0,46.5183105469,6.56625175476,2.77602830977e-40,1.0,0.0,0.0,0.0,1.0,0.0,0.0,0.0,1.0,0
1481903709263271580,315,1481903709261346845,,0,0,46.5183067322,6.56627225876,2.77602830977e-40,1.0,0.0,0.0,0.0,1.0,0.0,0.0,0.0,1.0,0
1481903709456109532,316,1481903709453679850,,0,0,46.5183029175,6.56629276276,2.77602830977e-40,1.0,0.0,0.0,0.0,1.0,0.0,0.0,0.0,1.0,0
1481903709684432186,317,1481903709680531935,,0,0,46.5182991028,6.5662946701,2.77602830977e-40,1.0,0.0,0.0,0.0,1.0,0.0,0.0,0.0,1.0,0
1481903709900177632,318,1481903709897786492,,0,0,46.5182762146,6.56632518768,2.77602830977e-40,1.0,0.0,0.0,0.0,1.0,0.0,0.0,0.0,1.0,0
1481903710201428801,319,1481903710198535370,,0,0,46.5183258057,6.56629991531,2.77602830977e-40,1.0,0.0,0.0,0.0,1.0,0.0,0.0,0.0,1.0,0
1481903710399416635,320,1481903710395827790,,0,0,46.5182876587,6.56635475159,2.77602830977e-40,1.0,0.0,0.0,0.0,1.0,0.0,0.0,0.0,1.0,0
1481903710592601774,321,1481903710589979385,,0,0,46.518283844,6.56636428833,2.77602830977e-40,1.0,0.0,0.0,0.0,1.0,0.0,0.0,0.0,1.0,0
1481903710785719464,322,1481903710781623069,,0,0,46.5182800293,6.56637811661,2.77602830977e-40,1.0,0.0,0.0,0.0,1.0,0.0,0.0,0.0,1.0,0
1481903710889262641,323,1481903710883943957,,0,0,46.5182952881,6.56637763977,2.77602830977e-40,1.0,0.0,0.0,0.0,1.0,0.0,0.0,0.0,1.0,0
1481903710978957780,324,1481903710975582528,,0,0,46.5182685852,6.5664024353,2.77602830977e-40,1.0,0.0,0.0,0.0,1.0,0.0,0.0,0.0,1.0,0
1481903711091131352,325,1481903711088912763,,0,0,46.5182914734,6.56639766693,2.77602830977e-40,1.0,0.0,0.0,0.0,1.0,0.0,0.0,0.0,1.0,0
1481903711195747703,326,1481903711192074743,,0,0,46.5183067322,6.56639051437,2.77602830977e-40,1.0,0.0,0.0,0.0,1.0,0.0,0.0,0.0,1.0,0
1481903711288412574,327,1481903711284586021,,0,0,46.5183143616,6.56638908386,2.77602830977e-40,1.0,0.0,0.0,0.0,1.0,0.0,0.0,0.0,1.0,0
1481903711399603700,328,1481903711396759124,,0,0,46.5182991028,6.56640195847,2.77602830977e-40,1.0,0.0,0.0,0.0,1.0,0.0,0.0,0.0,1.0,0
1481903711585105003,329,1481903711582646155,,0,0,46.5183067322,6.56641721725,2.77602830977e-40,1.0,0.0,0.0,0.0,1.0,0.0,0.0,0.0,1.0,0
1481903711793837551,330,1481903711791089849,,0,0,46.518321991,6.56641483307,2.77602830977e-40,1.0,0.0,0.0,0.0,1.0,0.0,0.0,0.0,1.0,0
1481903711994310640,331,1481903711988993726,,0,0,46.5183334351,6.56642007828,2.77602830977e-40,1.0,0.0,0.0,0.0,1.0,0.0,0.0,0.0,1.0,0
1481903712195379717,332,1481903712192054621,,0,0,46.5183258057,6.56644535065,2.77602830977e-40,1.0,0.0,0.0,0.0,1.0,0.0,0.0,0.0,1.0,0
1481903712377518997,333,1481903712374648223,,0,0,46.5183486938,6.56643915176,2.77602830977e-40,1.0,0.0,0.0,0.0,1.0,0.0,0.0,0.0,1.0,0
1481903712499591034,334,1481903712495435992,,0,0,46.5183486938,6.56645107269,2.77602830977e-40,1.0,0.0,0.0,0.0,1.0,0.0,0.0,0.0,1.0,0
1481903712701961670,335,1481903712699241521,,0,0,46.5183639526,6.56645679474,2.77602830977e-40,1.0,0.0,0.0,0.0,1.0,0.0,0.0,0.0,1.0,0
1481903712897522896,336,1481903712895189308,,0,0,46.5183486938,6.5664806366,2.77602830977e-40,1.0,0.0,0.0,0.0,1.0,0.0,0.0,0.0,1.0,0
1481903713092482561,337,1481903713090084026,,0,0,46.5183563232,6.56648826599,2.77602830977e-40,1.0,0.0,0.0,0.0,1.0,0.0,0.0,0.0,1.0,0
1481903713298474126,338,1481903713295634237,,0,0,46.5183677673,6.56649446487,2.77602830977e-40,1.0,0.0,0.0,0.0,1.0,0.0,0.0,0.0,1.0,0
1481903713679250355,339,1481903713674883334,,0,0,46.5183868408,6.56648778915,2.77602830977e-40,1.0,0.0,0.0,0.0,1.0,0.0,0.0,0.0,1.0,0
1481903713964002710,340,1481903713960958812,,0,0,46.5183982849,6.56649303436,2.77602830977e-40,1.0,0.0,0.0,0.0,1.0,0.0,0.0,0.0,1.0,0
1481903714278728741,341,1481903714276564527,,0,0,46.5184020996,6.56651067734,2.77602830977e-40,1.0,0.0,0.0,0.0,1.0,0.0,0.0,0.0,1.0,0
1481903714583851462,342,1481903714582131622,,0,0,46.5184020996,6.56652593613,2.77602830977e-40,1.0,0.0,0.0,0.0,1.0,0.0,0.0,0.0,1.0,0
1481903714871801830,343,1481903714869460899,,0,0,46.5184135437,6.56653308868,2.77602830977e-40,1.0,0.0,0.0,0.0,1.0,0.0,0.0,0.0,1.0,0
1481903715152256749,344,1481903715148363894,,0,0,46.5184402466,6.56652975082,2.77602830977e-40,1.0,0.0,0.0,0.0,1.0,0.0,0.0,0.0,1.0,0
1481903715342963821,345,1481903715338890342,,0,0,46.5184440613,6.56654596329,2.77602830977e-40,1.0,0.0,0.0,0.0,1.0,0.0,0.0,0.0,1.0,0
1481903715730211960,346,1481903715727720560,,0,0,46.5184555054,6.56654548645,2.77602830977e-40,1.0,0.0,0.0,0.0,1.0,0.0,0.0,0.0,1.0,0
1481903716107755905,347,1481903716105420859,,0,0,46.5184822083,6.56654167175,2.77602830977e-40,1.0,0.0,0.0,0.0,1.0,0.0,0.0,0.0,1.0,0
1481903716581891586,348,1481903716579226124,,0,0,46.5184936523,6.56653881073,2.77602830977e-40,1.0,0.0,0.0,0.0,1.0,0.0,0.0,0.0,1.0,0
1481903716862570723,349,1481903716860011459,,0,0,46.5185127258,6.5665230751,2.77602830977e-40,1.0,0.0,0.0,0.0,1.0,0.0,0.0,0.0,1.0,0
1481903717163575330,350,1481903717160945128,,0,0,46.5185279846,6.56650876999,2.77602830977e-40,1.0,0.0,0.0,0.0,1.0,0.0,0.0,0.0,1.0,0
1481903717470166485,351,1481903717467524043,,0,0,46.518535614,6.56649017334,2.77602830977e-40,1.0,0.0,0.0,0.0,1.0,0.0,0.0,0.0,1.0,0
1481903717776132016,352,1481903717774084678,,0,0,46.5185394287,6.56647777557,2.77602830977e-40,1.0,0.0,0.0,0.0,1.0,0.0,0.0,0.0,1.0,0
1481903718052800434,353,1481903718049490234,,0,0,46.5185432434,6.56645965576,2.77602830977e-40,1.0,0.0,0.0,0.0,1.0,0.0,0.0,0.0,1.0,0
1481903718299214813,354,1481903718296387998,,0,0,46.5185623169,6.56642532349,2.77602830977e-40,1.0,0.0,0.0,0.0,1.0,0.0,0.0,0.0,1.0,0
1481903718599126142,355,1481903718596420784,,0,0,46.5185661316,6.56640195847,2.77602830977e-40,1.0,0.0,0.0,0.0,1.0,0.0,0.0,0.0,1.0,0
1481903719551647180,356,1481903719548028752,,0,0,46.5186233521,6.5662894249,2.77602830977e-40,1.0,0.0,0.0,0.0,1.0,0.0,0.0,0.0,1.0,0
1481903719961056826,357,1481903719958045271,,0,0,46.5185966492,6.56628990173,2.77602830977e-40,1.0,0.0,0.0,0.0,1.0,0.0,0.0,0.0,1.0,0
1481903720229890785,358,1481903720227039021,,0,0,46.5185813904,6.56628608704,2.77602830977e-40,1.0,0.0,0.0,0.0,1.0,0.0,0.0,0.0,1.0,0
1481903720519118858,359,1481903720515522565,,0,0,46.5185852051,6.56624269485,2.77602830977e-40,1.0,0.0,0.0,0.0,1.0,0.0,0.0,0.0,1.0,0
1481903721169966751,360,1481903721160527347,,0,0,46.5185661316,6.5662355423,2.77602830977e-40,1.0,0.0,0.0,0.0,1.0,0.0,0.0,0.0,1.0,0
1481903721357666017,361,1481903721354820712,,0,0,46.518573761,6.56618404388,2.77602830977e-40,1.0,0.0,0.0,0.0,1.0,0.0,0.0,0.0,1.0,0
1481903721589972880,362,1481903721587684084,,0,0,46.5185585022,6.56614017487,2.77602830977e-40,1.0,0.0,0.0,0.0,1.0,0.0,0.0,0.0,1.0,0
1481903721875231120,363,1481903721872333940,,0,0,46.518497467,6.56620693207,2.77602830977e-40,1.0,0.0,0.0,0.0,1.0,0.0,0.0,0.0,1.0,0
1481903722332473146,364,1481903722329719455,,0,0,46.5185127258,6.56620883942,2.77602830977e-40,1.0,0.0,0.0,0.0,1.0,0.0,0.0,0.0,1.0,0
1481903722517547003,365,1481903722514919770,,0,0,46.5185508728,6.5661482811,2.77602830977e-40,1.0,0.0,0.0,0.0,1.0,0.0,0.0,0.0,1.0,0
1481903722684355176,366,1481903722680135656,,0,0,46.5185241699,6.56614017487,2.77602830977e-40,1.0,0.0,0.0,0.0,1.0,0.0,0.0,0.0,1.0,0
1481903722785385443,367,1481903722782721752,,0,0,46.5185050964,6.56613731384,2.77602830977e-40,1.0,0.0,0.0,0.0,1.0,0.0,0.0,0.0,1.0,0
1481903722898686616,368,1481903722894575897,,0,0,46.5185050964,6.56614160538,2.77602830977e-40,1.0,0.0,0.0,0.0,1.0,0.0,0.0,0.0,1.0,0
1481903723090582851,369,1481903723087914108,,0,0,46.5184783936,6.56612539291,2.77602830977e-40,1.0,0.0,0.0,0.0,1.0,0.0,0.0,0.0,1.0,0
1481903723293215622,370,1481903723290808076,,0,0,46.5184783936,6.56612014771,2.77602830977e-40,1.0,0.0,0.0,0.0,1.0,0.0,0.0,0.0,1.0,0
1481903723375870206,371,1481903723373106723,,0,0,46.5184707642,6.56612586975,2.77602830977e-40,1.0,0.0,0.0,0.0,1.0,0.0,0.0,0.0,1.0,0
1481903723497231202,372,1481903723494512303,,0,0,46.5184555054,6.56613779068,2.77602830977e-40,1.0,0.0,0.0,0.0,1.0,0.0,0.0,0.0,1.0,0
1481903723691835816,373,1481903723689178531,,0,0,46.5184593201,6.56610679626,2.77602830977e-40,1.0,0.0,0.0,0.0,1.0,0.0,0.0,0.0,1.0,0
1481903723787348544,374,1481903723783648085,,0,0,46.5184402466,6.56612682343,2.77602830977e-40,1.0,0.0,0.0,0.0,1.0,0.0,0.0,0.0,1.0,0
1481903723889168705,375,1481903723886690690,,0,0,46.5184364319,6.56612014771,2.77602830977e-40,1.0,0.0,0.0,0.0,1.0,0.0,0.0,0.0,1.0,0
1481903723993866306,376,1481903723989271994,,0,0,46.5184135437,6.56611442566,2.77602830977e-40,1.0,0.0,0.0,0.0,1.0,0.0,0.0,0.0,1.0,0
1481903724198813602,377,1481903724196142046,,0,0,46.5184326172,6.56616973877,2.77602830977e-40,1.0,0.0,0.0,0.0,1.0,0.0,0.0,0.0,1.0,0
1481903724385494382,378,1481903724382697097,,0,0,46.5184020996,6.5661740303,2.77602830977e-40,1.0,0.0,0.0,0.0,1.0,0.0,0.0,0.0,1.0,0
1481903724494737440,379,1481903724491993801,,0,0,46.5183944702,6.56617736816,2.77602830977e-40,1.0,0.0,0.0,0.0,1.0,0.0,0.0,0.0,1.0,0
1481903724677873125,380,1481903724675391516,,0,0,46.5183792114,6.56617212296,2.77602830977e-40,1.0,0.0,0.0,0.0,1.0,0.0,0.0,0.0,1.0,0
1481903724780237919,381,1481903724777261989,,0,0,46.5183753967,6.56617069244,2.77602830977e-40,1.0,0.0,0.0,0.0,1.0,0.0,0.0,0.0,1.0,0
1481903724893022999,382,1481903724889985611,,0,0,46.5183601379,6.56618118286,2.77602830977e-40,1.0,0.0,0.0,0.0,1.0,0.0,0.0,0.0,1.0,0
1481903724993142799,383,1481903724990861243,,0,0,46.5183830261,6.56616401672,2.77602830977e-40,1.0,0.0,0.0,0.0,1.0,0.0,0.0,0.0,1.0,0
1481903725198611813,384,1481903725195971716,,0,0,46.5183753967,6.5661740303,2.77602830977e-40,1.0,0.0,0.0,0.0,1.0,0.0,0.0,0.0,1.0,0
1481903725386488059,385,1481903725382507288,,0,0,46.5183601379,6.56618881226,2.77602830977e-40,1.0,0.0,0.0,0.0,1.0,0.0,0.0,0.0,1.0,0
1481903725498561787,386,1481903725495911273,,0,0,46.5183525085,6.56619596481,2.77602830977e-40,1.0,0.0,0.0,0.0,1.0,0.0,0.0,0.0,1.0,0
1481903725693302703,387,1481903725690777865,,0,0,46.5183448792,6.56620550156,2.77602830977e-40,1.0,0.0,0.0,0.0,1.0,0.0,0.0,0.0,1.0,0
1481903725786935957,388,1481903725784668358,,0,0,46.5183486938,6.56620264053,2.77602830977e-40,1.0,0.0,0.0,0.0,1.0,0.0,0.0,0.0,1.0,0
1481903725899351403,389,1481903725895856620,,0,0,46.5183372498,6.56620121002,2.77602830977e-40,1.0,0.0,0.0,0.0,1.0,0.0,0.0,0.0,1.0,0
1481903726084062396,390,1481903726081645058,,0,0,46.5183296204,6.56621932983,2.77602830977e-40,1.0,0.0,0.0,0.0,1.0,0.0,0.0,0.0,1.0,0
1481903726278639718,391,1481903726276166704,,0,0,46.518321991,6.56622409821,2.77602830977e-40,1.0,0.0,0.0,0.0,1.0,0.0,0.0,0.0,1.0,0
1481903726659339905,392,1481903726655675123,,0,0,46.5183258057,6.56622600555,2.77602830977e-40,1.0,0.0,0.0,0.0,1.0,0.0,0.0,0.0,1.0,0
1481903727100026348,393,1481903727097504323,,0,0,46.5183143616,6.56626462936,2.77602830977e-40,1.0,0.0,0.0,0.0,1.0,0.0,0.0,0.0,1.0,0
1481903727628461996,394,1481903727626148929,,0,0,46.5182914734,6.56630563736,2.77602830977e-40,1.0,0.0,0.0,0.0,1.0,0.0,0.0,0.0,1.0,0
1481903728123749030,395,1481903728119508780,,0,0,46.5183105469,6.56632804871,2.77602830977e-40,1.0,0.0,0.0,0.0,1.0,0.0,0.0,0.0,1.0,0
1481903728397232039,396,1481903728394887930,,0,0,46.5183143616,6.56636667252,2.77602830977e-40,1.0,0.0,0.0,0.0,1.0,0.0,0.0,0.0,1.0,0
1481903728724673558,397,1481903728720954453,,0,0,46.5183067322,6.5663895607,2.77602830977e-40,1.0,0.0,0.0,0.0,1.0,0.0,0.0,0.0,1.0,0
1481903729034963089,398,1481903729031206432,,0,0,46.5183105469,6.56641101837,2.77602830977e-40,1.0,0.0,0.0,0.0,1.0,0.0,0.0,0.0,1.0,0
1481903729324814755,399,1481903729321854294,,0,0,46.5182991028,6.56643629074,2.77602830977e-40,1.0,0.0,0.0,0.0,1.0,0.0,0.0,0.0,1.0,0
1481903729585730556,400,1481903729579943019,,0,0,46.5183181763,6.56644678116,2.77602830977e-40,1.0,0.0,0.0,0.0,1.0,0.0,0.0,0.0,1.0,0
1481903729806464532,401,1481903729803846309,,0,0,46.518321991,6.56645870209,2.77602830977e-40,1.0,0.0,0.0,0.0,1.0,0.0,0.0,0.0,1.0,0
1481903730162343323,402,1481903730159641559,,0,0,46.5183334351,6.56647109985,2.77602830977e-40,1.0,0.0,0.0,0.0,1.0,0.0,0.0,0.0,1.0,0
1481903730479220390,403,1481903730476104043,,0,0,46.5183448792,6.56648159027,2.77602830977e-40,1.0,0.0,0.0,0.0,1.0,0.0,0.0,0.0,1.0,0
1481903730848931854,404,1481903730846752797,,0,0,46.5183677673,6.56649827957,2.77602830977e-40,1.0,0.0,0.0,0.0,1.0,0.0,0.0,0.0,1.0,0
1481903731153888274,405,1481903731146130689,,0,0,46.5183563232,6.56649017334,2.77602830977e-40,1.0,0.0,0.0,0.0,1.0,0.0,0.0,0.0,1.0,0
1481903731408863517,406,1481903731402896293,,0,0,46.5183753967,6.56650924683,2.77602830977e-40,1.0,0.0,0.0,0.0,1.0,0.0,0.0,0.0,1.0,0
1481903731690154215,407,1481903731687651409,,0,0,46.5184020996,6.56651353836,2.77602830977e-40,1.0,0.0,0.0,0.0,1.0,0.0,0.0,0.0,1.0,0
1481903731893975004,408,1481903731891229021,,0,0,46.5184020996,6.56651449203,2.77602830977e-40,1.0,0.0,0.0,0.0,1.0,0.0,0.0,0.0,1.0,0
1481903732199559755,409,1481903732196978095,,0,0,46.5183944702,6.56650733948,2.77602830977e-40,1.0,0.0,0.0,0.0,1.0,0.0,0.0,0.0,1.0,0
1481903732488500642,410,1481903732485749086,,0,0,46.5184211731,6.56650686264,2.77602830977e-40,1.0,0.0,0.0,0.0,1.0,0.0,0.0,0.0,1.0,0
1481903732809949260,411,1481903732807134215,,0,0,46.5184593201,6.56649065018,2.77602830977e-40,1.0,0.0,0.0,0.0,1.0,0.0,0.0,0.0,1.0,0
1481903733080203944,412,1481903733076244579,,0,0,46.5184593201,6.56651306152,2.77602830977e-40,1.0,0.0,0.0,0.0,1.0,0.0,0.0,0.0,1.0,0
1481903733325032129,413,1481903733320293495,,0,0,46.5184593201,6.56651687622,2.77602830977e-40,1.0,0.0,0.0,0.0,1.0,0.0,0.0,0.0,1.0,0
1481903733630288964,414,1481903733626564755,,0,0,46.5184860229,6.56651496887,2.77602830977e-40,1.0,0.0,0.0,0.0,1.0,0.0,0.0,0.0,1.0,0
1481903733907257954,415,1481903733902315154,,0,0,46.5185012817,6.56651973724,2.77602830977e-40,1.0,0.0,0.0,0.0,1.0,0.0,0.0,0.0,1.0,0
1481903734166554697,416,1481903734161634606,,0,0,46.5185050964,6.56650972366,2.77602830977e-40,1.0,0.0,0.0,0.0,1.0,0.0,0.0,0.0,1.0,0
1481903734370845068,417,1481903734367269765,,0,0,46.5185050964,6.56649923325,2.77602830977e-40,1.0,0.0,0.0,0.0,1.0,0.0,0.0,0.0,1.0,0
1481903734567442906,418,1481903734564862444,,0,0,46.5185127258,6.56649446487,2.77602830977e-40,1.0,0.0,0.0,0.0,1.0,0.0,0.0,0.0,1.0,0
1481903734826853972,419,1481903734822165390,,0,0,46.5185165405,6.5664768219,2.77602830977e-40,1.0,0.0,0.0,0.0,1.0,0.0,0.0,0.0,1.0,0
1481903735099249119,420,1481903735096579491,,0,0,46.5185203552,6.56645536423,2.77602830977e-40,1.0,0.0,0.0,0.0,1.0,0.0,0.0,0.0,1.0,0
1481903735293211339,421,1481903735290587544,,0,0,46.5185317993,6.56643438339,2.77602830977e-40,1.0,0.0,0.0,0.0,1.0,0.0,0.0,0.0,1.0,0
1481903735496669785,422,1481903735494024427,,0,0,46.5185241699,6.56641864777,2.77602830977e-40,1.0,0.0,0.0,0.0,1.0,0.0,0.0,0.0,1.0,0
1481903735691617211,423,1481903735689036853,,0,0,46.5185241699,6.56640434265,2.77602830977e-40,1.0,0.0,0.0,0.0,1.0,0.0,0.0,0.0,1.0,0
1481903735888317445,424,1481903735885902867,,0,0,46.518535614,6.56638240814,2.77602830977e-40,1.0,0.0,0.0,0.0,1.0,0.0,0.0,0.0,1.0,0
1481903736006610063,425,1481903735999686227,,0,0,46.5185317993,6.56637620926,2.77602830977e-40,1.0,0.0,0.0,0.0,1.0,0.0,0.0,0.0,1.0,0
1481903736199132026,426,1481903736196374585,,0,0,46.5185317993,6.56636333466,2.77602830977e-40,1.0,0.0,0.0,0.0,1.0,0.0,0.0,0.0,1.0,0
1481903736397503454,427,1481903736394263983,,0,0,46.5185317993,6.56635665894,2.77602830977e-40,1.0,0.0,0.0,0.0,1.0,0.0,0.0,0.0,1.0,0
1481903736601344034,428,1481903736598588260,,0,0,46.5185279846,6.56634616852,2.77602830977e-40,1.0,0.0,0.0,0.0,1.0,0.0,0.0,0.0,1.0,0
1481903736803937951,429,1481903736800336189,,0,0,46.5185279846,6.5663356781,2.77602830977e-40,1.0,0.0,0.0,0.0,1.0,0.0,0.0,0.0,1.0,0
1481903736996481477,430,1481903736993568255,,0,0,46.5185241699,6.56632614136,2.77602830977e-40,1.0,0.0,0.0,0.0,1.0,0.0,0.0,0.0,1.0,0
1481903737189917448,431,1481903737187238600,,0,0,46.5185241699,6.56631708145,2.77602830977e-40,1.0,0.0,0.0,0.0,1.0,0.0,0.0,0.0,1.0,0
1481903737292999636,432,1481903737290333237,,0,0,46.5185203552,6.56631135941,2.77602830977e-40,1.0,0.0,0.0,0.0,1.0,0.0,0.0,0.0,1.0,0
1481903737397426821,433,1481903737392826885,,0,0,46.5185203552,6.56630325317,2.77602830977e-40,1.0,0.0,0.0,0.0,1.0,0.0,0.0,0.0,1.0,0
1481903737593830858,434,1481903737591072792,,0,0,46.5185317993,6.56628084183,2.77602830977e-40,1.0,0.0,0.0,0.0,1.0,0.0,0.0,0.0,1.0,0
1481903737798267374,435,1481903737795656131,,0,0,46.518535614,6.56626272202,2.77602830977e-40,1.0,0.0,0.0,0.0,1.0,0.0,0.0,0.0,1.0,0
1481903738005481436,436,1481903738002740818,,0,0,46.5185394287,6.56624364853,2.77602830977e-40,1.0,0.0,0.0,0.0,1.0,0.0,0.0,0.0,1.0,0
1481903738202742918,437,1481903738198659960,,0,0,46.5185432434,6.56622743607,2.77602830977e-40,1.0,0.0,0.0,0.0,1.0,0.0,0.0,0.0,1.0,0
1481903738396990241,438,1481903738394202228,,0,0,46.5185508728,6.56621313095,2.77602830977e-40,1.0,0.0,0.0,0.0,1.0,0.0,0.0,0.0,1.0,0
1481903738584846643,439,1481903738581066965,,0,0,46.5185470581,6.56620025635,2.77602830977e-40,1.0,0.0,0.0,0.0,1.0,0.0,0.0,0.0,1.0,0
1481903738696651518,440,1481903738693906473,,0,0,46.5185394287,6.56619787216,2.77602830977e-40,1.0,0.0,0.0,0.0,1.0,0.0,0.0,0.0,1.0,0
1481903738941071527,441,1481903738938489971,,0,0,46.5185317993,6.56618595123,2.77602830977e-40,1.0,0.0,0.0,0.0,1.0,0.0,0.0,0.0,1.0,0
1481903739244270035,442,1481903739238749267,,0,0,46.5185241699,6.56617450714,2.77602830977e-40,1.0,0.0,0.0,0.0,1.0,0.0,0.0,0.0,1.0,0
1481903739624128922,443,1481903739621645543,,0,0,46.5185203552,6.56615591049,2.77602830977e-40,1.0,0.0,0.0,0.0,1.0,0.0,0.0,0.0,1.0,0
1481903740001356566,444,1481903739998768447,,0,0,46.5185127258,6.56613445282,2.77602830977e-40,1.0,0.0,0.0,0.0,1.0,0.0,0.0,0.0,1.0,0
1481903740420865769,445,1481903740417373174,,0,0,46.518497467,6.56611967087,2.77602830977e-40,1.0,0.0,0.0,0.0,1.0,0.0,0.0,0.0,1.0,0
1481903740849525992,446,1481903740845982147,,0,0,46.5184745789,6.56611680984,2.77602830977e-40,1.0,0.0,0.0,0.0,1.0,0.0,0.0,0.0,1.0,0
1481903741217492930,447,1481903741214779812,,0,0,46.5184555054,6.56611347198,2.77602830977e-40,1.0,0.0,0.0,0.0,1.0,0.0,0.0,0.0,1.0,0
1481903741558072437,448,1481903741555472808,,0,0,46.5184364319,6.56611824036,2.77602830977e-40,1.0,0.0,0.0,0.0,1.0,0.0,0.0,0.0,1.0,0
1481903741826817020,449,1481903741824269683,,0,0,46.5184135437,6.56612586975,2.77602830977e-40,1.0,0.0,0.0,0.0,1.0,0.0,0.0,0.0,1.0,0
1481903742164452628,450,1481903742159706443,,0,0,46.5183944702,6.56612873077,2.77602830977e-40,1.0,0.0,0.0,0.0,1.0,0.0,0.0,0.0,1.0,0
1481903742448351861,451,1481903742446051242,,0,0,46.5184211731,6.56608915329,2.77602830977e-40,1.0,0.0,0.0,0.0,1.0,0.0,0.0,0.0,1.0,0
1481903742695435041,452,1481903742692693798,,0,0,46.518371582,6.56612968445,2.77602830977e-40,1.0,0.0,0.0,0.0,1.0,0.0,0.0,0.0,1.0,0
1481903743058028868,453,1481903743055309864,,0,0,46.5183639526,6.56613206863,2.77602830977e-40,1.0,0.0,0.0,0.0,1.0,0.0,0.0,0.0,1.0,0
1481903743272830150,454,1481903743270417708,,0,0,46.5183334351,6.56616306305,2.77602830977e-40,1.0,0.0,0.0,0.0,1.0,0.0,0.0,0.0,1.0,0
1481903743448220125,455,1481903743445501121,,0,0,46.5184020996,6.5660572052,2.77602830977e-40,1.0,0.0,0.0,0.0,1.0,0.0,0.0,0.0,1.0,0
1481903743691753418,456,1481903743688050406,,0,0,46.5183982849,6.56606578827,2.77602830977e-40,1.0,0.0,0.0,0.0,1.0,0.0,0.0,0.0,1.0,0
1481903743994452030,457,1481903743991486048,,0,0,46.518321991,6.56621313095,2.77602830977e-40,1.0,0.0,0.0,0.0,1.0,0.0,0.0,0.0,1.0,0
1481903744259976674,458,1481903744257127619,,0,0,46.5183258057,6.56619405746,2.77602830977e-40,1.0,0.0,0.0,0.0,1.0,0.0,0.0,0.0,1.0,0
1481903744473371032,459,1481903744471014841,,0,0,46.5183563232,6.56614971161,2.77602830977e-40,1.0,0.0,0.0,0.0,1.0,0.0,0.0,0.0,1.0,0
1481903744691693712,460,1481903744689111010,,0,0,46.5183525085,6.56616926193,2.77602830977e-40,1.0,0.0,0.0,0.0,1.0,0.0,0.0,0.0,1.0,0
1481903744999336739,461,1481903744997150078,,0,0,46.518321991,6.56624412537,2.77602830977e-40,1.0,0.0,0.0,0.0,1.0,0.0,0.0,0.0,1.0,0
1481903745309186428,462,1481903745306079196,,0,0,46.5183486938,6.56624364853,2.77602830977e-40,1.0,0.0,0.0,0.0,1.0,0.0,0.0,0.0,1.0,0
1481903745560398868,463,1481903745557518146,,0,0,46.5184059143,6.56614398956,2.77602830977e-40,1.0,0.0,0.0,0.0,1.0,0.0,0.0,0.0,1.0,0
1481903746119837407,464,1481903746117238403,,0,0,46.5183143616,6.56631994247,2.77602830977e-40,1.0,0.0,0.0,0.0,1.0,0.0,0.0,0.0,1.0,0
1481903746444373465,465,1481903746438128376,,0,0,46.5182762146,6.56638908386,2.77602830977e-40,1.0,0.0,0.0,0.0,1.0,0.0,0.0,0.0,1.0,0
1481903746732145761,466,1481903746728521916,,0,0,46.5182533264,6.56643629074,2.77602830977e-40,1.0,0.0,0.0,0.0,1.0,0.0,0.0,0.0,1.0,0
1481903746993884424,467,1481903746987760742,,0,0,46.5183410645,6.56637477875,2.77602830977e-40,1.0,0.0,0.0,0.0,1.0,0.0,0.0,0.0,1.0,0
1481903747225297800,468,1481903747221708955,,0,0,46.5183334351,6.56640052795,2.77602830977e-40,1.0,0.0,0.0,0.0,1.0,0.0,0.0,0.0,1.0,0
1481903747480209971,469,1481903747475615399,,0,0,46.5183105469,6.56643724442,2.77602830977e-40,1.0,0.0,0.0,0.0,1.0,0.0,0.0,0.0,1.0,0
1481903748067750887,470,1481903748064459801,,0,0,46.5183143616,6.56645441055,2.77602830977e-40,1.0,0.0,0.0,0.0,1.0,0.0,0.0,0.0,1.0,0
1481903748168741570,471,1481903748166187514,,0,0,46.5183372498,6.5664229393,2.77602830977e-40,1.0,0.0,0.0,0.0,1.0,0.0,0.0,0.0,1.0,0
1481903748271355791,472,1481903748267399342,,0,0,46.5183753967,6.56641435623,2.77602830977e-40,1.0,0.0,0.0,0.0,1.0,0.0,0.0,0.0,1.0,0
1481903748388424246,473,1481903748380872338,,0,0,46.5183906555,6.56641626358,2.77602830977e-40,1.0,0.0,0.0,0.0,1.0,0.0,0.0,0.0,1.0,0
1481903748490158781,474,1481903748485901448,,0,0,46.5184059143,6.56640863419,2.77602830977e-40,1.0,0.0,0.0,0.0,1.0,0.0,0.0,0.0,1.0,0
1481903748710493435,475,1481903748708475315,,0,0,46.5183563232,6.56640481949,2.77602830977e-40,1.0,0.0,0.0,0.0,1.0,0.0,0.0,0.0,1.0,0
1481903748906337212,476,1481903748900124311,,0,0,46.5183868408,6.56641387939,2.77602830977e-40,1.0,0.0,0.0,0.0,1.0,0.0,0.0,0.0,1.0,0
1481903749096783347,477,1481903749091831120,,0,0,46.518409729,6.56644392014,2.77602830977e-40,1.0,0.0,0.0,0.0,1.0,0.0,0.0,0.0,1.0,0
1481903749300340699,478,1481903749294445350,,0,0,46.5184135437,6.56641864777,2.77602830977e-40,1.0,0.0,0.0,0.0,1.0,0.0,0.0,0.0,1.0,0
1481903749508359030,479,1481903749501093996,,0,0,46.5184211731,6.56642866135,2.77602830977e-40,1.0,0.0,0.0,0.0,1.0,0.0,0.0,0.0,1.0,0
1481903749691510183,480,1481903749687020923,,0,0,46.5184173584,6.56643819809,2.77602830977e-40,1.0,0.0,0.0,0.0,1.0,0.0,0.0,0.0,1.0,0
1481903749792345189,481,1481903749788621084,,0,0,46.5184288025,6.56643247604,2.77602830977e-40,1.0,0.0,0.0,0.0,1.0,0.0,0.0,0.0,1.0,0
1481903749997505871,482,1481903749994291452,,0,0,46.5184364319,6.56643819809,2.77602830977e-40,1.0,0.0,0.0,0.0,1.0,0.0,0.0,0.0,1.0,0
1481903750203741497,483,1481903750196670213,,0,0,46.5184211731,6.5664434433,2.77602830977e-40,1.0,0.0,0.0,0.0,1.0,0.0,0.0,0.0,1.0,0
1481903750396424970,484,1481903750393345499,,0,0,46.5184326172,6.566447258,2.77602830977e-40,1.0,0.0,0.0,0.0,1.0,0.0,0.0,0.0,1.0,0
1481903750603723094,485,1481903750599839093,,0,0,46.5184631348,6.56644916534,2.77602830977e-40,1.0,0.0,0.0,0.0,1.0,0.0,0.0,0.0,1.0,0
1481903750794348083,486,1481903750791720068,,0,0,46.5184707642,6.56644916534,2.77602830977e-40,1.0,0.0,0.0,0.0,1.0,0.0,0.0,0.0,1.0,0
1481903750988643635,487,1481903750986083694,,0,0,46.5184936523,6.56645107269,2.77602830977e-40,1.0,0.0,0.0,0.0,1.0,0.0,0.0,0.0,1.0,0
1481903751090413327,488,1481903751087473178,,0,0,46.5184822083,6.56645345688,2.77602830977e-40,1.0,0.0,0.0,0.0,1.0,0.0,0.0,0.0,1.0,0
1481903751293822502,489,1481903751291312039,,0,0,46.5185050964,6.56645154953,2.77602830977e-40,1.0,0.0,0.0,0.0,1.0,0.0,0.0,0.0,1.0,0
1481903751608006659,490,1481903751603342920,,0,0,46.5185050964,6.56644010544,2.77602830977e-40,1.0,0.0,0.0,0.0,1.0,0.0,0.0,0.0,1.0,0
1481903752102644996,491,1481903752098905839,,0,0,46.5185241699,6.56642770767,2.77602830977e-40,1.0,0.0,0.0,0.0,1.0,0.0,0.0,0.0,1.0,0
1481903752698174174,492,1481903752693210384,,0,0,46.5185241699,6.56641817093,2.77602830977e-40,1.0,0.0,0.0,0.0,1.0,0.0,0.0,0.0,1.0,0
1481903753256662611,493,1481903753254260638,,0,0,46.5185279846,6.56638050079,2.77602830977e-40,1.0,0.0,0.0,0.0,1.0,0.0,0.0,0.0,1.0,0
1481903753765103934,494,1481903753763133314,,0,0,46.5185394287,6.56634950638,2.77602830977e-40,1.0,0.0,0.0,0.0,1.0,0.0,0.0,0.0,1.0,0
1481903754230891511,495,1481903754228390841,,0,0,46.5185585022,6.56630039215,2.77602830977e-40,1.0,0.0,0.0,0.0,1.0,0.0,0.0,0.0,1.0,0
1481903754735921021,496,1481903754733406756,,0,0,46.5185661316,6.56626367569,2.77602830977e-40,1.0,0.0,0.0,0.0,1.0,0.0,0.0,0.0,1.0,0
1481903755434840979,497,1481903755432023851,,0,0,46.5185813904,6.56621837616,2.77602830977e-40,1.0,0.0,0.0,0.0,1.0,0.0,0.0,0.0,1.0,0
1481903755710791691,498,1481903755707864667,,0,0,46.5185852051,6.56615829468,2.77602830977e-40,1.0,0.0,0.0,0.0,1.0,0.0,0.0,0.0,1.0,0
1481903756137669105,499,1481903756135214268,,0,0,46.518573761,6.56613636017,2.77602830977e-40,1.0,0.0,0.0,0.0,1.0,0.0,0.0,0.0,1.0,0
1481903756399538967,500,1481903756397049910,,0,0,46.5185394287,6.56612682343,2.77602830977e-40,1.0,0.0,0.0,0.0,1.0,0.0,0.0,0.0,1.0,0
1481903756633717856,501,1481903756630893697,,0,0,46.5185394287,6.56610822678,2.77602830977e-40,1.0,0.0,0.0,0.0,1.0,0.0,0.0,0.0,1.0,0
1481903756840043066,502,1481903756836715209,,0,0,46.5185432434,6.56609344482,2.77602830977e-40,1.0,0.0,0.0,0.0,1.0,0.0,0.0,0.0,1.0,0
1481903757127615987,503,1481903757124493651,,0,0,46.5185203552,6.56608581543,2.77602830977e-40,1.0,0.0,0.0,0.0,1.0,0.0,0.0,0.0,1.0,0
1481903757469774344,504,1481903757466466436,,0,0,46.5184898376,6.56611394882,2.77602830977e-40,1.0,0.0,0.0,0.0,1.0,0.0,0.0,0.0,1.0,0
1481903757700064546,505,1481903757697756062,,0,0,46.5184822083,6.56609010696,2.77602830977e-40,1.0,0.0,0.0,0.0,1.0,0.0,0.0,0.0,1.0,0
1481903757966522833,506,1481903757960719566,,0,0,46.5184249878,6.56609916687,2.77602830977e-40,1.0,0.0,0.0,0.0,1.0,0.0,0.0,0.0,1.0,0
1481903758188826127,507,1481903758186260092,,0,0,46.5184440613,6.56612586975,2.77602830977e-40,1.0,0.0,0.0,0.0,1.0,0.0,0.0,0.0,1.0,0
1481903758369890723,508,1481903758366947710,,0,0,46.5184555054,6.56612300873,2.77602830977e-40,1.0,0.0,0.0,0.0,1.0,0.0,0.0,0.0,1.0,0
1481903758570852092,509,1481903758567237049,,0,0,46.5184211731,6.56612205505,2.77602830977e-40,1.0,0.0,0.0,0.0,1.0,0.0,0.0,0.0,1.0,0
1481903758771890492,510,1481903758769544248,,0,0,46.5184135437,6.56612825394,2.77602830977e-40,1.0,0.0,0.0,0.0,1.0,0.0,0.0,0.0,1.0,0
1481903758998480338,511,1481903758996418937,,0,0,46.5184288025,6.56613779068,2.77602830977e-40,1.0,0.0,0.0,0.0,1.0,0.0,0.0,0.0,1.0,0
1481903759278135884,512,1481903759275408287,,0,0,46.5184020996,6.56616830826,2.77602830977e-40,1.0,0.0,0.0,0.0,1.0,0.0,0.0,0.0,1.0,0
1481903759542748290,513,1481903759539768402,,0,0,46.5184249878,6.566177845,2.77602830977e-40,1.0,0.0,0.0,0.0,1.0,0.0,0.0,0.0,1.0,0
1481903759876893386,514,1481903759874455684,,0,0,46.518409729,6.56618833542,2.77602830977e-40,1.0,0.0,0.0,0.0,1.0,0.0,0.0,0.0,1.0,0
1481903760175505603,515,1481903760173118318,,0,0,46.5183792114,6.56622838974,2.77602830977e-40,1.0,0.0,0.0,0.0,1.0,0.0,0.0,0.0,1.0,0
1481903760300281279,516,1481903760298084044,,0,0,46.5183868408,6.5662560463,2.77602830977e-40,1.0,0.0,0.0,0.0,1.0,0.0,0.0,0.0,1.0,0
1481903760496431722,517,1481903760493280584,,0,0,46.5184020996,6.56626224518,2.77602830977e-40,1.0,0.0,0.0,0.0,1.0,0.0,0.0,0.0,1.0,0
1481903760680902299,518,1481903760677969807,,0,0,46.5183982849,6.56628799438,2.77602830977e-40,1.0,0.0,0.0,0.0,1.0,0.0,0.0,0.0,1.0,0
1481903760798029504,519,1481903760793158214,,0,0,46.5184135437,6.56628847122,2.77602830977e-40,1.0,0.0,0.0,0.0,1.0,0.0,0.0,0.0,1.0,0
1481903761000478682,520,1481903760997744991,,0,0,46.5184135437,6.56630468369,2.77602830977e-40,1.0,0.0,0.0,0.0,1.0,0.0,0.0,0.0,1.0,0
1481903761198653235,521,1481903761194948765,,0,0,46.518409729,6.56631946564,2.77602830977e-40,1.0,0.0,0.0,0.0,1.0,0.0,0.0,0.0,1.0,0
1481903761391476239,522,1481903761388749787,,0,0,46.5184135437,6.56633758545,2.77602830977e-40,1.0,0.0,0.0,0.0,1.0,0.0,0.0,0.0,1.0,0
1481903761598118114,523,1481903761595287028,,0,0,46.5184135437,6.56634521484,2.77602830977e-40,1.0,0.0,0.0,0.0,1.0,0.0,0.0,0.0,1.0,0
1481903761807011911,524,1481903761800528125,,0,0,46.5184059143,6.56635761261,2.77602830977e-40,1.0,0.0,0.0,0.0,1.0,0.0,0.0,0.0,1.0,0
1481903761991430717,525,1481903761987482342,,0,0,46.518409729,6.56636810303,2.77602830977e-40,1.0,0.0,0.0,0.0,1.0,0.0,0.0,0.0,1.0,0
1481903762100689349,526,1481903762097579721,,0,0,46.5184135437,6.56637382507,2.77602830977e-40,1.0,0.0,0.0,0.0,1.0,0.0,0.0,0.0,1.0,0
1481903762296431043,527,1481903762293997664,,0,0,46.5184135437,6.56638813019,2.77602830977e-40,1.0,0.0,0.0,0.0,1.0,0.0,0.0,0.0,1.0,0
1481903762503182397,528,1481903762499541990,,0,0,46.5184173584,6.56639385223,2.77602830977e-40,1.0,0.0,0.0,0.0,1.0,0.0,0.0,0.0,1.0,0
1481903762697204930,529,1481903762694264104,,0,0,46.5184249878,6.56640720367,2.77602830977e-40,1.0,0.0,0.0,0.0,1.0,0.0,0.0,0.0,1.0,0
1481903762900145564,530,1481903762897462394,,0,0,46.5184288025,6.56641578674,2.77602830977e-40,1.0,0.0,0.0,0.0,1.0,0.0,0.0,0.0,1.0,0
1481903763104005832,531,1481903763101386828,,0,0,46.5184249878,6.56642818451,2.77602830977e-40,1.0,0.0,0.0,0.0,1.0,0.0,0.0,0.0,1.0,0
1481903763297126544,532,1481903763294414363,,0,0,46.5184249878,6.56643533707,2.77602830977e-40,1.0,0.0,0.0,0.0,1.0,0.0,0.0,0.0,1.0,0
1481903763504417480,533,1481903763500200459,,0,0,46.5184249878,6.56644392014,2.77602830977e-40,1.0,0.0,0.0,0.0,1.0,0.0,0.0,0.0,1.0,0
1481903763709493995,534,1481903763706800460,,0,0,46.5184211731,6.5664525032,2.77602830977e-40,1.0,0.0,0.0,0.0,1.0,0.0,0.0,0.0,1.0,0
1481903763896271493,535,1481903763893192647,,0,0,46.5184249878,6.56645488739,2.77602830977e-40,1.0,0.0,0.0,0.0,1.0,0.0,0.0,0.0,1.0,0
1481903764190744918,536,1481903764188169092,,0,0,46.5184249878,6.56645679474,2.77602830977e-40,1.0,0.0,0.0,0.0,1.0,0.0,0.0,0.0,1.0,0
1481903764522415750,537,1481903764516978524,,0,0,46.5184288025,6.56645679474,2.77602830977e-40,1.0,0.0,0.0,0.0,1.0,0.0,0.0,0.0,1.0,0
1481903764797395109,538,1481903764793080172,,0,0,46.5184326172,6.5664525032,2.77602830977e-40,1.0,0.0,0.0,0.0,1.0,0.0,0.0,0.0,1.0,0
1481903765081556477,539,1481903765078645911,,0,0,46.5184402466,6.56645584106,2.77602830977e-40,1.0,0.0,0.0,0.0,1.0,0.0,0.0,0.0,1.0,0
1481903765583906358,540,1481903765581155844,,0,0,46.5184135437,6.56646203995,2.77602830977e-40,1.0,0.0,0.0,0.0,1.0,0.0,0.0,0.0,1.0,0
1481903765861835137,541,1481903765859348893,,0,0,46.5184020996,6.56646490097,2.77602830977e-40,1.0,0.0,0.0,0.0,1.0,0.0,0.0,0.0,1.0,0
1481903766090415499,542,1481903766087370090,,0,0,46.5184059143,6.56647443771,2.77602830977e-40,1.0,0.0,0.0,0.0,1.0,0.0,0.0,0.0,1.0,0
1481903766227262967,543,1481903766218994394,,0,0,46.5183944702,6.56646537781,2.77602830977e-40,1.0,0.0,0.0,0.0,1.0,0.0,0.0,0.0,1.0,0
1481903766447319444,544,1481903766433996613,,0,0,46.5184059143,6.56647729874,2.77602830977e-40,1.0,0.0,0.0,0.0,1.0,0.0,0.0,0.0,1.0,0
1481903766597978439,545,1481903766593975793,,0,0,46.5184020996,6.56647872925,2.77602830977e-40,1.0,0.0,0.0,0.0,1.0,0.0,0.0,0.0,1.0,0
1481903766805309584,546,1481903766797005959,,0,0,46.5184249878,6.56653308868,2.77602830977e-40,1.0,0.0,0.0,0.0,1.0,0.0,0.0,0.0,1.0,0
1481903766997385663,547,1481903766993962234,,0,0,46.5184440613,6.56647968292,2.77602830977e-40,1.0,0.0,0.0,0.0,1.0,0.0,0.0,0.0,1.0,0
1481903767191489601,548,1481903767187335132,,0,0,46.5184402466,6.56648635864,2.77602830977e-40,1.0,0.0,0.0,0.0,1.0,0.0,0.0,0.0,1.0,0
1481903767394811172,549,1481903767386385204,,0,0,46.5184440613,6.56647777557,2.77602830977e-40,1.0,0.0,0.0,0.0,1.0,0.0,0.0,0.0,1.0,0
1481903767583355593,550,1481903767580501173,,0,0,46.5184135437,6.56647109985,2.77602830977e-40,1.0,0.0,0.0,0.0,1.0,0.0,0.0,0.0,1.0,0
1481903767689875742,551,1481903767684313204,,0,0,46.518409729,6.56647825241,2.77602830977e-40,1.0,0.0,0.0,0.0,1.0,0.0,0.0,0.0,1.0,0
1481903767909230606,552,1481903767898343498,,0,0,46.518447876,6.56648349762,2.77602830977e-40,1.0,0.0,0.0,0.0,1.0,0.0,0.0,0.0,1.0,0
1481903768087703802,553,1481903768083322928,,0,0,46.518447876,6.56650304794,2.77602830977e-40,1.0,0.0,0.0,0.0,1.0,0.0,0.0,0.0,1.0,0
1481903768288520380,554,1481903768285380440,,0,0,46.518447876,6.56650352478,2.77602830977e-40,1.0,0.0,0.0,0.0,1.0,0.0,0.0,0.0,1.0,0
1481903768389299189,555,1481903768385394615,,0,0,46.5184555054,6.56648731232,2.77602830977e-40,1.0,0.0,0.0,0.0,1.0,0.0,0.0,0.0,1.0,0
1481903768580294593,556,1481903768578040849,,0,0,46.5184669495,6.56652164459,2.77602830977e-40,1.0,0.0,0.0,0.0,1.0,0.0,0.0,0.0,1.0,0
1481903768688872757,557,1481903768681898816,,0,0,46.5184707642,6.5665268898,2.77602830977e-40,1.0,0.0,0.0,0.0,1.0,0.0,0.0,0.0,1.0,0
1481903768785822877,558,1481903768776017121,,0,0,46.5184860229,6.5665063858,2.77602830977e-40,1.0,0.0,0.0,0.0,1.0,0.0,0.0,0.0,1.0,0
1481903768871610005,559,1481903768866612987,,0,0,46.5184783936,6.5665063858,2.77602830977e-40,1.0,0.0,0.0,0.0,1.0,0.0,0.0,0.0,1.0,0
1481903768984444461,560,1481903768978065206,,0,0,46.5184631348,6.5665102005,2.77602830977e-40,1.0,0.0,0.0,0.0,1.0,0.0,0.0,0.0,1.0,0
1481903769084290980,561,1481903769082404474,,0,0,46.5184783936,6.5665102005,2.77602830977e-40,1.0,0.0,0.0,0.0,1.0,0.0,0.0,0.0,1.0,0
1481903769190401494,562,1481903769185556871,,0,0,46.5184822083,6.56650495529,2.77602830977e-40,1.0,0.0,0.0,0.0,1.0,0.0,0.0,0.0,1.0,0
1481903769326721099,563,1481903769319330544,,0,0,46.5184555054,6.56651163101,2.77602830977e-40,1.0,0.0,0.0,0.0,1.0,0.0,0.0,0.0,1.0,0
1481903769494982498,564,1481903769489565741,,0,0,46.518447876,6.56653881073,2.77602830977e-40,1.0,0.0,0.0,0.0,1.0,0.0,0.0,0.0,1.0,0
1481903769687021910,565,1481903769682821608,,0,0,46.5184402466,6.56655693054,2.77602830977e-40,1.0,0.0,0.0,0.0,1.0,0.0,0.0,0.0,1.0,0
1481903769788094468,566,1481903769785572235,,0,0,46.5184516907,6.56653738022,2.77602830977e-40,1.0,0.0,0.0,0.0,1.0,0.0,0.0,0.0,1.0,0
1481903769891256812,567,1481903769888472340,,0,0,46.5184707642,6.56653738022,2.77602830977e-40,1.0,0.0,0.0,0.0,1.0,0.0,0.0,0.0,1.0,0
1481903769992831140,568,1481903769988644796,,0,0,46.5184783936,6.56651496887,2.77602830977e-40,1.0,0.0,0.0,0.0,1.0,0.0,0.0,0.0,1.0,0
1481903770094518592,569,1481903770090507300,,0,0,46.5184707642,6.56653881073,2.77602830977e-40,1.0,0.0,0.0,0.0,1.0,0.0,0.0,0.0,1.0,0
1481903770196375784,570,1481903770190989807,,0,0,46.5184936523,6.56656360626,2.77602830977e-40,1.0,0.0,0.0,0.0,1.0,0.0,0.0,0.0,1.0,0
1481903770390859929,571,1481903770386616398,,0,0,46.5184783936,6.56654548645,2.77602830977e-40,1.0,0.0,0.0,0.0,1.0,0.0,0.0,0.0,1.0,0
1481903770505851515,572,1481903770499107000,,0,0,46.5184631348,6.56658267975,2.77602830977e-40,1.0,0.0,0.0,0.0,1.0,0.0,0.0,0.0,1.0,0
1481903770700298785,573,1481903770696199004,,0,0,46.5184783936,6.56657886505,2.77602830977e-40,1.0,0.0,0.0,0.0,1.0,0.0,0.0,0.0,1.0,0
1481903770895768710,574,1481903770892134240,,0,0,46.5184593201,6.56657648087,2.77602830977e-40,1.0,0.0,0.0,0.0,1.0,0.0,0.0,0.0,1.0,0
1481903771088694682,575,1481903771086466615,,0,0,46.5184249878,6.56659030914,2.77602830977e-40,1.0,0.0,0.0,0.0,1.0,0.0,0.0,0.0,1.0,0
1481903771292111566,576,1481903771289418604,,0,0,46.5184555054,6.56653833389,2.77602830977e-40,1.0,0.0,0.0,0.0,1.0,0.0,0.0,0.0,1.0,0
1481903771486409410,577,1481903771482535409,,0,0,46.518409729,6.56659412384,2.77602830977e-40,1.0,0.0,0.0,0.0,1.0,0.0,0.0,0.0,1.0,0
1481903771687980985,578,1481903771683946100,,0,0,46.5184288025,6.56660938263,2.77602830977e-40,1.0,0.0,0.0,0.0,1.0,0.0,0.0,0.0,1.0,0
1481903771798282947,579,1481903771795078893,,0,0,46.5184364319,6.56661748886,2.77602830977e-40,1.0,0.0,0.0,0.0,1.0,0.0,0.0,0.0,1.0,0
1481903772004175918,580,1481903771996709479,,0,0,46.5184364319,6.5666217804,2.77602830977e-40,1.0,0.0,0.0,0.0,1.0,0.0,0.0,0.0,1.0,0
1481903772200945058,581,1481903772198626731,,0,0,46.5184288025,6.56658935547,2.77602830977e-40,1.0,0.0,0.0,0.0,1.0,0.0,0.0,0.0,1.0,0
1481903772396192327,582,1481903772393406657,,0,0,46.5184288025,6.56660652161,2.77602830977e-40,1.0,0.0,0.0,0.0,1.0,0.0,0.0,0.0,1.0,0
1481903772601877955,583,1481903772599072858,,0,0,46.5184249878,6.56659555435,2.77602830977e-40,1.0,0.0,0.0,0.0,1.0,0.0,0.0,0.0,1.0,0
1481903772798794907,584,1481903772795684915,,0,0,46.5184898376,6.56659841537,2.77602830977e-40,1.0,0.0,0.0,0.0,1.0,0.0,0.0,0.0,1.0,0
1481903772995221079,585,1481903772992208378,,0,0,46.5184783936,6.566593647,2.77602830977e-40,1.0,0.0,0.0,0.0,1.0,0.0,0.0,0.0,1.0,0
1481903773188313717,586,1481903773185495339,,0,0,46.5184860229,6.56655168533,2.77602830977e-40,1.0,0.0,0.0,0.0,1.0,0.0,0.0,0.0,1.0,0
1481903773299633750,587,1481903773297164068,,0,0,46.5184822083,6.56659126282,2.77602830977e-40,1.0,0.0,0.0,0.0,1.0,0.0,0.0,0.0,1.0,0
1481903773505436565,588,1481903773500310953,,0,0,46.5184669495,6.56662321091,2.77602830977e-40,1.0,0.0,0.0,0.0,1.0,0.0,0.0,0.0,1.0,0
1481903773701252946,589,1481903773695239316,,0,0,46.5184822083,6.56660747528,2.77602830977e-40,1.0,0.0,0.0,0.0,1.0,0.0,0.0,0.0,1.0,0
1481903773900581715,590,1481903773896821308,,0,0,46.5185012817,6.56659221649,2.77602830977e-40,1.0,0.0,0.0,0.0,1.0,0.0,0.0,0.0,1.0,0
1481903774097938406,591,1481903774091771442,,0,0,46.5184745789,6.56660938263,2.77602830977e-40,1.0,0.0,0.0,0.0,1.0,0.0,0.0,0.0,1.0,0
1481903774299840554,592,1481903774296948165,,0,0,46.5184402466,6.56665658951,2.77602830977e-40,1.0,0.0,0.0,0.0,1.0,0.0,0.0,0.0,1.0,0
1481903774492622672,593,1481903774490166428,,0,0,46.5184707642,6.56666851044,2.77602830977e-40,1.0,0.0,0.0,0.0,1.0,0.0,0.0,0.0,1.0,0
1481903774698862049,594,1481903774696632992,,0,0,46.518497467,6.56665754318,2.77602830977e-40,1.0,0.0,0.0,0.0,1.0,0.0,0.0,0.0,1.0,0
1481903774895488689,595,1481903774889551673,,0,0,46.5184707642,6.5666885376,2.77602830977e-40,1.0,0.0,0.0,0.0,1.0,0.0,0.0,0.0,1.0,0
1481903775138368286,596,1481903775135048763,,0,0,46.5184936523,6.56662750244,2.77602830977e-40,1.0,0.0,0.0,0.0,1.0,0.0,0.0,0.0,1.0,0
1481903775335840184,597,1481903775328487911,,0,0,46.518497467,6.56666469574,2.77602830977e-40,1.0,0.0,0.0,0.0,1.0,0.0,0.0,0.0,1.0,0
1481903775489530839,598,1481903775482832679,,0,0,46.5184898376,6.56664419174,2.77602830977e-40,1.0,0.0,0.0,0.0,1.0,0.0,0.0,0.0,1.0,0
1481903775591922612,599,1481903775585642368,,0,0,46.5184783936,6.56663131714,2.77602830977e-40,1.0,0.0,0.0,0.0,1.0,0.0,0.0,0.0,1.0,0
1481903775772606636,600,1481903775768285449,,0,0,46.5184707642,6.56667709351,2.77602830977e-40,1.0,0.0,0.0,0.0,1.0,0.0,0.0,0.0,1.0,0
1481903775927571038,601,1481903775925157033,,0,0,46.5184669495,6.56667137146,2.77602830977e-40,1.0,0.0,0.0,0.0,1.0,0.0,0.0,0.0,1.0,0
1481903776092188644,602,1481903776088310216,,0,0,46.5184745789,6.56667232513,2.77602830977e-40,1.0,0.0,0.0,0.0,1.0,0.0,0.0,0.0,1.0,0
1481903776287716120,603,1481903776285234460,,0,0,46.5185012817,6.5666475296,2.77602830977e-40,1.0,0.0,0.0,0.0,1.0,0.0,0.0,0.0,1.0,0
1481903776490698578,604,1481903776488331969,,0,0,46.5185203552,6.56663274765,2.77602830977e-40,1.0,0.0,0.0,0.0,1.0,0.0,0.0,0.0,1.0,0
1481903776708662248,605,1481903776702477211,,0,0,46.518535614,6.56662845612,2.77602830977e-40,1.0,0.0,0.0,0.0,1.0,0.0,0.0,0.0,1.0,0
1481903776902821811,606,1481903776893590740,,0,0,46.5185585022,6.56660509109,2.77602830977e-40,1.0,0.0,0.0,0.0,1.0,0.0,0.0,0.0,1.0,0
1481903777086283797,607,1481903777084025365,,0,0,46.5185394287,6.56660890579,2.77602830977e-40,1.0,0.0,0.0,0.0,1.0,0.0,0.0,0.0,1.0,0
1481903777179526322,608,1481903777176746746,,0,0,46.5185508728,6.56660079956,2.77602830977e-40,1.0,0.0,0.0,0.0,1.0,0.0,0.0,0.0,1.0,0
1481903777286781938,609,1481903777277402795,,0,0,46.5185470581,6.5665769577,2.77602830977e-40,1.0,0.0,0.0,0.0,1.0,0.0,0.0,0.0,1.0,0
1481903777393930470,610,1481903777391510476,,0,0,46.5185470581,6.56659603119,2.77602830977e-40,1.0,0.0,0.0,0.0,1.0,0.0,0.0,0.0,1.0,0
1481903777587917065,611,1481903777585579727,,0,0,46.5185203552,6.56662082672,2.77602830977e-40,1.0,0.0,0.0,0.0,1.0,0.0,0.0,0.0,1.0,0
1481903777694390755,612,1481903777689609413,,0,0,46.5185241699,6.56661939621,2.77602830977e-40,1.0,0.0,0.0,0.0,1.0,0.0,0.0,0.0,1.0,0
1481903777897926076,613,1481903777895639154,,0,0,46.5185050964,6.5666513443,2.77602830977e-40,1.0,0.0,0.0,0.0,1.0,0.0,0.0,0.0,1.0,0
1481903778095628234,614,1481903778089954915,,0,0,46.5185241699,6.56664085388,2.77602830977e-40,1.0,0.0,0.0,0.0,1.0,0.0,0.0,0.0,1.0,0
1481903778195905950,615,1481903778193527362,,0,0,46.5185432434,6.56665802002,2.77602830977e-40,1.0,0.0,0.0,0.0,1.0,0.0,0.0,0.0,1.0,0
1481903778405281829,616,1481903778397624140,,0,0,46.5185813904,6.56665992737,2.77602830977e-40,1.0,0.0,0.0,0.0,1.0,0.0,0.0,0.0,1.0,0
1481903778587832411,617,1481903778581483833,,0,0,46.5185623169,6.56668329239,2.77602830977e-40,1.0,0.0,0.0,0.0,1.0,0.0,0.0,0.0,1.0,0
1481903778749365338,618,1481903778746582272,,0,0,46.5185585022,6.56668376923,2.77602830977e-40,1.0,0.0,0.0,0.0,1.0,0.0,0.0,0.0,1.0,0
1481903778788104511,619,1481903778783845511,,0,0,46.5185394287,6.56668901443,2.77602830977e-40,1.0,0.0,0.0,0.0,1.0,0.0,0.0,0.0,1.0,0
1481903778889752224,620,1481903778884463904,,0,0,46.5185470581,6.56667470932,2.77602830977e-40,1.0,0.0,0.0,0.0,1.0,0.0,0.0,0.0,1.0,0
1481903779001355849,621,1481903778997197266,,0,0,46.5185508728,6.5666217804,2.77602830977e-40,1.0,0.0,0.0,0.0,1.0,0.0,0.0,0.0,1.0,0
1481903779187460797,622,1481903779182856381,,0,0,46.5185470581,6.56661558151,2.77602830977e-40,1.0,0.0,0.0,0.0,1.0,0.0,0.0,0.0,1.0,0
1481903779289305436,623,1481903779283594201,,0,0,46.5185470581,6.56661319733,2.77602830977e-40,1.0,0.0,0.0,0.0,1.0,0.0,0.0,0.0,1.0,0
1481903779524326198,624,1481903779521412612,,0,0,46.5185508728,6.56663227081,2.77602830977e-40,1.0,0.0,0.0,0.0,1.0,0.0,0.0,0.0,1.0,0
1481903779674505351,625,1481903779672125253,,0,0,46.5185317993,6.56665420532,2.77602830977e-40,1.0,0.0,0.0,0.0,1.0,0.0,0.0,0.0,1.0,0
1481903779879968740,626,1481903779877318799,,0,0,46.5185203552,6.5666680336,2.77602830977e-40,1.0,0.0,0.0,0.0,1.0,0.0,0.0,0.0,1.0,0
1481903780073964554,627,1481903780069552273,,0,0,46.5185165405,6.56664228439,2.77602830977e-40,1.0,0.0,0.0,0.0,1.0,0.0,0.0,0.0,1.0,0
1481903780205401254,628,1481903780200325902,,0,0,46.5185241699,6.56668138504,2.77602830977e-40,1.0,0.0,0.0,0.0,1.0,0.0,0.0,0.0,1.0,0
1481903780412775003,629,1481903780407196579,,0,0,46.5185127258,6.56668567657,2.77602830977e-40,1.0,0.0,0.0,0.0,1.0,0.0,0.0,0.0,1.0,0
1481903780616656468,630,1481903780609465705,,0,0,46.5185050964,6.56665420532,2.77602830977e-40,1.0,0.0,0.0,0.0,1.0,0.0,0.0,0.0,1.0,0
1481903780798295594,631,1481903780792756285,,0,0,46.5185089111,6.56664943695,2.77602830977e-40,1.0,0.0,0.0,0.0,1.0,0.0,0.0,0.0,1.0,0
1481903781002833621,632,1481903781000035763,,0,0,46.5185012817,6.56662797928,2.77602830977e-40,1.0,0.0,0.0,0.0,1.0,0.0,0.0,0.0,1.0,0
1481903781188105081,633,1481903781184875350,,0,0,46.5185127258,6.56666994095,2.77602830977e-40,1.0,0.0,0.0,0.0,1.0,0.0,0.0,0.0,1.0,0
1481903781278323187,634,1481903781276530640,,0,0,46.5185203552,6.56664562225,2.77602830977e-40,1.0,0.0,0.0,0.0,1.0,0.0,0.0,0.0,1.0,0
1481903781396086589,635,1481903781391246184,,0,0,46.5185241699,6.56664180756,2.77602830977e-40,1.0,0.0,0.0,0.0,1.0,0.0,0.0,0.0,1.0,0
1481903781590869796,636,1481903781587143764,,0,0,46.518535614,6.56663513184,2.77602830977e-40,1.0,0.0,0.0,0.0,1.0,0.0,0.0,0.0,1.0,0
1481903781691186523,637,1481903781687112470,,0,0,46.5185203552,6.56665611267,2.77602830977e-40,1.0,0.0,0.0,0.0,1.0,0.0,0.0,0.0,1.0,0
1481903781903949581,638,1481903781899588498,,0,0,46.5185241699,6.56664991379,2.77602830977e-40,1.0,0.0,0.0,0.0,1.0,0.0,0.0,0.0,1.0,0
1481903782096653731,639,1481903782093825561,,0,0,46.5185050964,6.5666384697,2.77602830977e-40,1.0,0.0,0.0,0.0,1.0,0.0,0.0,0.0,1.0,0
1481903782299932438,640,1481903782297236455,,0,0,46.5184783936,6.56665849686,2.77602830977e-40,1.0,0.0,0.0,0.0,1.0,0.0,0.0,0.0,1.0,0
1481903782494777051,641,1481903782492263620,,0,0,46.5184631348,6.56667804718,2.77602830977e-40,1.0,0.0,0.0,0.0,1.0,0.0,0.0,0.0,1.0,0
1481903782679159347,642,1481903782676686801,,0,0,46.5184822083,6.56667423248,2.77602830977e-40,1.0,0.0,0.0,0.0,1.0,0.0,0.0,0.0,1.0,0
1481903782783912677,643,1481903782781635964,,0,0,46.5184898376,6.56666898727,2.77602830977e-40,1.0,0.0,0.0,0.0,1.0,0.0,0.0,0.0,1.0,0
1481903782898059473,644,1481903782895755937,,0,0,46.5184822083,6.56665658951,2.77602830977e-40,1.0,0.0,0.0,0.0,1.0,0.0,0.0,0.0,1.0,0
1481903783095333091,645,1481903783091258257,,0,0,46.5184822083,6.56664180756,2.77602830977e-40,1.0,0.0,0.0,0.0,1.0,0.0,0.0,0.0,1.0,0
1481903783187139787,646,1481903783184272658,,0,0,46.5184707642,6.56663703918,2.77602830977e-40,1.0,0.0,0.0,0.0,1.0,0.0,0.0,0.0,1.0,0
1481903783289516925,647,1481903783287037348,,0,0,46.5184745789,6.56663370132,2.77602830977e-40,1.0,0.0,0.0,0.0,1.0,0.0,0.0,0.0,1.0,0
1481903783393360673,648,1481903783390646982,,0,0,46.5184745789,6.566634655,2.77602830977e-40,1.0,0.0,0.0,0.0,1.0,0.0,0.0,0.0,1.0,0
1481903783499558271,649,1481903783497065256,,0,0,46.5184860229,6.56666707993,2.77602830977e-40,1.0,0.0,0.0,0.0,1.0,0.0,0.0,0.0,1.0,0
1481903783691007893,650,1481903783688727586,,0,0,46.5184860229,6.56667947769,2.77602830977e-40,1.0,0.0,0.0,0.0,1.0,0.0,0.0,0.0,1.0,0
1481903783791114828,651,1481903783788410981,,0,0,46.5184822083,6.56667280197,2.77602830977e-40,1.0,0.0,0.0,0.0,1.0,0.0,0.0,0.0,1.0,0
1481903783892965249,652,1481903783890496349,,0,0,46.5184936523,6.56666755676,2.77602830977e-40,1.0,0.0,0.0,0.0,1.0,0.0,0.0,0.0,1.0,0
1481903783983997988,653,1481903783980069352,,0,0,46.5184860229,6.56667089462,2.77602830977e-40,1.0,0.0,0.0,0.0,1.0,0.0,0.0,0.0,1.0,0
1481903784075691663,654,1481903784072694900,,0,0,46.5184936523,6.56667613983,2.77602830977e-40,1.0,0.0,0.0,0.0,1.0,0.0,0.0,0.0,1.0,0
1481903784179661558,655,1481903784176984794,,0,0,46.5184745789,6.56668043137,2.77602830977e-40,1.0,0.0,0.0,0.0,1.0,0.0,0.0,0.0,1.0,0
1481903784292089348,656,1481903784289679666,,0,0,46.5184669495,6.56667661667,2.77602830977e-40,1.0,0.0,0.0,0.0,1.0,0.0,0.0,0.0,1.0,0
1481903784490735983,657,1481903784487798230,,0,0,46.5184860229,6.56666374207,2.77602830977e-40,1.0,0.0,0.0,0.0,1.0,0.0,0.0,0.0,1.0,0
1481903784592783642,658,1481903784588143758,,0,0,46.5184936523,6.56665468216,2.77602830977e-40,1.0,0.0,0.0,0.0,1.0,0.0,0.0,0.0,1.0,0
1481903784704197737,659,1481903784699708790,,0,0,46.5184745789,6.56666898727,2.77602830977e-40,1.0,0.0,0.0,0.0,1.0,0.0,0.0,0.0,1.0,0
1481903784900362139,660,1481903784896131264,,0,0,46.5184783936,6.56666707993,2.77602830977e-40,1.0,0.0,0.0,0.0,1.0,0.0,0.0,0.0,1.0,0
1481903785099418565,661,1481903785095908625,,0,0,46.5184822083,6.56666135788,2.77602830977e-40,1.0,0.0,0.0,0.0,1.0,0.0,0.0,0.0,1.0,0
1481903785301365452,662,1481903785299131968,,0,0,46.5184860229,6.566655159,2.77602830977e-40,1.0,0.0,0.0,0.0,1.0,0.0,0.0,0.0,1.0,0
1481903785493042677,663,1481903785490764350,,0,0,46.518497467,6.56665229797,2.77602830977e-40,1.0,0.0,0.0,0.0,1.0,0.0,0.0,0.0,1.0,0
1481903785720222366,664,1481903785717329196,,0,0,46.5185089111,6.56664562225,2.77602830977e-40,1.0,0.0,0.0,0.0,1.0,0.0,0.0,0.0,1.0,0
1481903785907761633,665,1481903785905176223,,0,0,46.518497467,6.56664466858,2.77602830977e-40,1.0,0.0,0.0,0.0,1.0,0.0,0.0,0.0,1.0,0
1481903786101312708,666,1481903786098798860,,0,0,46.5184936523,6.56665420532,2.77602830977e-40,1.0,0.0,0.0,0.0,1.0,0.0,0.0,0.0,1.0,0
1481903786307573699,667,1481903786304134385,,0,0,46.518497467,6.56665325165,2.77602830977e-40,1.0,0.0,0.0,0.0,1.0,0.0,0.0,0.0,1.0,0
1481903786509762513,668,1481903786507436946,,0,0,46.5185012817,6.56664133072,2.77602830977e-40,1.0,0.0,0.0,0.0,1.0,0.0,0.0,0.0,1.0,0
1481903786704598168,669,1481903786702213122,,0,0,46.5185165405,6.56664228439,2.77602830977e-40,1.0,0.0,0.0,0.0,1.0,0.0,0.0,0.0,1.0,0
1481903786899183251,670,1481903786896718674,,0,0,46.5185279846,6.56663656235,2.77602830977e-40,1.0,0.0,0.0,0.0,1.0,0.0,0.0,0.0,1.0,0
1481903787103119508,671,1481903787100575139,,0,0,46.518535614,6.566614151,2.77602830977e-40,1.0,0.0,0.0,0.0,1.0,0.0,0.0,0.0,1.0,0
1481903787304341866,672,1481903787301330832,,0,0,46.5185203552,6.56662559509,2.77602830977e-40,1.0,0.0,0.0,0.0,1.0,0.0,0.0,0.0,1.0,0
1481903787511662021,673,1481903787507839791,,0,0,46.5185089111,6.56663990021,2.77602830977e-40,1.0,0.0,0.0,0.0,1.0,0.0,0.0,0.0,1.0,0
1481903787702556175,674,1481903787700001599,,0,0,46.5185050964,6.56665468216,2.77602830977e-40,1.0,0.0,0.0,0.0,1.0,0.0,0.0,0.0,1.0,0
1481903787911154244,675,1481903787908673990,,0,0,46.518497467,6.566655159,2.77602830977e-40,1.0,0.0,0.0,0.0,1.0,0.0,0.0,0.0,1.0,0
1481903788086675104,676,1481903788083775476,,0,0,46.5184745789,6.56667327881,2.77602830977e-40,1.0,0.0,0.0,0.0,1.0,0.0,0.0,0.0,1.0,0
1481903788179636953,677,1481903788177009929,,0,0,46.5184631348,6.5666847229,2.77602830977e-40,1.0,0.0,0.0,0.0,1.0,0.0,0.0,0.0,1.0,0
1481903788283113307,678,1481903788280674980,,0,0,46.5184631348,6.56668138504,2.77602830977e-40,1.0,0.0,0.0,0.0,1.0,0.0,0.0,0.0,1.0,0
1481903788386469557,679,1481903788384173730,,0,0,46.5184669495,6.56667470932,2.77602830977e-40,1.0,0.0,0.0,0.0,1.0,0.0,0.0,0.0,1.0,0
1481903788488680342,680,1481903788485752328,,0,0,46.5184745789,6.5666680336,2.77602830977e-40,1.0,0.0,0.0,0.0,1.0,0.0,0.0,0.0,1.0,0
1481903788593173308,681,1481903788590182378,,0,0,46.5184783936,6.56665897369,2.77602830977e-40,1.0,0.0,0.0,0.0,1.0,0.0,0.0,0.0,1.0,0
1481903788695803674,682,1481903788691594414,,0,0,46.518497467,6.56664419174,2.77602830977e-40,1.0,0.0,0.0,0.0,1.0,0.0,0.0,0.0,1.0,0
1481903788848925580,683,1481903788845168194,,0,0,46.518497467,6.56663894653,2.77602830977e-40,1.0,0.0,0.0,0.0,1.0,0.0,0.0,0.0,1.0,0
1481903788904902366,684,1481903788902101488,,0,0,46.5185127258,6.56662464142,2.77602830977e-40,1.0,0.0,0.0,0.0,1.0,0.0,0.0,0.0,1.0,0
1481903789097523496,685,1481903789094887721,,0,0,46.5185012817,6.5666270256,2.77602830977e-40,1.0,0.0,0.0,0.0,1.0,0.0,0.0,0.0,1.0,0
1481903789302817666,686,1481903789296500651,,0,0,46.5184783936,6.56665706635,2.77602830977e-40,1.0,0.0,0.0,0.0,1.0,0.0,0.0,0.0,1.0,0
1481903789505950540,687,1481903789501036646,,0,0,46.5184822083,6.56665849686,2.77602830977e-40,1.0,0.0,0.0,0.0,1.0,0.0,0.0,0.0,1.0,0
1481903789713051216,688,1481903789710825128,,0,0,46.5184631348,6.56667470932,2.77602830977e-40,1.0,0.0,0.0,0.0,1.0,0.0,0.0,0.0,1.0,0
1481903789805381713,689,1481903789798910792,,0,0,46.5184593201,6.5666809082,2.77602830977e-40,1.0,0.0,0.0,0.0,1.0,0.0,0.0,0.0,1.0,0
1481903789999533672,690,1481903789997135293,,0,0,46.5184822083,6.566655159,2.77602830977e-40,1.0,0.0,0.0,0.0,1.0,0.0,0.0,0.0,1.0,0
1481903790194498233,691,1481903790189447673,,0,0,46.5184936523,6.56664562225,2.77602830977e-40,1.0,0.0,0.0,0.0,1.0,0.0,0.0,0.0,1.0,0
1481903790391173519,692,1481903790386056397,,0,0,46.5184745789,6.56666946411,2.77602830977e-40,1.0,0.0,0.0,0.0,1.0,0.0,0.0,0.0,1.0,0
1481903790490536029,693,1481903790486243905,,0,0,46.5184822083,6.56666564941,2.77602830977e-40,1.0,0.0,0.0,0.0,1.0,0.0,0.0,0.0,1.0,0
1481903790592835511,694,1481903790588499793,,0,0,46.5184860229,6.56666612625,2.77602830977e-40,1.0,0.0,0.0,0.0,1.0,0.0,0.0,0.0,1.0,0
1481903790803589720,695,1481903790799955406,,0,0,46.5184860229,6.5666642189,2.77602830977e-40,1.0,0.0,0.0,0.0,1.0,0.0,0.0,0.0,1.0,0
1481903790987783319,696,1481903790983677339,,0,0,46.5184822083,6.56665992737,2.77602830977e-40,1.0,0.0,0.0,0.0,1.0,0.0,0.0,0.0,1.0,0
1481903791100152515,697,1481903791097175908,,0,0,46.5184822083,6.56666469574,2.77602830977e-40,1.0,0.0,0.0,0.0,1.0,0.0,0.0,0.0,1.0,0
1481903791294099474,698,1481903791290866305,,0,0,46.5184860229,6.56666326523,2.77602830977e-40,1.0,0.0,0.0,0.0,1.0,0.0,0.0,0.0,1.0,0
1481903791500028643,699,1481903791497541566,,0,0,46.5184783936,6.56666374207,2.77602830977e-40,1.0,0.0,0.0,0.0,1.0,0.0,0.0,0.0,1.0,0
1481903791698806424,700,1481903791695635807,,0,0,46.5184745789,6.56666755676,2.77602830977e-40,1.0,0.0,0.0,0.0,1.0,0.0,0.0,0.0,1.0,0
1481903791889054122,701,1481903791884137832,,0,0,46.5184745789,6.56666517258,2.77602830977e-40,1.0,0.0,0.0,0.0,1.0,0.0,0.0,0.0,1.0,0
1481903792106766438,702,1481903792098932760,,0,0,46.5184631348,6.56666946411,2.77602830977e-40,1.0,0.0,0.0,0.0,1.0,0.0,0.0,0.0,1.0,0
1481903792293393572,703,1481903792290190768,,0,0,46.5184631348,6.56667089462,2.77602830977e-40,1.0,0.0,0.0,0.0,1.0,0.0,0.0,0.0,1.0,0
1481903792388414271,704,1481903792383242461,,0,0,46.5184593201,6.56667423248,2.77602830977e-40,1.0,0.0,0.0,0.0,1.0,0.0,0.0,0.0,1.0,0
1481903792509085165,705,1481903792503542158,,0,0,46.5184593201,6.56667661667,2.77602830977e-40,1.0,0.0,0.0,0.0,1.0,0.0,0.0,0.0,1.0,0
1481903792691291633,706,1481903792685572897,,0,0,46.5184516907,6.56668281555,2.77602830977e-40,1.0,0.0,0.0,0.0,1.0,0.0,0.0,0.0,1.0,0
1481903792792331014,707,1481903792787411078,,0,0,46.5184516907,6.56668424606,2.77602830977e-40,1.0,0.0,0.0,0.0,1.0,0.0,0.0,0.0,1.0,0
1481903792891756336,708,1481903792888627855,,0,0,46.518447876,6.56668710709,2.77602830977e-40,1.0,0.0,0.0,0.0,1.0,0.0,0.0,0.0,1.0,0
1481903793091033595,709,1481903793086688710,,0,0,46.5184402466,6.56669139862,2.77602830977e-40,1.0,0.0,0.0,0.0,1.0,0.0,0.0,0.0,1.0,0
1481903793202444252,710,1481903793199419989,,0,0,46.518447876,6.56668663025,2.77602830977e-40,1.0,0.0,0.0,0.0,1.0,0.0,0.0,0.0,1.0,0
1481903793388149461,711,1481903793385290406,,0,0,46.5184555054,6.56668281555,2.77602830977e-40,1.0,0.0,0.0,0.0,1.0,0.0,0.0,0.0,1.0,0
1481903793500530220,712,1481903793497616790,,0,0,46.5184593201,6.56668186188,2.77602830977e-40,1.0,0.0,0.0,0.0,1.0,0.0,0.0,0.0,1.0,0
1481903793684099133,713,1481903793679798779,,0,0,46.5184555054,6.56668519974,2.77602830977e-40,1.0,0.0,0.0,0.0,1.0,0.0,0.0,0.0,1.0,0
1481903793786424500,714,1481903793782182271,,0,0,46.5184555054,6.56668233871,2.77602830977e-40,1.0,0.0,0.0,0.0,1.0,0.0,0.0,0.0,1.0,0
