%time,field.header.seq,field.header.stamp,field.header.frame_id,field.status.status,field.status.service,field.latitude,field.longitude,field.altitude,field.position_covariance0,field.position_covariance1,field.position_covariance2,field.position_covariance3,field.position_covariance4,field.position_covariance5,field.position_covariance6,field.position_covariance7,field.position_covariance8,field.position_covariance_type
1480335706904221729,67,1480335706900004009,,0,0,46.5185050964,6.56654500961,2.77602830977e-40,1.0,0.0,0.0,0.0,1.0,0.0,0.0,0.0,1.0,0
1480335707099394852,68,1480335707095858428,,0,0,46.5185050964,6.56654405594,2.77602830977e-40,1.0,0.0,0.0,0.0,1.0,0.0,0.0,0.0,1.0,0
1480335707309404812,69,1480335707301218640,,0,0,46.5185050964,6.5665435791,2.77602830977e-40,1.0,0.0,0.0,0.0,1.0,0.0,0.0,0.0,1.0,0
1480335707499209966,70,1480335707495403856,,0,0,46.5185050964,6.56654262543,2.77602830977e-40,1.0,0.0,0.0,0.0,1.0,0.0,0.0,0.0,1.0,0
1480335707704183359,71,1480335707701725779,,0,0,46.518497467,6.56653785706,2.77602830977e-40,1.0,0.0,0.0,0.0,1.0,0.0,0.0,0.0,1.0,0
1480335707899327732,72,1480335707897042077,,0,0,46.518497467,6.56653404236,2.77602830977e-40,1.0,0.0,0.0,0.0,1.0,0.0,0.0,0.0,1.0,0
1480335708103650768,73,1480335708101274384,,0,0,46.5185012817,6.5665345192,2.77602830977e-40,1.0,0.0,0.0,0.0,1.0,0.0,0.0,0.0,1.0,0
1480335708300447417,74,1480335708297986815,,0,0,46.5185012817,6.5665345192,2.77602830977e-40,1.0,0.0,0.0,0.0,1.0,0.0,0.0,0.0,1.0,0
1480335708508218752,75,1480335708502936303,,0,0,46.518497467,6.56653022766,2.77602830977e-40,1.0,0.0,0.0,0.0,1.0,0.0,0.0,0.0,1.0,0
1480335708711798617,76,1480335708706090495,,0,0,46.518497467,6.5665268898,2.77602830977e-40,1.0,0.0,0.0,0.0,1.0,0.0,0.0,0.0,1.0,0
1480335708903143183,77,1480335708900210660,,0,0,46.5185012817,6.56652784348,2.77602830977e-40,1.0,0.0,0.0,0.0,1.0,0.0,0.0,0.0,1.0,0
1480335709097099391,78,1480335709094893006,,0,0,46.518497467,6.56652402878,2.77602830977e-40,1.0,0.0,0.0,0.0,1.0,0.0,0.0,0.0,1.0,0
1480335709304506303,79,1480335709302324605,,0,0,46.5184936523,6.56652212143,2.77602830977e-40,1.0,0.0,0.0,0.0,1.0,0.0,0.0,0.0,1.0,0
1480335709500502804,80,1480335709497514134,,0,0,46.518497467,6.56652259827,2.77602830977e-40,1.0,0.0,0.0,0.0,1.0,0.0,0.0,0.0,1.0,0
1480335709704994952,81,1480335709702417581,,0,0,46.518497467,6.56652212143,2.77602830977e-40,1.0,0.0,0.0,0.0,1.0,0.0,0.0,0.0,1.0,0
1480335709912510352,82,1480335709907454151,,0,0,46.5184936523,6.56651973724,2.77602830977e-40,1.0,0.0,0.0,0.0,1.0,0.0,0.0,0.0,1.0,0
1480335710108252480,83,1480335710104959543,,0,0,46.5185050964,6.56651830673,2.77602830977e-40,1.0,0.0,0.0,0.0,1.0,0.0,0.0,0.0,1.0,0
1480335710294220952,84,1480335710290646716,,0,0,46.5185050964,6.5665178299,2.77602830977e-40,1.0,0.0,0.0,0.0,1.0,0.0,0.0,0.0,1.0,0
1480335710396035754,85,1480335710393830463,,0,0,46.5185050964,6.56651735306,2.77602830977e-40,1.0,0.0,0.0,0.0,1.0,0.0,0.0,0.0,1.0,0
1480335710499559186,86,1480335710496582183,,0,0,46.5185050964,6.56651687622,2.77602830977e-40,1.0,0.0,0.0,0.0,1.0,0.0,0.0,0.0,1.0,0
1480335710708839986,87,1480335710702635931,,0,0,46.5185050964,6.56651687622,2.77602830977e-40,1.0,0.0,0.0,0.0,1.0,0.0,0.0,0.0,1.0,0
1480335710901561049,88,1480335710897502911,,0,0,46.5185050964,6.56651687622,2.77602830977e-40,1.0,0.0,0.0,0.0,1.0,0.0,0.0,0.0,1.0,0
1480335711099904194,89,1480335711091830469,,0,0,46.5185050964,6.56651639938,2.77602830977e-40,1.0,0.0,0.0,0.0,1.0,0.0,0.0,0.0,1.0,0
1480335711297686875,90,1480335711293999619,,0,0,46.5185050964,6.56651592255,2.77602830977e-40,1.0,0.0,0.0,0.0,1.0,0.0,0.0,0.0,1.0,0
1480335711501269449,91,1480335711497824482,,0,0,46.5185050964,6.56651592255,2.77602830977e-40,1.0,0.0,0.0,0.0,1.0,0.0,0.0,0.0,1.0,0
1480335711695659402,92,1480335711692211415,,0,0,46.5185050964,6.56651544571,2.77602830977e-40,1.0,0.0,0.0,0.0,1.0,0.0,0.0,0.0,1.0,0
1480335711799082574,93,1480335711795552035,,0,0,46.5185050964,6.56651544571,2.77602830977e-40,1.0,0.0,0.0,0.0,1.0,0.0,0.0,0.0,1.0,0
1480335712020972368,94,1480335712017326517,,0,0,46.5185050964,6.56651544571,2.77602830977e-40,1.0,0.0,0.0,0.0,1.0,0.0,0.0,0.0,1.0,0
1480335712206427095,95,1480335712200563141,,0,0,46.5185050964,6.56651496887,2.77602830977e-40,1.0,0.0,0.0,0.0,1.0,0.0,0.0,0.0,1.0,0
1480335712409103427,96,1480335712405589815,,0,0,46.5185050964,6.56651496887,2.77602830977e-40,1.0,0.0,0.0,0.0,1.0,0.0,0.0,0.0,1.0,0
1480335712600850541,97,1480335712598573063,,0,0,46.5185050964,6.56651496887,2.77602830977e-40,1.0,0.0,0.0,0.0,1.0,0.0,0.0,0.0,1.0,0
1480335712816860704,98,1480335712814157605,,0,0,46.5185050964,6.56651449203,2.77602830977e-40,1.0,0.0,0.0,0.0,1.0,0.0,0.0,0.0,1.0,0
1480335713000396282,99,1480335712997985785,,0,0,46.5185050964,6.56651449203,2.77602830977e-40,1.0,0.0,0.0,0.0,1.0,0.0,0.0,0.0,1.0,0
1480335713205604934,100,1480335713202516214,,0,0,46.5185050964,6.56651449203,2.77602830977e-40,1.0,0.0,0.0,0.0,1.0,0.0,0.0,0.0,1.0,0
1480335713399797077,101,1480335713397066270,,0,0,46.5185050964,6.56651449203,2.77602830977e-40,1.0,0.0,0.0,0.0,1.0,0.0,0.0,0.0,1.0,0
1480335713603243662,102,1480335713600770665,,0,0,46.5185012817,6.56651353836,2.77602830977e-40,1.0,0.0,0.0,0.0,1.0,0.0,0.0,0.0,1.0,0
1480335713806036452,103,1480335713802308519,,0,0,46.5185012817,6.56651353836,2.77602830977e-40,1.0,0.0,0.0,0.0,1.0,0.0,0.0,0.0,1.0,0
1480335714005550366,104,1480335714002160659,,0,0,46.5185050964,6.5665140152,2.77602830977e-40,1.0,0.0,0.0,0.0,1.0,0.0,0.0,0.0,1.0,0
1480335714220183927,105,1480335714218305091,,0,0,46.5185050964,6.5665140152,2.77602830977e-40,1.0,0.0,0.0,0.0,1.0,0.0,0.0,0.0,1.0,0
1480335714384988124,106,1480335714382013048,,0,0,46.5185050964,6.5665140152,2.77602830977e-40,1.0,0.0,0.0,0.0,1.0,0.0,0.0,0.0,1.0,0
1480335714486172307,107,1480335714482649945,,0,0,46.5185050964,6.56651449203,2.77602830977e-40,1.0,0.0,0.0,0.0,1.0,0.0,0.0,0.0,1.0,0
1480335714586104783,108,1480335714583954648,,0,0,46.5185050964,6.56651496887,2.77602830977e-40,1.0,0.0,0.0,0.0,1.0,0.0,0.0,0.0,1.0,0
1480335714688871399,109,1480335714685925751,,0,0,46.5185050964,6.56651496887,2.77602830977e-40,1.0,0.0,0.0,0.0,1.0,0.0,0.0,0.0,1.0,0
1480335714812577449,110,1480335714807284063,,0,0,46.5185050964,6.56651496887,2.77602830977e-40,1.0,0.0,0.0,0.0,1.0,0.0,0.0,0.0,1.0,0
1480335714983613252,111,1480335714980939737,,0,0,46.5185050964,6.56651449203,2.77602830977e-40,1.0,0.0,0.0,0.0,1.0,0.0,0.0,0.0,1.0,0
1480335715085671959,112,1480335715083049796,,0,0,46.5185050964,6.56651353836,2.77602830977e-40,1.0,0.0,0.0,0.0,1.0,0.0,0.0,0.0,1.0,0
1480335715199287064,113,1480335715197139220,,0,0,46.5184936523,6.56651163101,2.77602830977e-40,1.0,0.0,0.0,0.0,1.0,0.0,0.0,0.0,1.0,0
1480335715414348381,114,1480335715412568138,,0,0,46.5185050964,6.56650829315,2.77602830977e-40,1.0,0.0,0.0,0.0,1.0,0.0,0.0,0.0,1.0,0
1480335715599368164,115,1480335715595718981,,0,0,46.5184936523,6.56650495529,2.77602830977e-40,1.0,0.0,0.0,0.0,1.0,0.0,0.0,0.0,1.0,0
1480335715802813239,116,1480335715800670239,,0,0,46.5185050964,6.56650066376,2.77602830977e-40,1.0,0.0,0.0,0.0,1.0,0.0,0.0,0.0,1.0,0
1480335715997596574,117,1480335715994558375,,0,0,46.5185050964,6.56649780273,2.77602830977e-40,1.0,0.0,0.0,0.0,1.0,0.0,0.0,0.0,1.0,0
1480335716207626482,118,1480335716199224063,,0,0,46.5185050964,6.56649112701,2.77602830977e-40,1.0,0.0,0.0,0.0,1.0,0.0,0.0,0.0,1.0,0
1480335716410459792,119,1480335716403843657,,0,0,46.5185050964,6.56648349762,2.77602830977e-40,1.0,0.0,0.0,0.0,1.0,0.0,0.0,0.0,1.0,0
1480335716649613898,120,1480335716647510533,,0,0,46.5185050964,6.56647634506,2.77602830977e-40,1.0,0.0,0.0,0.0,1.0,0.0,0.0,0.0,1.0,0
1480335716954171907,121,1480335716952105937,,0,0,46.5185050964,6.56646871567,2.77602830977e-40,1.0,0.0,0.0,0.0,1.0,0.0,0.0,0.0,1.0,0
1480335717279731641,122,1480335717277670306,,0,0,46.5185050964,6.56645011902,2.77602830977e-40,1.0,0.0,0.0,0.0,1.0,0.0,0.0,0.0,1.0,0
1480335717648474553,123,1480335717645394010,,0,0,46.5185089111,6.56643438339,2.77602830977e-40,1.0,0.0,0.0,0.0,1.0,0.0,0.0,0.0,1.0,0
1480335718100015784,124,1480335718098169499,,0,0,46.5184860229,6.56640625,2.77602830977e-40,1.0,0.0,0.0,0.0,1.0,0.0,0.0,0.0,1.0,0
1480335718509656636,125,1480335718506445990,,0,0,46.5185012817,6.56638860703,2.77602830977e-40,1.0,0.0,0.0,0.0,1.0,0.0,0.0,0.0,1.0,0
1480335718913604054,126,1480335718912182869,,0,0,46.5185012817,6.56636810303,2.77602830977e-40,1.0,0.0,0.0,0.0,1.0,0.0,0.0,0.0,1.0,0
1480335719176249445,127,1480335719174053111,,0,0,46.518497467,6.56634426117,2.77602830977e-40,1.0,0.0,0.0,0.0,1.0,0.0,0.0,0.0,1.0,0
1480335719410640836,128,1480335719408945384,,0,0,46.5184898376,6.56633090973,2.77602830977e-40,1.0,0.0,0.0,0.0,1.0,0.0,0.0,0.0,1.0,0
1480335719713543601,129,1480335719710820814,,0,0,46.5184898376,6.56631231308,2.77602830977e-40,1.0,0.0,0.0,0.0,1.0,0.0,0.0,0.0,1.0,0
1480335719804054241,130,1480335719801162289,,0,0,46.5184860229,6.5662984848,2.77602830977e-40,1.0,0.0,0.0,0.0,1.0,0.0,0.0,0.0,1.0,0
1480335719992744353,131,1480335719985136353,,0,0,46.5184898376,6.56628513336,2.77602830977e-40,1.0,0.0,0.0,0.0,1.0,0.0,0.0,0.0,1.0,0
1480335720099528535,132,1480335720090153781,,0,0,46.5184898376,6.5662779808,2.77602830977e-40,1.0,0.0,0.0,0.0,1.0,0.0,0.0,0.0,1.0,0
1480335720202881030,133,1480335720200814175,,0,0,46.5184898376,6.56627082825,2.77602830977e-40,1.0,0.0,0.0,0.0,1.0,0.0,0.0,0.0,1.0,0
1480335720435920716,134,1480335720433794018,,0,0,46.5184898376,6.56625652313,2.77602830977e-40,1.0,0.0,0.0,0.0,1.0,0.0,0.0,0.0,1.0,0
1480335720642575448,135,1480335720639090013,,0,0,46.5184936523,6.56624174118,2.77602830977e-40,1.0,0.0,0.0,0.0,1.0,0.0,0.0,0.0,1.0,0
1480335720913908359,136,1480335720911270572,,0,0,46.5184936523,6.56622695923,2.77602830977e-40,1.0,0.0,0.0,0.0,1.0,0.0,0.0,0.0,1.0,0
1480335721148002827,137,1480335721145788682,,0,0,46.518497467,6.56620502472,2.77602830977e-40,1.0,0.0,0.0,0.0,1.0,0.0,0.0,0.0,1.0,0
1480335721290310573,138,1480335721286842377,,0,0,46.518497467,6.56618976593,2.77602830977e-40,1.0,0.0,0.0,0.0,1.0,0.0,0.0,0.0,1.0,0
1480335721494804284,139,1480335721491247495,,0,0,46.518497467,6.56617450714,2.77602830977e-40,1.0,0.0,0.0,0.0,1.0,0.0,0.0,0.0,1.0,0
1480335721607788249,140,1480335721603754798,,0,0,46.518497467,6.56616735458,2.77602830977e-40,1.0,0.0,0.0,0.0,1.0,0.0,0.0,0.0,1.0,0
1480335721818956219,141,1480335721816104111,,0,0,46.5184936523,6.56615304947,2.77602830977e-40,1.0,0.0,0.0,0.0,1.0,0.0,0.0,0.0,1.0,0
1480335722001187747,142,1480335721997650177,,0,0,46.5184860229,6.5661406517,2.77602830977e-40,1.0,0.0,0.0,0.0,1.0,0.0,0.0,0.0,1.0,0
1480335722201265563,143,1480335722198911731,,0,0,46.5184822083,6.56613016129,2.77602830977e-40,1.0,0.0,0.0,0.0,1.0,0.0,0.0,0.0,1.0,0
1480335722498405049,144,1480335722495281590,,0,0,46.5184707642,6.56612300873,2.77602830977e-40,1.0,0.0,0.0,0.0,1.0,0.0,0.0,0.0,1.0,0
1480335722673911226,145,1480335722669167574,,0,0,46.5184631348,6.56611824036,2.77602830977e-40,1.0,0.0,0.0,0.0,1.0,0.0,0.0,0.0,1.0,0
1480335722909355629,146,1480335722905878110,,0,0,46.5184516907,6.56611633301,2.77602830977e-40,1.0,0.0,0.0,0.0,1.0,0.0,0.0,0.0,1.0,0
1480335723190154543,147,1480335723184697147,,0,0,46.5184364319,6.56611776352,2.77602830977e-40,1.0,0.0,0.0,0.0,1.0,0.0,0.0,0.0,1.0,0
1480335723381377444,148,1480335723378973665,,0,0,46.5184249878,6.56612062454,2.77602830977e-40,1.0,0.0,0.0,0.0,1.0,0.0,0.0,0.0,1.0,0
1480335723709519965,149,1480335723706587493,,0,0,46.5184135437,6.5661239624,2.77602830977e-40,1.0,0.0,0.0,0.0,1.0,0.0,0.0,0.0,1.0,0
1480335724106090422,150,1480335724102338427,,0,0,46.5183944702,6.56613111496,2.77602830977e-40,1.0,0.0,0.0,0.0,1.0,0.0,0.0,0.0,1.0,0
1480335724439222635,151,1480335724437531766,,0,0,46.5183753967,6.56614112854,2.77602830977e-40,1.0,0.0,0.0,0.0,1.0,0.0,0.0,0.0,1.0,0
1480335724781032786,152,1480335724779574883,,0,0,46.5183639526,6.56615257263,2.77602830977e-40,1.0,0.0,0.0,0.0,1.0,0.0,0.0,0.0,1.0,0
1480335724947388269,153,1480335724943941688,,0,0,46.5183525085,6.56616735458,2.77602830977e-40,1.0,0.0,0.0,0.0,1.0,0.0,0.0,0.0,1.0,0
1480335725150646992,154,1480335725148105766,,0,0,46.5183486938,6.56617832184,2.77602830977e-40,1.0,0.0,0.0,0.0,1.0,0.0,0.0,0.0,1.0,0
1480335725407075828,155,1480335725403496644,,0,0,46.5183448792,6.5661907196,2.77602830977e-40,1.0,0.0,0.0,0.0,1.0,0.0,0.0,0.0,1.0,0
1480335725631394608,156,1480335725628334429,,0,0,46.5183410645,6.56621026993,2.77602830977e-40,1.0,0.0,0.0,0.0,1.0,0.0,0.0,0.0,1.0,0
1480335725846650455,157,1480335725843953554,,0,0,46.5183410645,6.56622314453,2.77602830977e-40,1.0,0.0,0.0,0.0,1.0,0.0,0.0,0.0,1.0,0
1480335725997695565,158,1480335725995576367,,0,0,46.5183410645,6.56623601913,2.77602830977e-40,1.0,0.0,0.0,0.0,1.0,0.0,0.0,0.0,1.0,0
1480335726252705665,159,1480335726249912983,,0,0,46.5183410645,6.56624889374,2.77602830977e-40,1.0,0.0,0.0,0.0,1.0,0.0,0.0,0.0,1.0,0
1480335726435002193,160,1480335726433125336,,0,0,46.5183448792,6.56626081467,2.77602830977e-40,1.0,0.0,0.0,0.0,1.0,0.0,0.0,0.0,1.0,0
1480335726670559928,161,1480335726668519010,,0,0,46.5183486938,6.5662727356,2.77602830977e-40,1.0,0.0,0.0,0.0,1.0,0.0,0.0,0.0,1.0,0
1480335726801414399,162,1480335726798691352,,0,0,46.5183525085,6.56628370285,2.77602830977e-40,1.0,0.0,0.0,0.0,1.0,0.0,0.0,0.0,1.0,0
1480335727121298510,163,1480335727117805471,,0,0,46.5183563232,6.56629371643,2.77602830977e-40,1.0,0.0,0.0,0.0,1.0,0.0,0.0,0.0,1.0,0
1480335727384861080,164,1480335727382418811,,0,0,46.5183677673,6.56630659103,2.77602830977e-40,1.0,0.0,0.0,0.0,1.0,0.0,0.0,0.0,1.0,0
1480335727631882142,165,1480335727627870982,,0,0,46.5183753967,6.56631374359,2.77602830977e-40,1.0,0.0,0.0,0.0,1.0,0.0,0.0,0.0,1.0,0
1480335728015831939,166,1480335728012109058,,0,0,46.5183868408,6.56632137299,2.77602830977e-40,1.0,0.0,0.0,0.0,1.0,0.0,0.0,0.0,1.0,0
1480335728304818535,167,1480335728303389278,,0,0,46.5182952881,6.56632423401,2.77602830977e-40,1.0,0.0,0.0,0.0,1.0,0.0,0.0,0.0,1.0,0
1480335728659128201,168,1480335728656410414,,0,0,46.5183258057,6.56634283066,2.77602830977e-40,1.0,0.0,0.0,0.0,1.0,0.0,0.0,0.0,1.0,0
1480335729010125346,169,1480335729007040220,,0,0,46.518409729,6.56637763977,2.77602830977e-40,1.0,0.0,0.0,0.0,1.0,0.0,0.0,0.0,1.0,0
1480335729410928419,170,1480335729405600501,,0,0,46.5184669495,6.56650686264,2.77602830977e-40,1.0,0.0,0.0,0.0,1.0,0.0,0.0,0.0,1.0,0
1480335729790380603,171,1480335729787363809,,0,0,46.5184936523,6.56651210785,2.77602830977e-40,1.0,0.0,0.0,0.0,1.0,0.0,0.0,0.0,1.0,0
1480335730150290319,172,1480335730147806489,,0,0,46.5184860229,6.56651353836,2.77602830977e-40,1.0,0.0,0.0,0.0,1.0,0.0,0.0,0.0,1.0,0
1480335730616394118,173,1480335730613065140,,0,0,46.5185050964,6.56650972366,2.77602830977e-40,1.0,0.0,0.0,0.0,1.0,0.0,0.0,0.0,1.0,0
1480335731095911486,174,1480335731093104274,,0,0,46.5185317993,6.56650018692,2.77602830977e-40,1.0,0.0,0.0,0.0,1.0,0.0,0.0,0.0,1.0,0
1480335731471538343,175,1480335731469489873,,0,0,46.5185470581,6.5664806366,2.77602830977e-40,1.0,0.0,0.0,0.0,1.0,0.0,0.0,0.0,1.0,0
1480335731917161141,176,1480335731915424439,,0,0,46.5185585022,6.56645584106,2.77602830977e-40,1.0,0.0,0.0,0.0,1.0,0.0,0.0,0.0,1.0,0
1480335732317434323,177,1480335732315613559,,0,0,46.5185699463,6.56642246246,2.77602830977e-40,1.0,0.0,0.0,0.0,1.0,0.0,0.0,0.0,1.0,0
1480335732807254300,178,1480335732805151195,,0,0,46.5185775757,6.56639671326,2.77602830977e-40,1.0,0.0,0.0,0.0,1.0,0.0,0.0,0.0,1.0,0
1480335733129628075,179,1480335733121290967,,0,0,46.5185890198,6.56636285782,2.77602830977e-40,1.0,0.0,0.0,0.0,1.0,0.0,0.0,0.0,1.0,0
1480335733481389119,180,1480335733472803108,,0,0,46.5185890198,6.56634092331,2.77602830977e-40,1.0,0.0,0.0,0.0,1.0,0.0,0.0,0.0,1.0,0
1480335733724855059,181,1480335733722157168,,0,0,46.5185852051,6.56631851196,2.77602830977e-40,1.0,0.0,0.0,0.0,1.0,0.0,0.0,0.0,1.0,0
1480335734024993267,182,1480335734022777767,,0,0,46.5185775757,6.56629753113,2.77602830977e-40,1.0,0.0,0.0,0.0,1.0,0.0,0.0,0.0,1.0,0
1480335734320493185,183,1480335734318991273,,0,0,46.5185661316,6.56627941132,2.77602830977e-40,1.0,0.0,0.0,0.0,1.0,0.0,0.0,0.0,1.0,0
1480335734711104273,184,1480335734707994980,,0,0,46.5185546875,6.56626367569,2.77602830977e-40,1.0,0.0,0.0,0.0,1.0,0.0,0.0,0.0,1.0,0
1480335735070753470,185,1480335735069041039,,0,0,46.518535614,6.56624650955,2.77602830977e-40,1.0,0.0,0.0,0.0,1.0,0.0,0.0,0.0,1.0,0
1480335735410669889,186,1480335735408151893,,0,0,46.5185241699,6.56623458862,2.77602830977e-40,1.0,0.0,0.0,0.0,1.0,0.0,0.0,0.0,1.0,0
1480335735780172638,187,1480335735777657975,,0,0,46.5185050964,6.56621932983,2.77602830977e-40,1.0,0.0,0.0,0.0,1.0,0.0,0.0,0.0,1.0,0
1480335736085633971,188,1480335736082420929,,0,0,46.5184898376,6.56621170044,2.77602830977e-40,1.0,0.0,0.0,0.0,1.0,0.0,0.0,0.0,1.0,0
1480335736381867164,189,1480335736379165472,,0,0,46.5184745789,6.56620931625,2.77602830977e-40,1.0,0.0,0.0,0.0,1.0,0.0,0.0,0.0,1.0,0
1480335736711141706,190,1480335736708114756,,0,0,46.5184593201,6.5662112236,2.77602830977e-40,1.0,0.0,0.0,0.0,1.0,0.0,0.0,0.0,1.0,0
1480335737120290063,191,1480335737118427477,,0,0,46.5184402466,6.56621932983,2.77602830977e-40,1.0,0.0,0.0,0.0,1.0,0.0,0.0,0.0,1.0,0
1480335737522014013,192,1480335737519807419,,0,0,46.5184173584,6.56623029709,2.77602830977e-40,1.0,0.0,0.0,0.0,1.0,0.0,0.0,0.0,1.0,0
1480335737935021968,193,1480335737932596887,,0,0,46.5183982849,6.56623935699,2.77602830977e-40,1.0,0.0,0.0,0.0,1.0,0.0,0.0,0.0,1.0,0
1480335738476290305,194,1480335738474166523,,0,0,46.5183792114,6.56624746323,2.77602830977e-40,1.0,0.0,0.0,0.0,1.0,0.0,0.0,0.0,1.0,0
1480335738853360533,195,1480335738851735288,,0,0,46.5183486938,6.56625890732,2.77602830977e-40,1.0,0.0,0.0,0.0,1.0,0.0,0.0,0.0,1.0,0
1480335739215935536,196,1480335739212947700,,0,0,46.5183410645,6.56627941132,2.77602830977e-40,1.0,0.0,0.0,0.0,1.0,0.0,0.0,0.0,1.0,0
1480335739520559898,197,1480335739517369408,,0,0,46.5183296204,6.5663022995,2.77602830977e-40,1.0,0.0,0.0,0.0,1.0,0.0,0.0,0.0,1.0,0
1480335739767509086,198,1480335739764009067,,0,0,46.518321991,6.56632137299,2.77602830977e-40,1.0,0.0,0.0,0.0,1.0,0.0,0.0,0.0,1.0,0
1480335739942908805,199,1480335739939980344,,0,0,46.5183181763,6.56633424759,2.77602830977e-40,1.0,0.0,0.0,0.0,1.0,0.0,0.0,0.0,1.0,0
1480335740133814573,200,1480335740132365316,,0,0,46.5183143616,6.56634759903,2.77602830977e-40,1.0,0.0,0.0,0.0,1.0,0.0,0.0,0.0,1.0,0
1480335740331252571,201,1480335740328651554,,0,0,46.5183143616,6.56636095047,2.77602830977e-40,1.0,0.0,0.0,0.0,1.0,0.0,0.0,0.0,1.0,0
1480335740532949016,202,1480335740523116923,,0,0,46.5183143616,6.56637477875,2.77602830977e-40,1.0,0.0,0.0,0.0,1.0,0.0,0.0,0.0,1.0,0
1480335740720779918,203,1480335740717786926,,0,0,46.5183143616,6.56638765335,2.77602830977e-40,1.0,0.0,0.0,0.0,1.0,0.0,0.0,0.0,1.0,0
1480335740945019429,204,1480335740941493056,,0,0,46.5183143616,6.56640052795,2.77602830977e-40,1.0,0.0,0.0,0.0,1.0,0.0,0.0,0.0,1.0,0
1480335741130276137,205,1480335741124328121,,0,0,46.5183143616,6.56641292572,2.77602830977e-40,1.0,0.0,0.0,0.0,1.0,0.0,0.0,0.0,1.0,0
1480335741380802165,206,1480335741378143753,,0,0,46.5183181763,6.56642484665,2.77602830977e-40,1.0,0.0,0.0,0.0,1.0,0.0,0.0,0.0,1.0,0
1480335741586200450,207,1480335741583891931,,0,0,46.518321991,6.5664358139,2.77602830977e-40,1.0,0.0,0.0,0.0,1.0,0.0,0.0,0.0,1.0,0
1480335741832293344,208,1480335741828633536,,0,0,46.5183258057,6.56644630432,2.77602830977e-40,1.0,0.0,0.0,0.0,1.0,0.0,0.0,0.0,1.0,0
1480335742077584371,209,1480335742074822106,,0,0,46.5183334351,6.56645917892,2.77602830977e-40,1.0,0.0,0.0,0.0,1.0,0.0,0.0,0.0,1.0,0
1480335742377227635,210,1480335742372732314,,0,0,46.5183410645,6.56646490097,2.77602830977e-40,1.0,0.0,0.0,0.0,1.0,0.0,0.0,0.0,1.0,0
1480335742674894200,211,1480335742672594066,,0,0,46.5183525085,6.56646871567,2.77602830977e-40,1.0,0.0,0.0,0.0,1.0,0.0,0.0,0.0,1.0,0
1480335742990820589,212,1480335742989223729,,0,0,46.5183639526,6.56646680832,2.77602830977e-40,1.0,0.0,0.0,0.0,1.0,0.0,0.0,0.0,1.0,0
1480335743320236483,213,1480335743317846350,,0,0,46.5183753967,6.56645870209,2.77602830977e-40,1.0,0.0,0.0,0.0,1.0,0.0,0.0,0.0,1.0,0
1480335743759480332,214,1480335743756284842,,0,0,46.5183830261,6.56644105911,2.77602830977e-40,1.0,0.0,0.0,0.0,1.0,0.0,0.0,0.0,1.0,0
1480335744160445122,215,1480335744157145154,,0,0,46.5183982849,6.56642818451,2.77602830977e-40,1.0,0.0,0.0,0.0,1.0,0.0,0.0,0.0,1.0,0
1480335744552932806,216,1480335744550255957,,0,0,46.5184020996,6.56640291214,2.77602830977e-40,1.0,0.0,0.0,0.0,1.0,0.0,0.0,0.0,1.0,0
1480335744851629465,217,1480335744846342276,,0,0,46.518409729,6.56637573242,2.77602830977e-40,1.0,0.0,0.0,0.0,1.0,0.0,0.0,0.0,1.0,0
1480335745124393092,218,1480335745120685628,,0,0,46.518409729,6.56635189056,2.77602830977e-40,1.0,0.0,0.0,0.0,1.0,0.0,0.0,0.0,1.0,0
1480335745422065073,219,1480335745419782126,,0,0,46.5184135437,6.56633472443,2.77602830977e-40,1.0,0.0,0.0,0.0,1.0,0.0,0.0,0.0,1.0,0
1480335745673829996,220,1480335745670994138,,0,0,46.5184059143,6.56631231308,2.77602830977e-40,1.0,0.0,0.0,0.0,1.0,0.0,0.0,0.0,1.0,0
1480335745894149648,221,1480335745889556776,,0,0,46.518409729,6.56630325317,2.77602830977e-40,1.0,0.0,0.0,0.0,1.0,0.0,0.0,0.0,1.0,0
1480335746131728457,222,1480335746127716621,,0,0,46.5184211731,6.5662894249,2.77602830977e-40,1.0,0.0,0.0,0.0,1.0,0.0,0.0,0.0,1.0,0
1480335746366236775,223,1480335746364552208,,0,0,46.5184211731,6.56626462936,2.77602830977e-40,1.0,0.0,0.0,0.0,1.0,0.0,0.0,0.0,1.0,0
1480335746582401779,224,1480335746580214405,,0,0,46.5184173584,6.56625270844,2.77602830977e-40,1.0,0.0,0.0,0.0,1.0,0.0,0.0,0.0,1.0,0
1480335746731285608,225,1480335746725746234,,0,0,46.5184326172,6.56625127792,2.77602830977e-40,1.0,0.0,0.0,0.0,1.0,0.0,0.0,0.0,1.0,0
1480335746974017336,226,1480335746971188978,,0,0,46.5184326172,6.56623888016,2.77602830977e-40,1.0,0.0,0.0,0.0,1.0,0.0,0.0,0.0,1.0,0
1480335747171361793,227,1480335747167210010,,0,0,46.5184402466,6.56622362137,2.77602830977e-40,1.0,0.0,0.0,0.0,1.0,0.0,0.0,0.0,1.0,0
1480335747389713078,228,1480335747385504629,,0,0,46.518447876,6.56620931625,2.77602830977e-40,1.0,0.0,0.0,0.0,1.0,0.0,0.0,0.0,1.0,0
1480335747562989485,229,1480335747560838256,,0,0,46.5184555054,6.56619596481,2.77602830977e-40,1.0,0.0,0.0,0.0,1.0,0.0,0.0,0.0,1.0,0
1480335747761467993,230,1480335747758668697,,0,0,46.5184669495,6.56618261337,2.77602830977e-40,1.0,0.0,0.0,0.0,1.0,0.0,0.0,0.0,1.0,0
1480335748038778503,231,1480335748037284299,,0,0,46.5184745789,6.56617593765,2.77602830977e-40,1.0,0.0,0.0,0.0,1.0,0.0,0.0,0.0,1.0,0
1480335748406410958,232,1480335748403302811,,0,0,46.5185012817,6.56615877151,2.77602830977e-40,1.0,0.0,0.0,0.0,1.0,0.0,0.0,0.0,1.0,0
1480335748797621727,233,1480335748795134876,,0,0,46.5185127258,6.56615543365,2.77602830977e-40,1.0,0.0,0.0,0.0,1.0,0.0,0.0,0.0,1.0,0
1480335749072777102,234,1480335749068831098,,0,0,46.5185279846,6.56615924835,2.77602830977e-40,1.0,0.0,0.0,0.0,1.0,0.0,0.0,0.0,1.0,0
1480335749389455358,235,1480335749380377164,,0,0,46.5185546875,6.56615257263,2.77602830977e-40,1.0,0.0,0.0,0.0,1.0,0.0,0.0,0.0,1.0,0
1480335749816573647,236,1480335749814505906,,0,0,46.5185852051,6.56615018845,2.77602830977e-40,1.0,0.0,0.0,0.0,1.0,0.0,0.0,0.0,1.0,0
1480335750163671247,237,1480335750161791369,,0,0,46.5186042786,6.56615114212,2.77602830977e-40,1.0,0.0,0.0,0.0,1.0,0.0,0.0,0.0,1.0,0
1480335750462674882,238,1480335750460258290,,0,0,46.518611908,6.56615877151,2.77602830977e-40,1.0,0.0,0.0,0.0,1.0,0.0,0.0,0.0,1.0,0
1480335750771121968,239,1480335750767825958,,0,0,46.5186424255,6.56615924835,2.77602830977e-40,1.0,0.0,0.0,0.0,1.0,0.0,0.0,0.0,1.0,0
1480335751034240843,240,1480335751027803822,,0,0,46.518661499,6.56617927551,2.77602830977e-40,1.0,0.0,0.0,0.0,1.0,0.0,0.0,0.0,1.0,0
1480335751311251409,241,1480335751308605757,,0,0,46.5186729431,6.56619739532,2.77602830977e-40,1.0,0.0,0.0,0.0,1.0,0.0,0.0,0.0,1.0,0
1480335751602665377,242,1480335751599687854,,0,0,46.5186843872,6.5662150383,2.77602830977e-40,1.0,0.0,0.0,0.0,1.0,0.0,0.0,0.0,1.0,0
1480335751807536688,243,1480335751804587133,,0,0,46.5186882019,6.56622457504,2.77602830977e-40,1.0,0.0,0.0,0.0,1.0,0.0,0.0,0.0,1.0,0
1480335752114478372,244,1480335752110098779,,0,0,46.5186805725,6.56624650955,2.77602830977e-40,1.0,0.0,0.0,0.0,1.0,0.0,0.0,0.0,1.0,0
1480335752369622741,245,1480335752365617415,,0,0,46.5186691284,6.56626605988,2.77602830977e-40,1.0,0.0,0.0,0.0,1.0,0.0,0.0,0.0,1.0,0
1480335752630629919,246,1480335752627318701,,0,0,46.5186729431,6.56628417969,2.77602830977e-40,1.0,0.0,0.0,0.0,1.0,0.0,0.0,0.0,1.0,0
1480335752874470074,247,1480335752872097284,,0,0,46.5186805725,6.56630754471,2.77602830977e-40,1.0,0.0,0.0,0.0,1.0,0.0,0.0,0.0,1.0,0
1480335753071291619,248,1480335753069448928,,0,0,46.5186691284,6.56632661819,2.77602830977e-40,1.0,0.0,0.0,0.0,1.0,0.0,0.0,0.0,1.0,0
1480335753197675508,249,1480335753194644235,,0,0,46.5186729431,6.56633615494,2.77602830977e-40,1.0,0.0,0.0,0.0,1.0,0.0,0.0,0.0,1.0,0
1480335753395890737,250,1480335753392771809,,0,0,46.5186729431,6.56634616852,2.77602830977e-40,1.0,0.0,0.0,0.0,1.0,0.0,0.0,0.0,1.0,0
1480335753588596644,251,1480335753585953701,,0,0,46.5186576843,6.56636381149,2.77602830977e-40,1.0,0.0,0.0,0.0,1.0,0.0,0.0,0.0,1.0,0
1480335753796208762,252,1480335753790430589,,0,0,46.518661499,6.56637763977,2.77602830977e-40,1.0,0.0,0.0,0.0,1.0,0.0,0.0,0.0,1.0,0
1480335753988863003,253,1480335753985403349,,0,0,46.5186576843,6.56638050079,2.77602830977e-40,1.0,0.0,0.0,0.0,1.0,0.0,0.0,0.0,1.0,0
1480335754092879139,254,1480335754089024696,,0,0,46.5186462402,6.56638526917,2.77602830977e-40,1.0,0.0,0.0,0.0,1.0,0.0,0.0,0.0,1.0,0
1480335754192244068,255,1480335754182647182,,0,0,46.5186386108,6.56638765335,2.77602830977e-40,1.0,0.0,0.0,0.0,1.0,0.0,0.0,0.0,1.0,0
1480335754398705208,256,1480335754391433195,,0,0,46.5186271667,6.56639623642,2.77602830977e-40,1.0,0.0,0.0,0.0,1.0,0.0,0.0,0.0,1.0,0
1480335754590185815,257,1480335754588190677,,0,0,46.5186195374,6.56640768051,2.77602830977e-40,1.0,0.0,0.0,0.0,1.0,0.0,0.0,0.0,1.0,0
1480335754701863751,258,1480335754700073716,,0,0,46.5186080933,6.56641530991,2.77602830977e-40,1.0,0.0,0.0,0.0,1.0,0.0,0.0,0.0,1.0,0
1480335754891386512,259,1480335754888403728,,0,0,46.5186004639,6.56642150879,2.77602830977e-40,1.0,0.0,0.0,0.0,1.0,0.0,0.0,0.0,1.0,0
1480335755097740725,260,1480335755093798784,,0,0,46.5185890198,6.56643438339,2.77602830977e-40,1.0,0.0,0.0,0.0,1.0,0.0,0.0,0.0,1.0,0
1480335755291339957,261,1480335755287194789,,0,0,46.5185813904,6.56643915176,2.77602830977e-40,1.0,0.0,0.0,0.0,1.0,0.0,0.0,0.0,1.0,0
1480335755494055716,262,1480335755492548699,,0,0,46.518573761,6.56644821167,2.77602830977e-40,1.0,0.0,0.0,0.0,1.0,0.0,0.0,0.0,1.0,0
1480335755699858633,263,1480335755694921024,,0,0,46.5185546875,6.56645107269,2.77602830977e-40,1.0,0.0,0.0,0.0,1.0,0.0,0.0,0.0,1.0,0
1480335755884594825,264,1480335755880730800,,0,0,46.5185470581,6.56644630432,2.77602830977e-40,1.0,0.0,0.0,0.0,1.0,0.0,0.0,0.0,1.0,0
1480335755999431794,265,1480335755994178928,,0,0,46.5185432434,6.56646108627,2.77602830977e-40,1.0,0.0,0.0,0.0,1.0,0.0,0.0,0.0,1.0,0
1480335756193698988,266,1480335756190079856,,0,0,46.518535614,6.56646776199,2.77602830977e-40,1.0,0.0,0.0,0.0,1.0,0.0,0.0,0.0,1.0,0
1480335756399413624,267,1480335756395939387,,0,0,46.5185165405,6.56646728516,2.77602830977e-40,1.0,0.0,0.0,0.0,1.0,0.0,0.0,0.0,1.0,0
1480335756597152452,268,1480335756590927304,,0,0,46.5185050964,6.5664730072,2.77602830977e-40,1.0,0.0,0.0,0.0,1.0,0.0,0.0,0.0,1.0,0
1480335756818090588,269,1480335756809571086,,0,0,46.5184898376,6.56647920609,2.77602830977e-40,1.0,0.0,0.0,0.0,1.0,0.0,0.0,0.0,1.0,0
1480335756997721569,270,1480335756994330560,,0,0,46.5184860229,6.56649112701,2.77602830977e-40,1.0,0.0,0.0,0.0,1.0,0.0,0.0,0.0,1.0,0
1480335757195195972,271,1480335757191069918,,0,0,46.5184707642,6.56649541855,2.77602830977e-40,1.0,0.0,0.0,0.0,1.0,0.0,0.0,0.0,1.0,0
1480335757400634048,272,1480335757398161468,,0,0,46.5184593201,6.56649589539,2.77602830977e-40,1.0,0.0,0.0,0.0,1.0,0.0,0.0,0.0,1.0,0
1480335757597081795,273,1480335757594533486,,0,0,46.5184440613,6.56649875641,2.77602830977e-40,1.0,0.0,0.0,0.0,1.0,0.0,0.0,0.0,1.0,0
1480335757814825794,274,1480335757811986291,,0,0,46.5184364319,6.56651353836,2.77602830977e-40,1.0,0.0,0.0,0.0,1.0,0.0,0.0,0.0,1.0,0
1480335757981125914,275,1480335757978979633,,0,0,46.5184288025,6.56652736664,2.77602830977e-40,1.0,0.0,0.0,0.0,1.0,0.0,0.0,0.0,1.0,0
1480335758086638545,276,1480335758083792583,,0,0,46.5184249878,6.56653499603,2.77602830977e-40,1.0,0.0,0.0,0.0,1.0,0.0,0.0,0.0,1.0,0
1480335758179671557,277,1480335758177492411,,0,0,46.5184211731,6.56653547287,2.77602830977e-40,1.0,0.0,0.0,0.0,1.0,0.0,0.0,0.0,1.0,0
1480335758283781024,278,1480335758281418130,,0,0,46.5184135437,6.56654405594,2.77602830977e-40,1.0,0.0,0.0,0.0,1.0,0.0,0.0,0.0,1.0,0
1480335758377576789,279,1480335758375341602,,0,0,46.518409729,6.56655025482,2.77602830977e-40,1.0,0.0,0.0,0.0,1.0,0.0,0.0,0.0,1.0,0
1480335758484344096,280,1480335758479811535,,0,0,46.5184020996,6.56654977798,2.77602830977e-40,1.0,0.0,0.0,0.0,1.0,0.0,0.0,0.0,1.0,0
1480335758574968849,281,1480335758571197323,,0,0,46.5183944702,6.56655025482,2.77602830977e-40,1.0,0.0,0.0,0.0,1.0,0.0,0.0,0.0,1.0,0
1480335758678532176,282,1480335758675127573,,0,0,46.5183906555,6.56655502319,2.77602830977e-40,1.0,0.0,0.0,0.0,1.0,0.0,0.0,0.0,1.0,0
1480335758783052213,283,1480335758779739484,,0,0,46.5183906555,6.56655788422,2.77602830977e-40,1.0,0.0,0.0,0.0,1.0,0.0,0.0,0.0,1.0,0
1480335759058988517,284,1480335759056812184,,0,0,46.5183830261,6.5665602684,2.77602830977e-40,1.0,0.0,0.0,0.0,1.0,0.0,0.0,0.0,1.0,0
1480335759390103927,285,1480335759386878594,,0,0,46.5183677673,6.5665397644,2.77602830977e-40,1.0,0.0,0.0,0.0,1.0,0.0,0.0,0.0,1.0,0
1480335759884077250,286,1480335759879415576,,0,0,46.5183601379,6.5665230751,2.77602830977e-40,1.0,0.0,0.0,0.0,1.0,0.0,0.0,0.0,1.0,0
1480335760261354142,287,1480335760258276255,,0,0,46.5183486938,6.56650924683,2.77602830977e-40,1.0,0.0,0.0,0.0,1.0,0.0,0.0,0.0,1.0,0
1480335760504804093,288,1480335760499389874,,0,0,46.5183410645,6.56649684906,2.77602830977e-40,1.0,0.0,0.0,0.0,1.0,0.0,0.0,0.0,1.0,0
1480335760787586947,289,1480335760784948326,,0,0,46.5183258057,6.56645965576,2.77602830977e-40,1.0,0.0,0.0,0.0,1.0,0.0,0.0,0.0,1.0,0
1480335761150578820,290,1480335761144903771,,0,0,46.5183105469,6.56646871567,2.77602830977e-40,1.0,0.0,0.0,0.0,1.0,0.0,0.0,0.0,1.0,0
1480335761415966216,291,1480335761412841767,,0,0,46.5183258057,6.56642484665,2.77602830977e-40,1.0,0.0,0.0,0.0,1.0,0.0,0.0,0.0,1.0,0
1480335761700642854,292,1480335761698957297,,0,0,46.5183105469,6.56646871567,2.77602830977e-40,1.0,0.0,0.0,0.0,1.0,0.0,0.0,0.0,1.0,0
1480335761888668389,293,1480335761884773323,,0,0,46.5183143616,6.56643199921,2.77602830977e-40,1.0,0.0,0.0,0.0,1.0,0.0,0.0,0.0,1.0,0
1480335762215391810,294,1480335762212972875,,0,0,46.5183258057,6.56638813019,2.77602830977e-40,1.0,0.0,0.0,0.0,1.0,0.0,0.0,0.0,1.0,0
1480335762513618161,295,1480335762510628710,,0,0,46.5183334351,6.56641435623,2.77602830977e-40,1.0,0.0,0.0,0.0,1.0,0.0,0.0,0.0,1.0,0
1480335762767279680,296,1480335762763946378,,0,0,46.5183181763,6.56640958786,2.77602830977e-40,1.0,0.0,0.0,0.0,1.0,0.0,0.0,0.0,1.0,0
1480335762974189200,297,1480335762969606380,,0,0,46.5183181763,6.5664100647,2.77602830977e-40,1.0,0.0,0.0,0.0,1.0,0.0,0.0,0.0,1.0,0
1480335763172282660,298,1480335763166802140,,0,0,46.5183181763,6.56635189056,2.77602830977e-40,1.0,0.0,0.0,0.0,1.0,0.0,0.0,0.0,1.0,0
1480335763397275028,299,1480335763394622814,,0,0,46.5182876587,6.5663318634,2.77602830977e-40,1.0,0.0,0.0,0.0,1.0,0.0,0.0,0.0,1.0,0
1480335763700399925,300,1480335763695650127,,0,0,46.5182914734,6.56636571884,2.77602830977e-40,1.0,0.0,0.0,0.0,1.0,0.0,0.0,0.0,1.0,0
1480335764005310430,301,1480335764003572843,,0,0,46.5183067322,6.56633043289,2.77602830977e-40,1.0,0.0,0.0,0.0,1.0,0.0,0.0,0.0,1.0,0
1480335764260273656,302,1480335764257774669,,0,0,46.5183067322,6.56632232666,2.77602830977e-40,1.0,0.0,0.0,0.0,1.0,0.0,0.0,0.0,1.0,0
1480335764463808573,303,1480335764460144911,,0,0,46.5183105469,6.56628990173,2.77602830977e-40,1.0,0.0,0.0,0.0,1.0,0.0,0.0,0.0,1.0,0
1480335764658040924,304,1480335764655903914,,0,0,46.5183029175,6.56632328033,2.77602830977e-40,1.0,0.0,0.0,0.0,1.0,0.0,0.0,0.0,1.0,0
1480335764843954449,305,1480335764841313902,,0,0,46.5183067322,6.56629085541,2.77602830977e-40,1.0,0.0,0.0,0.0,1.0,0.0,0.0,0.0,1.0,0
1480335765030610467,306,1480335765028019241,,0,0,46.5182914734,6.56628704071,2.77602830977e-40,1.0,0.0,0.0,0.0,1.0,0.0,0.0,0.0,1.0,0
1480335765249755182,307,1480335765244232735,,0,0,46.5182876587,6.56626987457,2.77602830977e-40,1.0,0.0,0.0,0.0,1.0,0.0,0.0,0.0,1.0,0
1480335765454174310,308,1480335765452492399,,0,0,46.5182723999,6.56626415253,2.77602830977e-40,1.0,0.0,0.0,0.0,1.0,0.0,0.0,0.0,1.0,0
1480335765649733367,309,1480335765646405899,,0,0,46.5182647705,6.56628513336,2.77602830977e-40,1.0,0.0,0.0,0.0,1.0,0.0,0.0,0.0,1.0,0
1480335765811065566,310,1480335765807846899,,0,0,46.5182762146,6.56628370285,2.77602830977e-40,1.0,0.0,0.0,0.0,1.0,0.0,0.0,0.0,1.0,0
1480335766013090289,311,1480335766009903758,,0,0,46.5182685852,6.5662727356,2.77602830977e-40,1.0,0.0,0.0,0.0,1.0,0.0,0.0,0.0,1.0,0
1480335766175817370,312,1480335766173471403,,0,0,46.5182571411,6.56630563736,2.77602830977e-40,1.0,0.0,0.0,0.0,1.0,0.0,0.0,0.0,1.0,0
1480335766281008598,313,1480335766279206949,,0,0,46.5182609558,6.5662651062,2.77602830977e-40,1.0,0.0,0.0,0.0,1.0,0.0,0.0,0.0,1.0,0
1480335766480885530,314,1480335766477413324,,0,0,46.5182571411,6.56625747681,2.77602830977e-40,1.0,0.0,0.0,0.0,1.0,0.0,0.0,0.0,1.0,0
1480335766586149727,315,1480335766580802070,,0,0,46.5182609558,6.56624794006,2.77602830977e-40,1.0,0.0,0.0,0.0,1.0,0.0,0.0,0.0,1.0,0
1480335766687079225,316,1480335766684272585,,0,0,46.5182418823,6.56624698639,2.77602830977e-40,1.0,0.0,0.0,0.0,1.0,0.0,0.0,0.0,1.0,0
1480335766799427207,317,1480335766796865669,,0,0,46.518245697,6.56625986099,2.77602830977e-40,1.0,0.0,0.0,0.0,1.0,0.0,0.0,0.0,1.0,0
1480335766963972187,318,1480335766961376274,,0,0,46.5182495117,6.56628274918,2.77602830977e-40,1.0,0.0,0.0,0.0,1.0,0.0,0.0,0.0,1.0,0
1480335767068666232,319,1480335767066200371,,0,0,46.5182342529,6.56629562378,2.77602830977e-40,1.0,0.0,0.0,0.0,1.0,0.0,0.0,0.0,1.0,0
1480335767223265579,320,1480335767220189306,,0,0,46.5182342529,6.56628751755,2.77602830977e-40,1.0,0.0,0.0,0.0,1.0,0.0,0.0,0.0,1.0,0
1480335767433782357,321,1480335767430803739,,0,0,46.5182380676,6.56626701355,2.77602830977e-40,1.0,0.0,0.0,0.0,1.0,0.0,0.0,0.0,1.0,0
1480335767588542170,322,1480335767585352253,,0,0,46.5182418823,6.5662021637,2.77602830977e-40,1.0,0.0,0.0,0.0,1.0,0.0,0.0,0.0,1.0,0
1480335767865507372,323,1480335767860435181,,0,0,46.5182495117,6.56622171402,2.77602830977e-40,1.0,0.0,0.0,0.0,1.0,0.0,0.0,0.0,1.0,0
1480335768068451878,324,1480335768065660082,,0,0,46.5182495117,6.56622505188,2.77602830977e-40,1.0,0.0,0.0,0.0,1.0,0.0,0.0,0.0,1.0,0
1480335768264334005,325,1480335768262036735,,0,0,46.518245697,6.56623220444,2.77602830977e-40,1.0,0.0,0.0,0.0,1.0,0.0,0.0,0.0,1.0,0
1480335768419868863,326,1480335768417632166,,0,0,46.518245697,6.5662355423,2.77602830977e-40,1.0,0.0,0.0,0.0,1.0,0.0,0.0,0.0,1.0,0
1480335768627781604,327,1480335768623689976,,0,0,46.518245697,6.56623363495,2.77602830977e-40,1.0,0.0,0.0,0.0,1.0,0.0,0.0,0.0,1.0,0
1480335768831303761,328,1480335768829650183,,0,0,46.5182342529,6.56622600555,2.77602830977e-40,1.0,0.0,0.0,0.0,1.0,0.0,0.0,0.0,1.0,0
1480335768994995937,329,1480335768992709240,,0,0,46.5182380676,6.56622886658,2.77602830977e-40,1.0,0.0,0.0,0.0,1.0,0.0,0.0,0.0,1.0,0
1480335769189808543,330,1480335769186364097,,0,0,46.5182380676,6.56622219086,2.77602830977e-40,1.0,0.0,0.0,0.0,1.0,0.0,0.0,0.0,1.0,0
1480335769391803840,331,1480335769389905629,,0,0,46.5182342529,6.56622505188,2.77602830977e-40,1.0,0.0,0.0,0.0,1.0,0.0,0.0,0.0,1.0,0
1480335769585856817,332,1480335769584325530,,0,0,46.5182380676,6.56622552872,2.77602830977e-40,1.0,0.0,0.0,0.0,1.0,0.0,0.0,0.0,1.0,0
1480335769678268012,333,1480335769675517726,,0,0,46.5182380676,6.56622982025,2.77602830977e-40,1.0,0.0,0.0,0.0,1.0,0.0,0.0,0.0,1.0,0
1480335769803254935,334,1480335769800804594,,0,0,46.5182342529,6.56623125076,2.77602830977e-40,1.0,0.0,0.0,0.0,1.0,0.0,0.0,0.0,1.0,0
1480335769986108802,335,1480335769984246684,,0,0,46.5182304382,6.56623315811,2.77602830977e-40,1.0,0.0,0.0,0.0,1.0,0.0,0.0,0.0,1.0,0
1480335770193556859,336,1480335770190016633,,0,0,46.5182266235,6.56622648239,2.77602830977e-40,1.0,0.0,0.0,0.0,1.0,0.0,0.0,0.0,1.0,0
1480335770388205977,337,1480335770385794541,,0,0,46.5182304382,6.56622314453,2.77602830977e-40,1.0,0.0,0.0,0.0,1.0,0.0,0.0,0.0,1.0,0
1480335770582300621,338,1480335770580536158,,0,0,46.5182228088,6.56622982025,2.77602830977e-40,1.0,0.0,0.0,0.0,1.0,0.0,0.0,0.0,1.0,0
1480335770796069815,339,1480335770793806347,,0,0,46.5182266235,6.56623220444,2.77602830977e-40,1.0,0.0,0.0,0.0,1.0,0.0,0.0,0.0,1.0,0
1480335770980653144,340,1480335770977472914,,0,0,46.5182151794,6.56623792648,2.77602830977e-40,1.0,0.0,0.0,0.0,1.0,0.0,0.0,0.0,1.0,0
1480335771072169816,341,1480335771069383176,,0,0,46.5182228088,6.56623983383,2.77602830977e-40,1.0,0.0,0.0,0.0,1.0,0.0,0.0,0.0,1.0,0
1480335771194284788,342,1480335771191047579,,0,0,46.5182266235,6.56624221802,2.77602830977e-40,1.0,0.0,0.0,0.0,1.0,0.0,0.0,0.0,1.0,0
1480335771396934766,343,1480335771393369696,,0,0,46.5182266235,6.5662355423,2.77602830977e-40,1.0,0.0,0.0,0.0,1.0,0.0,0.0,0.0,1.0,0
1480335771583582138,344,1480335771581744447,,0,0,46.5182304382,6.56623506546,2.77602830977e-40,1.0,0.0,0.0,0.0,1.0,0.0,0.0,0.0,1.0,0
1480335771809418612,345,1480335771805301620,,0,0,46.5182266235,6.56622934341,2.77602830977e-40,1.0,0.0,0.0,0.0,1.0,0.0,0.0,0.0,1.0,0
1480335771990384476,346,1480335771986224828,,0,0,46.518245697,6.56623458862,2.77602830977e-40,1.0,0.0,0.0,0.0,1.0,0.0,0.0,0.0,1.0,0
1480335772185345882,347,1480335772183827199,,0,0,46.5182418823,6.56623601913,2.77602830977e-40,1.0,0.0,0.0,0.0,1.0,0.0,0.0,0.0,1.0,0
1480335772372466739,348,1480335772369557913,,0,0,46.5182418823,6.56623840332,2.77602830977e-40,1.0,0.0,0.0,0.0,1.0,0.0,0.0,0.0,1.0,0
1480335772486360279,349,1480335772482714689,,0,0,46.5182418823,6.56624221802,2.77602830977e-40,1.0,0.0,0.0,0.0,1.0,0.0,0.0,0.0,1.0,0
1480335772688005892,350,1480335772684149054,,0,0,46.518245697,6.56624174118,2.77602830977e-40,1.0,0.0,0.0,0.0,1.0,0.0,0.0,0.0,1.0,0
1480335772888365424,351,1480335772886363516,,0,0,46.5182418823,6.56624221802,2.77602830977e-40,1.0,0.0,0.0,0.0,1.0,0.0,0.0,0.0,1.0,0
1480335773082853032,352,1480335773080284932,,0,0,46.5182380676,6.56624650955,2.77602830977e-40,1.0,0.0,0.0,0.0,1.0,0.0,0.0,0.0,1.0,0
1480335773287967570,353,1480335773285140670,,0,0,46.5182418823,6.56624650955,2.77602830977e-40,1.0,0.0,0.0,0.0,1.0,0.0,0.0,0.0,1.0,0
1480335773492974088,354,1480335773490596351,,0,0,46.5182495117,6.56624937057,2.77602830977e-40,1.0,0.0,0.0,0.0,1.0,0.0,0.0,0.0,1.0,0
1480335773691908998,355,1480335773687828986,,0,0,46.518245697,6.56624650955,2.77602830977e-40,1.0,0.0,0.0,0.0,1.0,0.0,0.0,0.0,1.0,0
1480335773875952281,356,1480335773874417139,,0,0,46.518245697,6.56624937057,2.77602830977e-40,1.0,0.0,0.0,0.0,1.0,0.0,0.0,0.0,1.0,0
1480335773992558086,357,1480335773988122660,,0,0,46.518245697,6.5662522316,2.77602830977e-40,1.0,0.0,0.0,0.0,1.0,0.0,0.0,0.0,1.0,0
1480335774191094146,358,1480335774187489545,,0,0,46.518245697,6.56625652313,2.77602830977e-40,1.0,0.0,0.0,0.0,1.0,0.0,0.0,0.0,1.0,0
1480335774394234640,359,1480335774391407740,,0,0,46.5182495117,6.56625843048,2.77602830977e-40,1.0,0.0,0.0,0.0,1.0,0.0,0.0,0.0,1.0,0
1480335774588027620,360,1480335774585719726,,0,0,46.5182495117,6.56626272202,2.77602830977e-40,1.0,0.0,0.0,0.0,1.0,0.0,0.0,0.0,1.0,0
1480335774800450838,361,1480335774798369452,,0,0,46.5182533264,6.56626558304,2.77602830977e-40,1.0,0.0,0.0,0.0,1.0,0.0,0.0,0.0,1.0,0
1480335774994625377,362,1480335774991889883,,0,0,46.5182495117,6.56626272202,2.77602830977e-40,1.0,0.0,0.0,0.0,1.0,0.0,0.0,0.0,1.0,0
1480335775181647745,363,1480335775178502255,,0,0,46.5182609558,6.56626987457,2.77602830977e-40,1.0,0.0,0.0,0.0,1.0,0.0,0.0,0.0,1.0,0
1480335775287818495,364,1480335775282061155,,0,0,46.5182647705,6.56627082825,2.77602830977e-40,1.0,0.0,0.0,0.0,1.0,0.0,0.0,0.0,1.0,0
1480335775395868446,365,1480335775384281161,,0,0,46.5182647705,6.56627082825,2.77602830977e-40,1.0,0.0,0.0,0.0,1.0,0.0,0.0,0.0,1.0,0
1480335775594357526,366,1480335775590147723,,0,0,46.5182571411,6.56626844406,2.77602830977e-40,1.0,0.0,0.0,0.0,1.0,0.0,0.0,0.0,1.0,0
1480335775802542191,367,1480335775799027798,,0,0,46.5182571411,6.56626796722,2.77602830977e-40,1.0,0.0,0.0,0.0,1.0,0.0,0.0,0.0,1.0,0
1480335775986294955,368,1480335775984413098,,0,0,46.5182571411,6.56626415253,2.77602830977e-40,1.0,0.0,0.0,0.0,1.0,0.0,0.0,0.0,1.0,0
1480335776189794821,369,1480335776188418689,,0,0,46.5182685852,6.56626749039,2.77602830977e-40,1.0,0.0,0.0,0.0,1.0,0.0,0.0,0.0,1.0,0
1480335776387916406,370,1480335776381378864,,0,0,46.5182609558,6.56627416611,2.77602830977e-40,1.0,0.0,0.0,0.0,1.0,0.0,0.0,0.0,1.0,0
1480335776576757923,371,1480335776574017533,,0,0,46.5182685852,6.56627464294,2.77602830977e-40,1.0,0.0,0.0,0.0,1.0,0.0,0.0,0.0,1.0,0
1480335776700416838,372,1480335776697133328,,0,0,46.5182723999,6.56627511978,2.77602830977e-40,1.0,0.0,0.0,0.0,1.0,0.0,0.0,0.0,1.0,0
1480335776912374123,373,1480335776909136966,,0,0,46.5182685852,6.56628131866,2.77602830977e-40,1.0,0.0,0.0,0.0,1.0,0.0,0.0,0.0,1.0,0
1480335777087605406,374,1480335777082077178,,0,0,46.5182762146,6.56627750397,2.77602830977e-40,1.0,0.0,0.0,0.0,1.0,0.0,0.0,0.0,1.0,0
1480335777293013535,375,1480335777287477495,,0,0,46.5182762146,6.56628084183,2.77602830977e-40,1.0,0.0,0.0,0.0,1.0,0.0,0.0,0.0,1.0,0
1480335777487284844,376,1480335777484762056,,0,0,46.5182762146,6.5662817955,2.77602830977e-40,1.0,0.0,0.0,0.0,1.0,0.0,0.0,0.0,1.0,0
1480335777694104157,377,1480335777691718086,,0,0,46.5182762146,6.56628227234,2.77602830977e-40,1.0,0.0,0.0,0.0,1.0,0.0,0.0,0.0,1.0,0
1480335777891135804,378,1480335777884698210,,0,0,46.518283844,6.56628274918,2.77602830977e-40,1.0,0.0,0.0,0.0,1.0,0.0,0.0,0.0,1.0,0
1480335778091529294,379,1480335778088150368,,0,0,46.5182800293,6.56628894806,2.77602830977e-40,1.0,0.0,0.0,0.0,1.0,0.0,0.0,0.0,1.0,0
1480335778287173662,380,1480335778280949451,,0,0,46.5182800293,6.56629323959,2.77602830977e-40,1.0,0.0,0.0,0.0,1.0,0.0,0.0,0.0,1.0,0
1480335778487514340,381,1480335778483240839,,0,0,46.5182800293,6.56629085541,2.77602830977e-40,1.0,0.0,0.0,0.0,1.0,0.0,0.0,0.0,1.0,0
1480335778692924917,382,1480335778690469055,,0,0,46.5182800293,6.56628370285,2.77602830977e-40,1.0,0.0,0.0,0.0,1.0,0.0,0.0,0.0,1.0,0
1480335778898679917,383,1480335778895872340,,0,0,46.5182685852,6.56627368927,2.77602830977e-40,1.0,0.0,0.0,0.0,1.0,0.0,0.0,0.0,1.0,0
1480335779094754594,384,1480335779092274774,,0,0,46.5182723999,6.56626844406,2.77602830977e-40,1.0,0.0,0.0,0.0,1.0,0.0,0.0,0.0,1.0,0
1480335779292157852,385,1480335779289840062,,0,0,46.5182609558,6.56626749039,2.77602830977e-40,1.0,0.0,0.0,0.0,1.0,0.0,0.0,0.0,1.0,0
1480335779496814842,386,1480335779494419292,,0,0,46.5182571411,6.56625986099,2.77602830977e-40,1.0,0.0,0.0,0.0,1.0,0.0,0.0,0.0,1.0,0
1480335779699938306,387,1480335779696524276,,0,0,46.5182609558,6.56625413895,2.77602830977e-40,1.0,0.0,0.0,0.0,1.0,0.0,0.0,0.0,1.0,0
1480335779901882614,388,1480335779899298576,,0,0,46.5182647705,6.5662612915,2.77602830977e-40,1.0,0.0,0.0,0.0,1.0,0.0,0.0,0.0,1.0,0
1480335780105398313,389,1480335780103507758,,0,0,46.5182647705,6.56625556946,2.77602830977e-40,1.0,0.0,0.0,0.0,1.0,0.0,0.0,0.0,1.0,0
1480335780299870818,390,1480335780297429487,,0,0,46.5182495117,6.56624984741,2.77602830977e-40,1.0,0.0,0.0,0.0,1.0,0.0,0.0,0.0,1.0,0
1480335780493873431,391,1480335780491364862,,0,0,46.5182533264,6.56623125076,2.77602830977e-40,1.0,0.0,0.0,0.0,1.0,0.0,0.0,0.0,1.0,0
1480335780679255398,392,1480335780677175366,,0,0,46.5182342529,6.56621980667,2.77602830977e-40,1.0,0.0,0.0,0.0,1.0,0.0,0.0,0.0,1.0,0
1480335780793703517,393,1480335780791006928,,0,0,46.5182266235,6.56621980667,2.77602830977e-40,1.0,0.0,0.0,0.0,1.0,0.0,0.0,0.0,1.0,0
1480335781001372405,394,1480335780998582224,,0,0,46.5182266235,6.56621408463,2.77602830977e-40,1.0,0.0,0.0,0.0,1.0,0.0,0.0,0.0,1.0,0
1480335781188865706,395,1480335781183115605,,0,0,46.5182266235,6.56622695923,2.77602830977e-40,1.0,0.0,0.0,0.0,1.0,0.0,0.0,0.0,1.0,0
1480335781380067670,396,1480335781376838482,,0,0,46.5182189941,6.56622314453,2.77602830977e-40,1.0,0.0,0.0,0.0,1.0,0.0,0.0,0.0,1.0,0
1480335781491035196,397,1480335781489103861,,0,0,46.5182228088,6.56621694565,2.77602830977e-40,1.0,0.0,0.0,0.0,1.0,0.0,0.0,0.0,1.0,0
1480335781694674644,398,1480335781691636757,,0,0,46.5182342529,6.56622743607,2.77602830977e-40,1.0,0.0,0.0,0.0,1.0,0.0,0.0,0.0,1.0,0
1480335781889582249,399,1480335781886198740,,0,0,46.5182609558,6.56622171402,2.77602830977e-40,1.0,0.0,0.0,0.0,1.0,0.0,0.0,0.0,1.0,0
1480335782074518804,400,1480335782071471750,,0,0,46.5182571411,6.56621694565,2.77602830977e-40,1.0,0.0,0.0,0.0,1.0,0.0,0.0,0.0,1.0,0
1480335782188408177,401,1480335782185563934,,0,0,46.5182533264,6.56620883942,2.77602830977e-40,1.0,0.0,0.0,0.0,1.0,0.0,0.0,0.0,1.0,0
1480335782387278244,402,1480335782383768799,,0,0,46.5182609558,6.56621265411,2.77602830977e-40,1.0,0.0,0.0,0.0,1.0,0.0,0.0,0.0,1.0,0
1480335782587069812,403,1480335782582554543,,0,0,46.5182571411,6.56621742249,2.77602830977e-40,1.0,0.0,0.0,0.0,1.0,0.0,0.0,0.0,1.0,0
1480335782802842321,404,1480335782800164117,,0,0,46.5182647705,6.56622600555,2.77602830977e-40,1.0,0.0,0.0,0.0,1.0,0.0,0.0,0.0,1.0,0
1480335782995041150,405,1480335782992259406,,0,0,46.5182647705,6.56623411179,2.77602830977e-40,1.0,0.0,0.0,0.0,1.0,0.0,0.0,0.0,1.0,0
1480335783196809418,406,1480335783194433191,,0,0,46.5182800293,6.5662317276,2.77602830977e-40,1.0,0.0,0.0,0.0,1.0,0.0,0.0,0.0,1.0,0
1480335783388775176,407,1480335783385944578,,0,0,46.5182800293,6.56623649597,2.77602830977e-40,1.0,0.0,0.0,0.0,1.0,0.0,0.0,0.0,1.0,0
1480335783592239834,408,1480335783590200270,,0,0,46.5182914734,6.56624555588,2.77602830977e-40,1.0,0.0,0.0,0.0,1.0,0.0,0.0,0.0,1.0,0
1480335783791551146,409,1480335783787525560,,0,0,46.5182800293,6.56624126434,2.77602830977e-40,1.0,0.0,0.0,0.0,1.0,0.0,0.0,0.0,1.0,0
1480335783985829643,410,1480335783983782996,,0,0,46.5182723999,6.56623697281,2.77602830977e-40,1.0,0.0,0.0,0.0,1.0,0.0,0.0,0.0,1.0,0
1480335784192504426,411,1480335784189419299,,0,0,46.5182800293,6.56625270844,2.77602830977e-40,1.0,0.0,0.0,0.0,1.0,0.0,0.0,0.0,1.0,0
1480335784398551819,412,1480335784396036323,,0,0,46.5182762146,6.56627082825,2.77602830977e-40,1.0,0.0,0.0,0.0,1.0,0.0,0.0,0.0,1.0,0
1480335784588614731,413,1480335784584036077,,0,0,46.5182685852,6.56626033783,2.77602830977e-40,1.0,0.0,0.0,0.0,1.0,0.0,0.0,0.0,1.0,0
1480335784783267859,414,1480335784780447157,,0,0,46.5182609558,6.5662779808,2.77602830977e-40,1.0,0.0,0.0,0.0,1.0,0.0,0.0,0.0,1.0,0
1480335784874207922,415,1480335784871673936,,0,0,46.5182609558,6.56627941132,2.77602830977e-40,1.0,0.0,0.0,0.0,1.0,0.0,0.0,0.0,1.0,0
1480335784988598906,416,1480335784984200823,,0,0,46.5182571411,6.5662894249,2.77602830977e-40,1.0,0.0,0.0,0.0,1.0,0.0,0.0,0.0,1.0,0
1480335785191311436,417,1480335785189228747,,0,0,46.5182495117,6.56628370285,2.77602830977e-40,1.0,0.0,0.0,0.0,1.0,0.0,0.0,0.0,1.0,0
1480335785388770266,418,1480335785384850304,,0,0,46.5182609558,6.56630659103,2.77602830977e-40,1.0,0.0,0.0,0.0,1.0,0.0,0.0,0.0,1.0,0
1480335785579038905,419,1480335785576607418,,0,0,46.5182609558,6.56630992889,2.77602830977e-40,1.0,0.0,0.0,0.0,1.0,0.0,0.0,0.0,1.0,0
1480335785682206871,420,1480335785679719603,,0,0,46.5182609558,6.56631135941,2.77602830977e-40,1.0,0.0,0.0,0.0,1.0,0.0,0.0,0.0,1.0,0
1480335785892235008,421,1480335785888403222,,0,0,46.5182571411,6.56629753113,2.77602830977e-40,1.0,0.0,0.0,0.0,1.0,0.0,0.0,0.0,1.0,0
1480335786085907364,422,1480335786083064579,,0,0,46.5182723999,6.56630086899,2.77602830977e-40,1.0,0.0,0.0,0.0,1.0,0.0,0.0,0.0,1.0,0
1480335786272227395,423,1480335786269715857,,0,0,46.5182647705,6.56629943848,2.77602830977e-40,1.0,0.0,0.0,0.0,1.0,0.0,0.0,0.0,1.0,0
1480335786394268617,424,1480335786391349895,,0,0,46.5182762146,6.56630563736,2.77602830977e-40,1.0,0.0,0.0,0.0,1.0,0.0,0.0,0.0,1.0,0
1480335786587107232,425,1480335786584473455,,0,0,46.5182762146,6.56631040573,2.77602830977e-40,1.0,0.0,0.0,0.0,1.0,0.0,0.0,0.0,1.0,0
1480335786800447524,426,1480335786798141452,,0,0,46.5182723999,6.56632089615,2.77602830977e-40,1.0,0.0,0.0,0.0,1.0,0.0,0.0,0.0,1.0,0
1480335786992458386,427,1480335786990792985,,0,0,46.518283844,6.56632709503,2.77602830977e-40,1.0,0.0,0.0,0.0,1.0,0.0,0.0,0.0,1.0,0
1480335787197445425,428,1480335787195078573,,0,0,46.5182800293,6.56631851196,2.77602830977e-40,1.0,0.0,0.0,0.0,1.0,0.0,0.0,0.0,1.0,0
1480335787394999775,429,1480335787392744797,,0,0,46.5182723999,6.56630086899,2.77602830977e-40,1.0,0.0,0.0,0.0,1.0,0.0,0.0,0.0,1.0,0
1480335787593073027,430,1480335787589377541,,0,0,46.5182876587,6.56631565094,2.77602830977e-40,1.0,0.0,0.0,0.0,1.0,0.0,0.0,0.0,1.0,0
1480335787799108754,431,1480335787796150344,,0,0,46.5182952881,6.56634902954,2.77602830977e-40,1.0,0.0,0.0,0.0,1.0,0.0,0.0,0.0,1.0,0
1480335787996558313,432,1480335787992677830,,0,0,46.5183105469,6.56634473801,2.77602830977e-40,1.0,0.0,0.0,0.0,1.0,0.0,0.0,0.0,1.0,0
1480335788201754100,433,1480335788199021783,,0,0,46.5183143616,6.56634378433,2.77602830977e-40,1.0,0.0,0.0,0.0,1.0,0.0,0.0,0.0,1.0,0
1480335788395887181,434,1480335788392036072,,0,0,46.5183181763,6.56636476517,2.77602830977e-40,1.0,0.0,0.0,0.0,1.0,0.0,0.0,0.0,1.0,0
1480335788597451649,435,1480335788594027620,,0,0,46.518321991,6.56637907028,2.77602830977e-40,1.0,0.0,0.0,0.0,1.0,0.0,0.0,0.0,1.0,0
1480335788811895837,436,1480335788807332964,,0,0,46.5183258057,6.566385746,2.77602830977e-40,1.0,0.0,0.0,0.0,1.0,0.0,0.0,0.0,1.0,0
1480335788974863176,437,1480335788972658874,,0,0,46.5183181763,6.56636333466,2.77602830977e-40,1.0,0.0,0.0,0.0,1.0,0.0,0.0,0.0,1.0,0
1480335789088267346,438,1480335789086172314,,0,0,46.5183181763,6.56636667252,2.77602830977e-40,1.0,0.0,0.0,0.0,1.0,0.0,0.0,0.0,1.0,0
1480335789292955273,439,1480335789290596338,,0,0,46.5183029175,6.56633424759,2.77602830977e-40,1.0,0.0,0.0,0.0,1.0,0.0,0.0,0.0,1.0,0
1480335789490010410,440,1480335789486613515,,0,0,46.5182991028,6.56633472443,2.77602830977e-40,1.0,0.0,0.0,0.0,1.0,0.0,0.0,0.0,1.0,0
1480335789697410030,441,1480335789694252821,,0,0,46.5183105469,6.56636667252,2.77602830977e-40,1.0,0.0,0.0,0.0,1.0,0.0,0.0,0.0,1.0,0
1480335789892601538,442,1480335789889974324,,0,0,46.5183067322,6.56637191772,2.77602830977e-40,1.0,0.0,0.0,0.0,1.0,0.0,0.0,0.0,1.0,0
1480335790094067674,443,1480335790091554781,,0,0,46.5183067322,6.56636810303,2.77602830977e-40,1.0,0.0,0.0,0.0,1.0,0.0,0.0,0.0,1.0,0
1480335790277842677,444,1480335790275190047,,0,0,46.5183258057,6.5663728714,2.77602830977e-40,1.0,0.0,0.0,0.0,1.0,0.0,0.0,0.0,1.0,0
1480335790492401604,445,1480335790489868607,,0,0,46.518321991,6.56635951996,2.77602830977e-40,1.0,0.0,0.0,0.0,1.0,0.0,0.0,0.0,1.0,0
1480335790689003098,446,1480335790685383342,,0,0,46.5183296204,6.56635665894,2.77602830977e-40,1.0,0.0,0.0,0.0,1.0,0.0,0.0,0.0,1.0,0
1480335790892930773,447,1480335790890355537,,0,0,46.5183334351,6.56637716293,2.77602830977e-40,1.0,0.0,0.0,0.0,1.0,0.0,0.0,0.0,1.0,0
1480335791091416572,448,1480335791087100364,,0,0,46.5183410645,6.56638002396,2.77602830977e-40,1.0,0.0,0.0,0.0,1.0,0.0,0.0,0.0,1.0,0
1480335791295287893,449,1480335791292305526,,0,0,46.5183410645,6.56638002396,2.77602830977e-40,1.0,0.0,0.0,0.0,1.0,0.0,0.0,0.0,1.0,0
1480335791493068908,450,1480335791489090665,,0,0,46.5183372498,6.56639146805,2.77602830977e-40,1.0,0.0,0.0,0.0,1.0,0.0,0.0,0.0,1.0,0
1480335791684643940,451,1480335791681275952,,0,0,46.5183448792,6.56640052795,2.77602830977e-40,1.0,0.0,0.0,0.0,1.0,0.0,0.0,0.0,1.0,0
1480335791776367642,452,1480335791773244547,,0,0,46.5183410645,6.56640434265,2.77602830977e-40,1.0,0.0,0.0,0.0,1.0,0.0,0.0,0.0,1.0,0
1480335791901148056,453,1480335791897608663,,0,0,46.5183525085,6.56640434265,2.77602830977e-40,1.0,0.0,0.0,0.0,1.0,0.0,0.0,0.0,1.0,0
1480335792093394020,454,1480335792090207801,,0,0,46.5183448792,6.56640672684,2.77602830977e-40,1.0,0.0,0.0,0.0,1.0,0.0,0.0,0.0,1.0,0
1480335792287974284,455,1480335792283333912,,0,0,46.5183448792,6.56641626358,2.77602830977e-40,1.0,0.0,0.0,0.0,1.0,0.0,0.0,0.0,1.0,0
1480335792480782795,456,1480335792479065311,,0,0,46.5183448792,6.5664229393,2.77602830977e-40,1.0,0.0,0.0,0.0,1.0,0.0,0.0,0.0,1.0,0
1480335792687459297,457,1480335792684023757,,0,0,46.5183563232,6.56642341614,2.77602830977e-40,1.0,0.0,0.0,0.0,1.0,0.0,0.0,0.0,1.0,0
1480335792906107194,458,1480335792901343490,,0,0,46.5183563232,6.56642723083,2.77602830977e-40,1.0,0.0,0.0,0.0,1.0,0.0,0.0,0.0,1.0,0
1480335793078543401,459,1480335793076852844,,0,0,46.5183601379,6.56642961502,2.77602830977e-40,1.0,0.0,0.0,0.0,1.0,0.0,0.0,0.0,1.0,0
1480335793182245581,460,1480335793178749625,,0,0,46.5183639526,6.56642580032,2.77602830977e-40,1.0,0.0,0.0,0.0,1.0,0.0,0.0,0.0,1.0,0
1480335793295150172,461,1480335793291745205,,0,0,46.5183601379,6.56642198563,2.77602830977e-40,1.0,0.0,0.0,0.0,1.0,0.0,0.0,0.0,1.0,0
1480335793488554249,462,1480335793484735120,,0,0,46.5183601379,6.56642246246,2.77602830977e-40,1.0,0.0,0.0,0.0,1.0,0.0,0.0,0.0,1.0,0
1480335793691433340,463,1480335793688667429,,0,0,46.5183677673,6.56643199921,2.77602830977e-40,1.0,0.0,0.0,0.0,1.0,0.0,0.0,0.0,1.0,0
1480335793896533555,464,1480335793893901549,,0,0,46.5183753967,6.56644105911,2.77602830977e-40,1.0,0.0,0.0,0.0,1.0,0.0,0.0,0.0,1.0,0
1480335794092072092,465,1480335794089070193,,0,0,46.5183792114,6.56644582748,2.77602830977e-40,1.0,0.0,0.0,0.0,1.0,0.0,0.0,0.0,1.0,0
1480335794288158800,466,1480335794284401544,,0,0,46.5183792114,6.56645154953,2.77602830977e-40,1.0,0.0,0.0,0.0,1.0,0.0,0.0,0.0,1.0,0
1480335794473112750,467,1480335794470764231,,0,0,46.5183753967,6.56645393372,2.77602830977e-40,1.0,0.0,0.0,0.0,1.0,0.0,0.0,0.0,1.0,0
1480335794578478352,468,1480335794573412775,,0,0,46.5183792114,6.56645774841,2.77602830977e-40,1.0,0.0,0.0,0.0,1.0,0.0,0.0,0.0,1.0,0
1480335794690560503,469,1480335794687744957,,0,0,46.5183792114,6.56646060944,2.77602830977e-40,1.0,0.0,0.0,0.0,1.0,0.0,0.0,0.0,1.0,0
1480335794891131751,470,1480335794884732542,,0,0,46.5183868408,6.56647253036,2.77602830977e-40,1.0,0.0,0.0,0.0,1.0,0.0,0.0,0.0,1.0,0
1480335795102134045,471,1480335795100570154,,0,0,46.5183868408,6.56647634506,2.77602830977e-40,1.0,0.0,0.0,0.0,1.0,0.0,0.0,0.0,1.0,0
1480335795290897594,472,1480335795285165202,,0,0,46.5183944702,6.5664896965,2.77602830977e-40,1.0,0.0,0.0,0.0,1.0,0.0,0.0,0.0,1.0,0
1480335795490958743,473,1480335795488544548,,0,0,46.5183944702,6.56649589539,2.77602830977e-40,1.0,0.0,0.0,0.0,1.0,0.0,0.0,0.0,1.0,0
1480335795700608081,474,1480335795697961128,,0,0,46.5183982849,6.56649637222,2.77602830977e-40,1.0,0.0,0.0,0.0,1.0,0.0,0.0,0.0,1.0,0
1480335795880716193,475,1480335795877847783,,0,0,46.5183982849,6.56649875641,2.77602830977e-40,1.0,0.0,0.0,0.0,1.0,0.0,0.0,0.0,1.0,0
1480335795993396203,476,1480335795990539356,,0,0,46.5184020996,6.56650209427,2.77602830977e-40,1.0,0.0,0.0,0.0,1.0,0.0,0.0,0.0,1.0,0
1480335796193908963,477,1480335796188754273,,0,0,46.5183982849,6.56649875641,2.77602830977e-40,1.0,0.0,0.0,0.0,1.0,0.0,0.0,0.0,1.0,0
1480335796386550756,478,1480335796383941041,,0,0,46.5183982849,6.56649780273,2.77602830977e-40,1.0,0.0,0.0,0.0,1.0,0.0,0.0,0.0,1.0,0
1480335796583790265,479,1480335796580995969,,0,0,46.5184020996,6.56650304794,2.77602830977e-40,1.0,0.0,0.0,0.0,1.0,0.0,0.0,0.0,1.0,0
1480335796790418695,480,1480335796788256476,,0,0,46.5184020996,6.56650209427,2.77602830977e-40,1.0,0.0,0.0,0.0,1.0,0.0,0.0,0.0,1.0,0
1480335796994400379,481,1480335796990401147,,0,0,46.5184020996,6.5665063858,2.77602830977e-40,1.0,0.0,0.0,0.0,1.0,0.0,0.0,0.0,1.0,0
1480335797176646075,482,1480335797173970528,,0,0,46.5184059143,6.56650972366,2.77602830977e-40,1.0,0.0,0.0,0.0,1.0,0.0,0.0,0.0,1.0,0
1480335797269185133,483,1480335797265483970,,0,0,46.5184059143,6.56650781631,2.77602830977e-40,1.0,0.0,0.0,0.0,1.0,0.0,0.0,0.0,1.0,0
1480335797381449157,484,1480335797378958869,,0,0,46.5184059143,6.56650781631,2.77602830977e-40,1.0,0.0,0.0,0.0,1.0,0.0,0.0,0.0,1.0,0
1480335797593603732,485,1480335797591263129,,0,0,46.5184059143,6.56650733948,2.77602830977e-40,1.0,0.0,0.0,0.0,1.0,0.0,0.0,0.0,1.0,0
1480335797789815491,486,1480335797786485783,,0,0,46.518409729,6.56651306152,2.77602830977e-40,1.0,0.0,0.0,0.0,1.0,0.0,0.0,0.0,1.0,0
1480335797991949224,487,1480335797982211974,,0,0,46.5184135437,6.56651830673,2.77602830977e-40,1.0,0.0,0.0,0.0,1.0,0.0,0.0,0.0,1.0,0
1480335798191383452,488,1480335798189728468,,0,0,46.518409729,6.56651639938,2.77602830977e-40,1.0,0.0,0.0,0.0,1.0,0.0,0.0,0.0,1.0,0
1480335798394409104,489,1480335798386559700,,0,0,46.5184135437,6.56651878357,2.77602830977e-40,1.0,0.0,0.0,0.0,1.0,0.0,0.0,0.0,1.0,0
1480335798587298186,490,1480335798585775493,,0,0,46.5184135437,6.56652164459,2.77602830977e-40,1.0,0.0,0.0,0.0,1.0,0.0,0.0,0.0,1.0,0
1480335798793126155,491,1480335798789377024,,0,0,46.5184173584,6.56653165817,2.77602830977e-40,1.0,0.0,0.0,0.0,1.0,0.0,0.0,0.0,1.0,0
1480335798985006601,492,1480335798983008704,,0,0,46.5184249878,6.56653928757,2.77602830977e-40,1.0,0.0,0.0,0.0,1.0,0.0,0.0,0.0,1.0,0
1480335799190112441,493,1480335799187846317,,0,0,46.5184249878,6.5665435791,2.77602830977e-40,1.0,0.0,0.0,0.0,1.0,0.0,0.0,0.0,1.0,0
1480335799395975618,494,1480335799392331591,,0,0,46.5184288025,6.56654834747,2.77602830977e-40,1.0,0.0,0.0,0.0,1.0,0.0,0.0,0.0,1.0,0
1480335799589785681,495,1480335799587709087,,0,0,46.5184326172,6.56655359268,2.77602830977e-40,1.0,0.0,0.0,0.0,1.0,0.0,0.0,0.0,1.0,0
1480335799806445212,496,1480335799801614478,,0,0,46.5184326172,6.56655836105,2.77602830977e-40,1.0,0.0,0.0,0.0,1.0,0.0,0.0,0.0,1.0,0
1480335799978985845,497,1480335799976937375,,0,0,46.5184364319,6.56656122208,2.77602830977e-40,1.0,0.0,0.0,0.0,1.0,0.0,0.0,0.0,1.0,0
1480335800083573589,498,1480335800080241798,,0,0,46.5184326172,6.56655073166,2.77602830977e-40,1.0,0.0,0.0,0.0,1.0,0.0,0.0,0.0,1.0,0
1480335800290515297,499,1480335800286515440,,0,0,46.5184364319,6.56655216217,2.77602830977e-40,1.0,0.0,0.0,0.0,1.0,0.0,0.0,0.0,1.0,0
1480335800494508075,500,1480335800491698466,,0,0,46.5184364319,6.56654787064,2.77602830977e-40,1.0,0.0,0.0,0.0,1.0,0.0,0.0,0.0,1.0,0
1480335800699778705,501,1480335800696007908,,0,0,46.5184364319,6.56654405594,2.77602830977e-40,1.0,0.0,0.0,0.0,1.0,0.0,0.0,0.0,1.0,0
1480335800891505872,502,1480335800888380016,,0,0,46.5184402466,6.56655693054,2.77602830977e-40,1.0,0.0,0.0,0.0,1.0,0.0,0.0,0.0,1.0,0
1480335801097104988,503,1480335801093601897,,0,0,46.518447876,6.56656932831,2.77602830977e-40,1.0,0.0,0.0,0.0,1.0,0.0,0.0,0.0,1.0,0
1480335801291594056,504,1480335801289995373,,0,0,46.518447876,6.56656885147,2.77602830977e-40,1.0,0.0,0.0,0.0,1.0,0.0,0.0,0.0,1.0,0
1480335801488060031,505,1480335801485736147,,0,0,46.5184555054,6.56659221649,2.77602830977e-40,1.0,0.0,0.0,0.0,1.0,0.0,0.0,0.0,1.0,0
1480335801694387474,506,1480335801690996569,,0,0,46.5184555054,6.56658601761,2.77602830977e-40,1.0,0.0,0.0,0.0,1.0,0.0,0.0,0.0,1.0,0
1480335801889712522,507,1480335801885749904,,0,0,46.5184555054,6.56658601761,2.77602830977e-40,1.0,0.0,0.0,0.0,1.0,0.0,0.0,0.0,1.0,0
1480335802094973569,508,1480335802090134293,,0,0,46.5184593201,6.56658363342,2.77602830977e-40,1.0,0.0,0.0,0.0,1.0,0.0,0.0,0.0,1.0,0
1480335802296095698,509,1480335802293915927,,0,0,46.5184593201,6.56658315659,2.77602830977e-40,1.0,0.0,0.0,0.0,1.0,0.0,0.0,0.0,1.0,0
1480335802492189489,510,1480335802488346714,,0,0,46.5184631348,6.56659460068,2.77602830977e-40,1.0,0.0,0.0,0.0,1.0,0.0,0.0,0.0,1.0,0
1480335802683797074,511,1480335802681405482,,0,0,46.5184669495,6.56660079956,2.77602830977e-40,1.0,0.0,0.0,0.0,1.0,0.0,0.0,0.0,1.0,0
1480335802879377380,512,1480335802877382556,,0,0,46.5184745789,6.56661176682,2.77602830977e-40,1.0,0.0,0.0,0.0,1.0,0.0,0.0,0.0,1.0,0
1480335803086982519,513,1480335803084543532,,0,0,46.5184745789,6.56661319733,2.77602830977e-40,1.0,0.0,0.0,0.0,1.0,0.0,0.0,0.0,1.0,0
1480335803292343982,514,1480335803290009161,,0,0,46.5184783936,6.56661891937,2.77602830977e-40,1.0,0.0,0.0,0.0,1.0,0.0,0.0,0.0,1.0,0
1480335803492201018,515,1480335803488098558,,0,0,46.5184822083,6.56662893295,2.77602830977e-40,1.0,0.0,0.0,0.0,1.0,0.0,0.0,0.0,1.0,0
1480335803686379412,516,1480335803684277296,,0,0,46.5184783936,6.56661081314,2.77602830977e-40,1.0,0.0,0.0,0.0,1.0,0.0,0.0,0.0,1.0,0
1480335803904202942,517,1480335803900231209,,0,0,46.5184326172,6.56660556793,2.77602830977e-40,1.0,0.0,0.0,0.0,1.0,0.0,0.0,0.0,1.0,0
1480335804107222292,518,1480335804105363143,,0,0,46.5184402466,6.56660985947,2.77602830977e-40,1.0,0.0,0.0,0.0,1.0,0.0,0.0,0.0,1.0,0
1480335804302561246,519,1480335804299597733,,0,0,46.518447876,6.56661653519,2.77602830977e-40,1.0,0.0,0.0,0.0,1.0,0.0,0.0,0.0,1.0,0
1480335804506221371,520,1480335804502408491,,0,0,46.5184440613,6.56661701202,2.77602830977e-40,1.0,0.0,0.0,0.0,1.0,0.0,0.0,0.0,1.0,0
1480335804711950070,521,1480335804710375450,,0,0,46.5184440613,6.56662034988,2.77602830977e-40,1.0,0.0,0.0,0.0,1.0,0.0,0.0,0.0,1.0,0
1480335804909037185,522,1480335804906648875,,0,0,46.5184440613,6.56662321091,2.77602830977e-40,1.0,0.0,0.0,0.0,1.0,0.0,0.0,0.0,1.0,0
1480335805098075003,523,1480335805095079302,,0,0,46.5184516907,6.56662654877,2.77602830977e-40,1.0,0.0,0.0,0.0,1.0,0.0,0.0,0.0,1.0,0
1480335805201344478,524,1480335805198661796,,0,0,46.5184516907,6.56662845612,2.77602830977e-40,1.0,0.0,0.0,0.0,1.0,0.0,0.0,0.0,1.0,0
1480335805408416602,525,1480335805406576359,,0,0,46.5184555054,6.56663131714,2.77602830977e-40,1.0,0.0,0.0,0.0,1.0,0.0,0.0,0.0,1.0,0
1480335805583990486,526,1480335805581098795,,0,0,46.5184555054,6.566634655,2.77602830977e-40,1.0,0.0,0.0,0.0,1.0,0.0,0.0,0.0,1.0,0
1480335805709439801,527,1480335805705496609,,0,0,46.5184593201,6.56663560867,2.77602830977e-40,1.0,0.0,0.0,0.0,1.0,0.0,0.0,0.0,1.0,0
1480335805907364720,528,1480335805901962793,,0,0,46.5184593201,6.56663894653,2.77602830977e-40,1.0,0.0,0.0,0.0,1.0,0.0,0.0,0.0,1.0,0
1480335806112442383,529,1480335806109995167,,0,0,46.5184631348,6.56664276123,2.77602830977e-40,1.0,0.0,0.0,0.0,1.0,0.0,0.0,0.0,1.0,0
1480335806306972284,530,1480335806300189901,,0,0,46.5184707642,6.5666475296,2.77602830977e-40,1.0,0.0,0.0,0.0,1.0,0.0,0.0,0.0,1.0,0
1480335806508247796,531,1480335806506048703,,0,0,46.5184669495,6.56664943695,2.77602830977e-40,1.0,0.0,0.0,0.0,1.0,0.0,0.0,0.0,1.0,0
1480335806704570283,532,1480335806702720926,,0,0,46.5184707642,6.56665325165,2.77602830977e-40,1.0,0.0,0.0,0.0,1.0,0.0,0.0,0.0,1.0,0
1480335806892745557,533,1480335806888226225,,0,0,46.518497467,6.56666612625,2.77602830977e-40,1.0,0.0,0.0,0.0,1.0,0.0,0.0,0.0,1.0,0
1480335806994405881,534,1480335806991639658,,0,0,46.5184555054,6.56665706635,2.77602830977e-40,1.0,0.0,0.0,0.0,1.0,0.0,0.0,0.0,1.0,0
1480335807113941763,535,1480335807105197368,,0,0,46.5184593201,6.56665849686,2.77602830977e-40,1.0,0.0,0.0,0.0,1.0,0.0,0.0,0.0,1.0,0
1480335807311571790,536,1480335807307574588,,0,0,46.5184593201,6.56666135788,2.77602830977e-40,1.0,0.0,0.0,0.0,1.0,0.0,0.0,0.0,1.0,0
1480335807506845433,537,1480335807502869377,,0,0,46.5184631348,6.5666642189,2.77602830977e-40,1.0,0.0,0.0,0.0,1.0,0.0,0.0,0.0,1.0,0
1480335807699834983,538,1480335807695273621,,0,0,46.5184631348,6.56666660309,2.77602830977e-40,1.0,0.0,0.0,0.0,1.0,0.0,0.0,0.0,1.0,0
1480335807928773406,539,1480335807927471648,,0,0,46.5184783936,6.56667232513,2.77602830977e-40,1.0,0.0,0.0,0.0,1.0,0.0,0.0,0.0,1.0,0
1480335808104064273,540,1480335808101667577,,0,0,46.5184745789,6.56666994095,2.77602830977e-40,1.0,0.0,0.0,0.0,1.0,0.0,0.0,0.0,1.0,0
1480335808289531604,541,1480335808287878078,,0,0,46.5184707642,6.56666898727,2.77602830977e-40,1.0,0.0,0.0,0.0,1.0,0.0,0.0,0.0,1.0,0
1480335808394390075,542,1480335808392252074,,0,0,46.5185012817,6.56667280197,2.77602830977e-40,1.0,0.0,0.0,0.0,1.0,0.0,0.0,0.0,1.0,0
1480335808497006119,543,1480335808494808588,,0,0,46.5185050964,6.56667280197,2.77602830977e-40,1.0,0.0,0.0,0.0,1.0,0.0,0.0,0.0,1.0,0
1480335808702631590,544,1480335808700467183,,0,0,46.5185089111,6.56667280197,2.77602830977e-40,1.0,0.0,0.0,0.0,1.0,0.0,0.0,0.0,1.0,0
1480335808896977741,545,1480335808894486359,,0,0,46.5185050964,6.56667661667,2.77602830977e-40,1.0,0.0,0.0,0.0,1.0,0.0,0.0,0.0,1.0,0
1480335809101337651,546,1480335809099286525,,0,0,46.5185203552,6.56666517258,2.77602830977e-40,1.0,0.0,0.0,0.0,1.0,0.0,0.0,0.0,1.0,0
1480335809295020164,547,1480335809293038672,,0,0,46.5185165405,6.56666040421,2.77602830977e-40,1.0,0.0,0.0,0.0,1.0,0.0,0.0,0.0,1.0,0
1480335809499663352,548,1480335809497944723,,0,0,46.5185165405,6.56665706635,2.77602830977e-40,1.0,0.0,0.0,0.0,1.0,0.0,0.0,0.0,1.0,0
1480335809693674143,549,1480335809691149948,,0,0,46.5185127258,6.5666513443,2.77602830977e-40,1.0,0.0,0.0,0.0,1.0,0.0,0.0,0.0,1.0,0
1480335809794004115,550,1480335809791442942,,0,0,46.5185127258,6.56664800644,2.77602830977e-40,1.0,0.0,0.0,0.0,1.0,0.0,0.0,0.0,1.0,0
1480335810008560385,551,1480335810006332855,,0,0,46.5185089111,6.56664657593,2.77602830977e-40,1.0,0.0,0.0,0.0,1.0,0.0,0.0,0.0,1.0,0
1480335810203202524,552,1480335810200533123,,0,0,46.5185089111,6.56664991379,2.77602830977e-40,1.0,0.0,0.0,0.0,1.0,0.0,0.0,0.0,1.0,0
1480335810396668424,553,1480335810393403976,,0,0,46.5185089111,6.56664896011,2.77602830977e-40,1.0,0.0,0.0,0.0,1.0,0.0,0.0,0.0,1.0,0
1480335810601090260,554,1480335810599042676,,0,0,46.5185089111,6.56664896011,2.77602830977e-40,1.0,0.0,0.0,0.0,1.0,0.0,0.0,0.0,1.0,0
1480335810807489890,555,1480335810805268140,,0,0,46.5185089111,6.56664991379,2.77602830977e-40,1.0,0.0,0.0,0.0,1.0,0.0,0.0,0.0,1.0,0
1480335810991935408,556,1480335810989019863,,0,0,46.5185089111,6.56664991379,2.77602830977e-40,1.0,0.0,0.0,0.0,1.0,0.0,0.0,0.0,1.0,0
1480335811092965843,557,1480335811090474825,,0,0,46.5186004639,6.5665345192,2.77602830977e-40,1.0,0.0,0.0,0.0,1.0,0.0,0.0,0.0,1.0,0
1480335811217381365,558,1480335811214194677,,0,0,46.5186042786,6.56653165817,2.77602830977e-40,1.0,0.0,0.0,0.0,1.0,0.0,0.0,0.0,1.0,0
1480335811386055472,559,1480335811384209084,,0,0,46.5185775757,6.56664991379,2.77602830977e-40,1.0,0.0,0.0,0.0,1.0,0.0,0.0,0.0,1.0,0
1480335811591877295,560,1480335811589380131,,0,0,46.5185470581,6.56660413742,2.77602830977e-40,1.0,0.0,0.0,0.0,1.0,0.0,0.0,0.0,1.0,0
1480335811691889041,561,1480335811689810363,,0,0,46.5185432434,6.56660604477,2.77602830977e-40,1.0,0.0,0.0,0.0,1.0,0.0,0.0,0.0,1.0,0
1480335811802582560,562,1480335811800104094,,0,0,46.5185394287,6.56661081314,2.77602830977e-40,1.0,0.0,0.0,0.0,1.0,0.0,0.0,0.0,1.0,0
1480335811986292773,563,1480335811984529456,,0,0,46.5185394287,6.56661176682,2.77602830977e-40,1.0,0.0,0.0,0.0,1.0,0.0,0.0,0.0,1.0,0
1480335812088623455,564,1480335812085620047,,0,0,46.5185279846,6.56663274765,2.77602830977e-40,1.0,0.0,0.0,0.0,1.0,0.0,0.0,0.0,1.0,0
1480335812198694636,565,1480335812196178827,,0,0,46.5185203552,6.56664180756,2.77602830977e-40,1.0,0.0,0.0,0.0,1.0,0.0,0.0,0.0,1.0,0
1480335812393906509,566,1480335812391784915,,0,0,46.5185203552,6.56664276123,2.77602830977e-40,1.0,0.0,0.0,0.0,1.0,0.0,0.0,0.0,1.0,0
1480335812496218077,567,1480335812492965140,,0,0,46.5185127258,6.56663370132,2.77602830977e-40,1.0,0.0,0.0,0.0,1.0,0.0,0.0,0.0,1.0,0
1480335812608351166,568,1480335812606162541,,0,0,46.5185165405,6.56663799286,2.77602830977e-40,1.0,0.0,0.0,0.0,1.0,0.0,0.0,0.0,1.0,0
1480335812811177028,569,1480335812809297879,,0,0,46.5185165405,6.56663990021,2.77602830977e-40,1.0,0.0,0.0,0.0,1.0,0.0,0.0,0.0,1.0,0
1480335813036544079,570,1480335813034341600,,0,0,46.5185203552,6.56664133072,2.77602830977e-40,1.0,0.0,0.0,0.0,1.0,0.0,0.0,0.0,1.0,0
1480335813209976995,571,1480335813207057075,,0,0,46.5185890198,6.56652784348,2.77602830977e-40,1.0,0.0,0.0,0.0,1.0,0.0,0.0,0.0,1.0,0
1480335813404913193,572,1480335813401050314,,0,0,46.5185585022,6.56663417816,2.77602830977e-40,1.0,0.0,0.0,0.0,1.0,0.0,0.0,0.0,1.0,0
1480335813608941648,573,1480335813607012656,,0,0,46.5185661316,6.56663656235,2.77602830977e-40,1.0,0.0,0.0,0.0,1.0,0.0,0.0,0.0,1.0,0
1480335813804755702,574,1480335813801776981,,0,0,46.5185661316,6.56663608551,2.77602830977e-40,1.0,0.0,0.0,0.0,1.0,0.0,0.0,0.0,1.0,0
1480335814008916083,575,1480335814004629770,,0,0,46.5185546875,6.56663560867,2.77602830977e-40,1.0,0.0,0.0,0.0,1.0,0.0,0.0,0.0,1.0,0
1480335814214404002,576,1480335814211834600,,0,0,46.5185508728,6.56664276123,2.77602830977e-40,1.0,0.0,0.0,0.0,1.0,0.0,0.0,0.0,1.0,0
1480335814411049663,577,1480335814406409604,,0,0,46.5185623169,6.56663274765,2.77602830977e-40,1.0,0.0,0.0,0.0,1.0,0.0,0.0,0.0,1.0,0
1480335814614336250,578,1480335814610529099,,0,0,46.5185623169,6.56663513184,2.77602830977e-40,1.0,0.0,0.0,0.0,1.0,0.0,0.0,0.0,1.0,0
1480335814812177941,579,1480335814810123795,,0,0,46.5185623169,6.56663513184,2.77602830977e-40,1.0,0.0,0.0,0.0,1.0,0.0,0.0,0.0,1.0,0
