%time,field.header.seq,field.header.stamp,field.header.frame_id,field.status.status,field.status.service,field.latitude,field.longitude,field.altitude,field.position_covariance0,field.position_covariance1,field.position_covariance2,field.position_covariance3,field.position_covariance4,field.position_covariance5,field.position_covariance6,field.position_covariance7,field.position_covariance8,field.position_covariance_type
1480971345562098483,104,1480971345557137198,,0,0,46.5185203552,6.56668281555,2.77602830977e-40,1.0,0.0,0.0,0.0,1.0,0.0,0.0,0.0,1.0,0
1480971345661882258,105,1480971345656202381,,0,0,46.5185203552,6.56668281555,2.77602830977e-40,1.0,0.0,0.0,0.0,1.0,0.0,0.0,0.0,1.0,0
1480971345760197131,106,1480971345756269384,,0,0,46.5185089111,6.5666809082,2.77602830977e-40,1.0,0.0,0.0,0.0,1.0,0.0,0.0,0.0,1.0,0
1480971345858757525,107,1480971345856268054,,0,0,46.5185089111,6.5666809082,2.77602830977e-40,1.0,0.0,0.0,0.0,1.0,0.0,0.0,0.0,1.0,0
1480971345961337384,108,1480971345956513651,,0,0,46.5185089111,6.5666885376,2.77602830977e-40,1.0,0.0,0.0,0.0,1.0,0.0,0.0,0.0,1.0,0
1480971346060322985,109,1480971346056209822,,0,0,46.5185089111,6.5666885376,2.77602830977e-40,1.0,0.0,0.0,0.0,1.0,0.0,0.0,0.0,1.0,0
1480971346161862327,110,1480971346156668125,,0,0,46.5185089111,6.56668281555,2.77602830977e-40,1.0,0.0,0.0,0.0,1.0,0.0,0.0,0.0,1.0,0
1480971346262461203,111,1480971346256226797,,0,0,46.5185089111,6.56668281555,2.77602830977e-40,1.0,0.0,0.0,0.0,1.0,0.0,0.0,0.0,1.0,0
1480971346359151342,112,1480971346356268227,,0,0,46.5185127258,6.56668519974,2.77602830977e-40,1.0,0.0,0.0,0.0,1.0,0.0,0.0,0.0,1.0,0
1480971346462608855,113,1480971346456726635,,0,0,46.5185127258,6.56668519974,2.77602830977e-40,1.0,0.0,0.0,0.0,1.0,0.0,0.0,0.0,1.0,0
1480971346564063718,114,1480971346557096398,,0,0,46.5185241699,6.56669187546,2.77602830977e-40,1.0,0.0,0.0,0.0,1.0,0.0,0.0,0.0,1.0,0
1480971346665090249,115,1480971346657160849,,0,0,46.5185241699,6.56669187546,2.77602830977e-40,1.0,0.0,0.0,0.0,1.0,0.0,0.0,0.0,1.0,0
1480971346760329404,116,1480971346756296917,,0,0,46.5185241699,6.56668710709,2.77602830977e-40,1.0,0.0,0.0,0.0,1.0,0.0,0.0,0.0,1.0,0
1480971346860065418,117,1480971346856217775,,0,0,46.5185241699,6.56668710709,2.77602830977e-40,1.0,0.0,0.0,0.0,1.0,0.0,0.0,0.0,1.0,0
1480971346961153355,118,1480971346956275351,,0,0,46.5185089111,6.56669950485,2.77602830977e-40,1.0,0.0,0.0,0.0,1.0,0.0,0.0,0.0,1.0,0
1480971347060556871,119,1480971347056232667,,0,0,46.5185089111,6.56669950485,2.77602830977e-40,1.0,0.0,0.0,0.0,1.0,0.0,0.0,0.0,1.0,0
1480971347161859599,120,1480971347156289045,,0,0,46.5185317993,6.56671285629,2.77602830977e-40,1.0,0.0,0.0,0.0,1.0,0.0,0.0,0.0,1.0,0
1480971347259780672,121,1480971347256311621,,0,0,46.5185317993,6.56671285629,2.77602830977e-40,1.0,0.0,0.0,0.0,1.0,0.0,0.0,0.0,1.0,0
1480971347359339135,122,1480971347356274510,,0,0,46.518535614,6.56672620773,2.77602830977e-40,1.0,0.0,0.0,0.0,1.0,0.0,0.0,0.0,1.0,0
1480971347460195719,123,1480971347456489482,,0,0,46.518535614,6.56672620773,2.77602830977e-40,1.0,0.0,0.0,0.0,1.0,0.0,0.0,0.0,1.0,0
1480971347562546412,124,1480971347558260750,,0,0,46.5185317993,6.5667219162,2.77602830977e-40,1.0,0.0,0.0,0.0,1.0,0.0,0.0,0.0,1.0,0
1480971347659616863,125,1480971347656787706,,0,0,46.5185317993,6.5667219162,2.77602830977e-40,1.0,0.0,0.0,0.0,1.0,0.0,0.0,0.0,1.0,0
1480971347758404808,126,1480971347756261638,,0,0,46.5185203552,6.56669712067,2.77602830977e-40,1.0,0.0,0.0,0.0,1.0,0.0,0.0,0.0,1.0,0
1480971347859516339,127,1480971347856201246,,0,0,46.5185203552,6.56669712067,2.77602830977e-40,1.0,0.0,0.0,0.0,1.0,0.0,0.0,0.0,1.0,0
1480971347963182340,128,1480971347956355280,,0,0,46.5185241699,6.56669521332,2.77602830977e-40,1.0,0.0,0.0,0.0,1.0,0.0,0.0,0.0,1.0,0
1480971348060671019,129,1480971348056249784,,0,0,46.5185241699,6.56669521332,2.77602830977e-40,1.0,0.0,0.0,0.0,1.0,0.0,0.0,0.0,1.0,0
1480971348171832880,130,1480971348166908365,,0,0,46.5185127258,6.56669092178,2.77602830977e-40,1.0,0.0,0.0,0.0,1.0,0.0,0.0,0.0,1.0,0
1480971348259081958,131,1480971348256216655,,0,0,46.5185127258,6.56669092178,2.77602830977e-40,1.0,0.0,0.0,0.0,1.0,0.0,0.0,0.0,1.0,0
1480971348362872802,132,1480971348357537456,,0,0,46.5185050964,6.56670665741,2.77602830977e-40,1.0,0.0,0.0,0.0,1.0,0.0,0.0,0.0,1.0,0
1480971348458327894,133,1480971348456222380,,0,0,46.5185050964,6.56670665741,2.77602830977e-40,1.0,0.0,0.0,0.0,1.0,0.0,0.0,0.0,1.0,0
1480971348560403901,134,1480971348557039589,,0,0,46.5185050964,6.56669425964,2.77602830977e-40,1.0,0.0,0.0,0.0,1.0,0.0,0.0,0.0,1.0,0
1480971348658297734,135,1480971348656209564,,0,0,46.5185050964,6.56669425964,2.77602830977e-40,1.0,0.0,0.0,0.0,1.0,0.0,0.0,0.0,1.0,0
1480971348759507442,136,1480971348756276411,,0,0,46.5185165405,6.56670951843,2.77602830977e-40,1.0,0.0,0.0,0.0,1.0,0.0,0.0,0.0,1.0,0
1480971348860680274,137,1480971348856220966,,0,0,46.5185165405,6.56670951843,2.77602830977e-40,1.0,0.0,0.0,0.0,1.0,0.0,0.0,0.0,1.0,0
1480971348959820197,138,1480971348956476458,,0,0,46.5185203552,6.5667052269,2.77602830977e-40,1.0,0.0,0.0,0.0,1.0,0.0,0.0,0.0,1.0,0
1480971349058025227,139,1480971349056199400,,0,0,46.5185203552,6.5667052269,2.77602830977e-40,1.0,0.0,0.0,0.0,1.0,0.0,0.0,0.0,1.0,0
1480971349159277435,140,1480971349156270466,,0,0,46.518535614,6.56670570374,2.77602830977e-40,1.0,0.0,0.0,0.0,1.0,0.0,0.0,0.0,1.0,0
1480971349261165109,141,1480971349256214448,,0,0,46.518535614,6.56670570374,2.77602830977e-40,1.0,0.0,0.0,0.0,1.0,0.0,0.0,0.0,1.0,0
1480971349359130661,142,1480971349356954105,,0,0,46.5185279846,6.56669473648,2.77602830977e-40,1.0,0.0,0.0,0.0,1.0,0.0,0.0,0.0,1.0,0
1480971349460562972,143,1480971349456254392,,0,0,46.5185279846,6.56669473648,2.77602830977e-40,1.0,0.0,0.0,0.0,1.0,0.0,0.0,0.0,1.0,0
1480971349558171441,144,1480971349556283375,,0,0,46.5185279846,6.56669235229,2.77602830977e-40,1.0,0.0,0.0,0.0,1.0,0.0,0.0,0.0,1.0,0
1480971349658730943,145,1480971349656200378,,0,0,46.5185279846,6.56669235229,2.77602830977e-40,1.0,0.0,0.0,0.0,1.0,0.0,0.0,0.0,1.0,0
1480971349759312319,146,1480971349756378319,,0,0,46.5185241699,6.56668233871,2.77602830977e-40,1.0,0.0,0.0,0.0,1.0,0.0,0.0,0.0,1.0,0
1480971349863257069,147,1480971349856202770,,0,0,46.5185241699,6.56668233871,2.77602830977e-40,1.0,0.0,0.0,0.0,1.0,0.0,0.0,0.0,1.0,0
1480971349958452110,148,1480971349956281492,,0,0,46.5185089111,6.56666517258,2.77602830977e-40,1.0,0.0,0.0,0.0,1.0,0.0,0.0,0.0,1.0,0
1480971350058706821,149,1480971350056218756,,0,0,46.5185089111,6.56666517258,2.77602830977e-40,1.0,0.0,0.0,0.0,1.0,0.0,0.0,0.0,1.0,0
1480971350159708977,150,1480971350157202944,,0,0,46.5185203552,6.56668519974,2.77602830977e-40,1.0,0.0,0.0,0.0,1.0,0.0,0.0,0.0,1.0,0
1480971350260978944,151,1480971350256165680,,0,0,46.5185203552,6.56668519974,2.77602830977e-40,1.0,0.0,0.0,0.0,1.0,0.0,0.0,0.0,1.0,0
1480971350359419130,152,1480971350356312318,,0,0,46.5185127258,6.56668186188,2.77602830977e-40,1.0,0.0,0.0,0.0,1.0,0.0,0.0,0.0,1.0,0
1480971350460079621,153,1480971350456210155,,0,0,46.5185127258,6.56668186188,2.77602830977e-40,1.0,0.0,0.0,0.0,1.0,0.0,0.0,0.0,1.0,0
1480971350565253325,154,1480971350557251686,,0,0,46.5185127258,6.56667661667,2.77602830977e-40,1.0,0.0,0.0,0.0,1.0,0.0,0.0,0.0,1.0,0
1480971350660512584,155,1480971350656608848,,0,0,46.5185127258,6.56667661667,2.77602830977e-40,1.0,0.0,0.0,0.0,1.0,0.0,0.0,0.0,1.0,0
1480971350759427664,156,1480971350757543452,,0,0,46.5185165405,6.56667709351,2.77602830977e-40,1.0,0.0,0.0,0.0,1.0,0.0,0.0,0.0,1.0,0
1480971350859512949,157,1480971350856763427,,0,0,46.5185165405,6.56667709351,2.77602830977e-40,1.0,0.0,0.0,0.0,1.0,0.0,0.0,0.0,1.0,0
1480971350959096516,158,1480971350956294911,,0,0,46.5185203552,6.56667518616,2.77602830977e-40,1.0,0.0,0.0,0.0,1.0,0.0,0.0,0.0,1.0,0
1480971351060090755,159,1480971351056680194,,0,0,46.5185203552,6.56667518616,2.77602830977e-40,1.0,0.0,0.0,0.0,1.0,0.0,0.0,0.0,1.0,0
1480971351159976249,160,1480971351156735114,,0,0,46.5185241699,6.5666809082,2.77602830977e-40,1.0,0.0,0.0,0.0,1.0,0.0,0.0,0.0,1.0,0
1480971351263200324,161,1480971351256471128,,0,0,46.5185241699,6.5666809082,2.77602830977e-40,1.0,0.0,0.0,0.0,1.0,0.0,0.0,0.0,1.0,0
1480971351363497066,162,1480971351356904016,,0,0,46.5185203552,6.56667232513,2.77602830977e-40,1.0,0.0,0.0,0.0,1.0,0.0,0.0,0.0,1.0,0
1480971351463419486,163,1480971351456869196,,0,0,46.5185203552,6.56667232513,2.77602830977e-40,1.0,0.0,0.0,0.0,1.0,0.0,0.0,0.0,1.0,0
1480971351562993991,164,1480971351557158698,,0,0,46.5185165405,6.56668663025,2.77602830977e-40,1.0,0.0,0.0,0.0,1.0,0.0,0.0,0.0,1.0,0
1480971351664729374,165,1480971351657724919,,0,0,46.5185165405,6.56668663025,2.77602830977e-40,1.0,0.0,0.0,0.0,1.0,0.0,0.0,0.0,1.0,0
1480971351758715304,166,1480971351756251354,,0,0,46.5185165405,6.56668949127,2.77602830977e-40,1.0,0.0,0.0,0.0,1.0,0.0,0.0,0.0,1.0,0
1480971351858077778,167,1480971351856209139,,0,0,46.5185165405,6.56668949127,2.77602830977e-40,1.0,0.0,0.0,0.0,1.0,0.0,0.0,0.0,1.0,0
1480971351961556593,168,1480971351956982441,,0,0,46.5185241699,6.56668519974,2.77602830977e-40,1.0,0.0,0.0,0.0,1.0,0.0,0.0,0.0,1.0,0
1480971352064544784,169,1480971352056873508,,0,0,46.5185241699,6.56668519974,2.77602830977e-40,1.0,0.0,0.0,0.0,1.0,0.0,0.0,0.0,1.0,0
1480971352166173240,170,1480971352157423322,,0,0,46.5185203552,6.56668710709,2.77602830977e-40,1.0,0.0,0.0,0.0,1.0,0.0,0.0,0.0,1.0,0
1480971352261369947,171,1480971352256870796,,0,0,46.5185203552,6.56668710709,2.77602830977e-40,1.0,0.0,0.0,0.0,1.0,0.0,0.0,0.0,1.0,0
1480971352361074816,172,1480971352356942590,,0,0,46.5185317993,6.56669139862,2.77602830977e-40,1.0,0.0,0.0,0.0,1.0,0.0,0.0,0.0,1.0,0
1480971352465115399,173,1480971352458517192,,0,0,46.5185317993,6.56669139862,2.77602830977e-40,1.0,0.0,0.0,0.0,1.0,0.0,0.0,0.0,1.0,0
1480971352560254763,174,1480971352556298214,,0,0,46.5185279846,6.5666847229,2.77602830977e-40,1.0,0.0,0.0,0.0,1.0,0.0,0.0,0.0,1.0,0
1480971352661282231,175,1480971352656579695,,0,0,46.5185279846,6.5666847229,2.77602830977e-40,1.0,0.0,0.0,0.0,1.0,0.0,0.0,0.0,1.0,0
1480971352758559765,176,1480971352756285866,,0,0,46.5185317993,6.56668329239,2.77602830977e-40,1.0,0.0,0.0,0.0,1.0,0.0,0.0,0.0,1.0,0
1480971352861852903,177,1480971352856535056,,0,0,46.5185317993,6.56668329239,2.77602830977e-40,1.0,0.0,0.0,0.0,1.0,0.0,0.0,0.0,1.0,0
1480971352966140829,178,1480971352956266123,,0,0,46.5185317993,6.5666975975,2.77602830977e-40,1.0,0.0,0.0,0.0,1.0,0.0,0.0,0.0,1.0,0
1480971353062016752,179,1480971353056570104,,0,0,46.5185317993,6.5666975975,2.77602830977e-40,1.0,0.0,0.0,0.0,1.0,0.0,0.0,0.0,1.0,0
1480971353163698698,180,1480971353156740961,,0,0,46.5185317993,6.56669139862,2.77602830977e-40,1.0,0.0,0.0,0.0,1.0,0.0,0.0,0.0,1.0,0
1480971353265259290,181,1480971353256595048,,0,0,46.5185317993,6.56669139862,2.77602830977e-40,1.0,0.0,0.0,0.0,1.0,0.0,0.0,0.0,1.0,0
1480971353365266189,182,1480971353356616843,,0,0,46.5185279846,6.56668949127,2.77602830977e-40,1.0,0.0,0.0,0.0,1.0,0.0,0.0,0.0,1.0,0
1480971353462552056,183,1480971353456200983,,0,0,46.5185279846,6.56668949127,2.77602830977e-40,1.0,0.0,0.0,0.0,1.0,0.0,0.0,0.0,1.0,0
1480971353562141300,184,1480971353556266111,,0,0,46.5185279846,6.56668376923,2.77602830977e-40,1.0,0.0,0.0,0.0,1.0,0.0,0.0,0.0,1.0,0
1480971353662706062,185,1480971353657054310,,0,0,46.5185279846,6.56668376923,2.77602830977e-40,1.0,0.0,0.0,0.0,1.0,0.0,0.0,0.0,1.0,0
1480971353762107807,186,1480971353756281264,,0,0,46.5185241699,6.56667757034,2.77602830977e-40,1.0,0.0,0.0,0.0,1.0,0.0,0.0,0.0,1.0,0
1480971353864039751,187,1480971353856590089,,0,0,46.5185241699,6.56667757034,2.77602830977e-40,1.0,0.0,0.0,0.0,1.0,0.0,0.0,0.0,1.0,0
1480971353962509520,188,1480971353956987820,,0,0,46.5185317993,6.56669187546,2.77602830977e-40,1.0,0.0,0.0,0.0,1.0,0.0,0.0,0.0,1.0,0
1480971354067141299,189,1480971354056222795,,0,0,46.5185317993,6.56669187546,2.77602830977e-40,1.0,0.0,0.0,0.0,1.0,0.0,0.0,0.0,1.0,0
1480971354167571739,190,1480971354156836723,,0,0,46.5185317993,6.5666885376,2.77602830977e-40,1.0,0.0,0.0,0.0,1.0,0.0,0.0,0.0,1.0,0
1480971354266764891,191,1480971354256743675,,0,0,46.5185317993,6.5666885376,2.77602830977e-40,1.0,0.0,0.0,0.0,1.0,0.0,0.0,0.0,1.0,0
1480971354363931591,192,1480971354356269482,,0,0,46.5185279846,6.56668663025,2.77602830977e-40,1.0,0.0,0.0,0.0,1.0,0.0,0.0,0.0,1.0,0
1480971354465327548,193,1480971354456215391,,0,0,46.5185279846,6.56668663025,2.77602830977e-40,1.0,0.0,0.0,0.0,1.0,0.0,0.0,0.0,1.0,0
1480971354558318013,194,1480971354556300988,,0,0,46.5185279846,6.56669139862,2.77602830977e-40,1.0,0.0,0.0,0.0,1.0,0.0,0.0,0.0,1.0,0
1480971354663876872,195,1480971354656199919,,0,0,46.5185279846,6.56669139862,2.77602830977e-40,1.0,0.0,0.0,0.0,1.0,0.0,0.0,0.0,1.0,0
1480971354761543154,196,1480971354756276557,,0,0,46.5185279846,6.5666885376,2.77602830977e-40,1.0,0.0,0.0,0.0,1.0,0.0,0.0,0.0,1.0,0
1480971354858333502,197,1480971354856211582,,0,0,46.5185279846,6.5666885376,2.77602830977e-40,1.0,0.0,0.0,0.0,1.0,0.0,0.0,0.0,1.0,0
1480971354962236429,198,1480971354956650250,,0,0,46.5185317993,6.56670284271,2.77602830977e-40,1.0,0.0,0.0,0.0,1.0,0.0,0.0,0.0,1.0,0
1480971355061358592,199,1480971355056643087,,0,0,46.5185317993,6.56670284271,2.77602830977e-40,1.0,0.0,0.0,0.0,1.0,0.0,0.0,0.0,1.0,0
1480971355161878614,200,1480971355156676653,,0,0,46.518535614,6.56670618057,2.77602830977e-40,1.0,0.0,0.0,0.0,1.0,0.0,0.0,0.0,1.0,0
1480971355261740878,201,1480971355256580635,,0,0,46.518535614,6.56670618057,2.77602830977e-40,1.0,0.0,0.0,0.0,1.0,0.0,0.0,0.0,1.0,0
1480971355359663045,202,1480971355356647326,,0,0,46.5185317993,6.56669902802,2.77602830977e-40,1.0,0.0,0.0,0.0,1.0,0.0,0.0,0.0,1.0,0
1480971355460577545,203,1480971355457920523,,0,0,46.5185317993,6.56669902802,2.77602830977e-40,1.0,0.0,0.0,0.0,1.0,0.0,0.0,0.0,1.0,0
1480971355573983513,204,1480971355571139825,,0,0,46.5185203552,6.56668901443,2.77602830977e-40,1.0,0.0,0.0,0.0,1.0,0.0,0.0,0.0,1.0,0
1480971355660219313,205,1480971355657436562,,0,0,46.5185203552,6.56668901443,2.77602830977e-40,1.0,0.0,0.0,0.0,1.0,0.0,0.0,0.0,1.0,0
1480971355871354532,206,1480971355868119699,,0,0,46.5185089111,6.56667137146,2.77602830977e-40,1.0,0.0,0.0,0.0,1.0,0.0,0.0,0.0,1.0,0
1480971355871469063,207,1480971355868754958,,0,0,46.5185089111,6.56667137146,2.77602830977e-40,1.0,0.0,0.0,0.0,1.0,0.0,0.0,0.0,1.0,0
1480971356340904236,208,1480971356337358258,,0,0,46.518497467,6.56664419174,2.77602830977e-40,1.0,0.0,0.0,0.0,1.0,0.0,0.0,0.0,1.0,0
1480971356341340380,209,1480971356338038100,,0,0,46.518497467,6.56664419174,2.77602830977e-40,1.0,0.0,0.0,0.0,1.0,0.0,0.0,0.0,1.0,0
1480971356949324612,210,1480971356945630771,,0,0,46.5184860229,6.56663656235,2.77602830977e-40,1.0,0.0,0.0,0.0,1.0,0.0,0.0,0.0,1.0,0
1480971356950769191,211,1480971356946208842,,0,0,46.5184860229,6.56663656235,2.77602830977e-40,1.0,0.0,0.0,0.0,1.0,0.0,0.0,0.0,1.0,0
1480971357462105367,212,1480971357458094130,,0,0,46.5184593201,6.56660366058,2.77602830977e-40,1.0,0.0,0.0,0.0,1.0,0.0,0.0,0.0,1.0,0
1480971357462140575,213,1480971357458705743,,0,0,46.5184593201,6.56660366058,2.77602830977e-40,1.0,0.0,0.0,0.0,1.0,0.0,0.0,0.0,1.0,0
1480971357961744291,214,1480971357958495135,,0,0,46.5184364319,6.56657600403,2.77602830977e-40,1.0,0.0,0.0,0.0,1.0,0.0,0.0,0.0,1.0,0
1480971357962027102,215,1480971357959074664,,0,0,46.5184364319,6.56657600403,2.77602830977e-40,1.0,0.0,0.0,0.0,1.0,0.0,0.0,0.0,1.0,0
1480971358466117834,216,1480971358462103421,,0,0,46.5184211731,6.56656503677,2.77602830977e-40,1.0,0.0,0.0,0.0,1.0,0.0,0.0,0.0,1.0,0
1480971358466202417,217,1480971358462866491,,0,0,46.5184211731,6.56656503677,2.77602830977e-40,1.0,0.0,0.0,0.0,1.0,0.0,0.0,0.0,1.0,0
1480971358899350734,218,1480971358896718347,,0,0,46.5184020996,6.56656455994,2.77602830977e-40,1.0,0.0,0.0,0.0,1.0,0.0,0.0,0.0,1.0,0
1480971358899387661,219,1480971358897363137,,0,0,46.5184020996,6.56656455994,2.77602830977e-40,1.0,0.0,0.0,0.0,1.0,0.0,0.0,0.0,1.0,0
1480971359583430332,220,1480971359579455710,,0,0,46.5183639526,6.56653642654,2.77602830977e-40,1.0,0.0,0.0,0.0,1.0,0.0,0.0,0.0,1.0,0
1480971359583507363,221,1480971359580094562,,0,0,46.5183639526,6.56653642654,2.77602830977e-40,1.0,0.0,0.0,0.0,1.0,0.0,0.0,0.0,1.0,0
1480971360067195404,222,1480971360063856770,,0,0,46.5183448792,6.56651449203,2.77602830977e-40,1.0,0.0,0.0,0.0,1.0,0.0,0.0,0.0,1.0,0
1480971360067492695,223,1480971360064432914,,0,0,46.5183448792,6.56651449203,2.77602830977e-40,1.0,0.0,0.0,0.0,1.0,0.0,0.0,0.0,1.0,0
1480971360647283117,224,1480971360643947764,,0,0,46.5183296204,6.56647920609,2.77602830977e-40,1.0,0.0,0.0,0.0,1.0,0.0,0.0,0.0,1.0,0
1480971360647379054,225,1480971360644557605,,0,0,46.5183296204,6.56647920609,2.77602830977e-40,1.0,0.0,0.0,0.0,1.0,0.0,0.0,0.0,1.0,0
1480971361272741821,226,1480971361268173868,,0,0,46.5183258057,6.56644487381,2.77602830977e-40,1.0,0.0,0.0,0.0,1.0,0.0,0.0,0.0,1.0,0
1480971361272950258,227,1480971361268801053,,0,0,46.5183258057,6.56644487381,2.77602830977e-40,1.0,0.0,0.0,0.0,1.0,0.0,0.0,0.0,1.0,0
1480971361663207367,228,1480971361659580296,,0,0,46.5183105469,6.56638240814,2.77602830977e-40,1.0,0.0,0.0,0.0,1.0,0.0,0.0,0.0,1.0,0
1480971361663518251,229,1480971361660158366,,0,0,46.5183105469,6.56638240814,2.77602830977e-40,1.0,0.0,0.0,0.0,1.0,0.0,0.0,0.0,1.0,0
1480971362093657776,230,1480971362089855810,,0,0,46.5183181763,6.56635665894,2.77602830977e-40,1.0,0.0,0.0,0.0,1.0,0.0,0.0,0.0,1.0,0
1480971362093770432,231,1480971362090465860,,0,0,46.5183181763,6.56635665894,2.77602830977e-40,1.0,0.0,0.0,0.0,1.0,0.0,0.0,0.0,1.0,0
1480971362421495566,232,1480971362418167609,,0,0,46.5183258057,6.56633615494,2.77602830977e-40,1.0,0.0,0.0,0.0,1.0,0.0,0.0,0.0,1.0,0
1480971362421586868,233,1480971362418750628,,0,0,46.5183258057,6.56633615494,2.77602830977e-40,1.0,0.0,0.0,0.0,1.0,0.0,0.0,0.0,1.0,0
1480971362820711811,234,1480971362817185521,,0,0,46.5183258057,6.56631135941,2.77602830977e-40,1.0,0.0,0.0,0.0,1.0,0.0,0.0,0.0,1.0,0
1480971362821010612,235,1480971362817913644,,0,0,46.5183258057,6.56631135941,2.77602830977e-40,1.0,0.0,0.0,0.0,1.0,0.0,0.0,0.0,1.0,0
1480971363228280684,236,1480971363225783245,,0,0,46.5183372498,6.56627416611,2.77602830977e-40,1.0,0.0,0.0,0.0,1.0,0.0,0.0,0.0,1.0,0
1480971363228907505,237,1480971363226413086,,0,0,46.5183372498,6.56627416611,2.77602830977e-40,1.0,0.0,0.0,0.0,1.0,0.0,0.0,0.0,1.0,0
1480971363579333500,238,1480971363575455075,,0,0,46.5183334351,6.56622743607,2.77602830977e-40,1.0,0.0,0.0,0.0,1.0,0.0,0.0,0.0,1.0,0
1480971363579418968,239,1480971363576134448,,0,0,46.5183334351,6.56622743607,2.77602830977e-40,1.0,0.0,0.0,0.0,1.0,0.0,0.0,0.0,1.0,0
1480971364004677468,240,1480971364001007376,,0,0,46.5183525085,6.56622600555,2.77602830977e-40,1.0,0.0,0.0,0.0,1.0,0.0,0.0,0.0,1.0,0
1480971364004991894,241,1480971364001742999,,0,0,46.5183525085,6.56622600555,2.77602830977e-40,1.0,0.0,0.0,0.0,1.0,0.0,0.0,0.0,1.0,0
1480971364525330123,242,1480971364523073672,,0,0,46.5183639526,6.56618642807,2.77602830977e-40,1.0,0.0,0.0,0.0,1.0,0.0,0.0,0.0,1.0,0
1480971364525415279,243,1480971364523665858,,0,0,46.5183639526,6.56618642807,2.77602830977e-40,1.0,0.0,0.0,0.0,1.0,0.0,0.0,0.0,1.0,0
1480971365036014790,244,1480971365033001311,,0,0,46.5183830261,6.56615829468,2.77602830977e-40,1.0,0.0,0.0,0.0,1.0,0.0,0.0,0.0,1.0,0
1480971365036109842,245,1480971365033746934,,0,0,46.5183830261,6.56615829468,2.77602830977e-40,1.0,0.0,0.0,0.0,1.0,0.0,0.0,0.0,1.0,0
1480971365488233459,246,1480971365484363941,,0,0,46.5184059143,6.56613254547,2.77602830977e-40,1.0,0.0,0.0,0.0,1.0,0.0,0.0,0.0,1.0,0
1480971365488347053,247,1480971365485679510,,0,0,46.5184059143,6.56613254547,2.77602830977e-40,1.0,0.0,0.0,0.0,1.0,0.0,0.0,0.0,1.0,0
1480971365829422923,248,1480971365824804761,,0,0,46.5184288025,6.56613111496,2.77602830977e-40,1.0,0.0,0.0,0.0,1.0,0.0,0.0,0.0,1.0,0
1480971365829749119,249,1480971365825410020,,0,0,46.5184288025,6.56613111496,2.77602830977e-40,1.0,0.0,0.0,0.0,1.0,0.0,0.0,0.0,1.0,0
1480971366325688733,250,1480971366323074888,,0,0,46.518447876,6.56612300873,2.77602830977e-40,1.0,0.0,0.0,0.0,1.0,0.0,0.0,0.0,1.0,0
1480971366325776233,251,1480971366323831656,,0,0,46.518447876,6.56612300873,2.77602830977e-40,1.0,0.0,0.0,0.0,1.0,0.0,0.0,0.0,1.0,0
1480971366772898617,252,1480971366769743784,,0,0,46.5184745789,6.56613540649,2.77602830977e-40,1.0,0.0,0.0,0.0,1.0,0.0,0.0,0.0,1.0,0
1480971366773393355,253,1480971366770364251,,0,0,46.5184745789,6.56613540649,2.77602830977e-40,1.0,0.0,0.0,0.0,1.0,0.0,0.0,0.0,1.0,0
1480971367048442002,254,1480971367045907740,,0,0,46.5184936523,6.56615686417,2.77602830977e-40,1.0,0.0,0.0,0.0,1.0,0.0,0.0,0.0,1.0,0
1480971367048756324,255,1480971367046543675,,0,0,46.5184936523,6.56615686417,2.77602830977e-40,1.0,0.0,0.0,0.0,1.0,0.0,0.0,0.0,1.0,0
1480971367444065915,256,1480971367441834361,,0,0,46.5185050964,6.56617069244,2.77602830977e-40,1.0,0.0,0.0,0.0,1.0,0.0,0.0,0.0,1.0,0
1480971367444313050,257,1480971367442520764,,0,0,46.5185050964,6.56617069244,2.77602830977e-40,1.0,0.0,0.0,0.0,1.0,0.0,0.0,0.0,1.0,0
1480971367870568370,258,1480971367867234891,,0,0,46.5185089111,6.566198349,2.77602830977e-40,1.0,0.0,0.0,0.0,1.0,0.0,0.0,0.0,1.0,0
1480971367870698525,259,1480971367867843275,,0,0,46.5185089111,6.566198349,2.77602830977e-40,1.0,0.0,0.0,0.0,1.0,0.0,0.0,0.0,1.0,0
1480971368301292685,260,1480971368297454260,,0,0,46.5185127258,6.56623077393,2.77602830977e-40,1.0,0.0,0.0,0.0,1.0,0.0,0.0,0.0,1.0,0
1480971368301388257,261,1480971368298088737,,0,0,46.5185127258,6.56623077393,2.77602830977e-40,1.0,0.0,0.0,0.0,1.0,0.0,0.0,0.0,1.0,0
1480971368867691173,262,1480971368865457431,,0,0,46.5185050964,6.56626319885,2.77602830977e-40,1.0,0.0,0.0,0.0,1.0,0.0,0.0,0.0,1.0,0
1480971368868482108,263,1480971368866046283,,0,0,46.5185050964,6.56626319885,2.77602830977e-40,1.0,0.0,0.0,0.0,1.0,0.0,0.0,0.0,1.0,0
1480971369446519619,264,1480971369444152231,,0,0,46.5184860229,6.56628656387,2.77602830977e-40,1.0,0.0,0.0,0.0,1.0,0.0,0.0,0.0,1.0,0
1480971369446830191,265,1480971369444793687,,0,0,46.5184860229,6.56628656387,2.77602830977e-40,1.0,0.0,0.0,0.0,1.0,0.0,0.0,0.0,1.0,0
1480971370046797107,266,1480971370044080449,,0,0,46.5184516907,6.56629323959,2.77602830977e-40,1.0,0.0,0.0,0.0,1.0,0.0,0.0,0.0,1.0,0
1480971370046880075,267,1480971370044842843,,0,0,46.5184516907,6.56629323959,2.77602830977e-40,1.0,0.0,0.0,0.0,1.0,0.0,0.0,0.0,1.0,0
1480971370663551778,268,1480971370660580017,,0,0,46.5184211731,6.56630325317,2.77602830977e-40,1.0,0.0,0.0,0.0,1.0,0.0,0.0,0.0,1.0,0
1480971370663633236,269,1480971370661195015,,0,0,46.5184211731,6.56630325317,2.77602830977e-40,1.0,0.0,0.0,0.0,1.0,0.0,0.0,0.0,1.0,0
1480971371247099843,270,1480971371244835684,,0,0,46.5183906555,6.56631708145,2.77602830977e-40,1.0,0.0,0.0,0.0,1.0,0.0,0.0,0.0,1.0,0
1480971371247898955,271,1480971371245410630,,0,0,46.5183906555,6.56631708145,2.77602830977e-40,1.0,0.0,0.0,0.0,1.0,0.0,0.0,0.0,1.0,0
1480971371686700899,272,1480971371682973880,,0,0,46.5183677673,6.56634902954,2.77602830977e-40,1.0,0.0,0.0,0.0,1.0,0.0,0.0,0.0,1.0,0
1480971371686801003,273,1480971371683572576,,0,0,46.5183677673,6.56634902954,2.77602830977e-40,1.0,0.0,0.0,0.0,1.0,0.0,0.0,0.0,1.0,0
1480971372202647215,274,1480971372193592298,,0,0,46.5183486938,6.56636381149,2.77602830977e-40,1.0,0.0,0.0,0.0,1.0,0.0,0.0,0.0,1.0,0
1480971372202913204,275,1480971372194204119,,0,0,46.5183486938,6.56636381149,2.77602830977e-40,1.0,0.0,0.0,0.0,1.0,0.0,0.0,0.0,1.0,0
1480971372823778382,276,1480971372814416799,,0,0,46.5183334351,6.56640052795,2.77602830977e-40,1.0,0.0,0.0,0.0,1.0,0.0,0.0,0.0,1.0,0
1480971372826547071,277,1480971372815702472,,0,0,46.5183334351,6.56640052795,2.77602830977e-40,1.0,0.0,0.0,0.0,1.0,0.0,0.0,0.0,1.0,0
1480971373602701355,278,1480971373598440120,,0,0,46.5183372498,6.5664525032,2.77602830977e-40,1.0,0.0,0.0,0.0,1.0,0.0,0.0,0.0,1.0,0
1480971373602746407,279,1480971373599048503,,0,0,46.5183372498,6.5664525032,2.77602830977e-40,1.0,0.0,0.0,0.0,1.0,0.0,0.0,0.0,1.0,0
1480971374410859333,280,1480971374407019867,,0,0,46.5183525085,6.56650781631,2.77602830977e-40,1.0,0.0,0.0,0.0,1.0,0.0,0.0,0.0,1.0,0
1480971374410895271,281,1480971374407626688,,0,0,46.5183525085,6.56650781631,2.77602830977e-40,1.0,0.0,0.0,0.0,1.0,0.0,0.0,0.0,1.0,0
1480971375076720296,282,1480971375072434321,,0,0,46.5183830261,6.5665345192,2.77602830977e-40,1.0,0.0,0.0,0.0,1.0,0.0,0.0,0.0,1.0,0
1480971375076807170,283,1480971375073070152,,0,0,46.5183830261,6.5665345192,2.77602830977e-40,1.0,0.0,0.0,0.0,1.0,0.0,0.0,0.0,1.0,0
1480971375814719450,284,1480971375810983994,,0,0,46.518409729,6.5665345192,2.77602830977e-40,1.0,0.0,0.0,0.0,1.0,0.0,0.0,0.0,1.0,0
1480971375814825126,285,1480971375811689356,,0,0,46.518409729,6.5665345192,2.77602830977e-40,1.0,0.0,0.0,0.0,1.0,0.0,0.0,0.0,1.0,0
1480971376604831968,286,1480971376600940731,,0,0,46.5184440613,6.56651115417,2.77602830977e-40,1.0,0.0,0.0,0.0,1.0,0.0,0.0,0.0,1.0,0
1480971376604910874,287,1480971376601509636,,0,0,46.5184440613,6.56651115417,2.77602830977e-40,1.0,0.0,0.0,0.0,1.0,0.0,0.0,0.0,1.0,0
1480971377208489601,288,1480971377204323938,,0,0,46.5184745789,6.56648874283,2.77602830977e-40,1.0,0.0,0.0,0.0,1.0,0.0,0.0,0.0,1.0,0
1480971377208589340,289,1480971377205127789,,0,0,46.5184745789,6.56648874283,2.77602830977e-40,1.0,0.0,0.0,0.0,1.0,0.0,0.0,0.0,1.0,0
1480971377839461775,290,1480971377833615702,,0,0,46.5185012817,6.56648254395,2.77602830977e-40,1.0,0.0,0.0,0.0,1.0,0.0,0.0,0.0,1.0,0
1480971377839565629,291,1480971377834411689,,0,0,46.5185012817,6.56648254395,2.77602830977e-40,1.0,0.0,0.0,0.0,1.0,0.0,0.0,0.0,1.0,0
1480971378444474351,292,1480971378439773794,,0,0,46.5185317993,6.5664806366,2.77602830977e-40,1.0,0.0,0.0,0.0,1.0,0.0,0.0,0.0,1.0,0
1480971378444907110,293,1480971378440413115,,0,0,46.5185317993,6.5664806366,2.77602830977e-40,1.0,0.0,0.0,0.0,1.0,0.0,0.0,0.0,1.0,0
1480971378972215419,294,1480971378968212464,,0,0,46.5185585022,6.56647729874,2.77602830977e-40,1.0,0.0,0.0,0.0,1.0,0.0,0.0,0.0,1.0,0
1480971378972581616,295,1480971378968799545,,0,0,46.5185585022,6.56647729874,2.77602830977e-40,1.0,0.0,0.0,0.0,1.0,0.0,0.0,0.0,1.0,0
1480971379629654900,296,1480971379625851579,,0,0,46.5185813904,6.56646871567,2.77602830977e-40,1.0,0.0,0.0,0.0,1.0,0.0,0.0,0.0,1.0,0
1480971379629746670,297,1480971379626463400,,0,0,46.5185813904,6.56646871567,2.77602830977e-40,1.0,0.0,0.0,0.0,1.0,0.0,0.0,0.0,1.0,0
1480971380339539566,298,1480971380336129005,,0,0,46.5186080933,6.56643867493,2.77602830977e-40,1.0,0.0,0.0,0.0,1.0,0.0,0.0,0.0,1.0,0
1480971380339577275,299,1480971380336724263,,0,0,46.5186080933,6.56643867493,2.77602830977e-40,1.0,0.0,0.0,0.0,1.0,0.0,0.0,0.0,1.0,0
1480971380958563917,300,1480971380955536792,,0,0,46.5186195374,6.5663933754,2.77602830977e-40,1.0,0.0,0.0,0.0,1.0,0.0,0.0,0.0,1.0,0
1480971380958606782,301,1480971380956188561,,0,0,46.5186195374,6.5663933754,2.77602830977e-40,1.0,0.0,0.0,0.0,1.0,0.0,0.0,0.0,1.0,0
1480971381708958394,302,1480971381704787054,,0,0,46.5186195374,6.56635475159,2.77602830977e-40,1.0,0.0,0.0,0.0,1.0,0.0,0.0,0.0,1.0,0
1480971381708995998,303,1480971381705439916,,0,0,46.5186195374,6.56635475159,2.77602830977e-40,1.0,0.0,0.0,0.0,1.0,0.0,0.0,0.0,1.0,0
1480971382398192922,304,1480971382395526317,,0,0,46.5186004639,6.56630659103,2.77602830977e-40,1.0,0.0,0.0,0.0,1.0,0.0,0.0,0.0,1.0,0
1480971382398993024,305,1480971382396208033,,0,0,46.5186004639,6.56630659103,2.77602830977e-40,1.0,0.0,0.0,0.0,1.0,0.0,0.0,0.0,1.0,0
1480971383066322054,306,1480971383062181339,,0,0,46.5185699463,6.56628608704,2.77602830977e-40,1.0,0.0,0.0,0.0,1.0,0.0,0.0,0.0,1.0,0
1480971383066432314,307,1480971383062889358,,0,0,46.5185699463,6.56628608704,2.77602830977e-40,1.0,0.0,0.0,0.0,1.0,0.0,0.0,0.0,1.0,0
1480971383670258956,308,1480971383666277043,,0,0,46.5185394287,6.5662894249,2.77602830977e-40,1.0,0.0,0.0,0.0,1.0,0.0,0.0,0.0,1.0,0
1480971383670346925,309,1480971383666873343,,0,0,46.5185394287,6.5662894249,2.77602830977e-40,1.0,0.0,0.0,0.0,1.0,0.0,0.0,0.0,1.0,0
1480971383979866288,310,1480971383972483813,,0,0,46.5185127258,6.56631135941,2.77602830977e-40,1.0,0.0,0.0,0.0,1.0,0.0,0.0,0.0,1.0,0
1480971383979911756,311,1480971383973163186,,0,0,46.5185127258,6.56631135941,2.77602830977e-40,1.0,0.0,0.0,0.0,1.0,0.0,0.0,0.0,1.0,0
1480971384586484431,312,1480971384580004609,,0,0,46.5185012817,6.56632757187,2.77602830977e-40,1.0,0.0,0.0,0.0,1.0,0.0,0.0,0.0,1.0,0
1480971384586539275,313,1480971384580601118,,0,0,46.5185012817,6.56632757187,2.77602830977e-40,1.0,0.0,0.0,0.0,1.0,0.0,0.0,0.0,1.0,0
1480971385071050490,314,1480971385065120302,,0,0,46.5184860229,6.566365242,2.77602830977e-40,1.0,0.0,0.0,0.0,1.0,0.0,0.0,0.0,1.0,0
1480971385071269864,315,1480971385065949049,,0,0,46.5184860229,6.566365242,2.77602830977e-40,1.0,0.0,0.0,0.0,1.0,0.0,0.0,0.0,1.0,0
1480971385637749394,316,1480971385635409193,,0,0,46.5184822083,6.56640052795,2.77602830977e-40,1.0,0.0,0.0,0.0,1.0,0.0,0.0,0.0,1.0,0
1480971385638684026,317,1480971385636070702,,0,0,46.5184822083,6.56640052795,2.77602830977e-40,1.0,0.0,0.0,0.0,1.0,0.0,0.0,0.0,1.0,0
1480971386267738812,318,1480971386259368892,,0,0,46.5184822083,6.56644535065,2.77602830977e-40,1.0,0.0,0.0,0.0,1.0,0.0,0.0,0.0,1.0,0
1480971386267784176,319,1480971386260002848,,0,0,46.5184822083,6.56644535065,2.77602830977e-40,1.0,0.0,0.0,0.0,1.0,0.0,0.0,0.0,1.0,0
1480971386867799269,320,1480971386865490683,,0,0,46.5184707642,6.56648159027,2.77602830977e-40,1.0,0.0,0.0,0.0,1.0,0.0,0.0,0.0,1.0,0
1480971386870072490,321,1480971386866115056,,0,0,46.5184707642,6.56648159027,2.77602830977e-40,1.0,0.0,0.0,0.0,1.0,0.0,0.0,0.0,1.0,0
1480971387564411012,322,1480971387560245401,,0,0,46.5184555054,6.56651926041,2.77602830977e-40,1.0,0.0,0.0,0.0,1.0,0.0,0.0,0.0,1.0,0
1480971387565223509,323,1480971387560894878,,0,0,46.5184555054,6.56651926041,2.77602830977e-40,1.0,0.0,0.0,0.0,1.0,0.0,0.0,0.0,1.0,0
1480971388256744228,324,1480971388251705339,,0,0,46.5184288025,6.56654930115,2.77602830977e-40,1.0,0.0,0.0,0.0,1.0,0.0,0.0,0.0,1.0,0
1480971388257099279,325,1480971388252534711,,0,0,46.5184288025,6.56654930115,2.77602830977e-40,1.0,0.0,0.0,0.0,1.0,0.0,0.0,0.0,1.0,0
1480971388863631797,326,1480971388859337437,,0,0,46.5183944702,6.56654024124,2.77602830977e-40,1.0,0.0,0.0,0.0,1.0,0.0,0.0,0.0,1.0,0
1480971388863982421,327,1480971388859971914,,0,0,46.5183944702,6.56654024124,2.77602830977e-40,1.0,0.0,0.0,0.0,1.0,0.0,0.0,0.0,1.0,0
1480971389566482061,328,1480971389562189992,,0,0,46.5183677673,6.56652736664,2.77602830977e-40,1.0,0.0,0.0,0.0,1.0,0.0,0.0,0.0,1.0,0
1480971389566565133,329,1480971389563151447,,0,0,46.5183677673,6.56652736664,2.77602830977e-40,1.0,0.0,0.0,0.0,1.0,0.0,0.0,0.0,1.0,0
1480971390238641439,330,1480971390235442387,,0,0,46.5183410645,6.56650114059,2.77602830977e-40,1.0,0.0,0.0,0.0,1.0,0.0,0.0,0.0,1.0,0
1480971390238910032,331,1480971390236065406,,0,0,46.5183410645,6.56650114059,2.77602830977e-40,1.0,0.0,0.0,0.0,1.0,0.0,0.0,0.0,1.0,0
1480971390883723097,332,1480971390879724048,,0,0,46.5183258057,6.56645822525,2.77602830977e-40,1.0,0.0,0.0,0.0,1.0,0.0,0.0,0.0,1.0,0
1480971390884712677,333,1480971390880429098,,0,0,46.5183258057,6.56645822525,2.77602830977e-40,1.0,0.0,0.0,0.0,1.0,0.0,0.0,0.0,1.0,0
1480971391538243212,334,1480971391536075512,,0,0,46.5183296204,6.56641435623,2.77602830977e-40,1.0,0.0,0.0,0.0,1.0,0.0,0.0,0.0,1.0,0
1480971391538287327,335,1480971391536719155,,0,0,46.5183296204,6.56641435623,2.77602830977e-40,1.0,0.0,0.0,0.0,1.0,0.0,0.0,0.0,1.0,0
1480971392024160308,336,1480971392021223391,,0,0,46.5183486938,6.56637573242,2.77602830977e-40,1.0,0.0,0.0,0.0,1.0,0.0,0.0,0.0,1.0,0
1480971392026532123,337,1480971392021818233,,0,0,46.5183486938,6.56637573242,2.77602830977e-40,1.0,0.0,0.0,0.0,1.0,0.0,0.0,0.0,1.0,0
1480971392488834664,338,1480971392480528025,,0,0,46.5183677673,6.56636095047,2.77602830977e-40,1.0,0.0,0.0,0.0,1.0,0.0,0.0,0.0,1.0,0
1480971392489798358,339,1480971392481209794,,0,0,46.5183677673,6.56636095047,2.77602830977e-40,1.0,0.0,0.0,0.0,1.0,0.0,0.0,0.0,1.0,0
1480971393050572804,340,1480971393046142662,,0,0,46.5183868408,6.56635379791,2.77602830977e-40,1.0,0.0,0.0,0.0,1.0,0.0,0.0,0.0,1.0,0
1480971393050613480,341,1480971393046770837,,0,0,46.5183868408,6.56635379791,2.77602830977e-40,1.0,0.0,0.0,0.0,1.0,0.0,0.0,0.0,1.0,0
1480971393557227433,342,1480971393553087291,,0,0,46.5184059143,6.56633377075,2.77602830977e-40,1.0,0.0,0.0,0.0,1.0,0.0,0.0,0.0,1.0,0
1480971393557313578,343,1480971393553752184,,0,0,46.5184059143,6.56633377075,2.77602830977e-40,1.0,0.0,0.0,0.0,1.0,0.0,0.0,0.0,1.0,0
1480971394190591422,344,1480971394188095650,,0,0,46.5184326172,6.56632900238,2.77602830977e-40,1.0,0.0,0.0,0.0,1.0,0.0,0.0,0.0,1.0,0
1480971394191310847,345,1480971394188703252,,0,0,46.5184326172,6.56632900238,2.77602830977e-40,1.0,0.0,0.0,0.0,1.0,0.0,0.0,0.0,1.0,0
1480971394765283268,346,1480971394762511611,,0,0,46.5184593201,6.56631374359,2.77602830977e-40,1.0,0.0,0.0,0.0,1.0,0.0,0.0,0.0,1.0,0
1480971394769701170,347,1480971394763123900,,0,0,46.5184593201,6.56631374359,2.77602830977e-40,1.0,0.0,0.0,0.0,1.0,0.0,0.0,0.0,1.0,0
1480971395273143831,348,1480971395269629311,,0,0,46.5184822083,6.56629180908,2.77602830977e-40,1.0,0.0,0.0,0.0,1.0,0.0,0.0,0.0,1.0,0
1480971395273334403,349,1480971395270209205,,0,0,46.5184822083,6.56629180908,2.77602830977e-40,1.0,0.0,0.0,0.0,1.0,0.0,0.0,0.0,1.0,0
1480971395764865490,350,1480971395760660661,,0,0,46.5185050964,6.56627511978,2.77602830977e-40,1.0,0.0,0.0,0.0,1.0,0.0,0.0,0.0,1.0,0
1480971395764954813,351,1480971395761236180,,0,0,46.5185050964,6.56627511978,2.77602830977e-40,1.0,0.0,0.0,0.0,1.0,0.0,0.0,0.0,1.0,0
1480971396193648666,352,1480971396189474305,,0,0,46.5185165405,6.56624889374,2.77602830977e-40,1.0,0.0,0.0,0.0,1.0,0.0,0.0,0.0,1.0,0
1480971396193935384,353,1480971396190117272,,0,0,46.5185165405,6.56624889374,2.77602830977e-40,1.0,0.0,0.0,0.0,1.0,0.0,0.0,0.0,1.0,0
1480971396637174552,354,1480971396631856601,,0,0,46.5185317993,6.5662279129,2.77602830977e-40,1.0,0.0,0.0,0.0,1.0,0.0,0.0,0.0,1.0,0
1480971396639790220,355,1480971396632618161,,0,0,46.5185317993,6.5662279129,2.77602830977e-40,1.0,0.0,0.0,0.0,1.0,0.0,0.0,0.0,1.0,0
1480971397014009623,356,1480971397009172348,,0,0,46.5185699463,6.56620597839,2.77602830977e-40,1.0,0.0,0.0,0.0,1.0,0.0,0.0,0.0,1.0,0
1480971397014061498,357,1480971397009804429,,0,0,46.5185699463,6.56620597839,2.77602830977e-40,1.0,0.0,0.0,0.0,1.0,0.0,0.0,0.0,1.0,0
1480971397670408690,358,1480971397666361725,,0,0,46.5185699463,6.56620788574,2.77602830977e-40,1.0,0.0,0.0,0.0,1.0,0.0,0.0,0.0,1.0,0
1480971397670589627,359,1480971397666988598,,0,0,46.5185699463,6.56620788574,2.77602830977e-40,1.0,0.0,0.0,0.0,1.0,0.0,0.0,0.0,1.0,0
1480971398202018339,360,1480971398198692361,,0,0,46.518611908,6.56620550156,2.77602830977e-40,1.0,0.0,0.0,0.0,1.0,0.0,0.0,0.0,1.0,0
1480971398202112609,361,1480971398199922721,,0,0,46.518611908,6.56620550156,2.77602830977e-40,1.0,0.0,0.0,0.0,1.0,0.0,0.0,0.0,1.0,0
1480971398800400677,362,1480971398797261365,,0,0,46.5186386108,6.56622362137,2.77602830977e-40,1.0,0.0,0.0,0.0,1.0,0.0,0.0,0.0,1.0,0
1480971398801197497,363,1480971398797883342,,0,0,46.5186386108,6.56622362137,2.77602830977e-40,1.0,0.0,0.0,0.0,1.0,0.0,0.0,0.0,1.0,0
1480971399519719999,364,1480971399513527832,,0,0,46.5186500549,6.56626415253,2.77602830977e-40,1.0,0.0,0.0,0.0,1.0,0.0,0.0,0.0,1.0,0
1480971399520132862,365,1480971399514216111,,0,0,46.5186500549,6.56626415253,2.77602830977e-40,1.0,0.0,0.0,0.0,1.0,0.0,0.0,0.0,1.0,0
1480971399979656870,366,1480971399973922255,,0,0,46.5186538696,6.56631135941,2.77602830977e-40,1.0,0.0,0.0,0.0,1.0,0.0,0.0,0.0,1.0,0
1480971399979694475,367,1480971399974571732,,0,0,46.5186538696,6.56631135941,2.77602830977e-40,1.0,0.0,0.0,0.0,1.0,0.0,0.0,0.0,1.0,0
1480971400311538345,368,1480971400306346175,,0,0,46.5186424255,6.5663394928,2.77602830977e-40,1.0,0.0,0.0,0.0,1.0,0.0,0.0,0.0,1.0,0
1480971400311607563,369,1480971400306948413,,0,0,46.5186424255,6.5663394928,2.77602830977e-40,1.0,0.0,0.0,0.0,1.0,0.0,0.0,0.0,1.0,0
1480971400704528778,370,1480971400698482236,,0,0,46.5186195374,6.56635761261,2.77602830977e-40,1.0,0.0,0.0,0.0,1.0,0.0,0.0,0.0,1.0,0
1480971400704572580,371,1480971400699051453,,0,0,46.5186195374,6.56635761261,2.77602830977e-40,1.0,0.0,0.0,0.0,1.0,0.0,0.0,0.0,1.0,0
1480971401058513823,372,1480971401056106748,,0,0,46.5185928345,6.56636095047,2.77602830977e-40,1.0,0.0,0.0,0.0,1.0,0.0,0.0,0.0,1.0,0
1480971401058559552,373,1480971401056775704,,0,0,46.5185928345,6.56636095047,2.77602830977e-40,1.0,0.0,0.0,0.0,1.0,0.0,0.0,0.0,1.0,0
1480971401363973512,374,1480971401360251598,,0,0,46.5185813904,6.56638288498,2.77602830977e-40,1.0,0.0,0.0,0.0,1.0,0.0,0.0,0.0,1.0,0
1480971401364071168,375,1480971401360822168,,0,0,46.5185813904,6.56638288498,2.77602830977e-40,1.0,0.0,0.0,0.0,1.0,0.0,0.0,0.0,1.0,0
1480971401723272341,376,1480971401719450635,,0,0,46.5185623169,6.5663819313,2.77602830977e-40,1.0,0.0,0.0,0.0,1.0,0.0,0.0,0.0,1.0,0
1480971401724163536,377,1480971401720043966,,0,0,46.5185623169,6.5663819313,2.77602830977e-40,1.0,0.0,0.0,0.0,1.0,0.0,0.0,0.0,1.0,0
1480971402128031588,378,1480971402121396454,,0,0,46.5185508728,6.56636142731,2.77602830977e-40,1.0,0.0,0.0,0.0,1.0,0.0,0.0,0.0,1.0,0
1480971402128076379,379,1480971402122179368,,0,0,46.5185508728,6.56636142731,2.77602830977e-40,1.0,0.0,0.0,0.0,1.0,0.0,0.0,0.0,1.0,0
1480971402652451678,380,1480971402645854773,,0,0,46.5185317993,6.56638288498,2.77602830977e-40,1.0,0.0,0.0,0.0,1.0,0.0,0.0,0.0,1.0,0
1480971402652933238,381,1480971402646505396,,0,0,46.5185317993,6.56638288498,2.77602830977e-40,1.0,0.0,0.0,0.0,1.0,0.0,0.0,0.0,1.0,0
1480971403311482871,382,1480971403308037362,,0,0,46.5185089111,6.56640291214,2.77602830977e-40,1.0,0.0,0.0,0.0,1.0,0.0,0.0,0.0,1.0,0
1480971403311579434,383,1480971403308780068,,0,0,46.5185089111,6.56640291214,2.77602830977e-40,1.0,0.0,0.0,0.0,1.0,0.0,0.0,0.0,1.0,0
1480971404037581910,384,1480971404032533854,,0,0,46.5184783936,6.56644630432,2.77602830977e-40,1.0,0.0,0.0,0.0,1.0,0.0,0.0,0.0,1.0,0
1480971404037692535,385,1480971404033294164,,0,0,46.5184783936,6.56644630432,2.77602830977e-40,1.0,0.0,0.0,0.0,1.0,0.0,0.0,0.0,1.0,0
1480971404650262532,386,1480971404646209317,,0,0,46.5184555054,6.56648683548,2.77602830977e-40,1.0,0.0,0.0,0.0,1.0,0.0,0.0,0.0,1.0,0
1480971404650366022,387,1480971404647606916,,0,0,46.5184555054,6.56648683548,2.77602830977e-40,1.0,0.0,0.0,0.0,1.0,0.0,0.0,0.0,1.0,0
1480971405405705325,388,1480971405402171119,,0,0,46.5184211731,6.56651067734,2.77602830977e-40,1.0,0.0,0.0,0.0,1.0,0.0,0.0,0.0,1.0,0
1480971405407230633,389,1480971405402888876,,0,0,46.5184211731,6.56651067734,2.77602830977e-40,1.0,0.0,0.0,0.0,1.0,0.0,0.0,0.0,1.0,0
1480971406067703332,390,1480971406063830220,,0,0,46.5183753967,6.56651687622,2.77602830977e-40,1.0,0.0,0.0,0.0,1.0,0.0,0.0,0.0,1.0,0
1480971406068004529,391,1480971406064448239,,0,0,46.5183753967,6.56651687622,2.77602830977e-40,1.0,0.0,0.0,0.0,1.0,0.0,0.0,0.0,1.0,0
1480971406908258387,392,1480971406904079860,,0,0,46.5183448792,6.56649875641,2.77602830977e-40,1.0,0.0,0.0,0.0,1.0,0.0,0.0,0.0,1.0,0
1480971406908524584,393,1480971406904778503,,0,0,46.5183448792,6.56649875641,2.77602830977e-40,1.0,0.0,0.0,0.0,1.0,0.0,0.0,0.0,1.0,0
1480971407750906716,394,1480971407746525012,,0,0,46.5183143616,6.56645441055,2.77602830977e-40,1.0,0.0,0.0,0.0,1.0,0.0,0.0,0.0,1.0,0
1480971407751152757,395,1480971407747123656,,0,0,46.5183143616,6.56645441055,2.77602830977e-40,1.0,0.0,0.0,0.0,1.0,0.0,0.0,0.0,1.0,0
1480971408606580209,396,1480971408601767101,,0,0,46.5182991028,6.566385746,2.77602830977e-40,1.0,0.0,0.0,0.0,1.0,0.0,0.0,0.0,1.0,0
1480971408606993698,397,1480971408602519546,,0,0,46.5182991028,6.566385746,2.77602830977e-40,1.0,0.0,0.0,0.0,1.0,0.0,0.0,0.0,1.0,0
1480971409309323755,398,1480971409303752107,,0,0,46.5183067322,6.56631374359,2.77602830977e-40,1.0,0.0,0.0,0.0,1.0,0.0,0.0,0.0,1.0,0
1480971409310042867,399,1480971409304316584,,0,0,46.5183067322,6.56631374359,2.77602830977e-40,1.0,0.0,0.0,0.0,1.0,0.0,0.0,0.0,1.0,0
1480971410030239582,400,1480971410025897825,,0,0,46.5183181763,6.56626367569,2.77602830977e-40,1.0,0.0,0.0,0.0,1.0,0.0,0.0,0.0,1.0,0
1480971410030284061,401,1480971410026470271,,0,0,46.5183181763,6.56626367569,2.77602830977e-40,1.0,0.0,0.0,0.0,1.0,0.0,0.0,0.0,1.0,0
1480971410658555047,402,1480971410653338658,,0,0,46.5183448792,6.56622314453,2.77602830977e-40,1.0,0.0,0.0,0.0,1.0,0.0,0.0,0.0,1.0,0
1480971410658596192,403,1480971410653953916,,0,0,46.5183448792,6.56622314453,2.77602830977e-40,1.0,0.0,0.0,0.0,1.0,0.0,0.0,0.0,1.0,0
1480971411226497332,404,1480971411221505370,,0,0,46.5183792114,6.56620502472,2.77602830977e-40,1.0,0.0,0.0,0.0,1.0,0.0,0.0,0.0,1.0,0
1480971411226742956,405,1480971411222124118,,0,0,46.5183792114,6.56620502472,2.77602830977e-40,1.0,0.0,0.0,0.0,1.0,0.0,0.0,0.0,1.0,0
1480971411856919457,406,1480971411852939418,,0,0,46.5184020996,6.56619977951,2.77602830977e-40,1.0,0.0,0.0,0.0,1.0,0.0,0.0,0.0,1.0,0
1480971411857773152,407,1480971411853586082,,0,0,46.5184020996,6.56619977951,2.77602830977e-40,1.0,0.0,0.0,0.0,1.0,0.0,0.0,0.0,1.0,0
1480971412454109351,408,1480971412450045562,,0,0,46.5184326172,6.56622219086,2.77602830977e-40,1.0,0.0,0.0,0.0,1.0,0.0,0.0,0.0,1.0,0
1480971412454485547,409,1480971412450628269,,0,0,46.5184326172,6.56622219086,2.77602830977e-40,1.0,0.0,0.0,0.0,1.0,0.0,0.0,0.0,1.0,0
1480971413032990869,410,1480971413024775324,,0,0,46.5184555054,6.56625986099,2.77602830977e-40,1.0,0.0,0.0,0.0,1.0,0.0,0.0,0.0,1.0,0
1480971413033042953,411,1480971413025488760,,0,0,46.5184555054,6.56625986099,2.77602830977e-40,1.0,0.0,0.0,0.0,1.0,0.0,0.0,0.0,1.0,0
1480971413639893074,412,1480971413635227986,,0,0,46.5184631348,6.56629943848,2.77602830977e-40,1.0,0.0,0.0,0.0,1.0,0.0,0.0,0.0,1.0,0
1480971413641281767,413,1480971413635826317,,0,0,46.5184631348,6.56629943848,2.77602830977e-40,1.0,0.0,0.0,0.0,1.0,0.0,0.0,0.0,1.0,0
1480971414305842526,414,1480971414294578293,,0,0,46.5184555054,6.56633996964,2.77602830977e-40,1.0,0.0,0.0,0.0,1.0,0.0,0.0,0.0,1.0,0
1480971414306067212,415,1480971414295189593,,0,0,46.5184555054,6.56633996964,2.77602830977e-40,1.0,0.0,0.0,0.0,1.0,0.0,0.0,0.0,1.0,0
1480971415017898591,416,1480971415013031837,,0,0,46.5184555054,6.56639099121,2.77602830977e-40,1.0,0.0,0.0,0.0,1.0,0.0,0.0,0.0,1.0,0
1480971415018186455,417,1480971415013664074,,0,0,46.5184555054,6.56639099121,2.77602830977e-40,1.0,0.0,0.0,0.0,1.0,0.0,0.0,0.0,1.0,0
1480971415746692048,418,1480971415740917849,,0,0,46.5184555054,6.56644105911,2.77602830977e-40,1.0,0.0,0.0,0.0,1.0,0.0,0.0,0.0,1.0,0
1480971415747063348,419,1480971415741519044,,0,0,46.5184555054,6.56644105911,2.77602830977e-40,1.0,0.0,0.0,0.0,1.0,0.0,0.0,0.0,1.0,0
1480971416459672902,420,1480971416454273753,,0,0,46.5184516907,6.56648588181,2.77602830977e-40,1.0,0.0,0.0,0.0,1.0,0.0,0.0,0.0,1.0,0
1480971416461546072,421,1480971416455061876,,0,0,46.5184516907,6.56648588181,2.77602830977e-40,1.0,0.0,0.0,0.0,1.0,0.0,0.0,0.0,1.0,0
1480971416919769460,422,1480971416913051410,,0,0,46.518447876,6.56651592255,2.77602830977e-40,1.0,0.0,0.0,0.0,1.0,0.0,0.0,0.0,1.0,0
1480971416920423989,423,1480971416913762033,,0,0,46.518447876,6.56651592255,2.77602830977e-40,1.0,0.0,0.0,0.0,1.0,0.0,0.0,0.0,1.0,0
1480971417452707594,424,1480971417446831364,,0,0,46.518447876,6.56654214859,2.77602830977e-40,1.0,0.0,0.0,0.0,1.0,0.0,0.0,0.0,1.0,0
1480971417452756344,425,1480971417447429331,,0,0,46.518447876,6.56654214859,2.77602830977e-40,1.0,0.0,0.0,0.0,1.0,0.0,0.0,0.0,1.0,0
1480971417885302892,426,1480971417873924545,,0,0,46.518447876,6.56655597687,2.77602830977e-40,1.0,0.0,0.0,0.0,1.0,0.0,0.0,0.0,1.0,0
1480971417885364871,427,1480971417874620793,,0,0,46.518447876,6.56655597687,2.77602830977e-40,1.0,0.0,0.0,0.0,1.0,0.0,0.0,0.0,1.0,0
1480971418013990318,428,1480971418008670962,,0,0,46.518447876,6.56656217575,2.77602830977e-40,1.0,0.0,0.0,0.0,1.0,0.0,0.0,0.0,1.0,0
1480971418077689268,429,1480971418075297349,,0,0,46.518447876,6.56656217575,2.77602830977e-40,1.0,0.0,0.0,0.0,1.0,0.0,0.0,0.0,1.0,0
1480971418234797483,430,1480971418232563533,,0,0,46.518447876,6.56656503677,2.77602830977e-40,1.0,0.0,0.0,0.0,1.0,0.0,0.0,0.0,1.0,0
1480971418277267078,431,1480971418274821305,,0,0,46.518447876,6.56656503677,2.77602830977e-40,1.0,0.0,0.0,0.0,1.0,0.0,0.0,0.0,1.0,0
1480971418441351936,432,1480971418436289662,,0,0,46.5184402466,6.56654882431,2.77602830977e-40,1.0,0.0,0.0,0.0,1.0,0.0,0.0,0.0,1.0,0
1480971418484103458,433,1480971418475115832,,0,0,46.5184402466,6.56654882431,2.77602830977e-40,1.0,0.0,0.0,0.0,1.0,0.0,0.0,0.0,1.0,0
1480971418647971806,434,1480971418639759178,,0,0,46.5184402466,6.56654691696,2.77602830977e-40,1.0,0.0,0.0,0.0,1.0,0.0,0.0,0.0,1.0,0
1480971418677886652,435,1480971418674785933,,0,0,46.5184402466,6.56654691696,2.77602830977e-40,1.0,0.0,0.0,0.0,1.0,0.0,0.0,0.0,1.0,0
1480971418838290950,436,1480971418834499556,,0,0,46.5184364319,6.56653928757,2.77602830977e-40,1.0,0.0,0.0,0.0,1.0,0.0,0.0,0.0,1.0,0
1480971418880006329,437,1480971418874758794,,0,0,46.5184364319,6.56653928757,2.77602830977e-40,1.0,0.0,0.0,0.0,1.0,0.0,0.0,0.0,1.0,0
1480971419031344459,438,1480971419029048009,,0,0,46.5184402466,6.56654930115,2.77602830977e-40,1.0,0.0,0.0,0.0,1.0,0.0,0.0,0.0,1.0,0
1480971419079497733,439,1480971419074755874,,0,0,46.5184402466,6.56654930115,2.77602830977e-40,1.0,0.0,0.0,0.0,1.0,0.0,0.0,0.0,1.0,0
1480971419250375380,440,1480971419248115857,,0,0,46.5184364319,6.56654548645,2.77602830977e-40,1.0,0.0,0.0,0.0,1.0,0.0,0.0,0.0,1.0,0
1480971419278535857,441,1480971419274732224,,0,0,46.5184364319,6.56654548645,2.77602830977e-40,1.0,0.0,0.0,0.0,1.0,0.0,0.0,0.0,1.0,0
1480971419429163574,442,1480971419425556138,,0,0,46.5184402466,6.56655168533,2.77602830977e-40,1.0,0.0,0.0,0.0,1.0,0.0,0.0,0.0,1.0,0
1480971419478945175,443,1480971419474739773,,0,0,46.5184402466,6.56655168533,2.77602830977e-40,1.0,0.0,0.0,0.0,1.0,0.0,0.0,0.0,1.0,0
1480971419630522159,444,1480971419628316073,,0,0,46.5184402466,6.56655406952,2.77602830977e-40,1.0,0.0,0.0,0.0,1.0,0.0,0.0,0.0,1.0,0
1480971419677079292,445,1480971419674763675,,0,0,46.5184402466,6.56655406952,2.77602830977e-40,1.0,0.0,0.0,0.0,1.0,0.0,0.0,0.0,1.0,0
1480971419828916119,446,1480971419825244673,,0,0,46.5184364319,6.56655597687,2.77602830977e-40,1.0,0.0,0.0,0.0,1.0,0.0,0.0,0.0,1.0,0
1480971419877049393,447,1480971419874755963,,0,0,46.5184364319,6.56655597687,2.77602830977e-40,1.0,0.0,0.0,0.0,1.0,0.0,0.0,0.0,1.0,0
1480971420033636099,448,1480971420029891893,,0,0,46.5184326172,6.5665512085,2.77602830977e-40,1.0,0.0,0.0,0.0,1.0,0.0,0.0,0.0,1.0,0
1480971420078816622,449,1480971420074744657,,0,0,46.5184326172,6.5665512085,2.77602830977e-40,1.0,0.0,0.0,0.0,1.0,0.0,0.0,0.0,1.0,0
1480971420263762607,450,1480971420255262532,,0,0,46.5184364319,6.56655597687,2.77602830977e-40,1.0,0.0,0.0,0.0,1.0,0.0,0.0,0.0,1.0,0
1480971420282273846,451,1480971420274754757,,0,0,46.5184364319,6.56655597687,2.77602830977e-40,1.0,0.0,0.0,0.0,1.0,0.0,0.0,0.0,1.0,0
1480971420428523713,452,1480971420426079138,,0,0,46.5184364319,6.5665473938,2.77602830977e-40,1.0,0.0,0.0,0.0,1.0,0.0,0.0,0.0,1.0,0
1480971420482509779,453,1480971420474748504,,0,0,46.5184364319,6.5665473938,2.77602830977e-40,1.0,0.0,0.0,0.0,1.0,0.0,0.0,0.0,1.0,0
1480971420633115517,454,1480971420630623754,,0,0,46.5184364319,6.56654310226,2.77602830977e-40,1.0,0.0,0.0,0.0,1.0,0.0,0.0,0.0,1.0,0
1480971420677420366,455,1480971420674737614,,0,0,46.5184364319,6.56654310226,2.77602830977e-40,1.0,0.0,0.0,0.0,1.0,0.0,0.0,0.0,1.0,0
1480971420808880751,456,1480971420806287323,,0,0,46.5184440613,6.56655597687,2.77602830977e-40,1.0,0.0,0.0,0.0,1.0,0.0,0.0,0.0,1.0,0
1480971420877091457,457,1480971420874743236,,0,0,46.5184440613,6.56655597687,2.77602830977e-40,1.0,0.0,0.0,0.0,1.0,0.0,0.0,0.0,1.0,0
1480971421013638492,458,1480971421010959022,,0,0,46.5184440613,6.56655359268,2.77602830977e-40,1.0,0.0,0.0,0.0,1.0,0.0,0.0,0.0,1.0,0
1480971421079693423,459,1480971421074754430,,0,0,46.5184440613,6.56655359268,2.77602830977e-40,1.0,0.0,0.0,0.0,1.0,0.0,0.0,0.0,1.0,0
1480971421221399660,460,1480971421218918522,,0,0,46.518447876,6.56654310226,2.77602830977e-40,1.0,0.0,0.0,0.0,1.0,0.0,0.0,0.0,1.0,0
1480971421280406907,461,1480971421274742863,,0,0,46.518447876,6.56654310226,2.77602830977e-40,1.0,0.0,0.0,0.0,1.0,0.0,0.0,0.0,1.0,0
1480971421425015060,462,1480971421422203663,,0,0,46.5184555054,6.56652736664,2.77602830977e-40,1.0,0.0,0.0,0.0,1.0,0.0,0.0,0.0,1.0,0
1480971421481209504,463,1480971421474775047,,0,0,46.5184555054,6.56652736664,2.77602830977e-40,1.0,0.0,0.0,0.0,1.0,0.0,0.0,0.0,1.0,0
1480971421614539467,464,1480971421608449957,,0,0,46.5184669495,6.56652355194,2.77602830977e-40,1.0,0.0,0.0,0.0,1.0,0.0,0.0,0.0,1.0,0
1480971421680672679,465,1480971421674744366,,0,0,46.5184669495,6.56652355194,2.77602830977e-40,1.0,0.0,0.0,0.0,1.0,0.0,0.0,0.0,1.0,0
1480971421817266121,466,1480971421811368016,,0,0,46.5184593201,6.56653165817,2.77602830977e-40,1.0,0.0,0.0,0.0,1.0,0.0,0.0,0.0,1.0,0
1480971421880199240,467,1480971421874816133,,0,0,46.5184593201,6.56653165817,2.77602830977e-40,1.0,0.0,0.0,0.0,1.0,0.0,0.0,0.0,1.0,0
1480971422016101173,468,1480971422013743160,,0,0,46.518447876,6.56655406952,2.77602830977e-40,1.0,0.0,0.0,0.0,1.0,0.0,0.0,0.0,1.0,0
1480971422077102059,469,1480971422074747640,,0,0,46.518447876,6.56655406952,2.77602830977e-40,1.0,0.0,0.0,0.0,1.0,0.0,0.0,0.0,1.0,0
1480971422200190182,470,1480971422197936491,,0,0,46.5184440613,6.56657266617,2.77602830977e-40,1.0,0.0,0.0,0.0,1.0,0.0,0.0,0.0,1.0,0
1480971422277814917,471,1480971422274813834,,0,0,46.5184440613,6.56657266617,2.77602830977e-40,1.0,0.0,0.0,0.0,1.0,0.0,0.0,0.0,1.0,0
1480971422405697919,472,1480971422401659131,,0,0,46.5184516907,6.56657028198,2.77602830977e-40,1.0,0.0,0.0,0.0,1.0,0.0,0.0,0.0,1.0,0
1480971422477669549,473,1480971422474809611,,0,0,46.5184516907,6.56657028198,2.77602830977e-40,1.0,0.0,0.0,0.0,1.0,0.0,0.0,0.0,1.0,0
1480971422622058589,474,1480971422619078131,,0,0,46.5184516907,6.56656503677,2.77602830977e-40,1.0,0.0,0.0,0.0,1.0,0.0,0.0,0.0,1.0,0
1480971422679199020,475,1480971422674742264,,0,0,46.5184516907,6.56656503677,2.77602830977e-40,1.0,0.0,0.0,0.0,1.0,0.0,0.0,0.0,1.0,0
1480971422808637329,476,1480971422806122025,,0,0,46.5184516907,6.5665678978,2.77602830977e-40,1.0,0.0,0.0,0.0,1.0,0.0,0.0,0.0,1.0,0
1480971422879036829,477,1480971422874757937,,0,0,46.5184516907,6.5665678978,2.77602830977e-40,1.0,0.0,0.0,0.0,1.0,0.0,0.0,0.0,1.0,0
1480971423056180288,478,1480971423051915615,,0,0,46.5184516907,6.56655502319,2.77602830977e-40,1.0,0.0,0.0,0.0,1.0,0.0,0.0,0.0,1.0,0
1480971423079556875,479,1480971423074759131,,0,0,46.5184516907,6.56655502319,2.77602830977e-40,1.0,0.0,0.0,0.0,1.0,0.0,0.0,0.0,1.0,0
1480971423218367705,480,1480971423215248288,,0,0,46.5184555054,6.56653308868,2.77602830977e-40,1.0,0.0,0.0,0.0,1.0,0.0,0.0,0.0,1.0,0
1480971423279051821,481,1480971423274802252,,0,0,46.5184555054,6.56653308868,2.77602830977e-40,1.0,0.0,0.0,0.0,1.0,0.0,0.0,0.0,1.0,0
1480971423415584533,482,1480971423411337048,,0,0,46.5184440613,6.56656169891,2.77602830977e-40,1.0,0.0,0.0,0.0,1.0,0.0,0.0,0.0,1.0,0
1480971423479736190,483,1480971423474990998,,0,0,46.5184440613,6.56656169891,2.77602830977e-40,1.0,0.0,0.0,0.0,1.0,0.0,0.0,0.0,1.0,0
1480971423622640495,484,1480971423615544738,,0,0,46.5184555054,6.5665512085,2.77602830977e-40,1.0,0.0,0.0,0.0,1.0,0.0,0.0,0.0,1.0,0
1480971423681857846,485,1480971423674782505,,0,0,46.5184555054,6.5665512085,2.77602830977e-40,1.0,0.0,0.0,0.0,1.0,0.0,0.0,0.0,1.0,0
1480971423820609509,486,1480971423818440558,,0,0,46.5184593201,6.56656503677,2.77602830977e-40,1.0,0.0,0.0,0.0,1.0,0.0,0.0,0.0,1.0,0
1480971423878697592,487,1480971423874902293,,0,0,46.5184593201,6.56656503677,2.77602830977e-40,1.0,0.0,0.0,0.0,1.0,0.0,0.0,0.0,1.0,0
1480971424017623265,488,1480971424011607348,,0,0,46.5184631348,6.56654500961,2.77602830977e-40,1.0,0.0,0.0,0.0,1.0,0.0,0.0,0.0,1.0,0
1480971424081941067,489,1480971424074835570,,0,0,46.5184631348,6.56654500961,2.77602830977e-40,1.0,0.0,0.0,0.0,1.0,0.0,0.0,0.0,1.0,0
1480971424221850851,490,1480971424217482845,,0,0,46.5184745789,6.56655502319,2.77602830977e-40,1.0,0.0,0.0,0.0,1.0,0.0,0.0,0.0,1.0,0
1480971424280407162,491,1480971424274743848,,0,0,46.5184745789,6.56655502319,2.77602830977e-40,1.0,0.0,0.0,0.0,1.0,0.0,0.0,0.0,1.0,0
1480971424424011621,492,1480971424421250172,,0,0,46.5184669495,6.56659460068,2.77602830977e-40,1.0,0.0,0.0,0.0,1.0,0.0,0.0,0.0,1.0,0
1480971424480249190,493,1480971424476807327,,0,0,46.5184669495,6.56659460068,2.77602830977e-40,1.0,0.0,0.0,0.0,1.0,0.0,0.0,0.0,1.0,0
1480971424620309495,494,1480971424616085967,,0,0,46.5184707642,6.56660604477,2.77602830977e-40,1.0,0.0,0.0,0.0,1.0,0.0,0.0,0.0,1.0,0
1480971424680968924,495,1480971424674753841,,0,0,46.5184707642,6.56660604477,2.77602830977e-40,1.0,0.0,0.0,0.0,1.0,0.0,0.0,0.0,1.0,0
1480971424820699021,496,1480971424811258897,,0,0,46.5184593201,6.56659317017,2.77602830977e-40,1.0,0.0,0.0,0.0,1.0,0.0,0.0,0.0,1.0,0
1480971424884204482,497,1480971424874734306,,0,0,46.5184593201,6.56659317017,2.77602830977e-40,1.0,0.0,0.0,0.0,1.0,0.0,0.0,0.0,1.0,0
1480971425021950679,498,1480971425017454913,,0,0,46.5184745789,6.56661319733,2.77602830977e-40,1.0,0.0,0.0,0.0,1.0,0.0,0.0,0.0,1.0,0
1480971425080830323,499,1480971425074776020,,0,0,46.5184745789,6.56661319733,2.77602830977e-40,1.0,0.0,0.0,0.0,1.0,0.0,0.0,0.0,1.0,0
1480971425223200359,500,1480971425218090376,,0,0,46.5184745789,6.56661319733,2.77602830977e-40,1.0,0.0,0.0,0.0,1.0,0.0,0.0,0.0,1.0,0
1480971425278001683,501,1480971425274742371,,0,0,46.5184745789,6.56661319733,2.77602830977e-40,1.0,0.0,0.0,0.0,1.0,0.0,0.0,0.0,1.0,0
1480971425425372118,502,1480971425422947231,,0,0,46.5184745789,6.56660556793,2.77602830977e-40,1.0,0.0,0.0,0.0,1.0,0.0,0.0,0.0,1.0,0
1480971425480530785,503,1480971425474745544,,0,0,46.5184745789,6.56660556793,2.77602830977e-40,1.0,0.0,0.0,0.0,1.0,0.0,0.0,0.0,1.0,0
1480971425629195852,504,1480971425625077689,,0,0,46.5184707642,6.5665769577,2.77602830977e-40,1.0,0.0,0.0,0.0,1.0,0.0,0.0,0.0,1.0,0
1480971425677878238,505,1480971425674775853,,0,0,46.5184707642,6.5665769577,2.77602830977e-40,1.0,0.0,0.0,0.0,1.0,0.0,0.0,0.0,1.0,0
1480971425811438773,506,1480971425809259718,,0,0,46.5184707642,6.5665807724,2.77602830977e-40,1.0,0.0,0.0,0.0,1.0,0.0,0.0,0.0,1.0,0
1480971425877652662,507,1480971425874770172,,0,0,46.5184707642,6.5665807724,2.77602830977e-40,1.0,0.0,0.0,0.0,1.0,0.0,0.0,0.0,1.0,0
1480971426020009886,508,1480971426017854997,,0,0,46.5184745789,6.56658649445,2.77602830977e-40,1.0,0.0,0.0,0.0,1.0,0.0,0.0,0.0,1.0,0
1480971426078302552,509,1480971426074768762,,0,0,46.5184745789,6.56658649445,2.77602830977e-40,1.0,0.0,0.0,0.0,1.0,0.0,0.0,0.0,1.0,0
1480971426212641157,510,1480971426209989864,,0,0,46.5184669495,6.56659936905,2.77602830977e-40,1.0,0.0,0.0,0.0,1.0,0.0,0.0,0.0,1.0,0
1480971426279827283,511,1480971426274747716,,0,0,46.5184669495,6.56659936905,2.77602830977e-40,1.0,0.0,0.0,0.0,1.0,0.0,0.0,0.0,1.0,0
1480971426419930712,512,1480971426417340669,,0,0,46.5184783936,6.56663370132,2.77602830977e-40,1.0,0.0,0.0,0.0,1.0,0.0,0.0,0.0,1.0,0
1480971426478883272,513,1480971426474744484,,0,0,46.5184783936,6.56663370132,2.77602830977e-40,1.0,0.0,0.0,0.0,1.0,0.0,0.0,0.0,1.0,0
1480971426619230085,514,1480971426613564688,,0,0,46.5184898376,6.56664037704,2.77602830977e-40,1.0,0.0,0.0,0.0,1.0,0.0,0.0,0.0,1.0,0
1480971426679589515,515,1480971426674750834,,0,0,46.5184898376,6.56664037704,2.77602830977e-40,1.0,0.0,0.0,0.0,1.0,0.0,0.0,0.0,1.0,0
1480971426821547782,516,1480971426819089613,,0,0,46.5185089111,6.56664609909,2.77602830977e-40,1.0,0.0,0.0,0.0,1.0,0.0,0.0,0.0,1.0,0
1480971426877577227,517,1480971426874758122,,0,0,46.5185089111,6.56664609909,2.77602830977e-40,1.0,0.0,0.0,0.0,1.0,0.0,0.0,0.0,1.0,0
1480971427025068756,518,1480971427022458036,,0,0,46.5185127258,6.5666718483,2.77602830977e-40,1.0,0.0,0.0,0.0,1.0,0.0,0.0,0.0,1.0,0
1480971427080301901,519,1480971427074796399,,0,0,46.5185127258,6.5666718483,2.77602830977e-40,1.0,0.0,0.0,0.0,1.0,0.0,0.0,0.0,1.0,0
1480971427219336844,520,1480971427214680975,,0,0,46.5185127258,6.56667995453,2.77602830977e-40,1.0,0.0,0.0,0.0,1.0,0.0,0.0,0.0,1.0,0
1480971427279169401,521,1480971427274770197,,0,0,46.5185127258,6.56667995453,2.77602830977e-40,1.0,0.0,0.0,0.0,1.0,0.0,0.0,0.0,1.0,0
1480971427419112154,522,1480971427416068987,,0,0,46.5185089111,6.56668996811,2.77602830977e-40,1.0,0.0,0.0,0.0,1.0,0.0,0.0,0.0,1.0,0
1480971427477270289,523,1480971427474749465,,0,0,46.5185089111,6.56668996811,2.77602830977e-40,1.0,0.0,0.0,0.0,1.0,0.0,0.0,0.0,1.0,0
1480971427603226475,524,1480971427600572630,,0,0,46.5185050964,6.56668901443,2.77602830977e-40,1.0,0.0,0.0,0.0,1.0,0.0,0.0,0.0,1.0,0
1480971427678057054,525,1480971427674789981,,0,0,46.5185050964,6.56668901443,2.77602830977e-40,1.0,0.0,0.0,0.0,1.0,0.0,0.0,0.0,1.0,0
1480971427818134077,526,1480971427816492780,,0,0,46.5185203552,6.56668710709,2.77602830977e-40,1.0,0.0,0.0,0.0,1.0,0.0,0.0,0.0,1.0,0
1480971427877335750,527,1480971427874798363,,0,0,46.5185203552,6.56668710709,2.77602830977e-40,1.0,0.0,0.0,0.0,1.0,0.0,0.0,0.0,1.0,0
1480971428019160111,528,1480971428013657838,,0,0,46.5185127258,6.5667052269,2.77602830977e-40,1.0,0.0,0.0,0.0,1.0,0.0,0.0,0.0,1.0,0
1480971428081420785,529,1480971428074747214,,0,0,46.5185127258,6.5667052269,2.77602830977e-40,1.0,0.0,0.0,0.0,1.0,0.0,0.0,0.0,1.0,0
1480971428222173951,530,1480971428218787713,,0,0,46.5185279846,6.56669998169,2.77602830977e-40,1.0,0.0,0.0,0.0,1.0,0.0,0.0,0.0,1.0,0
1480971428280129119,531,1480971428274733512,,0,0,46.5185279846,6.56669998169,2.77602830977e-40,1.0,0.0,0.0,0.0,1.0,0.0,0.0,0.0,1.0,0
1480971428419450207,532,1480971428414625640,,0,0,46.5185317993,6.56670713425,2.77602830977e-40,1.0,0.0,0.0,0.0,1.0,0.0,0.0,0.0,1.0,0
1480971428480699373,533,1480971428474754289,,0,0,46.5185317993,6.56670713425,2.77602830977e-40,1.0,0.0,0.0,0.0,1.0,0.0,0.0,0.0,1.0,0
1480971428610316953,534,1480971428607437744,,0,0,46.5185241699,6.56670856476,2.77602830977e-40,1.0,0.0,0.0,0.0,1.0,0.0,0.0,0.0,1.0,0
1480971428680784317,535,1480971428674754442,,0,0,46.5185241699,6.56670856476,2.77602830977e-40,1.0,0.0,0.0,0.0,1.0,0.0,0.0,0.0,1.0,0
1480971428808186175,536,1480971428805147175,,0,0,46.518535614,6.56670713425,2.77602830977e-40,1.0,0.0,0.0,0.0,1.0,0.0,0.0,0.0,1.0,0
1480971428878803018,537,1480971428874746469,,0,0,46.518535614,6.56670713425,2.77602830977e-40,1.0,0.0,0.0,0.0,1.0,0.0,0.0,0.0,1.0,0
1480971429001474371,538,1480971428997018501,,0,0,46.5185394287,6.56671857834,2.77602830977e-40,1.0,0.0,0.0,0.0,1.0,0.0,0.0,0.0,1.0,0
1480971429079018795,539,1480971429074735372,,0,0,46.5185394287,6.56671857834,2.77602830977e-40,1.0,0.0,0.0,0.0,1.0,0.0,0.0,0.0,1.0,0
1480971429222146901,540,1480971429219295505,,0,0,46.5185394287,6.56671047211,2.77602830977e-40,1.0,0.0,0.0,0.0,1.0,0.0,0.0,0.0,1.0,0
1480971429280293839,541,1480971429274778962,,0,0,46.5185394287,6.56671047211,2.77602830977e-40,1.0,0.0,0.0,0.0,1.0,0.0,0.0,0.0,1.0,0
1480971429418903367,542,1480971429414794214,,0,0,46.5185317993,6.56671619415,2.77602830977e-40,1.0,0.0,0.0,0.0,1.0,0.0,0.0,0.0,1.0,0
1480971429479987586,543,1480971429474739739,,0,0,46.5185317993,6.56671619415,2.77602830977e-40,1.0,0.0,0.0,0.0,1.0,0.0,0.0,0.0,1.0,0
1480971429623913658,544,1480971429621267886,,0,0,46.518535614,6.56670284271,2.77602830977e-40,1.0,0.0,0.0,0.0,1.0,0.0,0.0,0.0,1.0,0
1480971429677027853,545,1480971429674766558,,0,0,46.518535614,6.56670284271,2.77602830977e-40,1.0,0.0,0.0,0.0,1.0,0.0,0.0,0.0,1.0,0
1480971429823521052,546,1480971429820588770,,0,0,46.5185279846,6.56670475006,2.77602830977e-40,1.0,0.0,0.0,0.0,1.0,0.0,0.0,0.0,1.0,0
1480971429877648524,547,1480971429874740461,,0,0,46.5185279846,6.56670475006,2.77602830977e-40,1.0,0.0,0.0,0.0,1.0,0.0,0.0,0.0,1.0,0
1480971430016655342,548,1480971430014820817,,0,0,46.5185279846,6.56669664383,2.77602830977e-40,1.0,0.0,0.0,0.0,1.0,0.0,0.0,0.0,1.0,0
1480971430077469093,549,1480971430074742488,,0,0,46.5185279846,6.56669664383,2.77602830977e-40,1.0,0.0,0.0,0.0,1.0,0.0,0.0,0.0,1.0,0
1480971430222011466,550,1480971430219755849,,0,0,46.518535614,6.56668424606,2.77602830977e-40,1.0,0.0,0.0,0.0,1.0,0.0,0.0,0.0,1.0,0
1480971430278147473,551,1480971430274738839,,0,0,46.518535614,6.56668424606,2.77602830977e-40,1.0,0.0,0.0,0.0,1.0,0.0,0.0,0.0,1.0,0
1480971430404200846,552,1480971430401896843,,0,0,46.5185317993,6.56667804718,2.77602830977e-40,1.0,0.0,0.0,0.0,1.0,0.0,0.0,0.0,1.0,0
1480971430477073202,553,1480971430474771960,,0,0,46.5185317993,6.56667804718,2.77602830977e-40,1.0,0.0,0.0,0.0,1.0,0.0,0.0,0.0,1.0,0
1480971430640898217,554,1480971430638902547,,0,0,46.5185470581,6.56665086746,2.77602830977e-40,1.0,0.0,0.0,0.0,1.0,0.0,0.0,0.0,1.0,0
1480971430677263458,555,1480971430674746487,,0,0,46.5185470581,6.56665086746,2.77602830977e-40,1.0,0.0,0.0,0.0,1.0,0.0,0.0,0.0,1.0,0
1480971430833748029,556,1480971430830843456,,0,0,46.5185432434,6.56665372849,2.77602830977e-40,1.0,0.0,0.0,0.0,1.0,0.0,0.0,0.0,1.0,0
1480971430878246940,557,1480971430874749244,,0,0,46.5185432434,6.56665372849,2.77602830977e-40,1.0,0.0,0.0,0.0,1.0,0.0,0.0,0.0,1.0,0
1480971431026230811,558,1480971431023472331,,0,0,46.5185203552,6.56668615341,2.77602830977e-40,1.0,0.0,0.0,0.0,1.0,0.0,0.0,0.0,1.0,0
1480971431077787928,559,1480971431074763459,,0,0,46.5185203552,6.56668615341,2.77602830977e-40,1.0,0.0,0.0,0.0,1.0,0.0,0.0,0.0,1.0,0
1480971431241950962,560,1480971431239385815,,0,0,46.5185203552,6.56668329239,2.77602830977e-40,1.0,0.0,0.0,0.0,1.0,0.0,0.0,0.0,1.0,0
1480971431279489116,561,1480971431274768142,,0,0,46.5185203552,6.56668329239,2.77602830977e-40,1.0,0.0,0.0,0.0,1.0,0.0,0.0,0.0,1.0,0
1480971431448651717,562,1480971431446147403,,0,0,46.5185089111,6.56670713425,2.77602830977e-40,1.0,0.0,0.0,0.0,1.0,0.0,0.0,0.0,1.0,0
1480971431479166301,563,1480971431474765378,,0,0,46.5185089111,6.56670713425,2.77602830977e-40,1.0,0.0,0.0,0.0,1.0,0.0,0.0,0.0,1.0,0
1480971431645594172,564,1480971431643011732,,0,0,46.5185050964,6.56671714783,2.77602830977e-40,1.0,0.0,0.0,0.0,1.0,0.0,0.0,0.0,1.0,0
1480971431677029273,565,1480971431674737614,,0,0,46.5185050964,6.56671714783,2.77602830977e-40,1.0,0.0,0.0,0.0,1.0,0.0,0.0,0.0,1.0,0
1480971431831277342,566,1480971431828805319,,0,0,46.5185127258,6.56670331955,2.77602830977e-40,1.0,0.0,0.0,0.0,1.0,0.0,0.0,0.0,1.0,0
1480971431877152133,567,1480971431874742714,,0,0,46.5185127258,6.56670331955,2.77602830977e-40,1.0,0.0,0.0,0.0,1.0,0.0,0.0,0.0,1.0,0
1480971432036739038,568,1480971432034260192,,0,0,46.5185127258,6.56670618057,2.77602830977e-40,1.0,0.0,0.0,0.0,1.0,0.0,0.0,0.0,1.0,0
1480971432077346973,569,1480971432074760888,,0,0,46.5185127258,6.56670618057,2.77602830977e-40,1.0,0.0,0.0,0.0,1.0,0.0,0.0,0.0,1.0,0
1480971432248807483,570,1480971432246595928,,0,0,46.5185165405,6.56671190262,2.77602830977e-40,1.0,0.0,0.0,0.0,1.0,0.0,0.0,0.0,1.0,0
1480971432277854311,571,1480971432274747967,,0,0,46.5185165405,6.56671190262,2.77602830977e-40,1.0,0.0,0.0,0.0,1.0,0.0,0.0,0.0,1.0,0
1480971432441455733,572,1480971432438969179,,0,0,46.5185089111,6.56671285629,2.77602830977e-40,1.0,0.0,0.0,0.0,1.0,0.0,0.0,0.0,1.0,0
1480971432480547735,573,1480971432474745828,,0,0,46.5185089111,6.56671285629,2.77602830977e-40,1.0,0.0,0.0,0.0,1.0,0.0,0.0,0.0,1.0,0
1480971432649369036,574,1480971432645993370,,0,0,46.5185089111,6.56671190262,2.77602830977e-40,1.0,0.0,0.0,0.0,1.0,0.0,0.0,0.0,1.0,0
1480971432678094823,575,1480971432674741658,,0,0,46.5185089111,6.56671190262,2.77602830977e-40,1.0,0.0,0.0,0.0,1.0,0.0,0.0,0.0,1.0,0
1480971432861423418,576,1480971432856914110,,0,0,46.5185050964,6.56670427322,2.77602830977e-40,1.0,0.0,0.0,0.0,1.0,0.0,0.0,0.0,1.0,0
1480971432880941633,577,1480971432874787591,,0,0,46.5185050964,6.56670427322,2.77602830977e-40,1.0,0.0,0.0,0.0,1.0,0.0,0.0,0.0,1.0,0
1480971433041347285,578,1480971433039437447,,0,0,46.5185127258,6.5667052269,2.77602830977e-40,1.0,0.0,0.0,0.0,1.0,0.0,0.0,0.0,1.0,0
1480971433078455648,579,1480971433074795869,,0,0,46.5185127258,6.5667052269,2.77602830977e-40,1.0,0.0,0.0,0.0,1.0,0.0,0.0,0.0,1.0,0
1480971433234494075,580,1480971433229896695,,0,0,46.5185203552,6.56670379639,2.77602830977e-40,1.0,0.0,0.0,0.0,1.0,0.0,0.0,0.0,1.0,0
1480971433278010750,581,1480971433274751230,,0,0,46.5185203552,6.56670379639,2.77602830977e-40,1.0,0.0,0.0,0.0,1.0,0.0,0.0,0.0,1.0,0
1480971433445828355,582,1480971433443361124,,0,0,46.5185241699,6.56671285629,2.77602830977e-40,1.0,0.0,0.0,0.0,1.0,0.0,0.0,0.0,1.0,0
1480971433478727931,583,1480971433474750497,,0,0,46.5185241699,6.56671285629,2.77602830977e-40,1.0,0.0,0.0,0.0,1.0,0.0,0.0,0.0,1.0,0
1480971433641322846,584,1480971433638860459,,0,0,46.5185203552,6.56671094894,2.77602830977e-40,1.0,0.0,0.0,0.0,1.0,0.0,0.0,0.0,1.0,0
1480971433677324338,585,1480971433674747576,,0,0,46.5185203552,6.56671094894,2.77602830977e-40,1.0,0.0,0.0,0.0,1.0,0.0,0.0,0.0,1.0,0
1480971433844429446,586,1480971433842621692,,0,0,46.5185165405,6.56673288345,2.77602830977e-40,1.0,0.0,0.0,0.0,1.0,0.0,0.0,0.0,1.0,0
1480971433879611827,587,1480971433874745801,,0,0,46.5185165405,6.56673288345,2.77602830977e-40,1.0,0.0,0.0,0.0,1.0,0.0,0.0,0.0,1.0,0
1480971434041329141,588,1480971434035253693,,0,0,46.5185279846,6.56672000885,2.77602830977e-40,1.0,0.0,0.0,0.0,1.0,0.0,0.0,0.0,1.0,0
1480971434082855614,589,1480971434074733662,,0,0,46.5185279846,6.56672000885,2.77602830977e-40,1.0,0.0,0.0,0.0,1.0,0.0,0.0,0.0,1.0,0
1480971434242391008,590,1480971434239833986,,0,0,46.5185279846,6.56670570374,2.77602830977e-40,1.0,0.0,0.0,0.0,1.0,0.0,0.0,0.0,1.0,0
1480971434279322185,591,1480971434274774804,,0,0,46.5185279846,6.56670570374,2.77602830977e-40,1.0,0.0,0.0,0.0,1.0,0.0,0.0,0.0,1.0,0
1480971434440760802,592,1480971434433527805,,0,0,46.5185317993,6.56669044495,2.77602830977e-40,1.0,0.0,0.0,0.0,1.0,0.0,0.0,0.0,1.0,0
1480971434479468639,593,1480971434474744280,,0,0,46.5185317993,6.56669044495,2.77602830977e-40,1.0,0.0,0.0,0.0,1.0,0.0,0.0,0.0,1.0,0
1480971434633139261,594,1480971434630648749,,0,0,46.5185317993,6.5666847229,2.77602830977e-40,1.0,0.0,0.0,0.0,1.0,0.0,0.0,0.0,1.0,0
1480971434677017601,595,1480971434674735422,,0,0,46.5185317993,6.5666847229,2.77602830977e-40,1.0,0.0,0.0,0.0,1.0,0.0,0.0,0.0,1.0,0
1480971434846773482,596,1480971434844325521,,0,0,46.5185317993,6.5666885376,2.77602830977e-40,1.0,0.0,0.0,0.0,1.0,0.0,0.0,0.0,1.0,0
1480971434878952122,597,1480971434874786355,,0,0,46.5185317993,6.5666885376,2.77602830977e-40,1.0,0.0,0.0,0.0,1.0,0.0,0.0,0.0,1.0,0
1480971435042861825,598,1480971435038365798,,0,0,46.5185241699,6.56667661667,2.77602830977e-40,1.0,0.0,0.0,0.0,1.0,0.0,0.0,0.0,1.0,0
1480971435077153062,599,1480971435074745102,,0,0,46.5185241699,6.56667661667,2.77602830977e-40,1.0,0.0,0.0,0.0,1.0,0.0,0.0,0.0,1.0,0
1480971435258256248,600,1480971435255746777,,0,0,46.5185203552,6.56668281555,2.77602830977e-40,1.0,0.0,0.0,0.0,1.0,0.0,0.0,0.0,1.0,0
1480971435279576488,601,1480971435274756504,,0,0,46.5185203552,6.56668281555,2.77602830977e-40,1.0,0.0,0.0,0.0,1.0,0.0,0.0,0.0,1.0,0
1480971435443422649,602,1480971435440293284,,0,0,46.5185279846,6.56668233871,2.77602830977e-40,1.0,0.0,0.0,0.0,1.0,0.0,0.0,0.0,1.0,0
1480971435478012531,603,1480971435474798063,,0,0,46.5185279846,6.56668233871,2.77602830977e-40,1.0,0.0,0.0,0.0,1.0,0.0,0.0,0.0,1.0,0
1480971435634401269,604,1480971435631900080,,0,0,46.5185203552,6.56669569016,2.77602830977e-40,1.0,0.0,0.0,0.0,1.0,0.0,0.0,0.0,1.0,0
1480971435679117732,605,1480971435674755403,,0,0,46.5185203552,6.56669569016,2.77602830977e-40,1.0,0.0,0.0,0.0,1.0,0.0,0.0,0.0,1.0,0
1480971435838674584,606,1480971435836465113,,0,0,46.5185241699,6.56669330597,2.77602830977e-40,1.0,0.0,0.0,0.0,1.0,0.0,0.0,0.0,1.0,0
1480971435877235911,607,1480971435874760711,,0,0,46.5185241699,6.56669330597,2.77602830977e-40,1.0,0.0,0.0,0.0,1.0,0.0,0.0,0.0,1.0,0
1480971436036427765,608,1480971436022655208,,0,0,46.5185279846,6.56668281555,2.77602830977e-40,1.0,0.0,0.0,0.0,1.0,0.0,0.0,0.0,1.0,0
1480971436079468035,609,1480971436074797062,,0,0,46.5185279846,6.56668281555,2.77602830977e-40,1.0,0.0,0.0,0.0,1.0,0.0,0.0,0.0,1.0,0
1480971436241609567,610,1480971436237988746,,0,0,46.5185241699,6.56668376923,2.77602830977e-40,1.0,0.0,0.0,0.0,1.0,0.0,0.0,0.0,1.0,0
1480971436280129331,611,1480971436274756954,,0,0,46.5185241699,6.56668376923,2.77602830977e-40,1.0,0.0,0.0,0.0,1.0,0.0,0.0,0.0,1.0,0
1480971436434551045,612,1480971436431155432,,0,0,46.5185241699,6.5666809082,2.77602830977e-40,1.0,0.0,0.0,0.0,1.0,0.0,0.0,0.0,1.0,0
1480971436479929797,613,1480971436474735179,,0,0,46.5185241699,6.5666809082,2.77602830977e-40,1.0,0.0,0.0,0.0,1.0,0.0,0.0,0.0,1.0,0
1480971436631359281,614,1480971436627866012,,0,0,46.5185279846,6.56668758392,2.77602830977e-40,1.0,0.0,0.0,0.0,1.0,0.0,0.0,0.0,1.0,0
1480971436677941362,615,1480971436674807467,,0,0,46.5185279846,6.56668758392,2.77602830977e-40,1.0,0.0,0.0,0.0,1.0,0.0,0.0,0.0,1.0,0
1480971436841837575,616,1480971436835709315,,0,0,46.5185241699,6.56668949127,2.77602830977e-40,1.0,0.0,0.0,0.0,1.0,0.0,0.0,0.0,1.0,0
1480971436879557603,617,1480971436874830901,,0,0,46.5185241699,6.56668949127,2.77602830977e-40,1.0,0.0,0.0,0.0,1.0,0.0,0.0,0.0,1.0,0
