%time,field.header.seq,field.header.stamp,field.header.frame_id,field.status.status,field.status.service,field.latitude,field.longitude,field.altitude,field.position_covariance0,field.position_covariance1,field.position_covariance2,field.position_covariance3,field.position_covariance4,field.position_covariance5,field.position_covariance6,field.position_covariance7,field.position_covariance8,field.position_covariance_type
1481887523813470997,54,1481887523809531849,,0,0,46.5184860229,6.56664037704,2.77602830977e-40,1.0,0.0,0.0,0.0,1.0,0.0,0.0,0.0,1.0,0
1481887524001343300,55,1481887523998501125,,0,0,46.5184860229,6.56664037704,2.77602830977e-40,1.0,0.0,0.0,0.0,1.0,0.0,0.0,0.0,1.0,0
1481887524212233151,56,1481887524209075927,,0,0,46.5184860229,6.56664037704,2.77602830977e-40,1.0,0.0,0.0,0.0,1.0,0.0,0.0,0.0,1.0,0
1481887524413372892,57,1481887524409657024,,0,0,46.5184860229,6.56664085388,2.77602830977e-40,1.0,0.0,0.0,0.0,1.0,0.0,0.0,0.0,1.0,0
1481887524615278880,58,1481887524610306715,,0,0,46.5184860229,6.56664085388,2.77602830977e-40,1.0,0.0,0.0,0.0,1.0,0.0,0.0,0.0,1.0,0
1481887524817366168,59,1481887524813726498,,0,0,46.5184860229,6.56664037704,2.77602830977e-40,1.0,0.0,0.0,0.0,1.0,0.0,0.0,0.0,1.0,0
1481887525010528342,60,1481887525005338002,,0,0,46.5184860229,6.56664037704,2.77602830977e-40,1.0,0.0,0.0,0.0,1.0,0.0,0.0,0.0,1.0,0
1481887525220149189,61,1481887525215633169,,0,0,46.5184860229,6.56664085388,2.77602830977e-40,1.0,0.0,0.0,0.0,1.0,0.0,0.0,0.0,1.0,0
1481887525404719424,62,1481887525402359956,,0,0,46.5184860229,6.56664085388,2.77602830977e-40,1.0,0.0,0.0,0.0,1.0,0.0,0.0,0.0,1.0,0
1481887525616581667,63,1481887525614066835,,0,0,46.5184860229,6.56664085388,2.77602830977e-40,1.0,0.0,0.0,0.0,1.0,0.0,0.0,0.0,1.0,0
1481887525816080114,64,1481887525813419553,,0,0,46.5184860229,6.56664085388,2.77602830977e-40,1.0,0.0,0.0,0.0,1.0,0.0,0.0,0.0,1.0,0
1481887526015841267,65,1481887526013331643,,0,0,46.5184860229,6.56664085388,2.77602830977e-40,1.0,0.0,0.0,0.0,1.0,0.0,0.0,0.0,1.0,0
1481887526216500906,66,1481887526214064563,,0,0,46.5184860229,6.56664085388,2.77602830977e-40,1.0,0.0,0.0,0.0,1.0,0.0,0.0,0.0,1.0,0
1481887526419358087,67,1481887526414946180,,0,0,46.5184860229,6.56664085388,2.77602830977e-40,1.0,0.0,0.0,0.0,1.0,0.0,0.0,0.0,1.0,0
1481887526610385635,68,1481887526605263055,,0,0,46.5184860229,6.56664085388,2.77602830977e-40,1.0,0.0,0.0,0.0,1.0,0.0,0.0,0.0,1.0,0
1481887526799383402,69,1481887526795443576,,0,0,46.5184860229,6.56664085388,2.77602830977e-40,1.0,0.0,0.0,0.0,1.0,0.0,0.0,0.0,1.0,0
1481887527011364654,70,1481887527008515709,,0,0,46.5184860229,6.56664085388,2.77602830977e-40,1.0,0.0,0.0,0.0,1.0,0.0,0.0,0.0,1.0,0
1481887527226076259,71,1481887527218100098,,0,0,46.5184860229,6.56664085388,2.77602830977e-40,1.0,0.0,0.0,0.0,1.0,0.0,0.0,0.0,1.0,0
1481887527422767271,72,1481887527418767185,,0,0,46.5184860229,6.56664085388,2.77602830977e-40,1.0,0.0,0.0,0.0,1.0,0.0,0.0,0.0,1.0,0
1481887527611462747,73,1481887527607713545,,0,0,46.5184860229,6.56664085388,2.77602830977e-40,1.0,0.0,0.0,0.0,1.0,0.0,0.0,0.0,1.0,0
1481887527812435197,74,1481887527808492976,,0,0,46.5184860229,6.56664085388,2.77602830977e-40,1.0,0.0,0.0,0.0,1.0,0.0,0.0,0.0,1.0,0
1481887528004318627,75,1481887528000112605,,0,0,46.5184860229,6.56664085388,2.77602830977e-40,1.0,0.0,0.0,0.0,1.0,0.0,0.0,0.0,1.0,0
1481887528204161915,76,1481887528199789904,,0,0,46.5184860229,6.56664085388,2.77602830977e-40,1.0,0.0,0.0,0.0,1.0,0.0,0.0,0.0,1.0,0
1481887528415046194,77,1481887528412605060,,0,0,46.5184860229,6.56664085388,2.77602830977e-40,1.0,0.0,0.0,0.0,1.0,0.0,0.0,0.0,1.0,0
1481887528618026343,78,1481887528614801098,,0,0,46.5184860229,6.56664085388,2.77602830977e-40,1.0,0.0,0.0,0.0,1.0,0.0,0.0,0.0,1.0,0
1481887528806605517,79,1481887528803649490,,0,0,46.5184860229,6.56664085388,2.77602830977e-40,1.0,0.0,0.0,0.0,1.0,0.0,0.0,0.0,1.0,0
1481887529033361806,80,1481887529030425101,,0,0,46.5184860229,6.56664085388,2.77602830977e-40,1.0,0.0,0.0,0.0,1.0,0.0,0.0,0.0,1.0,0
1481887529214063204,81,1481887529211282488,,0,0,46.5184860229,6.56664085388,2.77602830977e-40,1.0,0.0,0.0,0.0,1.0,0.0,0.0,0.0,1.0,0
1481887529416626793,82,1481887529413519724,,0,0,46.5184860229,6.56664085388,2.77602830977e-40,1.0,0.0,0.0,0.0,1.0,0.0,0.0,0.0,1.0,0
1481887529598393863,83,1481887529595581689,,0,0,46.5184860229,6.56664085388,2.77602830977e-40,1.0,0.0,0.0,0.0,1.0,0.0,0.0,0.0,1.0,0
1481887529811028186,84,1481887529807483619,,0,0,46.5184860229,6.56664085388,2.77602830977e-40,1.0,0.0,0.0,0.0,1.0,0.0,0.0,0.0,1.0,0
1481887530012687612,85,1481887530007612011,,0,0,46.5184860229,6.56664085388,2.77602830977e-40,1.0,0.0,0.0,0.0,1.0,0.0,0.0,0.0,1.0,0
1481887530208961022,86,1481887530201371265,,0,0,46.5184860229,6.56664085388,2.77602830977e-40,1.0,0.0,0.0,0.0,1.0,0.0,0.0,0.0,1.0,0
1481887530413214290,87,1481887530410281387,,0,0,46.5184860229,6.56664085388,2.77602830977e-40,1.0,0.0,0.0,0.0,1.0,0.0,0.0,0.0,1.0,0
1481887530615140589,88,1481887530611959354,,0,0,46.5184860229,6.56664085388,2.77602830977e-40,1.0,0.0,0.0,0.0,1.0,0.0,0.0,0.0,1.0,0
1481887530815533250,89,1481887530812981023,,0,0,46.5184860229,6.56664085388,2.77602830977e-40,1.0,0.0,0.0,0.0,1.0,0.0,0.0,0.0,1.0,0
1481887530997477404,90,1481887530993253413,,0,0,46.5184860229,6.56664085388,2.77602830977e-40,1.0,0.0,0.0,0.0,1.0,0.0,0.0,0.0,1.0,0
1481887531105468932,91,1481887531101146088,,0,0,46.5184860229,6.56664133072,2.77602830977e-40,1.0,0.0,0.0,0.0,1.0,0.0,0.0,0.0,1.0,0
1481887531306978619,92,1481887531302911347,,0,0,46.5184822083,6.56664133072,2.77602830977e-40,1.0,0.0,0.0,0.0,1.0,0.0,0.0,0.0,1.0,0
1481887531511469855,93,1481887531507207583,,0,0,46.5184822083,6.56664133072,2.77602830977e-40,1.0,0.0,0.0,0.0,1.0,0.0,0.0,0.0,1.0,0
1481887531711778402,94,1481887531709291591,,0,0,46.5184822083,6.56664133072,2.77602830977e-40,1.0,0.0,0.0,0.0,1.0,0.0,0.0,0.0,1.0,0
1481887531925513084,95,1481887531922276849,,0,0,46.5184822083,6.56664133072,2.77602830977e-40,1.0,0.0,0.0,0.0,1.0,0.0,0.0,0.0,1.0,0
1481887532107036718,96,1481887532103470068,,0,0,46.5184822083,6.56664133072,2.77602830977e-40,1.0,0.0,0.0,0.0,1.0,0.0,0.0,0.0,1.0,0
1481887532299934831,97,1481887532296217244,,0,0,46.5184822083,6.56664133072,2.77602830977e-40,1.0,0.0,0.0,0.0,1.0,0.0,0.0,0.0,1.0,0
1481887532510328279,98,1481887532507399647,,0,0,46.5184822083,6.56664133072,2.77602830977e-40,1.0,0.0,0.0,0.0,1.0,0.0,0.0,0.0,1.0,0
1481887532713208012,99,1481887532708025952,,0,0,46.5184822083,6.56664133072,2.77602830977e-40,1.0,0.0,0.0,0.0,1.0,0.0,0.0,0.0,1.0,0
1481887532912804478,100,1481887532909336161,,0,0,46.5184822083,6.56664133072,2.77602830977e-40,1.0,0.0,0.0,0.0,1.0,0.0,0.0,0.0,1.0,0
1481887533106376859,101,1481887533101502559,,0,0,46.5184822083,6.56664133072,2.77602830977e-40,1.0,0.0,0.0,0.0,1.0,0.0,0.0,0.0,1.0,0
1481887533316618328,102,1481887533313412562,,0,0,46.5184822083,6.56664133072,2.77602830977e-40,1.0,0.0,0.0,0.0,1.0,0.0,0.0,0.0,1.0,0
1481887533518845460,103,1481887533515270841,,0,0,46.5184822083,6.56664133072,2.77602830977e-40,1.0,0.0,0.0,0.0,1.0,0.0,0.0,0.0,1.0,0
1481887533709823008,104,1481887533706435680,,0,0,46.5184822083,6.56664133072,2.77602830977e-40,1.0,0.0,0.0,0.0,1.0,0.0,0.0,0.0,1.0,0
1481887533931801194,105,1481887533927638193,,0,0,46.5184822083,6.56664133072,2.77602830977e-40,1.0,0.0,0.0,0.0,1.0,0.0,0.0,0.0,1.0,0
1481887534137256800,106,1481887534133953170,,0,0,46.5184822083,6.56664133072,2.77602830977e-40,1.0,0.0,0.0,0.0,1.0,0.0,0.0,0.0,1.0,0
1481887534318679497,107,1481887534315822948,,0,0,46.5184822083,6.56664133072,2.77602830977e-40,1.0,0.0,0.0,0.0,1.0,0.0,0.0,0.0,1.0,0
1481887534523945469,108,1481887534517102845,,0,0,46.5184822083,6.56664133072,2.77602830977e-40,1.0,0.0,0.0,0.0,1.0,0.0,0.0,0.0,1.0,0
1481887534712975058,109,1481887534710122207,,0,0,46.5184822083,6.56664133072,2.77602830977e-40,1.0,0.0,0.0,0.0,1.0,0.0,0.0,0.0,1.0,0
1481887534918692434,110,1481887534913409229,,0,0,46.5184822083,6.56664133072,2.77602830977e-40,1.0,0.0,0.0,0.0,1.0,0.0,0.0,0.0,1.0,0
1481887535097839308,111,1481887535094439064,,0,0,46.5184822083,6.56664133072,2.77602830977e-40,1.0,0.0,0.0,0.0,1.0,0.0,0.0,0.0,1.0,0
1481887535309762801,112,1481887535306239901,,0,0,46.5184822083,6.56664133072,2.77602830977e-40,1.0,0.0,0.0,0.0,1.0,0.0,0.0,0.0,1.0,0
1481887535525312163,113,1481887535520129843,,0,0,46.5184822083,6.56664133072,2.77602830977e-40,1.0,0.0,0.0,0.0,1.0,0.0,0.0,0.0,1.0,0
1481887535713962847,114,1481887535709517659,,0,0,46.5184822083,6.56664133072,2.77602830977e-40,1.0,0.0,0.0,0.0,1.0,0.0,0.0,0.0,1.0,0
1481887535926190818,115,1481887535921419850,,0,0,46.5184822083,6.56664133072,2.77602830977e-40,1.0,0.0,0.0,0.0,1.0,0.0,0.0,0.0,1.0,0
1481887536126287074,116,1481887536117521177,,0,0,46.5184822083,6.56664133072,2.77602830977e-40,1.0,0.0,0.0,0.0,1.0,0.0,0.0,0.0,1.0,0
1481887536311570326,117,1481887536307116701,,0,0,46.5184822083,6.56664133072,2.77602830977e-40,1.0,0.0,0.0,0.0,1.0,0.0,0.0,0.0,1.0,0
1481887536492064173,118,1481887536489703143,,0,0,46.5184822083,6.56664133072,2.77602830977e-40,1.0,0.0,0.0,0.0,1.0,0.0,0.0,0.0,1.0,0
1481887536602303608,119,1481887536598229929,,0,0,46.5184822083,6.56664133072,2.77602830977e-40,1.0,0.0,0.0,0.0,1.0,0.0,0.0,0.0,1.0,0
1481887536812726952,120,1481887536809234676,,0,0,46.5184822083,6.56664133072,2.77602830977e-40,1.0,0.0,0.0,0.0,1.0,0.0,0.0,0.0,1.0,0
1481887537015635226,121,1481887537012863468,,0,0,46.5184822083,6.56664133072,2.77602830977e-40,1.0,0.0,0.0,0.0,1.0,0.0,0.0,0.0,1.0,0
1481887537209679635,122,1481887537205379707,,0,0,46.5184822083,6.56664133072,2.77602830977e-40,1.0,0.0,0.0,0.0,1.0,0.0,0.0,0.0,1.0,0
1481887537411808330,123,1481887537408222878,,0,0,46.5184822083,6.56664133072,2.77602830977e-40,1.0,0.0,0.0,0.0,1.0,0.0,0.0,0.0,1.0,0
1481887537621588604,124,1481887537617988047,,0,0,46.5184822083,6.56664133072,2.77602830977e-40,1.0,0.0,0.0,0.0,1.0,0.0,0.0,0.0,1.0,0
1481887537813528700,125,1481887537809610437,,0,0,46.5184822083,6.56664133072,2.77602830977e-40,1.0,0.0,0.0,0.0,1.0,0.0,0.0,0.0,1.0,0
1481887538005460984,126,1481887538002169957,,0,0,46.5184822083,6.56664133072,2.77602830977e-40,1.0,0.0,0.0,0.0,1.0,0.0,0.0,0.0,1.0,0
1481887538215461777,127,1481887538211609399,,0,0,46.5184822083,6.56664133072,2.77602830977e-40,1.0,0.0,0.0,0.0,1.0,0.0,0.0,0.0,1.0,0
1481887538423751120,128,1481887538415057202,,0,0,46.5184822083,6.56664133072,2.77602830977e-40,1.0,0.0,0.0,0.0,1.0,0.0,0.0,0.0,1.0,0
1481887538622400248,129,1481887538617737509,,0,0,46.5184822083,6.56664133072,2.77602830977e-40,1.0,0.0,0.0,0.0,1.0,0.0,0.0,0.0,1.0,0
1481887538812493634,130,1481887538808976671,,0,0,46.5184822083,6.56664085388,2.77602830977e-40,1.0,0.0,0.0,0.0,1.0,0.0,0.0,0.0,1.0,0
1481887539016508726,131,1481887539012800305,,0,0,46.5184822083,6.56664133072,2.77602830977e-40,1.0,0.0,0.0,0.0,1.0,0.0,0.0,0.0,1.0,0
1481887539210336053,132,1481887539205496856,,0,0,46.5184822083,6.56664133072,2.77602830977e-40,1.0,0.0,0.0,0.0,1.0,0.0,0.0,0.0,1.0,0
1481887539410603766,133,1481887539406803576,,0,0,46.5184822083,6.56664085388,2.77602830977e-40,1.0,0.0,0.0,0.0,1.0,0.0,0.0,0.0,1.0,0
1481887539612871054,134,1481887539609289665,,0,0,46.5184822083,6.56664085388,2.77602830977e-40,1.0,0.0,0.0,0.0,1.0,0.0,0.0,0.0,1.0,0
1481887539826875579,135,1481887539820640191,,0,0,46.5184822083,6.56664085388,2.77602830977e-40,1.0,0.0,0.0,0.0,1.0,0.0,0.0,0.0,1.0,0
1481887540024012005,136,1481887540020532073,,0,0,46.5184822083,6.56664085388,2.77602830977e-40,1.0,0.0,0.0,0.0,1.0,0.0,0.0,0.0,1.0,0
1481887540216960222,137,1481887540212393368,,0,0,46.5184822083,6.56664085388,2.77602830977e-40,1.0,0.0,0.0,0.0,1.0,0.0,0.0,0.0,1.0,0
1481887540421828591,138,1481887540413403214,,0,0,46.5184822083,6.56664085388,2.77602830977e-40,1.0,0.0,0.0,0.0,1.0,0.0,0.0,0.0,1.0,0
1481887540598947923,139,1481887540594460913,,0,0,46.5184822083,6.56664085388,2.77602830977e-40,1.0,0.0,0.0,0.0,1.0,0.0,0.0,0.0,1.0,0
1481887540824659060,140,1481887540816766440,,0,0,46.5184822083,6.56664037704,2.77602830977e-40,1.0,0.0,0.0,0.0,1.0,0.0,0.0,0.0,1.0,0
1481887541013403650,141,1481887541007765447,,0,0,46.5184822083,6.56664037704,2.77602830977e-40,1.0,0.0,0.0,0.0,1.0,0.0,0.0,0.0,1.0,0
1481887541210659451,142,1481887541207399778,,0,0,46.5184822083,6.56664037704,2.77602830977e-40,1.0,0.0,0.0,0.0,1.0,0.0,0.0,0.0,1.0,0
1481887541411079351,143,1481887541407380098,,0,0,46.5184822083,6.56664037704,2.77602830977e-40,1.0,0.0,0.0,0.0,1.0,0.0,0.0,0.0,1.0,0
1481887541614752362,144,1481887541609262804,,0,0,46.5184822083,6.56664085388,2.77602830977e-40,1.0,0.0,0.0,0.0,1.0,0.0,0.0,0.0,1.0,0
1481887541834749619,145,1481887541831440363,,0,0,46.5184822083,6.56664037704,2.77602830977e-40,1.0,0.0,0.0,0.0,1.0,0.0,0.0,0.0,1.0,0
1481887542008974954,146,1481887542003086179,,0,0,46.5184822083,6.56664037704,2.77602830977e-40,1.0,0.0,0.0,0.0,1.0,0.0,0.0,0.0,1.0,0
1481887542221075685,147,1481887542215887480,,0,0,46.5184822083,6.56664037704,2.77602830977e-40,1.0,0.0,0.0,0.0,1.0,0.0,0.0,0.0,1.0,0
1481887542428114722,148,1481887542417489927,,0,0,46.5184822083,6.56664037704,2.77602830977e-40,1.0,0.0,0.0,0.0,1.0,0.0,0.0,0.0,1.0,0
1481887542624449173,149,1481887542617241029,,0,0,46.5184822083,6.56664037704,2.77602830977e-40,1.0,0.0,0.0,0.0,1.0,0.0,0.0,0.0,1.0,0
1481887542822897624,150,1481887542819753107,,0,0,46.5184822083,6.56664037704,2.77602830977e-40,1.0,0.0,0.0,0.0,1.0,0.0,0.0,0.0,1.0,0
1481887543026141365,151,1481887543022342008,,0,0,46.5184860229,6.56664037704,2.77602830977e-40,1.0,0.0,0.0,0.0,1.0,0.0,0.0,0.0,1.0,0
1481887543223034199,152,1481887543212753413,,0,0,46.5184860229,6.56664037704,2.77602830977e-40,1.0,0.0,0.0,0.0,1.0,0.0,0.0,0.0,1.0,0
1481887543398009530,153,1481887543394913034,,0,0,46.5184860229,6.56664037704,2.77602830977e-40,1.0,0.0,0.0,0.0,1.0,0.0,0.0,0.0,1.0,0
1481887543624160197,154,1481887543617898872,,0,0,46.5184860229,6.56664037704,2.77602830977e-40,1.0,0.0,0.0,0.0,1.0,0.0,0.0,0.0,1.0,0
1481887543834424322,155,1481887543829988561,,0,0,46.5184860229,6.56664037704,2.77602830977e-40,1.0,0.0,0.0,0.0,1.0,0.0,0.0,0.0,1.0,0
1481887544041303515,156,1481887544033675426,,0,0,46.5184860229,6.56663990021,2.77602830977e-40,1.0,0.0,0.0,0.0,1.0,0.0,0.0,0.0,1.0,0
1481887544219351541,157,1481887544215637652,,0,0,46.5184860229,6.56663990021,2.77602830977e-40,1.0,0.0,0.0,0.0,1.0,0.0,0.0,0.0,1.0,0
1481887544454799820,158,1481887544450701610,,0,0,46.5184860229,6.56663990021,2.77602830977e-40,1.0,0.0,0.0,0.0,1.0,0.0,0.0,0.0,1.0,0
1481887544614984231,159,1481887544611201800,,0,0,46.5184860229,6.56663990021,2.77602830977e-40,1.0,0.0,0.0,0.0,1.0,0.0,0.0,0.0,1.0,0
1481887544796580885,160,1481887544792525123,,0,0,46.5184860229,6.56663990021,2.77602830977e-40,1.0,0.0,0.0,0.0,1.0,0.0,0.0,0.0,1.0,0
1481887544915305385,161,1481887544912464409,,0,0,46.5184860229,6.56663990021,2.77602830977e-40,1.0,0.0,0.0,0.0,1.0,0.0,0.0,0.0,1.0,0
1481887545116715593,162,1481887545114121283,,0,0,46.5184860229,6.56663990021,2.77602830977e-40,1.0,0.0,0.0,0.0,1.0,0.0,0.0,0.0,1.0,0
1481887545320349229,163,1481887545317086119,,0,0,46.5184860229,6.56663990021,2.77602830977e-40,1.0,0.0,0.0,0.0,1.0,0.0,0.0,0.0,1.0,0
1481887545521589126,164,1481887545518271172,,0,0,46.5184860229,6.56663990021,2.77602830977e-40,1.0,0.0,0.0,0.0,1.0,0.0,0.0,0.0,1.0,0
1481887545723534331,165,1481887545720538981,,0,0,46.5184860229,6.56663942337,2.77602830977e-40,1.0,0.0,0.0,0.0,1.0,0.0,0.0,0.0,1.0,0
1481887545925225059,166,1481887545922420854,,0,0,46.5184860229,6.56663751602,2.77602830977e-40,1.0,0.0,0.0,0.0,1.0,0.0,0.0,0.0,1.0,0
1481887546108651029,167,1481887546105504637,,0,0,46.5184860229,6.56663513184,2.77602830977e-40,1.0,0.0,0.0,0.0,1.0,0.0,0.0,0.0,1.0,0
1481887546326417984,168,1481887546317833492,,0,0,46.5184860229,6.5666308403,2.77602830977e-40,1.0,0.0,0.0,0.0,1.0,0.0,0.0,0.0,1.0,0
1481887546514062058,169,1481887546511139468,,0,0,46.5184860229,6.56662464142,2.77602830977e-40,1.0,0.0,0.0,0.0,1.0,0.0,0.0,0.0,1.0,0
1481887546713975919,170,1481887546711041558,,0,0,46.5184822083,6.5666179657,2.77602830977e-40,1.0,0.0,0.0,0.0,1.0,0.0,0.0,0.0,1.0,0
1481887546916482164,171,1481887546913140670,,0,0,46.5184822083,6.56661128998,2.77602830977e-40,1.0,0.0,0.0,0.0,1.0,0.0,0.0,0.0,1.0,0
1481887547119834916,172,1481887547115040355,,0,0,46.5184822083,6.56660366058,2.77602830977e-40,1.0,0.0,0.0,0.0,1.0,0.0,0.0,0.0,1.0,0
1481887547424117927,173,1481887547420306694,,0,0,46.5184783936,6.56659650803,2.77602830977e-40,1.0,0.0,0.0,0.0,1.0,0.0,0.0,0.0,1.0,0
1481887547922848782,174,1481887547919275466,,0,0,46.5184745789,6.56658506393,2.77602830977e-40,1.0,0.0,0.0,0.0,1.0,0.0,0.0,0.0,1.0,0
1481887548407398298,175,1481887548402904829,,0,0,46.5184669495,6.56656551361,2.77602830977e-40,1.0,0.0,0.0,0.0,1.0,0.0,0.0,0.0,1.0,0
1481887549031333415,176,1481887549027443850,,0,0,46.5184555054,6.56654548645,2.77602830977e-40,1.0,0.0,0.0,0.0,1.0,0.0,0.0,0.0,1.0,0
1481887549593189862,177,1481887549590086283,,0,0,46.5184402466,6.56652212143,2.77602830977e-40,1.0,0.0,0.0,0.0,1.0,0.0,0.0,0.0,1.0,0
1481887550043809692,178,1481887550035537647,,0,0,46.5184288025,6.56650209427,2.77602830977e-40,1.0,0.0,0.0,0.0,1.0,0.0,0.0,0.0,1.0,0
1481887550592544638,179,1481887550589625224,,0,0,46.5184135437,6.56648254395,2.77602830977e-40,1.0,0.0,0.0,0.0,1.0,0.0,0.0,0.0,1.0,0
1481887551114643822,180,1481887551112293521,,0,0,46.5183982849,6.56646203995,2.77602830977e-40,1.0,0.0,0.0,0.0,1.0,0.0,0.0,0.0,1.0,0
1481887551682571648,181,1481887551680302283,,0,0,46.5183830261,6.56643867493,2.77602830977e-40,1.0,0.0,0.0,0.0,1.0,0.0,0.0,0.0,1.0,0
1481887552061951809,182,1481887552060246088,,0,0,46.5183639526,6.5664229393,2.77602830977e-40,1.0,0.0,0.0,0.0,1.0,0.0,0.0,0.0,1.0,0
1481887552409388786,183,1481887552406535726,,0,0,46.5183486938,6.56641483307,2.77602830977e-40,1.0,0.0,0.0,0.0,1.0,0.0,0.0,0.0,1.0,0
1481887552808077191,184,1481887552805190381,,0,0,46.5183334351,6.56640958786,2.77602830977e-40,1.0,0.0,0.0,0.0,1.0,0.0,0.0,0.0,1.0,0
1481887553108714958,185,1481887553105520806,,0,0,46.5183181763,6.56640577316,2.77602830977e-40,1.0,0.0,0.0,0.0,1.0,0.0,0.0,0.0,1.0,0
1481887553488754647,186,1481887553485618516,,0,0,46.5183067322,6.56640481949,2.77602830977e-40,1.0,0.0,0.0,0.0,1.0,0.0,0.0,0.0,1.0,0
1481887553801130485,187,1481887553798100291,,0,0,46.5183029175,6.56640577316,2.77602830977e-40,1.0,0.0,0.0,0.0,1.0,0.0,0.0,0.0,1.0,0
1481887554230201301,188,1481887554227313137,,0,0,46.5182800293,6.56640815735,2.77602830977e-40,1.0,0.0,0.0,0.0,1.0,0.0,0.0,0.0,1.0,0
1481887554618402254,189,1481887554613972119,,0,0,46.5182685852,6.56641149521,2.77602830977e-40,1.0,0.0,0.0,0.0,1.0,0.0,0.0,0.0,1.0,0
1481887554879887287,190,1481887554876936415,,0,0,46.5182647705,6.56641578674,2.77602830977e-40,1.0,0.0,0.0,0.0,1.0,0.0,0.0,0.0,1.0,0
1481887555213827556,191,1481887555209066276,,0,0,46.5182609558,6.56642198563,2.77602830977e-40,1.0,0.0,0.0,0.0,1.0,0.0,0.0,0.0,1.0,0
1481887555567365025,192,1481887555561306459,,0,0,46.5182571411,6.56643247604,2.77602830977e-40,1.0,0.0,0.0,0.0,1.0,0.0,0.0,0.0,1.0,0
1481887555703969910,193,1481887555699525035,,0,0,46.5182571411,6.56643438339,2.77602830977e-40,1.0,0.0,0.0,0.0,1.0,0.0,0.0,0.0,1.0,0
1481887555908172293,194,1481887555901146023,,0,0,46.5182571411,6.56643390656,2.77602830977e-40,1.0,0.0,0.0,0.0,1.0,0.0,0.0,0.0,1.0,0
1481887556119574850,195,1481887556112179364,,0,0,46.5182571411,6.56643342972,2.77602830977e-40,1.0,0.0,0.0,0.0,1.0,0.0,0.0,0.0,1.0,0
1481887556316752943,196,1481887556313917279,,0,0,46.5182571411,6.56643342972,2.77602830977e-40,1.0,0.0,0.0,0.0,1.0,0.0,0.0,0.0,1.0,0
1481887556523355315,197,1481887556515715871,,0,0,46.5182533264,6.56643295288,2.77602830977e-40,1.0,0.0,0.0,0.0,1.0,0.0,0.0,0.0,1.0,0
1481887556718917634,198,1481887556714593435,,0,0,46.5182533264,6.56643199921,2.77602830977e-40,1.0,0.0,0.0,0.0,1.0,0.0,0.0,0.0,1.0,0
1481887556916239528,199,1481887556912279390,,0,0,46.5182533264,6.56643152237,2.77602830977e-40,1.0,0.0,0.0,0.0,1.0,0.0,0.0,0.0,1.0,0
1481887557110465447,200,1481887557102923607,,0,0,46.5182533264,6.56643104553,2.77602830977e-40,1.0,0.0,0.0,0.0,1.0,0.0,0.0,0.0,1.0,0
1481887557304747980,201,1481887557301018414,,0,0,46.5182533264,6.56643104553,2.77602830977e-40,1.0,0.0,0.0,0.0,1.0,0.0,0.0,0.0,1.0,0
1481887557513890652,202,1481887557510595251,,0,0,46.5182533264,6.5664305687,2.77602830977e-40,1.0,0.0,0.0,0.0,1.0,0.0,0.0,0.0,1.0,0
1481887557716582105,203,1481887557712618373,,0,0,46.5182533264,6.56643104553,2.77602830977e-40,1.0,0.0,0.0,0.0,1.0,0.0,0.0,0.0,1.0,0
1481887557917778512,204,1481887557914936702,,0,0,46.5182533264,6.56643104553,2.77602830977e-40,1.0,0.0,0.0,0.0,1.0,0.0,0.0,0.0,1.0,0
1481887558120012467,205,1481887558115960038,,0,0,46.5182533264,6.5664305687,2.77602830977e-40,1.0,0.0,0.0,0.0,1.0,0.0,0.0,0.0,1.0,0
1481887558312068344,206,1481887558309335388,,0,0,46.5182533264,6.56643009186,2.77602830977e-40,1.0,0.0,0.0,0.0,1.0,0.0,0.0,0.0,1.0,0
1481887558512636212,207,1481887558508768105,,0,0,46.5182533264,6.56642961502,2.77602830977e-40,1.0,0.0,0.0,0.0,1.0,0.0,0.0,0.0,1.0,0
1481887558728037345,208,1481887558719580666,,0,0,46.5182533264,6.56642961502,2.77602830977e-40,1.0,0.0,0.0,0.0,1.0,0.0,0.0,0.0,1.0,0
1481887558919580933,209,1481887558916601572,,0,0,46.5182533264,6.56642913818,2.77602830977e-40,1.0,0.0,0.0,0.0,1.0,0.0,0.0,0.0,1.0,0
1481887559110385565,210,1481887559105591525,,0,0,46.5182533264,6.56642866135,2.77602830977e-40,1.0,0.0,0.0,0.0,1.0,0.0,0.0,0.0,1.0,0
1481887559308012406,211,1481887559305444658,,0,0,46.5182533264,6.56642818451,2.77602830977e-40,1.0,0.0,0.0,0.0,1.0,0.0,0.0,0.0,1.0,0
1481887559510826306,212,1481887559507715122,,0,0,46.5182533264,6.56642770767,2.77602830977e-40,1.0,0.0,0.0,0.0,1.0,0.0,0.0,0.0,1.0,0
1481887559745285527,213,1481887559742329447,,0,0,46.5182533264,6.56642723083,2.77602830977e-40,1.0,0.0,0.0,0.0,1.0,0.0,0.0,0.0,1.0,0
1481887559915076351,214,1481887559912155323,,0,0,46.5182533264,6.56642723083,2.77602830977e-40,1.0,0.0,0.0,0.0,1.0,0.0,0.0,0.0,1.0,0
1481887560112542307,215,1481887560109762893,,0,0,46.5182495117,6.566426754,2.77602830977e-40,1.0,0.0,0.0,0.0,1.0,0.0,0.0,0.0,1.0,0
1481887560319991654,216,1481887560317025835,,0,0,46.5182495117,6.56642627716,2.77602830977e-40,1.0,0.0,0.0,0.0,1.0,0.0,0.0,0.0,1.0,0
1481887560519508278,217,1481887560515315641,,0,0,46.5182495117,6.56642627716,2.77602830977e-40,1.0,0.0,0.0,0.0,1.0,0.0,0.0,0.0,1.0,0
1481887560718162145,218,1481887560714288309,,0,0,46.5182495117,6.56642627716,2.77602830977e-40,1.0,0.0,0.0,0.0,1.0,0.0,0.0,0.0,1.0,0
1481887560927779659,219,1481887560925379722,,0,0,46.5182495117,6.56642580032,2.77602830977e-40,1.0,0.0,0.0,0.0,1.0,0.0,0.0,0.0,1.0,0
1481887561121373289,220,1481887561116601124,,0,0,46.5182495117,6.56642532349,2.77602830977e-40,1.0,0.0,0.0,0.0,1.0,0.0,0.0,0.0,1.0,0
1481887561309373455,221,1481887561304051032,,0,0,46.5182495117,6.56642532349,2.77602830977e-40,1.0,0.0,0.0,0.0,1.0,0.0,0.0,0.0,1.0,0
1481887561518231494,222,1481887561515016040,,0,0,46.5182495117,6.56642580032,2.77602830977e-40,1.0,0.0,0.0,0.0,1.0,0.0,0.0,0.0,1.0,0
1481887561724330326,223,1481887561717872440,,0,0,46.5182495117,6.56642484665,2.77602830977e-40,1.0,0.0,0.0,0.0,1.0,0.0,0.0,0.0,1.0,0
1481887561928656459,224,1481887561925239391,,0,0,46.5182495117,6.56642484665,2.77602830977e-40,1.0,0.0,0.0,0.0,1.0,0.0,0.0,0.0,1.0,0
1481887562126784807,225,1481887562124282527,,0,0,46.5182495117,6.56642436981,2.77602830977e-40,1.0,0.0,0.0,0.0,1.0,0.0,0.0,0.0,1.0,0
1481887562315298669,226,1481887562311299000,,0,0,46.5182495117,6.56642389297,2.77602830977e-40,1.0,0.0,0.0,0.0,1.0,0.0,0.0,0.0,1.0,0
1481887562512847385,227,1481887562508860112,,0,0,46.5182495117,6.56642389297,2.77602830977e-40,1.0,0.0,0.0,0.0,1.0,0.0,0.0,0.0,1.0,0
1481887562702675460,228,1481887562700577866,,0,0,46.5182495117,6.56642341614,2.77602830977e-40,1.0,0.0,0.0,0.0,1.0,0.0,0.0,0.0,1.0,0
1481887562925386507,229,1481887562922768498,,0,0,46.5182495117,6.56642341614,2.77602830977e-40,1.0,0.0,0.0,0.0,1.0,0.0,0.0,0.0,1.0,0
1481887563116666710,230,1481887563113733911,,0,0,46.5182495117,6.5664229393,2.77602830977e-40,1.0,0.0,0.0,0.0,1.0,0.0,0.0,0.0,1.0,0
1481887563320263940,231,1481887563315045683,,0,0,46.5182495117,6.5664229393,2.77602830977e-40,1.0,0.0,0.0,0.0,1.0,0.0,0.0,0.0,1.0,0
1481887563516453131,232,1481887563513765383,,0,0,46.5182495117,6.56642246246,2.77602830977e-40,1.0,0.0,0.0,0.0,1.0,0.0,0.0,0.0,1.0,0
1481887563715350903,233,1481887563712533624,,0,0,46.5182495117,6.56642246246,2.77602830977e-40,1.0,0.0,0.0,0.0,1.0,0.0,0.0,0.0,1.0,0
1481887563925307947,234,1481887563922565095,,0,0,46.5182495117,6.56642198563,2.77602830977e-40,1.0,0.0,0.0,0.0,1.0,0.0,0.0,0.0,1.0,0
1481887564103455347,235,1481887564100538902,,0,0,46.5182495117,6.56642198563,2.77602830977e-40,1.0,0.0,0.0,0.0,1.0,0.0,0.0,0.0,1.0,0
1481887564314222959,236,1481887564311810679,,0,0,46.5182495117,6.56642198563,2.77602830977e-40,1.0,0.0,0.0,0.0,1.0,0.0,0.0,0.0,1.0,0
1481887564514259632,237,1481887564511687821,,0,0,46.5182495117,6.56642150879,2.77602830977e-40,1.0,0.0,0.0,0.0,1.0,0.0,0.0,0.0,1.0,0
1481887564714732189,238,1481887564712175847,,0,0,46.5182495117,6.56642150879,2.77602830977e-40,1.0,0.0,0.0,0.0,1.0,0.0,0.0,0.0,1.0,0
1481887564917542130,239,1481887564914991517,,0,0,46.5182495117,6.56642150879,2.77602830977e-40,1.0,0.0,0.0,0.0,1.0,0.0,0.0,0.0,1.0,0
1481887565117808698,240,1481887565115084648,,0,0,46.5182495117,6.56642103195,2.77602830977e-40,1.0,0.0,0.0,0.0,1.0,0.0,0.0,0.0,1.0,0
1481887565325311795,241,1481887565317993287,,0,0,46.5182495117,6.56642103195,2.77602830977e-40,1.0,0.0,0.0,0.0,1.0,0.0,0.0,0.0,1.0,0
1481887565503808152,242,1481887565496961309,,0,0,46.5182495117,6.56642055511,2.77602830977e-40,1.0,0.0,0.0,0.0,1.0,0.0,0.0,0.0,1.0,0
1481887565711542029,243,1481887565708048191,,0,0,46.518245697,6.56642150879,2.77602830977e-40,1.0,0.0,0.0,0.0,1.0,0.0,0.0,0.0,1.0,0
1481887565931451213,244,1481887565928427321,,0,0,46.518245697,6.56642150879,2.77602830977e-40,1.0,0.0,0.0,0.0,1.0,0.0,0.0,0.0,1.0,0
1481887566111864749,245,1481887566108899658,,0,0,46.518245697,6.56642150879,2.77602830977e-40,1.0,0.0,0.0,0.0,1.0,0.0,0.0,0.0,1.0,0
1481887566313720059,246,1481887566310255231,,0,0,46.518245697,6.56642103195,2.77602830977e-40,1.0,0.0,0.0,0.0,1.0,0.0,0.0,0.0,1.0,0
1481887566512939653,247,1481887566510045239,,0,0,46.518245697,6.56642150879,2.77602830977e-40,1.0,0.0,0.0,0.0,1.0,0.0,0.0,0.0,1.0,0
1481887566713495490,248,1481887566711003575,,0,0,46.518245697,6.56642103195,2.77602830977e-40,1.0,0.0,0.0,0.0,1.0,0.0,0.0,0.0,1.0,0
1481887566904846839,249,1481887566900531911,,0,0,46.518245697,6.56642103195,2.77602830977e-40,1.0,0.0,0.0,0.0,1.0,0.0,0.0,0.0,1.0,0
1481887567122170046,250,1481887567119340789,,0,0,46.518245697,6.56642198563,2.77602830977e-40,1.0,0.0,0.0,0.0,1.0,0.0,0.0,0.0,1.0,0
1481887567312667389,251,1481887567309701361,,0,0,46.518245697,6.56642198563,2.77602830977e-40,1.0,0.0,0.0,0.0,1.0,0.0,0.0,0.0,1.0,0
1481887567513673589,252,1481887567509491369,,0,0,46.518245697,6.56642198563,2.77602830977e-40,1.0,0.0,0.0,0.0,1.0,0.0,0.0,0.0,1.0,0
1481887567710979077,253,1481887567708610181,,0,0,46.518245697,6.56642198563,2.77602830977e-40,1.0,0.0,0.0,0.0,1.0,0.0,0.0,0.0,1.0,0
1481887567924074283,254,1481887567919724303,,0,0,46.518245697,6.56642150879,2.77602830977e-40,1.0,0.0,0.0,0.0,1.0,0.0,0.0,0.0,1.0,0
1481887568114064388,255,1481887568111303203,,0,0,46.518245697,6.56642150879,2.77602830977e-40,1.0,0.0,0.0,0.0,1.0,0.0,0.0,0.0,1.0,0
1481887568306687085,256,1481887568302020649,,0,0,46.518245697,6.56642150879,2.77602830977e-40,1.0,0.0,0.0,0.0,1.0,0.0,0.0,0.0,1.0,0
1481887568524350916,257,1481887568515488770,,0,0,46.518245697,6.56642150879,2.77602830977e-40,1.0,0.0,0.0,0.0,1.0,0.0,0.0,0.0,1.0,0
1481887568721153333,258,1481887568718532460,,0,0,46.518245697,6.56642150879,2.77602830977e-40,1.0,0.0,0.0,0.0,1.0,0.0,0.0,0.0,1.0,0
1481887568920415114,259,1481887568916717215,,0,0,46.518245697,6.56642103195,2.77602830977e-40,1.0,0.0,0.0,0.0,1.0,0.0,0.0,0.0,1.0,0
1481887569119678614,260,1481887569116834252,,0,0,46.518245697,6.56642103195,2.77602830977e-40,1.0,0.0,0.0,0.0,1.0,0.0,0.0,0.0,1.0,0
1481887569331599971,261,1481887569326020570,,0,0,46.518245697,6.56642103195,2.77602830977e-40,1.0,0.0,0.0,0.0,1.0,0.0,0.0,0.0,1.0,0
1481887569508970239,262,1481887569506045201,,0,0,46.518245697,6.56642103195,2.77602830977e-40,1.0,0.0,0.0,0.0,1.0,0.0,0.0,0.0,1.0,0
1481887569701152418,263,1481887569695931921,,0,0,46.518245697,6.56642103195,2.77602830977e-40,1.0,0.0,0.0,0.0,1.0,0.0,0.0,0.0,1.0,0
1481887569921972119,264,1481887569918301355,,0,0,46.518245697,6.56642103195,2.77602830977e-40,1.0,0.0,0.0,0.0,1.0,0.0,0.0,0.0,1.0,0
1481887570110568845,265,1481887570108330262,,0,0,46.518245697,6.56642103195,2.77602830977e-40,1.0,0.0,0.0,0.0,1.0,0.0,0.0,0.0,1.0,0
1481887570312635509,266,1481887570309744116,,0,0,46.518245697,6.56642103195,2.77602830977e-40,1.0,0.0,0.0,0.0,1.0,0.0,0.0,0.0,1.0,0
1481887570524168170,267,1481887570521247455,,0,0,46.518245697,6.56642055511,2.77602830977e-40,1.0,0.0,0.0,0.0,1.0,0.0,0.0,0.0,1.0,0
1481887570724171614,268,1481887570719965540,,0,0,46.518245697,6.56642055511,2.77602830977e-40,1.0,0.0,0.0,0.0,1.0,0.0,0.0,0.0,1.0,0
1481887570908692370,269,1481887570905696447,,0,0,46.518245697,6.56641817093,2.77602830977e-40,1.0,0.0,0.0,0.0,1.0,0.0,0.0,0.0,1.0,0
1481887571147425842,270,1481887571141596495,,0,0,46.518245697,6.56642150879,2.77602830977e-40,1.0,0.0,0.0,0.0,1.0,0.0,0.0,0.0,1.0,0
1481887571307501035,271,1481887571304018811,,0,0,46.518245697,6.56642055511,2.77602830977e-40,1.0,0.0,0.0,0.0,1.0,0.0,0.0,0.0,1.0,0
1481887571500071336,272,1481887571495858908,,0,0,46.518245697,6.5664191246,2.77602830977e-40,1.0,0.0,0.0,0.0,1.0,0.0,0.0,0.0,1.0,0
1481887571704025752,273,1481887571697981457,,0,0,46.518245697,6.56641769409,2.77602830977e-40,1.0,0.0,0.0,0.0,1.0,0.0,0.0,0.0,1.0,0
1481887571909858648,274,1481887571906384289,,0,0,46.5182723999,6.56624603271,2.77602830977e-40,1.0,0.0,0.0,0.0,1.0,0.0,0.0,0.0,1.0,0
1481887572087942142,275,1481887572085370331,,0,0,46.5182533264,6.56645345688,2.77602830977e-40,1.0,0.0,0.0,0.0,1.0,0.0,0.0,0.0,1.0,0
1481887572288824436,276,1481887572285392213,,0,0,46.5182609558,6.56645774841,2.77602830977e-40,1.0,0.0,0.0,0.0,1.0,0.0,0.0,0.0,1.0,0
1481887572492252031,277,1481887572487238825,,0,0,46.5182609558,6.56644296646,2.77602830977e-40,1.0,0.0,0.0,0.0,1.0,0.0,0.0,0.0,1.0,0
1481887572692845941,278,1481887572690137308,,0,0,46.5182495117,6.56641149521,2.77602830977e-40,1.0,0.0,0.0,0.0,1.0,0.0,0.0,0.0,1.0,0
1481887572888686852,279,1481887572882926983,,0,0,46.5182571411,6.56641101837,2.77602830977e-40,1.0,0.0,0.0,0.0,1.0,0.0,0.0,0.0,1.0,0
1481887573090774506,280,1481887573088337902,,0,0,46.5182647705,6.56641817093,2.77602830977e-40,1.0,0.0,0.0,0.0,1.0,0.0,0.0,0.0,1.0,0
1481887573297238909,281,1481887573294695379,,0,0,46.518245697,6.56646776199,2.77602830977e-40,1.0,0.0,0.0,0.0,1.0,0.0,0.0,0.0,1.0,0
1481887573496023505,282,1481887573492310033,,0,0,46.5182495117,6.56649065018,2.77602830977e-40,1.0,0.0,0.0,0.0,1.0,0.0,0.0,0.0,1.0,0
1481887573685686216,283,1481887573677386932,,0,0,46.5182342529,6.56650686264,2.77602830977e-40,1.0,0.0,0.0,0.0,1.0,0.0,0.0,0.0,1.0,0
1481887573785039972,284,1481887573781165042,,0,0,46.5182380676,6.56650018692,2.77602830977e-40,1.0,0.0,0.0,0.0,1.0,0.0,0.0,0.0,1.0,0
1481887573911262718,285,1481887573905064466,,0,0,46.5182380676,6.56647014618,2.77602830977e-40,1.0,0.0,0.0,0.0,1.0,0.0,0.0,0.0,1.0,0
1481887574106982640,286,1481887574101303448,,0,0,46.5182342529,6.56651449203,2.77602830977e-40,1.0,0.0,0.0,0.0,1.0,0.0,0.0,0.0,1.0,0
1481887574307259417,287,1481887574304413388,,0,0,46.5182418823,6.56651592255,2.77602830977e-40,1.0,0.0,0.0,0.0,1.0,0.0,0.0,0.0,1.0,0
1481887574500226123,288,1481887574497779519,,0,0,46.5182571411,6.56650400162,2.77602830977e-40,1.0,0.0,0.0,0.0,1.0,0.0,0.0,0.0,1.0,0
1481887574705131211,289,1481887574702447733,,0,0,46.5182418823,6.56650876999,2.77602830977e-40,1.0,0.0,0.0,0.0,1.0,0.0,0.0,0.0,1.0,0
1481887574903522266,290,1481887574897152244,,0,0,46.5182342529,6.56652927399,2.77602830977e-40,1.0,0.0,0.0,0.0,1.0,0.0,0.0,0.0,1.0,0
1481887575092549616,291,1481887575090333376,,0,0,46.5182609558,6.56646585464,2.77602830977e-40,1.0,0.0,0.0,0.0,1.0,0.0,0.0,0.0,1.0,0
1481887575300083806,292,1481887575296573666,,0,0,46.5182647705,6.56646537781,2.77602830977e-40,1.0,0.0,0.0,0.0,1.0,0.0,0.0,0.0,1.0,0
1481887575505401496,293,1481887575497083097,,0,0,46.5182685852,6.56645727158,2.77602830977e-40,1.0,0.0,0.0,0.0,1.0,0.0,0.0,0.0,1.0,0
1481887575705386086,294,1481887575701237928,,0,0,46.5182762146,6.56646299362,2.77602830977e-40,1.0,0.0,0.0,0.0,1.0,0.0,0.0,0.0,1.0,0
1481887575919332434,295,1481887575915076100,,0,0,46.5182723999,6.56642484665,2.77602830977e-40,1.0,0.0,0.0,0.0,1.0,0.0,0.0,0.0,1.0,0
1481887576113664863,296,1481887576108488793,,0,0,46.5182533264,6.56645536423,2.77602830977e-40,1.0,0.0,0.0,0.0,1.0,0.0,0.0,0.0,1.0,0
1481887576313983931,297,1481887576311181548,,0,0,46.5182571411,6.5664730072,2.77602830977e-40,1.0,0.0,0.0,0.0,1.0,0.0,0.0,0.0,1.0,0
1481887576488686086,298,1481887576485508653,,0,0,46.5182800293,6.56646251678,2.77602830977e-40,1.0,0.0,0.0,0.0,1.0,0.0,0.0,0.0,1.0,0
1481887576716944555,299,1481887576710639897,,0,0,46.5182800293,6.56642532349,2.77602830977e-40,1.0,0.0,0.0,0.0,1.0,0.0,0.0,0.0,1.0,0
1481887576899213655,300,1481887576895653723,,0,0,46.518283844,6.56647014618,2.77602830977e-40,1.0,0.0,0.0,0.0,1.0,0.0,0.0,0.0,1.0,0
1481887577105146602,301,1481887577102630625,,0,0,46.518283844,6.56639528275,2.77602830977e-40,1.0,0.0,0.0,0.0,1.0,0.0,0.0,0.0,1.0,0
1481887577301213711,302,1481887577298790857,,0,0,46.5183143616,6.56641626358,2.77602830977e-40,1.0,0.0,0.0,0.0,1.0,0.0,0.0,0.0,1.0,0
1481887577498370658,303,1481887577495927909,,0,0,46.5183143616,6.56644010544,2.77602830977e-40,1.0,0.0,0.0,0.0,1.0,0.0,0.0,0.0,1.0,0
1481887577710098630,304,1481887577707635881,,0,0,46.5183181763,6.56645536423,2.77602830977e-40,1.0,0.0,0.0,0.0,1.0,0.0,0.0,0.0,1.0,0
1481887577895515528,305,1481887577892621635,,0,0,46.5183105469,6.56645393372,2.77602830977e-40,1.0,0.0,0.0,0.0,1.0,0.0,0.0,0.0,1.0,0
1481887578112103166,306,1481887578107357354,,0,0,46.5182952881,6.56648826599,2.77602830977e-40,1.0,0.0,0.0,0.0,1.0,0.0,0.0,0.0,1.0,0
1481887578313111657,307,1481887578309449383,,0,0,46.5182876587,6.56645584106,2.77602830977e-40,1.0,0.0,0.0,0.0,1.0,0.0,0.0,0.0,1.0,0
1481887578509974855,308,1481887578506837162,,0,0,46.5183105469,6.56646537781,2.77602830977e-40,1.0,0.0,0.0,0.0,1.0,0.0,0.0,0.0,1.0,0
1481887578707144979,309,1481887578703984213,,0,0,46.5183296204,6.56649971008,2.77602830977e-40,1.0,0.0,0.0,0.0,1.0,0.0,0.0,0.0,1.0,0
1481887578914167974,310,1481887578911240123,,0,0,46.5183372498,6.56650400162,2.77602830977e-40,1.0,0.0,0.0,0.0,1.0,0.0,0.0,0.0,1.0,0
1481887579105435157,311,1481887579098221701,,0,0,46.5183334351,6.56648683548,2.77602830977e-40,1.0,0.0,0.0,0.0,1.0,0.0,0.0,0.0,1.0,0
1481887579286683011,312,1481887579284314220,,0,0,46.5183258057,6.5665230751,2.77602830977e-40,1.0,0.0,0.0,0.0,1.0,0.0,0.0,0.0,1.0,0
1481887579402429087,313,1481887579396181929,,0,0,46.5183296204,6.56653165817,2.77602830977e-40,1.0,0.0,0.0,0.0,1.0,0.0,0.0,0.0,1.0,0
1481887579592812784,314,1481887579589218530,,0,0,46.5183334351,6.56656169891,2.77602830977e-40,1.0,0.0,0.0,0.0,1.0,0.0,0.0,0.0,1.0,0
1481887579797500061,315,1481887579793339663,,0,0,46.5183372498,6.56655263901,2.77602830977e-40,1.0,0.0,0.0,0.0,1.0,0.0,0.0,0.0,1.0,0
1481887579998557823,316,1481887579995300390,,0,0,46.5183372498,6.56657314301,2.77602830977e-40,1.0,0.0,0.0,0.0,1.0,0.0,0.0,0.0,1.0,0
1481887580215009784,317,1481887580212605577,,0,0,46.5183486938,6.56656599045,2.77602830977e-40,1.0,0.0,0.0,0.0,1.0,0.0,0.0,0.0,1.0,0
1481887580401815060,318,1481887580398435024,,0,0,46.518371582,6.56657791138,2.77602830977e-40,1.0,0.0,0.0,0.0,1.0,0.0,0.0,0.0,1.0,0
1481887580597376182,319,1481887580594233592,,0,0,46.5183639526,6.56658029556,2.77602830977e-40,1.0,0.0,0.0,0.0,1.0,0.0,0.0,0.0,1.0,0
1481887580803787877,320,1481887580800409768,,0,0,46.5183830261,6.56657981873,2.77602830977e-40,1.0,0.0,0.0,0.0,1.0,0.0,0.0,0.0,1.0,0
1481887580999831444,321,1481887580995387402,,0,0,46.518371582,6.56659173965,2.77602830977e-40,1.0,0.0,0.0,0.0,1.0,0.0,0.0,0.0,1.0,0
1481887581202669406,322,1481887581199158953,,0,0,46.5183639526,6.56658601761,2.77602830977e-40,1.0,0.0,0.0,0.0,1.0,0.0,0.0,0.0,1.0,0
1481887581406459395,323,1481887581403212327,,0,0,46.5183830261,6.56657934189,2.77602830977e-40,1.0,0.0,0.0,0.0,1.0,0.0,0.0,0.0,1.0,0
1481887581597711942,324,1481887581594795133,,0,0,46.5183830261,6.56659507751,2.77602830977e-40,1.0,0.0,0.0,0.0,1.0,0.0,0.0,0.0,1.0,0
1481887581811391885,325,1481887581808425232,,0,0,46.5183868408,6.56658363342,2.77602830977e-40,1.0,0.0,0.0,0.0,1.0,0.0,0.0,0.0,1.0,0
1481887581997419613,326,1481887581993996660,,0,0,46.5183830261,6.56657743454,2.77602830977e-40,1.0,0.0,0.0,0.0,1.0,0.0,0.0,0.0,1.0,0
1481887582214276416,327,1481887582211887938,,0,0,46.5183868408,6.56656455994,2.77602830977e-40,1.0,0.0,0.0,0.0,1.0,0.0,0.0,0.0,1.0,0
1481887582409480768,328,1481887582406680833,,0,0,46.5183868408,6.5665602684,2.77602830977e-40,1.0,0.0,0.0,0.0,1.0,0.0,0.0,0.0,1.0,0
1481887582606563601,329,1481887582603488876,,0,0,46.5183982849,6.56656265259,2.77602830977e-40,1.0,0.0,0.0,0.0,1.0,0.0,0.0,0.0,1.0,0
1481887582811038691,330,1481887582808874847,,0,0,46.5183792114,6.56656646729,2.77602830977e-40,1.0,0.0,0.0,0.0,1.0,0.0,0.0,0.0,1.0,0
1481887583016892316,331,1481887583013329520,,0,0,46.5183830261,6.56657123566,2.77602830977e-40,1.0,0.0,0.0,0.0,1.0,0.0,0.0,0.0,1.0,0
1481887583211326619,332,1481887583207994551,,0,0,46.5184135437,6.56657409668,2.77602830977e-40,1.0,0.0,0.0,0.0,1.0,0.0,0.0,0.0,1.0,0
1481887583392780410,333,1481887583390060267,,0,0,46.5183982849,6.56659126282,2.77602830977e-40,1.0,0.0,0.0,0.0,1.0,0.0,0.0,0.0,1.0,0
1481887583612564752,334,1481887583605982543,,0,0,46.5184020996,6.56658220291,2.77602830977e-40,1.0,0.0,0.0,0.0,1.0,0.0,0.0,0.0,1.0,0
1481887583815658442,335,1481887583812902309,,0,0,46.518409729,6.56658792496,2.77602830977e-40,1.0,0.0,0.0,0.0,1.0,0.0,0.0,0.0,1.0,0
1481887584003313714,336,1481887583998872381,,0,0,46.5184326172,6.5665974617,2.77602830977e-40,1.0,0.0,0.0,0.0,1.0,0.0,0.0,0.0,1.0,0
1481887584216450743,337,1481887584213513153,,0,0,46.5184249878,6.56660842896,2.77602830977e-40,1.0,0.0,0.0,0.0,1.0,0.0,0.0,0.0,1.0,0
1481887584412264311,338,1481887584409636927,,0,0,46.5184173584,6.56661987305,2.77602830977e-40,1.0,0.0,0.0,0.0,1.0,0.0,0.0,0.0,1.0,0
1481887584618013718,339,1481887584614805139,,0,0,46.5184173584,6.56661891937,2.77602830977e-40,1.0,0.0,0.0,0.0,1.0,0.0,0.0,0.0,1.0,0
1481887584780201192,340,1481887584777717402,,0,0,46.5184249878,6.56662750244,2.77602830977e-40,1.0,0.0,0.0,0.0,1.0,0.0,0.0,0.0,1.0,0
1481887584901641825,341,1481887584899353815,,0,0,46.5184211731,6.56661128998,2.77602830977e-40,1.0,0.0,0.0,0.0,1.0,0.0,0.0,0.0,1.0,0
1481887585095524047,342,1481887585093109527,,0,0,46.5184288025,6.56660223007,2.77602830977e-40,1.0,0.0,0.0,0.0,1.0,0.0,0.0,0.0,1.0,0
1481887585306465774,343,1481887585299347995,,0,0,46.5184249878,6.56659841537,2.77602830977e-40,1.0,0.0,0.0,0.0,1.0,0.0,0.0,0.0,1.0,0
1481887585510786542,344,1481887585506776404,,0,0,46.5184173584,6.56661224365,2.77602830977e-40,1.0,0.0,0.0,0.0,1.0,0.0,0.0,0.0,1.0,0
1481887585726588089,345,1481887585722003736,,0,0,46.5184288025,6.56662750244,2.77602830977e-40,1.0,0.0,0.0,0.0,1.0,0.0,0.0,0.0,1.0,0
1481887585910244370,346,1481887585903910285,,0,0,46.5184440613,6.56662750244,2.77602830977e-40,1.0,0.0,0.0,0.0,1.0,0.0,0.0,0.0,1.0,0
1481887586094892990,347,1481887586089136454,,0,0,46.5184402466,6.56664657593,2.77602830977e-40,1.0,0.0,0.0,0.0,1.0,0.0,0.0,0.0,1.0,0
1481887586296438406,348,1481887586293735345,,0,0,46.518447876,6.56663227081,2.77602830977e-40,1.0,0.0,0.0,0.0,1.0,0.0,0.0,0.0,1.0,0
1481887586504601135,349,1481887586497925020,,0,0,46.5184402466,6.56664180756,2.77602830977e-40,1.0,0.0,0.0,0.0,1.0,0.0,0.0,0.0,1.0,0
1481887586714474377,350,1481887586712392407,,0,0,46.5184326172,6.56663751602,2.77602830977e-40,1.0,0.0,0.0,0.0,1.0,0.0,0.0,0.0,1.0,0
1481887586908589984,351,1481887586906360827,,0,0,46.5184402466,6.56662511826,2.77602830977e-40,1.0,0.0,0.0,0.0,1.0,0.0,0.0,0.0,1.0,0
1481887587105156100,352,1481887587101505336,,0,0,46.5184211731,6.56660842896,2.77602830977e-40,1.0,0.0,0.0,0.0,1.0,0.0,0.0,0.0,1.0,0
1481887587314230075,353,1481887587308338123,,0,0,46.5184326172,6.56661081314,2.77602830977e-40,1.0,0.0,0.0,0.0,1.0,0.0,0.0,0.0,1.0,0
1481887587504872833,354,1481887587495842980,,0,0,46.5184326172,6.56660318375,2.77602830977e-40,1.0,0.0,0.0,0.0,1.0,0.0,0.0,0.0,1.0,0
1481887587704005761,355,1481887587701567543,,0,0,46.5184440613,6.56659984589,2.77602830977e-40,1.0,0.0,0.0,0.0,1.0,0.0,0.0,0.0,1.0,0
1481887587920530326,356,1481887587914990039,,0,0,46.5184402466,6.56660890579,2.77602830977e-40,1.0,0.0,0.0,0.0,1.0,0.0,0.0,0.0,1.0,0
1481887588104381814,357,1481887588098659861,,0,0,46.5184402466,6.56658744812,2.77602830977e-40,1.0,0.0,0.0,0.0,1.0,0.0,0.0,0.0,1.0,0
1481887588307952481,358,1481887588300450016,,0,0,46.518447876,6.56659603119,2.77602830977e-40,1.0,0.0,0.0,0.0,1.0,0.0,0.0,0.0,1.0,0
1481887588507574468,359,1481887588504407660,,0,0,46.5184516907,6.56660747528,2.77602830977e-40,1.0,0.0,0.0,0.0,1.0,0.0,0.0,0.0,1.0,0
1481887588701965647,360,1481887588697603428,,0,0,46.5184593201,6.56664705276,2.77602830977e-40,1.0,0.0,0.0,0.0,1.0,0.0,0.0,0.0,1.0,0
1481887588888262384,361,1481887588885231721,,0,0,46.5184707642,6.56665849686,2.77602830977e-40,1.0,0.0,0.0,0.0,1.0,0.0,0.0,0.0,1.0,0
1481887589093659918,362,1481887589090874618,,0,0,46.5184745789,6.56666326523,2.77602830977e-40,1.0,0.0,0.0,0.0,1.0,0.0,0.0,0.0,1.0,0
1481887589290683324,363,1481887589287498547,,0,0,46.5184631348,6.56668329239,2.77602830977e-40,1.0,0.0,0.0,0.0,1.0,0.0,0.0,0.0,1.0,0
1481887589496400491,364,1481887589492469884,,0,0,46.5184822083,6.56669282913,2.77602830977e-40,1.0,0.0,0.0,0.0,1.0,0.0,0.0,0.0,1.0,0
1481887589705928839,365,1481887589701903076,,0,0,46.5184822083,6.56666851044,2.77602830977e-40,1.0,0.0,0.0,0.0,1.0,0.0,0.0,0.0,1.0,0
1481887589899329762,366,1481887589895981392,,0,0,46.5184936523,6.56664562225,2.77602830977e-40,1.0,0.0,0.0,0.0,1.0,0.0,0.0,0.0,1.0,0
1481887590093401671,367,1481887590089275700,,0,0,46.5184898376,6.56667900085,2.77602830977e-40,1.0,0.0,0.0,0.0,1.0,0.0,0.0,0.0,1.0,0
1481887590286253586,368,1481887590283148236,,0,0,46.5185012817,6.56666326523,2.77602830977e-40,1.0,0.0,0.0,0.0,1.0,0.0,0.0,0.0,1.0,0
1481887590389179825,369,1481887590383873808,,0,0,46.5184936523,6.56666088104,2.77602830977e-40,1.0,0.0,0.0,0.0,1.0,0.0,0.0,0.0,1.0,0
1481887590591443311,370,1481887590588685876,,0,0,46.5184860229,6.56667137146,2.77602830977e-40,1.0,0.0,0.0,0.0,1.0,0.0,0.0,0.0,1.0,0
1481887590797927610,371,1481887590795209394,,0,0,46.5184783936,6.56665658951,2.77602830977e-40,1.0,0.0,0.0,0.0,1.0,0.0,0.0,0.0,1.0,0
1481887590998668343,372,1481887590995676898,,0,0,46.5184707642,6.56668329239,2.77602830977e-40,1.0,0.0,0.0,0.0,1.0,0.0,0.0,0.0,1.0,0
1481887591194173631,373,1481887591191972964,,0,0,46.5184822083,6.56666707993,2.77602830977e-40,1.0,0.0,0.0,0.0,1.0,0.0,0.0,0.0,1.0,0
1481887591403249012,374,1481887591398206796,,0,0,46.5185127258,6.56668519974,2.77602830977e-40,1.0,0.0,0.0,0.0,1.0,0.0,0.0,0.0,1.0,0
1481887591604213441,375,1481887591601070591,,0,0,46.5185241699,6.56668329239,2.77602830977e-40,1.0,0.0,0.0,0.0,1.0,0.0,0.0,0.0,1.0,0
1481887591785016714,376,1481887591782622767,,0,0,46.5185165405,6.56668996811,2.77602830977e-40,1.0,0.0,0.0,0.0,1.0,0.0,0.0,0.0,1.0,0
1481887591898725612,377,1481887591893861520,,0,0,46.518497467,6.56670379639,2.77602830977e-40,1.0,0.0,0.0,0.0,1.0,0.0,0.0,0.0,1.0,0
1481887592109510881,378,1481887592106758185,,0,0,46.5184898376,6.56669855118,2.77602830977e-40,1.0,0.0,0.0,0.0,1.0,0.0,0.0,0.0,1.0,0
1481887592305607989,379,1481887592302729044,,0,0,46.5184745789,6.56668186188,2.77602830977e-40,1.0,0.0,0.0,0.0,1.0,0.0,0.0,0.0,1.0,0
1481887592505641849,380,1481887592501118485,,0,0,46.5184593201,6.56668567657,2.77602830977e-40,1.0,0.0,0.0,0.0,1.0,0.0,0.0,0.0,1.0,0
1481887592701826978,381,1481887592694760084,,0,0,46.5184783936,6.56669521332,2.77602830977e-40,1.0,0.0,0.0,0.0,1.0,0.0,0.0,0.0,1.0,0
1481887592905522905,382,1481887592901810631,,0,0,46.5184936523,6.56665849686,2.77602830977e-40,1.0,0.0,0.0,0.0,1.0,0.0,0.0,0.0,1.0,0
1481887593081338076,383,1481887593078250018,,0,0,46.5184707642,6.56665277481,2.77602830977e-40,1.0,0.0,0.0,0.0,1.0,0.0,0.0,0.0,1.0,0
1481887593196000095,384,1481887593191051420,,0,0,46.5184669495,6.5666847229,2.77602830977e-40,1.0,0.0,0.0,0.0,1.0,0.0,0.0,0.0,1.0,0
1481887593408387335,385,1481887593404333135,,0,0,46.518447876,6.56664657593,2.77602830977e-40,1.0,0.0,0.0,0.0,1.0,0.0,0.0,0.0,1.0,0
1481887593603371480,386,1481887593599371655,,0,0,46.5184326172,6.56665325165,2.77602830977e-40,1.0,0.0,0.0,0.0,1.0,0.0,0.0,0.0,1.0,0
1481887593796961412,387,1481887593792562735,,0,0,46.5184288025,6.56669044495,2.77602830977e-40,1.0,0.0,0.0,0.0,1.0,0.0,0.0,0.0,1.0,0
1481887593990927436,388,1481887593986828758,,0,0,46.518447876,6.56665468216,2.77602830977e-40,1.0,0.0,0.0,0.0,1.0,0.0,0.0,0.0,1.0,0
1481887594208124863,389,1481887594204379151,,0,0,46.5184631348,6.56665039062,2.77602830977e-40,1.0,0.0,0.0,0.0,1.0,0.0,0.0,0.0,1.0,0
1481887594393187700,390,1481887594390228026,,0,0,46.5184364319,6.56667137146,2.77602830977e-40,1.0,0.0,0.0,0.0,1.0,0.0,0.0,0.0,1.0,0
1481887594606769362,391,1481887594597372791,,0,0,46.5184898376,6.56665468216,2.77602830977e-40,1.0,0.0,0.0,0.0,1.0,0.0,0.0,0.0,1.0,0
1481887594816864998,392,1481887594814350791,,0,0,46.5184745789,6.56664705276,2.77602830977e-40,1.0,0.0,0.0,0.0,1.0,0.0,0.0,0.0,1.0,0
1481887595020378218,393,1481887595016576308,,0,0,46.5184745789,6.56664037704,2.77602830977e-40,1.0,0.0,0.0,0.0,1.0,0.0,0.0,0.0,1.0,0
1481887595214021848,394,1481887595208781143,,0,0,46.5184822083,6.56662845612,2.77602830977e-40,1.0,0.0,0.0,0.0,1.0,0.0,0.0,0.0,1.0,0
1481887595425464041,395,1481887595423213791,,0,0,46.5184783936,6.56663274765,2.77602830977e-40,1.0,0.0,0.0,0.0,1.0,0.0,0.0,0.0,1.0,0
1481887595622629217,396,1481887595617165701,,0,0,46.5184898376,6.56666374207,2.77602830977e-40,1.0,0.0,0.0,0.0,1.0,0.0,0.0,0.0,1.0,0
1481887595795322736,397,1481887595792266552,,0,0,46.5184822083,6.56665325165,2.77602830977e-40,1.0,0.0,0.0,0.0,1.0,0.0,0.0,0.0,1.0,0
1481887596025474894,398,1481887596014368175,,0,0,46.5184936523,6.56667423248,2.77602830977e-40,1.0,0.0,0.0,0.0,1.0,0.0,0.0,0.0,1.0,0
1481887596225640525,399,1481887596219573418,,0,0,46.5184745789,6.56665229797,2.77602830977e-40,1.0,0.0,0.0,0.0,1.0,0.0,0.0,0.0,1.0,0
1481887596418318170,400,1481887596413516734,,0,0,46.5184783936,6.56665658951,2.77602830977e-40,1.0,0.0,0.0,0.0,1.0,0.0,0.0,0.0,1.0,0
1481887596629229323,401,1481887596626493346,,0,0,46.5184669495,6.56666278839,2.77602830977e-40,1.0,0.0,0.0,0.0,1.0,0.0,0.0,0.0,1.0,0
1481887596824684455,402,1481887596819187450,,0,0,46.5184555054,6.56665849686,2.77602830977e-40,1.0,0.0,0.0,0.0,1.0,0.0,0.0,0.0,1.0,0
1481887597016335438,403,1481887597012169989,,0,0,46.5184631348,6.56665372849,2.77602830977e-40,1.0,0.0,0.0,0.0,1.0,0.0,0.0,0.0,1.0,0
1481887597197366835,404,1481887597194359401,,0,0,46.5184669495,6.56664466858,2.77602830977e-40,1.0,0.0,0.0,0.0,1.0,0.0,0.0,0.0,1.0,0
1481887597413109529,405,1481887597409559910,,0,0,46.5184593201,6.56665325165,2.77602830977e-40,1.0,0.0,0.0,0.0,1.0,0.0,0.0,0.0,1.0,0
