%time,field.header.seq,field.header.stamp,field.header.frame_id,field.status.status,field.status.service,field.latitude,field.longitude,field.altitude,field.position_covariance0,field.position_covariance1,field.position_covariance2,field.position_covariance3,field.position_covariance4,field.position_covariance5,field.position_covariance6,field.position_covariance7,field.position_covariance8,field.position_covariance_type
1481903019745045217,59,1481903019742699494,,0,0,46.5184783936,6.56663370132,2.77602830977e-40,1.0,0.0,0.0,0.0,1.0,0.0,0.0,0.0,1.0,0
1481903019948444705,60,1481903019945701275,,0,0,46.5184783936,6.56663370132,2.77602830977e-40,1.0,0.0,0.0,0.0,1.0,0.0,0.0,0.0,1.0,0
1481903020131127943,61,1481903020127219463,,0,0,46.5184783936,6.56663370132,2.77602830977e-40,1.0,0.0,0.0,0.0,1.0,0.0,0.0,0.0,1.0,0
1481903020256810699,62,1481903020249714832,,0,0,46.5184822083,6.56663513184,2.77602830977e-40,1.0,0.0,0.0,0.0,1.0,0.0,0.0,0.0,1.0,0
1481903020453673745,63,1481903020451356772,,0,0,46.5184783936,6.56663370132,2.77602830977e-40,1.0,0.0,0.0,0.0,1.0,0.0,0.0,0.0,1.0,0
1481903020650023980,64,1481903020644984149,,0,0,46.5184822083,6.56663513184,2.77602830977e-40,1.0,0.0,0.0,0.0,1.0,0.0,0.0,0.0,1.0,0
1481903020848232648,65,1481903020845754060,,0,0,46.5184783936,6.56663370132,2.77602830977e-40,1.0,0.0,0.0,0.0,1.0,0.0,0.0,0.0,1.0,0
1481903021050018441,66,1481903021046725741,,0,0,46.5184822083,6.56663513184,2.77602830977e-40,1.0,0.0,0.0,0.0,1.0,0.0,0.0,0.0,1.0,0
1481903021265108941,67,1481903021261906189,,0,0,46.5184822083,6.56663513184,2.77602830977e-40,1.0,0.0,0.0,0.0,1.0,0.0,0.0,0.0,1.0,0
1481903021448119106,68,1481903021443725419,,0,0,46.5184783936,6.56663417816,2.77602830977e-40,1.0,0.0,0.0,0.0,1.0,0.0,0.0,0.0,1.0,0
1481903021640609142,69,1481903021637556233,,0,0,46.5184783936,6.56663417816,2.77602830977e-40,1.0,0.0,0.0,0.0,1.0,0.0,0.0,0.0,1.0,0
1481903021750971989,70,1481903021746946947,,0,0,46.5184783936,6.56663417816,2.77602830977e-40,1.0,0.0,0.0,0.0,1.0,0.0,0.0,0.0,1.0,0
1481903021953024344,71,1481903021950061123,,0,0,46.5184783936,6.56663417816,2.77602830977e-40,1.0,0.0,0.0,0.0,1.0,0.0,0.0,0.0,1.0,0
1481903022154091546,72,1481903022150080723,,0,0,46.5184783936,6.56663417816,2.77602830977e-40,1.0,0.0,0.0,0.0,1.0,0.0,0.0,0.0,1.0,0
1481903022358662802,73,1481903022352083235,,0,0,46.5184783936,6.56663417816,2.77602830977e-40,1.0,0.0,0.0,0.0,1.0,0.0,0.0,0.0,1.0,0
1481903022562087133,74,1481903022552986531,,0,0,46.5184783936,6.56663417816,2.77602830977e-40,1.0,0.0,0.0,0.0,1.0,0.0,0.0,0.0,1.0,0
1481903022758289348,75,1481903022754814721,,0,0,46.5184783936,6.56663417816,2.77602830977e-40,1.0,0.0,0.0,0.0,1.0,0.0,0.0,0.0,1.0,0
1481903022930330008,76,1481903022927547046,,0,0,46.5184783936,6.56663417816,2.77602830977e-40,1.0,0.0,0.0,0.0,1.0,0.0,0.0,0.0,1.0,0
1481903023051162152,77,1481903023047295443,,0,0,46.5184783936,6.56663417816,2.77602830977e-40,1.0,0.0,0.0,0.0,1.0,0.0,0.0,0.0,1.0,0
1481903023253039456,78,1481903023249584725,,0,0,46.5184783936,6.56663417816,2.77602830977e-40,1.0,0.0,0.0,0.0,1.0,0.0,0.0,0.0,1.0,0
1481903023467102354,79,1481903023463426947,,0,0,46.5184783936,6.56663417816,2.77602830977e-40,1.0,0.0,0.0,0.0,1.0,0.0,0.0,0.0,1.0,0
1481903023651984962,80,1481903023645897789,,0,0,46.5184783936,6.56663417816,2.77602830977e-40,1.0,0.0,0.0,0.0,1.0,0.0,0.0,0.0,1.0,0
1481903023856220906,81,1481903023851714719,,0,0,46.5184783936,6.56663417816,2.77602830977e-40,1.0,0.0,0.0,0.0,1.0,0.0,0.0,0.0,1.0,0
1481903024054422438,82,1481903024050812082,,0,0,46.5184783936,6.56663417816,2.77602830977e-40,1.0,0.0,0.0,0.0,1.0,0.0,0.0,0.0,1.0,0
1481903024258408486,83,1481903024251321681,,0,0,46.5184783936,6.56663417816,2.77602830977e-40,1.0,0.0,0.0,0.0,1.0,0.0,0.0,0.0,1.0,0
1481903024459188918,84,1481903024453081902,,0,0,46.5184783936,6.56663417816,2.77602830977e-40,1.0,0.0,0.0,0.0,1.0,0.0,0.0,0.0,1.0,0
1481903024653126555,85,1481903024650839425,,0,0,46.5184783936,6.56663417816,2.77602830977e-40,1.0,0.0,0.0,0.0,1.0,0.0,0.0,0.0,1.0,0
1481903024847362264,86,1481903024844591906,,0,0,46.5184783936,6.56663417816,2.77602830977e-40,1.0,0.0,0.0,0.0,1.0,0.0,0.0,0.0,1.0,0
1481903025051574718,87,1481903025048423841,,0,0,46.5184783936,6.56663417816,2.77602830977e-40,1.0,0.0,0.0,0.0,1.0,0.0,0.0,0.0,1.0,0
1481903025246471467,88,1481903025242217884,,0,0,46.5184783936,6.56663417816,2.77602830977e-40,1.0,0.0,0.0,0.0,1.0,0.0,0.0,0.0,1.0,0
1481903025448044813,89,1481903025444962686,,0,0,46.5184783936,6.56663417816,2.77602830977e-40,1.0,0.0,0.0,0.0,1.0,0.0,0.0,0.0,1.0,0
1481903025648629152,90,1481903025645236556,,0,0,46.5184783936,6.56663417816,2.77602830977e-40,1.0,0.0,0.0,0.0,1.0,0.0,0.0,0.0,1.0,0
1481903025850240051,91,1481903025846684539,,0,0,46.5184783936,6.56663417816,2.77602830977e-40,1.0,0.0,0.0,0.0,1.0,0.0,0.0,0.0,1.0,0
1481903026051161992,92,1481903026048362885,,0,0,46.5184783936,6.56663417816,2.77602830977e-40,1.0,0.0,0.0,0.0,1.0,0.0,0.0,0.0,1.0,0
1481903026255089708,93,1481903026250113627,,0,0,46.5184783936,6.56663417816,2.77602830977e-40,1.0,0.0,0.0,0.0,1.0,0.0,0.0,0.0,1.0,0
1481903026443909545,94,1481903026440749970,,0,0,46.5184783936,6.56663417816,2.77602830977e-40,1.0,0.0,0.0,0.0,1.0,0.0,0.0,0.0,1.0,0
1481903026659393690,95,1481903026653742871,,0,0,46.5184783936,6.56663417816,2.77602830977e-40,1.0,0.0,0.0,0.0,1.0,0.0,0.0,0.0,1.0,0
1481903026849710606,96,1481903026847124103,,0,0,46.5184783936,6.56663417816,2.77602830977e-40,1.0,0.0,0.0,0.0,1.0,0.0,0.0,0.0,1.0,0
1481903027031403743,97,1481903027027966616,,0,0,46.5184783936,6.56663417816,2.77602830977e-40,1.0,0.0,0.0,0.0,1.0,0.0,0.0,0.0,1.0,0
1481903027133631350,98,1481903027127636000,,0,0,46.5184783936,6.56663417816,2.77602830977e-40,1.0,0.0,0.0,0.0,1.0,0.0,0.0,0.0,1.0,0
1481903027266603411,99,1481903027262259828,,0,0,46.5184783936,6.56663417816,2.77602830977e-40,1.0,0.0,0.0,0.0,1.0,0.0,0.0,0.0,1.0,0
1481903027449555762,100,1481903027445534835,,0,0,46.5184783936,6.566634655,2.77602830977e-40,1.0,0.0,0.0,0.0,1.0,0.0,0.0,0.0,1.0,0
1481903027651221713,101,1481903027648406876,,0,0,46.5184783936,6.566634655,2.77602830977e-40,1.0,0.0,0.0,0.0,1.0,0.0,0.0,0.0,1.0,0
1481903027853178704,102,1481903027850801992,,0,0,46.5184783936,6.566634655,2.77602830977e-40,1.0,0.0,0.0,0.0,1.0,0.0,0.0,0.0,1.0,0
1481903028044476087,103,1481903028040162556,,0,0,46.5184783936,6.566634655,2.77602830977e-40,1.0,0.0,0.0,0.0,1.0,0.0,0.0,0.0,1.0,0
1481903028257500915,104,1481903028253213530,,0,0,46.5184822083,6.566634655,2.77602830977e-40,1.0,0.0,0.0,0.0,1.0,0.0,0.0,0.0,1.0,0
1481903028430750531,105,1481903028425555752,,0,0,46.5184783936,6.566634655,2.77602830977e-40,1.0,0.0,0.0,0.0,1.0,0.0,0.0,0.0,1.0,0
1481903028542660458,106,1481903028536795993,,0,0,46.5184822083,6.566634655,2.77602830977e-40,1.0,0.0,0.0,0.0,1.0,0.0,0.0,0.0,1.0,0
1481903028643413954,107,1481903028636978085,,0,0,46.5184783936,6.566634655,2.77602830977e-40,1.0,0.0,0.0,0.0,1.0,0.0,0.0,0.0,1.0,0
1481903028843421367,108,1481903028840313198,,0,0,46.5184783936,6.566634655,2.77602830977e-40,1.0,0.0,0.0,0.0,1.0,0.0,0.0,0.0,1.0,0
1481903029051562718,109,1481903029045702941,,0,0,46.5184783936,6.566634655,2.77602830977e-40,1.0,0.0,0.0,0.0,1.0,0.0,0.0,0.0,1.0,0
1481903029240758022,110,1481903029234735590,,0,0,46.5184783936,6.56663417816,2.77602830977e-40,1.0,0.0,0.0,0.0,1.0,0.0,0.0,0.0,1.0,0
1481903029354433309,111,1481903029345425780,,0,0,46.5184783936,6.56663322449,2.77602830977e-40,1.0,0.0,0.0,0.0,1.0,0.0,0.0,0.0,1.0,0
1481903029554014942,112,1481903029547537510,,0,0,46.5184822083,6.56663036346,2.77602830977e-40,1.0,0.0,0.0,0.0,1.0,0.0,0.0,0.0,1.0,0
1481903029744092380,113,1481903029738577915,,0,0,46.5184822083,6.56662607193,2.77602830977e-40,1.0,0.0,0.0,0.0,1.0,0.0,0.0,0.0,1.0,0
1481903029946030830,114,1481903029940404906,,0,0,46.5184822083,6.56662034988,2.77602830977e-40,1.0,0.0,0.0,0.0,1.0,0.0,0.0,0.0,1.0,0
1481903030313042197,115,1481903030309113926,,0,0,46.5184783936,6.56661319733,2.77602830977e-40,1.0,0.0,0.0,0.0,1.0,0.0,0.0,0.0,1.0,0
1481903030690620048,116,1481903030687610108,,0,0,46.5184783936,6.56659793854,2.77602830977e-40,1.0,0.0,0.0,0.0,1.0,0.0,0.0,0.0,1.0,0
