%time,field.header.seq,field.header.stamp,field.header.frame_id,field.status.status,field.status.service,field.latitude,field.longitude,field.altitude,field.position_covariance0,field.position_covariance1,field.position_covariance2,field.position_covariance3,field.position_covariance4,field.position_covariance5,field.position_covariance6,field.position_covariance7,field.position_covariance8,field.position_covariance_type
1481903422104034391,64,1481903422101250179,,0,0,46.5184898376,6.56662321091,2.77602830977e-40,1.0,0.0,0.0,0.0,1.0,0.0,0.0,0.0,1.0,0
1481903422309515332,65,1481903422306337475,,0,0,46.5184898376,6.56662321091,2.77602830977e-40,1.0,0.0,0.0,0.0,1.0,0.0,0.0,0.0,1.0,0
1481903422500190424,66,1481903422497486525,,0,0,46.5184898376,6.56662321091,2.77602830977e-40,1.0,0.0,0.0,0.0,1.0,0.0,0.0,0.0,1.0,0
1481903422600775692,67,1481903422597934918,,0,0,46.5184898376,6.56662321091,2.77602830977e-40,1.0,0.0,0.0,0.0,1.0,0.0,0.0,0.0,1.0,0
1481903422815471557,68,1481903422812532815,,0,0,46.5184898376,6.56662321091,2.77602830977e-40,1.0,0.0,0.0,0.0,1.0,0.0,0.0,0.0,1.0,0
1481903423018676358,69,1481903423015957355,,0,0,46.5184898376,6.56662321091,2.77602830977e-40,1.0,0.0,0.0,0.0,1.0,0.0,0.0,0.0,1.0,0
1481903423210238115,70,1481903423207450570,,0,0,46.5184898376,6.56662321091,2.77602830977e-40,1.0,0.0,0.0,0.0,1.0,0.0,0.0,0.0,1.0,0
1481903423406639704,71,1481903423404024190,,0,0,46.5184898376,6.56662321091,2.77602830977e-40,1.0,0.0,0.0,0.0,1.0,0.0,0.0,0.0,1.0,0
1481903423610956273,72,1481903423607763104,,0,0,46.5184898376,6.56662321091,2.77602830977e-40,1.0,0.0,0.0,0.0,1.0,0.0,0.0,0.0,1.0,0
1481903423813733210,73,1481903423810574468,,0,0,46.5184898376,6.56662321091,2.77602830977e-40,1.0,0.0,0.0,0.0,1.0,0.0,0.0,0.0,1.0,0
1481903424007266004,74,1481903424004265334,,0,0,46.5184898376,6.56662321091,2.77602830977e-40,1.0,0.0,0.0,0.0,1.0,0.0,0.0,0.0,1.0,0
1481903424208316071,75,1481903424205559567,,0,0,46.5184898376,6.56662273407,2.77602830977e-40,1.0,0.0,0.0,0.0,1.0,0.0,0.0,0.0,1.0,0
1481903424419510851,76,1481903424417811533,,0,0,46.5184898376,6.56662273407,2.77602830977e-40,1.0,0.0,0.0,0.0,1.0,0.0,0.0,0.0,1.0,0
1481903424615012911,77,1481903424611180993,,0,0,46.5184898376,6.56662273407,2.77602830977e-40,1.0,0.0,0.0,0.0,1.0,0.0,0.0,0.0,1.0,0
1481903424804722225,78,1481903424802816605,,0,0,46.5184898376,6.56662273407,2.77602830977e-40,1.0,0.0,0.0,0.0,1.0,0.0,0.0,0.0,1.0,0
1481903425017365023,79,1481903425014348884,,0,0,46.5184898376,6.56662273407,2.77602830977e-40,1.0,0.0,0.0,0.0,1.0,0.0,0.0,0.0,1.0,0
1481903425208496573,80,1481903425204107521,,0,0,46.5184898376,6.56662273407,2.77602830977e-40,1.0,0.0,0.0,0.0,1.0,0.0,0.0,0.0,1.0,0
1481903425403752591,81,1481903425399075676,,0,0,46.5184898376,6.56662273407,2.77602830977e-40,1.0,0.0,0.0,0.0,1.0,0.0,0.0,0.0,1.0,0
1481903425524198590,82,1481903425520905213,,0,0,46.5184898376,6.56662273407,2.77602830977e-40,1.0,0.0,0.0,0.0,1.0,0.0,0.0,0.0,1.0,0
1481903425707585420,83,1481903425703856158,,0,0,46.5184898376,6.56662273407,2.77602830977e-40,1.0,0.0,0.0,0.0,1.0,0.0,0.0,0.0,1.0,0
1481903425908651163,84,1481903425905699713,,0,0,46.5184898376,6.56662273407,2.77602830977e-40,1.0,0.0,0.0,0.0,1.0,0.0,0.0,0.0,1.0,0
1481903426113513304,85,1481903426110006177,,0,0,46.5184898376,6.56662273407,2.77602830977e-40,1.0,0.0,0.0,0.0,1.0,0.0,0.0,0.0,1.0,0
1481903426311102650,86,1481903426309007134,,0,0,46.5184898376,6.56662273407,2.77602830977e-40,1.0,0.0,0.0,0.0,1.0,0.0,0.0,0.0,1.0,0
1481903426524407790,87,1481903426521255194,,0,0,46.5184898376,6.56662321091,2.77602830977e-40,1.0,0.0,0.0,0.0,1.0,0.0,0.0,0.0,1.0,0
1481903426694458820,88,1481903426691164505,,0,0,46.5184898376,6.56662273407,2.77602830977e-40,1.0,0.0,0.0,0.0,1.0,0.0,0.0,0.0,1.0,0
1481903426804946302,89,1481903426800314751,,0,0,46.5184898376,6.56662321091,2.77602830977e-40,1.0,0.0,0.0,0.0,1.0,0.0,0.0,0.0,1.0,0
1481903427005514287,90,1481903427002483305,,0,0,46.5184898376,6.56662321091,2.77602830977e-40,1.0,0.0,0.0,0.0,1.0,0.0,0.0,0.0,1.0,0
1481903427208277995,91,1481903427205994459,,0,0,46.5184898376,6.56662321091,2.77602830977e-40,1.0,0.0,0.0,0.0,1.0,0.0,0.0,0.0,1.0,0
1481903427401767299,92,1481903427398838088,,0,0,46.5184898376,6.56662321091,2.77602830977e-40,1.0,0.0,0.0,0.0,1.0,0.0,0.0,0.0,1.0,0
1481903427605825118,93,1481903427601416692,,0,0,46.5184898376,6.56662321091,2.77602830977e-40,1.0,0.0,0.0,0.0,1.0,0.0,0.0,0.0,1.0,0
1481903427807778360,94,1481903427804433056,,0,0,46.5184898376,6.56662273407,2.77602830977e-40,1.0,0.0,0.0,0.0,1.0,0.0,0.0,0.0,1.0,0
1481903427998901629,95,1481903427995507054,,0,0,46.5184898376,6.56662321091,2.77602830977e-40,1.0,0.0,0.0,0.0,1.0,0.0,0.0,0.0,1.0,0
1481903428098609711,96,1481903428095812687,,0,0,46.5184898376,6.56662321091,2.77602830977e-40,1.0,0.0,0.0,0.0,1.0,0.0,0.0,0.0,1.0,0
1481903428209817399,97,1481903428207028865,,0,0,46.5184898376,6.56662321091,2.77602830977e-40,1.0,0.0,0.0,0.0,1.0,0.0,0.0,0.0,1.0,0
1481903428413083658,98,1481903428409759031,,0,0,46.5184898376,6.56662321091,2.77602830977e-40,1.0,0.0,0.0,0.0,1.0,0.0,0.0,0.0,1.0,0
1481903428604677968,99,1481903428601858704,,0,0,46.5184898376,6.56662321091,2.77602830977e-40,1.0,0.0,0.0,0.0,1.0,0.0,0.0,0.0,1.0,0
1481903428814937855,100,1481903428811942029,,0,0,46.5184898376,6.56662321091,2.77602830977e-40,1.0,0.0,0.0,0.0,1.0,0.0,0.0,0.0,1.0,0
1481903429006167946,101,1481903429002080977,,0,0,46.5184898376,6.56662321091,2.77602830977e-40,1.0,0.0,0.0,0.0,1.0,0.0,0.0,0.0,1.0,0
1481903429211130034,102,1481903429206706764,,0,0,46.5184898376,6.56662321091,2.77602830977e-40,1.0,0.0,0.0,0.0,1.0,0.0,0.0,0.0,1.0,0
1481903429407561935,103,1481903429400212735,,0,0,46.5184898376,6.56662321091,2.77602830977e-40,1.0,0.0,0.0,0.0,1.0,0.0,0.0,0.0,1.0,0
1481903429607078360,104,1481903429603244203,,0,0,46.5184898376,6.56662368774,2.77602830977e-40,1.0,0.0,0.0,0.0,1.0,0.0,0.0,0.0,1.0,0
1481903429811546230,105,1481903429806490670,,0,0,46.5184898376,6.56662321091,2.77602830977e-40,1.0,0.0,0.0,0.0,1.0,0.0,0.0,0.0,1.0,0
1481903430012306141,106,1481903430009408388,,0,0,46.5184898376,6.56662368774,2.77602830977e-40,1.0,0.0,0.0,0.0,1.0,0.0,0.0,0.0,1.0,0
1481903430206054195,107,1481903430202035924,,0,0,46.5184898376,6.56662321091,2.77602830977e-40,1.0,0.0,0.0,0.0,1.0,0.0,0.0,0.0,1.0,0
1481903430418957774,108,1481903430411486490,,0,0,46.5184898376,6.56662321091,2.77602830977e-40,1.0,0.0,0.0,0.0,1.0,0.0,0.0,0.0,1.0,0
1481903430610784270,109,1481903430604726681,,0,0,46.5184898376,6.56662368774,2.77602830977e-40,1.0,0.0,0.0,0.0,1.0,0.0,0.0,0.0,1.0,0
1481903430802851078,110,1481903430797839788,,0,0,46.5184898376,6.56662321091,2.77602830977e-40,1.0,0.0,0.0,0.0,1.0,0.0,0.0,0.0,1.0,0
1481903430906210713,111,1481903430899985937,,0,0,46.5184898376,6.56662321091,2.77602830977e-40,1.0,0.0,0.0,0.0,1.0,0.0,0.0,0.0,1.0,0
1481903431015720906,112,1481903431011235136,,0,0,46.5184898376,6.56662321091,2.77602830977e-40,1.0,0.0,0.0,0.0,1.0,0.0,0.0,0.0,1.0,0
1481903431207718964,113,1481903431202856893,,0,0,46.5184898376,6.56662321091,2.77602830977e-40,1.0,0.0,0.0,0.0,1.0,0.0,0.0,0.0,1.0,0
1481903431409517466,114,1481903431406487162,,0,0,46.5184898376,6.56662321091,2.77602830977e-40,1.0,0.0,0.0,0.0,1.0,0.0,0.0,0.0,1.0,0
1481903431607581968,115,1481903431603817758,,0,0,46.5184898376,6.56662321091,2.77602830977e-40,1.0,0.0,0.0,0.0,1.0,0.0,0.0,0.0,1.0,0
1481903431811419423,116,1481903431806535842,,0,0,46.5184898376,6.56662321091,2.77602830977e-40,1.0,0.0,0.0,0.0,1.0,0.0,0.0,0.0,1.0,0
1481903432004218000,117,1481903432000545145,,0,0,46.5184898376,6.56662321091,2.77602830977e-40,1.0,0.0,0.0,0.0,1.0,0.0,0.0,0.0,1.0,0
1481903432186954571,118,1481903432183230883,,0,0,46.5184898376,6.56662321091,2.77602830977e-40,1.0,0.0,0.0,0.0,1.0,0.0,0.0,0.0,1.0,0
1481903432286758643,119,1481903432284135837,,0,0,46.5184898376,6.56662321091,2.77602830977e-40,1.0,0.0,0.0,0.0,1.0,0.0,0.0,0.0,1.0,0
1481903432397774509,120,1481903432394387330,,0,0,46.5184898376,6.56662273407,2.77602830977e-40,1.0,0.0,0.0,0.0,1.0,0.0,0.0,0.0,1.0,0
1481903432515082338,121,1481903432512782032,,0,0,46.5184898376,6.56662273407,2.77602830977e-40,1.0,0.0,0.0,0.0,1.0,0.0,0.0,0.0,1.0,0
1481903432707515760,122,1481903432704658788,,0,0,46.5184898376,6.56662130356,2.77602830977e-40,1.0,0.0,0.0,0.0,1.0,0.0,0.0,0.0,1.0,0
1481903432920569442,123,1481903432918391375,,0,0,46.5184898376,6.56661891937,2.77602830977e-40,1.0,0.0,0.0,0.0,1.0,0.0,0.0,0.0,1.0,0
1481903433110699641,124,1481903433108612719,,0,0,46.5184898376,6.56661510468,2.77602830977e-40,1.0,0.0,0.0,0.0,1.0,0.0,0.0,0.0,1.0,0
1481903433312294289,125,1481903433309427890,,0,0,46.5184898376,6.56660985947,2.77602830977e-40,1.0,0.0,0.0,0.0,1.0,0.0,0.0,0.0,1.0,0
1481903433554214669,126,1481903433550584731,,0,0,46.5184860229,6.56660270691,2.77602830977e-40,1.0,0.0,0.0,0.0,1.0,0.0,0.0,0.0,1.0,0
1481903433754409478,127,1481903433750963028,,0,0,46.5184860229,6.56659460068,2.77602830977e-40,1.0,0.0,0.0,0.0,1.0,0.0,0.0,0.0,1.0,0
1481903434060454384,128,1481903434057406006,,0,0,46.5184860229,6.56658697128,2.77602830977e-40,1.0,0.0,0.0,0.0,1.0,0.0,0.0,0.0,1.0,0
1481903434355903588,129,1481903434352793075,,0,0,46.5184860229,6.56657361984,2.77602830977e-40,1.0,0.0,0.0,0.0,1.0,0.0,0.0,0.0,1.0,0
1481903434753795503,130,1481903434751058739,,0,0,46.5184822083,6.56655931473,2.77602830977e-40,1.0,0.0,0.0,0.0,1.0,0.0,0.0,0.0,1.0,0
1481903435239351832,131,1481903435236614703,,0,0,46.5184783936,6.56653928757,2.77602830977e-40,1.0,0.0,0.0,0.0,1.0,0.0,0.0,0.0,1.0,0
1481903435906275413,132,1481903435900309334,,0,0,46.5184745789,6.56651258469,2.77602830977e-40,1.0,0.0,0.0,0.0,1.0,0.0,0.0,0.0,1.0,0
1481903436421043283,133,1481903436418902351,,0,0,46.5184669495,6.56647253036,2.77602830977e-40,1.0,0.0,0.0,0.0,1.0,0.0,0.0,0.0,1.0,0
1481903436889540957,134,1481903436883384723,,0,0,46.5184631348,6.56644201279,2.77602830977e-40,1.0,0.0,0.0,0.0,1.0,0.0,0.0,0.0,1.0,0
1481903437147610672,135,1481903437144670523,,0,0,46.5184631348,6.56641769409,2.77602830977e-40,1.0,0.0,0.0,0.0,1.0,0.0,0.0,0.0,1.0,0
1481903437458636035,136,1481903437455395001,,0,0,46.5184631348,6.56639957428,2.77602830977e-40,1.0,0.0,0.0,0.0,1.0,0.0,0.0,0.0,1.0,0
1481903437741953446,137,1481903437740134336,,0,0,46.5184707642,6.5663819313,2.77602830977e-40,1.0,0.0,0.0,0.0,1.0,0.0,0.0,0.0,1.0,0
1481903438006013354,138,1481903438002697425,,0,0,46.5184745789,6.56636619568,2.77602830977e-40,1.0,0.0,0.0,0.0,1.0,0.0,0.0,0.0,1.0,0
1481903438299331990,139,1481903438296717049,,0,0,46.5184860229,6.56640434265,2.77602830977e-40,1.0,0.0,0.0,0.0,1.0,0.0,0.0,0.0,1.0,0
1481903438550457504,140,1481903438546362097,,0,0,46.5184936523,6.56635808945,2.77602830977e-40,1.0,0.0,0.0,0.0,1.0,0.0,0.0,0.0,1.0,0
1481903438900347248,141,1481903438897658556,,0,0,46.5185050964,6.56634378433,2.77602830977e-40,1.0,0.0,0.0,0.0,1.0,0.0,0.0,0.0,1.0,0
1481903439307100702,142,1481903439303800971,,0,0,46.5185203552,6.56632947922,2.77602830977e-40,1.0,0.0,0.0,0.0,1.0,0.0,0.0,0.0,1.0,0
1481903439706351207,143,1481903439703228923,,0,0,46.5185394287,6.56631708145,2.77602830977e-40,1.0,0.0,0.0,0.0,1.0,0.0,0.0,0.0,1.0,0
1481903440008322009,144,1481903440005326392,,0,0,46.5185508728,6.56630849838,2.77602830977e-40,1.0,0.0,0.0,0.0,1.0,0.0,0.0,0.0,1.0,0
1481903440275337483,145,1481903440272203793,,0,0,46.5185546875,6.56628990173,2.77602830977e-40,1.0,0.0,0.0,0.0,1.0,0.0,0.0,0.0,1.0,0
1481903440554755633,146,1481903440552549337,,0,0,46.5185585022,6.5662779808,2.77602830977e-40,1.0,0.0,0.0,0.0,1.0,0.0,0.0,0.0,1.0,0
1481903440897129563,147,1481903440895110141,,0,0,46.5185546875,6.56625986099,2.77602830977e-40,1.0,0.0,0.0,0.0,1.0,0.0,0.0,0.0,1.0,0
1481903441097714630,148,1481903441095536094,,0,0,46.5185508728,6.56624221802,2.77602830977e-40,1.0,0.0,0.0,0.0,1.0,0.0,0.0,0.0,1.0,0
1481903441474009933,149,1481903441471584001,,0,0,46.5185432434,6.56622600555,2.77602830977e-40,1.0,0.0,0.0,0.0,1.0,0.0,0.0,0.0,1.0,0
1481903441704749404,150,1481903441701948525,,0,0,46.5185317993,6.56621551514,2.77602830977e-40,1.0,0.0,0.0,0.0,1.0,0.0,0.0,0.0,1.0,0
1481903441997879291,151,1481903441995077943,,0,0,46.5185203552,6.56620550156,2.77602830977e-40,1.0,0.0,0.0,0.0,1.0,0.0,0.0,0.0,1.0,0
1481903442318090151,152,1481903442315614063,,0,0,46.5185089111,6.56620073318,2.77602830977e-40,1.0,0.0,0.0,0.0,1.0,0.0,0.0,0.0,1.0,0
1481903442699017681,153,1481903442696448104,,0,0,46.5184936523,6.56620073318,2.77602830977e-40,1.0,0.0,0.0,0.0,1.0,0.0,0.0,0.0,1.0,0
1481903443056197302,154,1481903443053285435,,0,0,46.5184745789,6.56620407104,2.77602830977e-40,1.0,0.0,0.0,0.0,1.0,0.0,0.0,0.0,1.0,0
1481903443372201142,155,1481903443369108285,,0,0,46.5184631348,6.56621360779,2.77602830977e-40,1.0,0.0,0.0,0.0,1.0,0.0,0.0,0.0,1.0,0
1481903443670451120,156,1481903443667445971,,0,0,46.5184516907,6.56622457504,2.77602830977e-40,1.0,0.0,0.0,0.0,1.0,0.0,0.0,0.0,1.0,0
1481903443857313827,157,1481903443854518938,,0,0,46.5184402466,6.56623792648,2.77602830977e-40,1.0,0.0,0.0,0.0,1.0,0.0,0.0,0.0,1.0,0
1481903444073983020,158,1481903444071140476,,0,0,46.5184364319,6.5662484169,2.77602830977e-40,1.0,0.0,0.0,0.0,1.0,0.0,0.0,0.0,1.0,0
1481903444311852161,159,1481903444307872640,,0,0,46.5185203552,6.5661444664,2.77602830977e-40,1.0,0.0,0.0,0.0,1.0,0.0,0.0,0.0,1.0,0
1481903444571746454,160,1481903444569900834,,0,0,46.518371582,6.56635522842,2.77602830977e-40,1.0,0.0,0.0,0.0,1.0,0.0,0.0,0.0,1.0,0
1481903444796003858,161,1481903444792806783,,0,0,46.5183868408,6.56635904312,2.77602830977e-40,1.0,0.0,0.0,0.0,1.0,0.0,0.0,0.0,1.0,0
1481903445016926792,162,1481903445014280132,,0,0,46.5184135437,6.56629133224,2.77602830977e-40,1.0,0.0,0.0,0.0,1.0,0.0,0.0,0.0,1.0,0
1481903445390069914,163,1481903445387368567,,0,0,46.5184326172,6.56631803513,2.77602830977e-40,1.0,0.0,0.0,0.0,1.0,0.0,0.0,0.0,1.0,0
1481903445763859911,164,1481903445759146954,,0,0,46.5184288025,6.5663394928,2.77602830977e-40,1.0,0.0,0.0,0.0,1.0,0.0,0.0,0.0,1.0,0
1481903446049133203,165,1481903446047135083,,0,0,46.5184593201,6.56638097763,2.77602830977e-40,1.0,0.0,0.0,0.0,1.0,0.0,0.0,0.0,1.0,0
1481903446352952125,166,1481903446350950724,,0,0,46.5184669495,6.56639194489,2.77602830977e-40,1.0,0.0,0.0,0.0,1.0,0.0,0.0,0.0,1.0,0
1481903446616052973,167,1481903446612385482,,0,0,46.5184745789,6.56640386581,2.77602830977e-40,1.0,0.0,0.0,0.0,1.0,0.0,0.0,0.0,1.0,0
1481903446927969010,168,1481903446924809643,,0,0,46.5184860229,6.56641578674,2.77602830977e-40,1.0,0.0,0.0,0.0,1.0,0.0,0.0,0.0,1.0,0
1481903447230377728,169,1481903447226665550,,0,0,46.518497467,6.56642198563,2.77602830977e-40,1.0,0.0,0.0,0.0,1.0,0.0,0.0,0.0,1.0,0
1481903447613653481,170,1481903447610067032,,0,0,46.5185089111,6.56642627716,2.77602830977e-40,1.0,0.0,0.0,0.0,1.0,0.0,0.0,0.0,1.0,0
1481903448010040816,171,1481903448003716770,,0,0,46.5185279846,6.566426754,2.77602830977e-40,1.0,0.0,0.0,0.0,1.0,0.0,0.0,0.0,1.0,0
1481903448442252644,172,1481903448439620047,,0,0,46.5185432434,6.56642150879,2.77602830977e-40,1.0,0.0,0.0,0.0,1.0,0.0,0.0,0.0,1.0,0
1481903448749792339,173,1481903448744159593,,0,0,46.5185585022,6.56641149521,2.77602830977e-40,1.0,0.0,0.0,0.0,1.0,0.0,0.0,0.0,1.0,0
1481903449058522551,174,1481903449056072609,,0,0,46.5185661316,6.56639862061,2.77602830977e-40,1.0,0.0,0.0,0.0,1.0,0.0,0.0,0.0,1.0,0
1481903449360175645,175,1481903449357806224,,0,0,46.5185775757,6.56638669968,2.77602830977e-40,1.0,0.0,0.0,0.0,1.0,0.0,0.0,0.0,1.0,0
1481903449675489122,176,1481903449672614442,,0,0,46.5185852051,6.56637334824,2.77602830977e-40,1.0,0.0,0.0,0.0,1.0,0.0,0.0,0.0,1.0,0
1481903449975522012,177,1481903449972660613,,0,0,46.5185966492,6.5663599968,2.77602830977e-40,1.0,0.0,0.0,0.0,1.0,0.0,0.0,0.0,1.0,0
1481903450209421423,178,1481903450204663883,,0,0,46.5186042786,6.56634712219,2.77602830977e-40,1.0,0.0,0.0,0.0,1.0,0.0,0.0,0.0,1.0,0
1481903450595480503,179,1481903450592434365,,0,0,46.5186157227,6.56633520126,2.77602830977e-40,1.0,0.0,0.0,0.0,1.0,0.0,0.0,0.0,1.0,0
1481903450814440525,180,1481903450811586417,,0,0,46.5186233521,6.56632184982,2.77602830977e-40,1.0,0.0,0.0,0.0,1.0,0.0,0.0,0.0,1.0,0
1481903451173708109,181,1481903451171673740,,0,0,46.5186309814,6.56630420685,2.77602830977e-40,1.0,0.0,0.0,0.0,1.0,0.0,0.0,0.0,1.0,0
1481903451516302715,182,1481903451514432355,,0,0,46.5186347961,6.56628608704,2.77602830977e-40,1.0,0.0,0.0,0.0,1.0,0.0,0.0,0.0,1.0,0
1481903451850762186,183,1481903451848529483,,0,0,46.5186386108,6.56625938416,2.77602830977e-40,1.0,0.0,0.0,0.0,1.0,0.0,0.0,0.0,1.0,0
1481903452144900403,184,1481903452141504266,,0,0,46.5186347961,6.56624031067,2.77602830977e-40,1.0,0.0,0.0,0.0,1.0,0.0,0.0,0.0,1.0,0
1481903452455389777,185,1481903452453219418,,0,0,46.5186309814,6.56622219086,2.77602830977e-40,1.0,0.0,0.0,0.0,1.0,0.0,0.0,0.0,1.0,0
1481903452687399662,186,1481903452682945402,,0,0,46.5186233521,6.56620550156,2.77602830977e-40,1.0,0.0,0.0,0.0,1.0,0.0,0.0,0.0,1.0,0
1481903452893106852,187,1481903452890312693,,0,0,46.5186157227,6.5661945343,2.77602830977e-40,1.0,0.0,0.0,0.0,1.0,0.0,0.0,0.0,1.0,0
1481903453213786930,188,1481903453211224593,,0,0,46.5186080933,6.56617975235,2.77602830977e-40,1.0,0.0,0.0,0.0,1.0,0.0,0.0,0.0,1.0,0
1481903453528930511,189,1481903453526354632,,0,0,46.5185966492,6.5661687851,2.77602830977e-40,1.0,0.0,0.0,0.0,1.0,0.0,0.0,0.0,1.0,0
1481903453809427253,190,1481903453806055543,,0,0,46.5185813904,6.5661611557,2.77602830977e-40,1.0,0.0,0.0,0.0,1.0,0.0,0.0,0.0,1.0,0
1481903454124937552,191,1481903454120623500,,0,0,46.5185699463,6.56615686417,2.77602830977e-40,1.0,0.0,0.0,0.0,1.0,0.0,0.0,0.0,1.0,0
1481903454400869826,192,1481903454398171812,,0,0,46.5185546875,6.56615400314,2.77602830977e-40,1.0,0.0,0.0,0.0,1.0,0.0,0.0,0.0,1.0,0
1481903454648160193,193,1481903454644587910,,0,0,46.5185394287,6.56615066528,2.77602830977e-40,1.0,0.0,0.0,0.0,1.0,0.0,0.0,0.0,1.0,0
1481903454808076821,194,1481903454801624598,,0,0,46.5185317993,6.56614780426,2.77602830977e-40,1.0,0.0,0.0,0.0,1.0,0.0,0.0,0.0,1.0,0
1481903455003995130,195,1481903455000312900,,0,0,46.5185203552,6.56614542007,2.77602830977e-40,1.0,0.0,0.0,0.0,1.0,0.0,0.0,0.0,1.0,0
1481903455205382956,196,1481903455200795051,,0,0,46.5185127258,6.56614208221,2.77602830977e-40,1.0,0.0,0.0,0.0,1.0,0.0,0.0,0.0,1.0,0
1481903455404392924,197,1481903455400623506,,0,0,46.5185050964,6.56613826752,2.77602830977e-40,1.0,0.0,0.0,0.0,1.0,0.0,0.0,0.0,1.0,0
1481903455592295471,198,1481903455589757769,,0,0,46.5184936523,6.56613397598,2.77602830977e-40,1.0,0.0,0.0,0.0,1.0,0.0,0.0,0.0,1.0,0
1481903455690060017,199,1481903455685832163,,0,0,46.5184898376,6.5661315918,2.77602830977e-40,1.0,0.0,0.0,0.0,1.0,0.0,0.0,0.0,1.0,0
1481903455796416884,200,1481903455793302726,,0,0,46.5184860229,6.56612920761,2.77602830977e-40,1.0,0.0,0.0,0.0,1.0,0.0,0.0,0.0,1.0,0
1481903455893999087,201,1481903455890202638,,0,0,46.5184822083,6.5661277771,2.77602830977e-40,1.0,0.0,0.0,0.0,1.0,0.0,0.0,0.0,1.0,0
1481903456091775255,202,1481903456089981822,,0,0,46.5184745789,6.56612491608,2.77602830977e-40,1.0,0.0,0.0,0.0,1.0,0.0,0.0,0.0,1.0,0
1481903456198383164,203,1481903456196453221,,0,0,46.5184669495,6.5661239624,2.77602830977e-40,1.0,0.0,0.0,0.0,1.0,0.0,0.0,0.0,1.0,0
1481903456294968233,204,1481903456292419489,,0,0,46.5184631348,6.56612348557,2.77602830977e-40,1.0,0.0,0.0,0.0,1.0,0.0,0.0,0.0,1.0,0
1481903456506061660,205,1481903456503626770,,0,0,46.5184555054,6.56612491608,2.77602830977e-40,1.0,0.0,0.0,0.0,1.0,0.0,0.0,0.0,1.0,0
1481903456778215818,206,1481903456774888066,,0,0,46.5184440613,6.56612730026,2.77602830977e-40,1.0,0.0,0.0,0.0,1.0,0.0,0.0,0.0,1.0,0
1481903456886840024,207,1481903456883246074,,0,0,46.5184364319,6.56613016129,2.77602830977e-40,1.0,0.0,0.0,0.0,1.0,0.0,0.0,0.0,1.0,0
1481903456978967604,208,1481903456976651412,,0,0,46.5184326172,6.5661315918,2.77602830977e-40,1.0,0.0,0.0,0.0,1.0,0.0,0.0,0.0,1.0,0
1481903457085051816,209,1481903457082965259,,0,0,46.5184288025,6.56613349915,2.77602830977e-40,1.0,0.0,0.0,0.0,1.0,0.0,0.0,0.0,1.0,0
1481903457193719355,210,1481903457190463217,,0,0,46.5184249878,6.56613492966,2.77602830977e-40,1.0,0.0,0.0,0.0,1.0,0.0,0.0,0.0,1.0,0
1481903457291075568,211,1481903457287674223,,0,0,46.5184173584,6.56613683701,2.77602830977e-40,1.0,0.0,0.0,0.0,1.0,0.0,0.0,0.0,1.0,0
1481903457401230551,212,1481903457394081663,,0,0,46.5184135437,6.56613874435,2.77602830977e-40,1.0,0.0,0.0,0.0,1.0,0.0,0.0,0.0,1.0,0
1481903457545758729,213,1481903457542018999,,0,0,46.518409729,6.56614160538,2.77602830977e-40,1.0,0.0,0.0,0.0,1.0,0.0,0.0,0.0,1.0,0
1481903457968150113,214,1481903457964838871,,0,0,46.5184020996,6.5661482811,2.77602830977e-40,1.0,0.0,0.0,0.0,1.0,0.0,0.0,0.0,1.0,0
1481903458413786491,215,1481903458410374468,,0,0,46.5183944702,6.56616687775,2.77602830977e-40,1.0,0.0,0.0,0.0,1.0,0.0,0.0,0.0,1.0,0
1481903458849448206,216,1481903458846310714,,0,0,46.5183830261,6.56619501114,2.77602830977e-40,1.0,0.0,0.0,0.0,1.0,0.0,0.0,0.0,1.0,0
1481903459229688759,217,1481903459227861680,,0,0,46.5183830261,6.566218853,2.77602830977e-40,1.0,0.0,0.0,0.0,1.0,0.0,0.0,0.0,1.0,0
1481903459578437464,218,1481903459576531896,,0,0,46.5183830261,6.56624269485,2.77602830977e-40,1.0,0.0,0.0,0.0,1.0,0.0,0.0,0.0,1.0,0
1481903459868739597,219,1481903459866870123,,0,0,46.5183868408,6.56625938416,2.77602830977e-40,1.0,0.0,0.0,0.0,1.0,0.0,0.0,0.0,1.0,0
1481903460108305036,220,1481903460104792701,,0,0,46.5183944702,6.56627464294,2.77602830977e-40,1.0,0.0,0.0,0.0,1.0,0.0,0.0,0.0,1.0,0
1481903460397044361,221,1481903460393141037,,0,0,46.5184020996,6.56628799438,2.77602830977e-40,1.0,0.0,0.0,0.0,1.0,0.0,0.0,0.0,1.0,0
1481903460571577775,222,1481903460567948201,,0,0,46.5186729431,6.56630086899,2.77602830977e-40,1.0,0.0,0.0,0.0,1.0,0.0,0.0,0.0,1.0,0
1481903460832965659,223,1481903460830195041,,0,0,46.5183677673,6.56630134583,2.77602830977e-40,1.0,0.0,0.0,0.0,1.0,0.0,0.0,0.0,1.0,0
1481903461151809647,224,1481903461148808665,,0,0,46.5186958313,6.56631612778,2.77602830977e-40,1.0,0.0,0.0,0.0,1.0,0.0,0.0,0.0,1.0,0
1481903461443149643,225,1481903461439465173,,0,0,46.5184288025,6.56631660461,2.77602830977e-40,1.0,0.0,0.0,0.0,1.0,0.0,0.0,0.0,1.0,0
1481903461803153997,226,1481903461799144892,,0,0,46.5184326172,6.56631946564,2.77602830977e-40,1.0,0.0,0.0,0.0,1.0,0.0,0.0,0.0,1.0,0
1481903462156234826,227,1481903462153105667,,0,0,46.518447876,6.56631755829,2.77602830977e-40,1.0,0.0,0.0,0.0,1.0,0.0,0.0,0.0,1.0,0
1481903462460291456,228,1481903462457586411,,0,0,46.5184593201,6.56631231308,2.77602830977e-40,1.0,0.0,0.0,0.0,1.0,0.0,0.0,0.0,1.0,0
1481903462739417941,229,1481903462736920864,,0,0,46.5184745789,6.56630420685,2.77602830977e-40,1.0,0.0,0.0,0.0,1.0,0.0,0.0,0.0,1.0,0
1481903463059279635,230,1481903463056530580,,0,0,46.5184898376,6.56629371643,2.77602830977e-40,1.0,0.0,0.0,0.0,1.0,0.0,0.0,0.0,1.0,0
1481903463297705389,231,1481903463295991852,,0,0,46.518497467,6.56628131866,2.77602830977e-40,1.0,0.0,0.0,0.0,1.0,0.0,0.0,0.0,1.0,0
1481903463643166654,232,1481903463639555414,,0,0,46.5185050964,6.5662689209,2.77602830977e-40,1.0,0.0,0.0,0.0,1.0,0.0,0.0,0.0,1.0,0
1481903463833134301,233,1481903463830061653,,0,0,46.5185165405,6.5662612915,2.77602830977e-40,1.0,0.0,0.0,0.0,1.0,0.0,0.0,0.0,1.0,0
1481903464043786062,234,1481903464039101439,,0,0,46.5185279846,6.56625890732,2.77602830977e-40,1.0,0.0,0.0,0.0,1.0,0.0,0.0,0.0,1.0,0
1481903464270438773,235,1481903464267834300,,0,0,46.518535614,6.56625747681,2.77602830977e-40,1.0,0.0,0.0,0.0,1.0,0.0,0.0,0.0,1.0,0
1481903464464539742,236,1481903464457861322,,0,0,46.5185432434,6.56625986099,2.77602830977e-40,1.0,0.0,0.0,0.0,1.0,0.0,0.0,0.0,1.0,0
1481903464649558651,237,1481903464646330586,,0,0,46.5185508728,6.56629753113,2.77602830977e-40,1.0,0.0,0.0,0.0,1.0,0.0,0.0,0.0,1.0,0
1481903464899516824,238,1481903464897099695,,0,0,46.5185661316,6.56629896164,2.77602830977e-40,1.0,0.0,0.0,0.0,1.0,0.0,0.0,0.0,1.0,0
1481903465027899313,239,1481903465025183903,,0,0,46.5185813904,6.56630849838,2.77602830977e-40,1.0,0.0,0.0,0.0,1.0,0.0,0.0,0.0,1.0,0
1481903465180389137,240,1481903465177912529,,0,0,46.5185661316,6.56632137299,2.77602830977e-40,1.0,0.0,0.0,0.0,1.0,0.0,0.0,0.0,1.0,0
1481903465304156169,241,1481903465301417843,,0,0,46.5185661316,6.56632709503,2.77602830977e-40,1.0,0.0,0.0,0.0,1.0,0.0,0.0,0.0,1.0,0
1481903465510104088,242,1481903465506984461,,0,0,46.518573761,6.56635332108,2.77602830977e-40,1.0,0.0,0.0,0.0,1.0,0.0,0.0,0.0,1.0,0
1481903465715844820,243,1481903465713506389,,0,0,46.5185852051,6.56634044647,2.77602830977e-40,1.0,0.0,0.0,0.0,1.0,0.0,0.0,0.0,1.0,0
1481903465911859743,244,1481903465909282510,,0,0,46.5185775757,6.56637048721,2.77602830977e-40,1.0,0.0,0.0,0.0,1.0,0.0,0.0,0.0,1.0,0
1481903466150214455,245,1481903466146583631,,0,0,46.518573761,6.5663690567,2.77602830977e-40,1.0,0.0,0.0,0.0,1.0,0.0,0.0,0.0,1.0,0
1481903466346112504,246,1481903466341570223,,0,0,46.5185890198,6.56637716293,2.77602830977e-40,1.0,0.0,0.0,0.0,1.0,0.0,0.0,0.0,1.0,0
1481903466549045118,247,1481903466546472260,,0,0,46.5185852051,6.56639146805,2.77602830977e-40,1.0,0.0,0.0,0.0,1.0,0.0,0.0,0.0,1.0,0
1481903466703764520,248,1481903466700363851,,0,0,46.5185508728,6.56642484665,2.77602830977e-40,1.0,0.0,0.0,0.0,1.0,0.0,0.0,0.0,1.0,0
1481903466906812081,249,1481903466903956255,,0,0,46.5185546875,6.56639862061,2.77602830977e-40,1.0,0.0,0.0,0.0,1.0,0.0,0.0,0.0,1.0,0
1481903467123972993,250,1481903467119645972,,0,0,46.5185470581,6.56640291214,2.77602830977e-40,1.0,0.0,0.0,0.0,1.0,0.0,0.0,0.0,1.0,0
1481903467320025624,251,1481903467316400425,,0,0,46.5185432434,6.56639957428,2.77602830977e-40,1.0,0.0,0.0,0.0,1.0,0.0,0.0,0.0,1.0,0
1481903467526689843,252,1481903467524400526,,0,0,46.5185279846,6.56642389297,2.77602830977e-40,1.0,0.0,0.0,0.0,1.0,0.0,0.0,0.0,1.0,0
1481903467725984341,253,1481903467721182791,,0,0,46.5185203552,6.56643104553,2.77602830977e-40,1.0,0.0,0.0,0.0,1.0,0.0,0.0,0.0,1.0,0
1481903467930319243,254,1481903467927202012,,0,0,46.5185050964,6.56644678116,2.77602830977e-40,1.0,0.0,0.0,0.0,1.0,0.0,0.0,0.0,1.0,0
1481903468114930966,255,1481903468111518527,,0,0,46.5185012817,6.56644964218,2.77602830977e-40,1.0,0.0,0.0,0.0,1.0,0.0,0.0,0.0,1.0,0
1481903468297058320,256,1481903468294526139,,0,0,46.518497467,6.56645011902,2.77602830977e-40,1.0,0.0,0.0,0.0,1.0,0.0,0.0,0.0,1.0,0
1481903468499897809,257,1481903468496794587,,0,0,46.5184898376,6.56645298004,2.77602830977e-40,1.0,0.0,0.0,0.0,1.0,0.0,0.0,0.0,1.0,0
1481903468692992948,258,1481903468690549933,,0,0,46.5184822083,6.56645154953,2.77602830977e-40,1.0,0.0,0.0,0.0,1.0,0.0,0.0,0.0,1.0,0
1481903468883813248,259,1481903468877386025,,0,0,46.5184745789,6.56646871567,2.77602830977e-40,1.0,0.0,0.0,0.0,1.0,0.0,0.0,0.0,1.0,0
1481903468985080181,260,1481903468981474669,,0,0,46.5184707642,6.56647634506,2.77602830977e-40,1.0,0.0,0.0,0.0,1.0,0.0,0.0,0.0,1.0,0
1481903469078083124,261,1481903469075563547,,0,0,46.5184631348,6.56647968292,2.77602830977e-40,1.0,0.0,0.0,0.0,1.0,0.0,0.0,0.0,1.0,0
1481903469180464376,262,1481903469178222715,,0,0,46.5184593201,6.56648635864,2.77602830977e-40,1.0,0.0,0.0,0.0,1.0,0.0,0.0,0.0,1.0,0
1481903469295469451,263,1481903469292671333,,0,0,46.5184516907,6.56648921967,2.77602830977e-40,1.0,0.0,0.0,0.0,1.0,0.0,0.0,0.0,1.0,0
1481903469484382413,264,1481903469479394717,,0,0,46.5184555054,6.56647968292,2.77602830977e-40,1.0,0.0,0.0,0.0,1.0,0.0,0.0,0.0,1.0,0
1481903469584758827,265,1481903469582168885,,0,0,46.518447876,6.5664806366,2.77602830977e-40,1.0,0.0,0.0,0.0,1.0,0.0,0.0,0.0,1.0,0
1481903469689263199,266,1481903469686625601,,0,0,46.5184402466,6.5664806366,2.77602830977e-40,1.0,0.0,0.0,0.0,1.0,0.0,0.0,0.0,1.0,0
1481903469949820772,267,1481903469946959946,,0,0,46.5184326172,6.56647586823,2.77602830977e-40,1.0,0.0,0.0,0.0,1.0,0.0,0.0,0.0,1.0,0
1481903470173406146,268,1481903470170452143,,0,0,46.5184288025,6.56646347046,2.77602830977e-40,1.0,0.0,0.0,0.0,1.0,0.0,0.0,0.0,1.0,0
1481903470417299647,269,1481903470414586841,,0,0,46.5184249878,6.56645965576,2.77602830977e-40,1.0,0.0,0.0,0.0,1.0,0.0,0.0,0.0,1.0,0
1481903470706984282,270,1481903470704157258,,0,0,46.5184020996,6.56645679474,2.77602830977e-40,1.0,0.0,0.0,0.0,1.0,0.0,0.0,0.0,1.0,0
1481903471047758163,271,1481903471044154526,,0,0,46.5183982849,6.56644201279,2.77602830977e-40,1.0,0.0,0.0,0.0,1.0,0.0,0.0,0.0,1.0,0
1481903471347221888,272,1481903471341765704,,0,0,46.5183868408,6.566426754,2.77602830977e-40,1.0,0.0,0.0,0.0,1.0,0.0,0.0,0.0,1.0,0
1481903471734078883,273,1481903471731007797,,0,0,46.5183830261,6.56640625,2.77602830977e-40,1.0,0.0,0.0,0.0,1.0,0.0,0.0,0.0,1.0,0
1481903472068214916,274,1481903472064255499,,0,0,46.5183792114,6.56637525558,2.77602830977e-40,1.0,0.0,0.0,0.0,1.0,0.0,0.0,0.0,1.0,0
1481903472290887793,275,1481903472288228425,,0,0,46.518371582,6.56635856628,2.77602830977e-40,1.0,0.0,0.0,0.0,1.0,0.0,0.0,0.0,1.0,0
1481903472727240236,276,1481903472723690401,,0,0,46.5183601379,6.56634426117,2.77602830977e-40,1.0,0.0,0.0,0.0,1.0,0.0,0.0,0.0,1.0,0
1481903473149560683,277,1481903473147387198,,0,0,46.5183601379,6.56631612778,2.77602830977e-40,1.0,0.0,0.0,0.0,1.0,0.0,0.0,0.0,1.0,0
1481903473557824029,278,1481903473554884506,,0,0,46.5183563232,6.56629085541,2.77602830977e-40,1.0,0.0,0.0,0.0,1.0,0.0,0.0,0.0,1.0,0
1481903473967985340,279,1481903473964971389,,0,0,46.5183944702,6.56623840332,2.77602830977e-40,1.0,0.0,0.0,0.0,1.0,0.0,0.0,0.0,1.0,0
1481903474308098390,280,1481903474305712927,,0,0,46.5184249878,6.56620454788,2.77602830977e-40,1.0,0.0,0.0,0.0,1.0,0.0,0.0,0.0,1.0,0
1481903474607844979,281,1481903474605146392,,0,0,46.5184135437,6.56622171402,2.77602830977e-40,1.0,0.0,0.0,0.0,1.0,0.0,0.0,0.0,1.0,0
1481903474876912687,282,1481903474874170089,,0,0,46.5184402466,6.56620931625,2.77602830977e-40,1.0,0.0,0.0,0.0,1.0,0.0,0.0,0.0,1.0,0
1481903475033017554,283,1481903475030677299,,0,0,46.5184364319,6.56621313095,2.77602830977e-40,1.0,0.0,0.0,0.0,1.0,0.0,0.0,0.0,1.0,0
1481903475270752789,284,1481903475264616502,,0,0,46.518447876,6.56620931625,2.77602830977e-40,1.0,0.0,0.0,0.0,1.0,0.0,0.0,0.0,1.0,0
1481903475483132670,285,1481903475478869191,,0,0,46.518447876,6.56621026993,2.77602830977e-40,1.0,0.0,0.0,0.0,1.0,0.0,0.0,0.0,1.0,0
1481903475667206321,286,1481903475662145709,,0,0,46.5184593201,6.566198349,2.77602830977e-40,1.0,0.0,0.0,0.0,1.0,0.0,0.0,0.0,1.0,0
1481903475858749641,287,1481903475855234337,,0,0,46.5184669495,6.56619024277,2.77602830977e-40,1.0,0.0,0.0,0.0,1.0,0.0,0.0,0.0,1.0,0
1481903476035328780,288,1481903476031466289,,0,0,46.5184631348,6.56619262695,2.77602830977e-40,1.0,0.0,0.0,0.0,1.0,0.0,0.0,0.0,1.0,0
1481903476228077878,289,1481903476225708769,,0,0,46.5184745789,6.56617975235,2.77602830977e-40,1.0,0.0,0.0,0.0,1.0,0.0,0.0,0.0,1.0,0
1481903476415559020,290,1481903476412716475,,0,0,46.5184783936,6.56617593765,2.77602830977e-40,1.0,0.0,0.0,0.0,1.0,0.0,0.0,0.0,1.0,0
1481903476626245104,291,1481903476620514493,,0,0,46.518497467,6.56615924835,2.77602830977e-40,1.0,0.0,0.0,0.0,1.0,0.0,0.0,0.0,1.0,0
1481903476829302770,292,1481903476826608245,,0,0,46.5185089111,6.56615638733,2.77602830977e-40,1.0,0.0,0.0,0.0,1.0,0.0,0.0,0.0,1.0,0
1481903477026488471,293,1481903477019701769,,0,0,46.5185165405,6.56615591049,2.77602830977e-40,1.0,0.0,0.0,0.0,1.0,0.0,0.0,0.0,1.0,0
1481903477256021903,294,1481903477253228838,,0,0,46.5185241699,6.566157341,2.77602830977e-40,1.0,0.0,0.0,0.0,1.0,0.0,0.0,0.0,1.0,0
1481903477468306421,295,1481903477465598407,,0,0,46.5185317993,6.56616163254,2.77602830977e-40,1.0,0.0,0.0,0.0,1.0,0.0,0.0,0.0,1.0,0
1481903477690776121,296,1481903477687511650,,0,0,46.5185394287,6.56616258621,2.77602830977e-40,1.0,0.0,0.0,0.0,1.0,0.0,0.0,0.0,1.0,0
1481903477860568975,297,1481903477858210908,,0,0,46.5185432434,6.56616735458,2.77602830977e-40,1.0,0.0,0.0,0.0,1.0,0.0,0.0,0.0,1.0,0
1481903478029433237,298,1481903478024005803,,0,0,46.5185699463,6.56615781784,2.77602830977e-40,1.0,0.0,0.0,0.0,1.0,0.0,0.0,0.0,1.0,0
1481903478223407280,299,1481903478219884789,,0,0,46.5186080933,6.56613111496,2.77602830977e-40,1.0,0.0,0.0,0.0,1.0,0.0,0.0,0.0,1.0,0
1481903478407767440,300,1481903478405020416,,0,0,46.5186080933,6.56614875793,2.77602830977e-40,1.0,0.0,0.0,0.0,1.0,0.0,0.0,0.0,1.0,0
1481903478602964397,301,1481903478599262114,,0,0,46.5186042786,6.56615209579,2.77602830977e-40,1.0,0.0,0.0,0.0,1.0,0.0,0.0,0.0,1.0,0
1481903478775178963,302,1481903478772372356,,0,0,46.5186080933,6.56617069244,2.77602830977e-40,1.0,0.0,0.0,0.0,1.0,0.0,0.0,0.0,1.0,0
1481903478881040571,303,1481903478875716887,,0,0,46.5185852051,6.56620454788,2.77602830977e-40,1.0,0.0,0.0,0.0,1.0,0.0,0.0,0.0,1.0,0
1481903478980609175,304,1481903478978353451,,0,0,46.518573761,6.56623220444,2.77602830977e-40,1.0,0.0,0.0,0.0,1.0,0.0,0.0,0.0,1.0,0
1481903479078120596,305,1481903479071548685,,0,0,46.5185852051,6.5662021637,2.77602830977e-40,1.0,0.0,0.0,0.0,1.0,0.0,0.0,0.0,1.0,0
1481903479167289746,306,1481903479161985906,,0,0,46.518573761,6.56622982025,2.77602830977e-40,1.0,0.0,0.0,0.0,1.0,0.0,0.0,0.0,1.0,0
1481903479279249881,307,1481903479274633278,,0,0,46.518573761,6.5662279129,2.77602830977e-40,1.0,0.0,0.0,0.0,1.0,0.0,0.0,0.0,1.0,0
1481903479372172772,308,1481903479367774346,,0,0,46.5185699463,6.5662446022,2.77602830977e-40,1.0,0.0,0.0,0.0,1.0,0.0,0.0,0.0,1.0,0
1481903479486577640,309,1481903479480851196,,0,0,46.5185813904,6.56624603271,2.77602830977e-40,1.0,0.0,0.0,0.0,1.0,0.0,0.0,0.0,1.0,0
1481903479577959910,310,1481903479574311430,,0,0,46.5185813904,6.5662651062,2.77602830977e-40,1.0,0.0,0.0,0.0,1.0,0.0,0.0,0.0,1.0,0
1481903479681065119,311,1481903479678785021,,0,0,46.5185775757,6.5662817955,2.77602830977e-40,1.0,0.0,0.0,0.0,1.0,0.0,0.0,0.0,1.0,0
1481903479777227429,312,1481903479772543795,,0,0,46.5185813904,6.56627130508,2.77602830977e-40,1.0,0.0,0.0,0.0,1.0,0.0,0.0,0.0,1.0,0
1481903479894312655,313,1481903479885287782,,0,0,46.518573761,6.56627225876,2.77602830977e-40,1.0,0.0,0.0,0.0,1.0,0.0,0.0,0.0,1.0,0
1481903480085256810,314,1481903480081674475,,0,0,46.5185661316,6.56629610062,2.77602830977e-40,1.0,0.0,0.0,0.0,1.0,0.0,0.0,0.0,1.0,0
1481903480290073325,315,1481903480286225574,,0,0,46.5185661316,6.56628227234,2.77602830977e-40,1.0,0.0,0.0,0.0,1.0,0.0,0.0,0.0,1.0,0
1481903480470803391,316,1481903480467576472,,0,0,46.5185661316,6.56627941132,2.77602830977e-40,1.0,0.0,0.0,0.0,1.0,0.0,0.0,0.0,1.0,0
1481903480676373967,317,1481903480671190594,,0,0,46.5185546875,6.56629180908,2.77602830977e-40,1.0,0.0,0.0,0.0,1.0,0.0,0.0,0.0,1.0,0
1481903480959046328,318,1481903480956458886,,0,0,46.5185470581,6.56629180908,2.77602830977e-40,1.0,0.0,0.0,0.0,1.0,0.0,0.0,0.0,1.0,0
1481903481237195679,319,1481903481234484645,,0,0,46.5185470581,6.56628465652,2.77602830977e-40,1.0,0.0,0.0,0.0,1.0,0.0,0.0,0.0,1.0,0
1481903481542361213,320,1481903481539546428,,0,0,46.5185394287,6.56629800797,2.77602830977e-40,1.0,0.0,0.0,0.0,1.0,0.0,0.0,0.0,1.0,0
1481903481841992958,321,1481903481839127445,,0,0,46.5184822083,6.56632566452,2.77602830977e-40,1.0,0.0,0.0,0.0,1.0,0.0,0.0,0.0,1.0,0
1481903482151602595,322,1481903482148907863,,0,0,46.5184898376,6.56631994247,2.77602830977e-40,1.0,0.0,0.0,0.0,1.0,0.0,0.0,0.0,1.0,0
1481903482448528983,323,1481903482445060867,,0,0,46.5184783936,6.56632137299,2.77602830977e-40,1.0,0.0,0.0,0.0,1.0,0.0,0.0,0.0,1.0,0
1481903482744097457,324,1481903482741508193,,0,0,46.5184631348,6.56632089615,2.77602830977e-40,1.0,0.0,0.0,0.0,1.0,0.0,0.0,0.0,1.0,0
1481903483045543000,325,1481903483040384732,,0,0,46.5184669495,6.56631326675,2.77602830977e-40,1.0,0.0,0.0,0.0,1.0,0.0,0.0,0.0,1.0,0
1481903483345282089,326,1481903483339329813,,0,0,46.5184555054,6.56631135941,2.77602830977e-40,1.0,0.0,0.0,0.0,1.0,0.0,0.0,0.0,1.0,0
1481903483569643660,327,1481903483566700750,,0,0,46.5184516907,6.56630182266,2.77602830977e-40,1.0,0.0,0.0,0.0,1.0,0.0,0.0,0.0,1.0,0
1481903483720696821,328,1481903483718071255,,0,0,46.5184249878,6.56632614136,2.77602830977e-40,1.0,0.0,0.0,0.0,1.0,0.0,0.0,0.0,1.0,0
1481903483923409487,329,1481903483920939702,,0,0,46.5184249878,6.56632804871,2.77602830977e-40,1.0,0.0,0.0,0.0,1.0,0.0,0.0,0.0,1.0,0
1481903484087164440,330,1481903484084017989,,0,0,46.5184402466,6.56632471085,2.77602830977e-40,1.0,0.0,0.0,0.0,1.0,0.0,0.0,0.0,1.0,0
1481903484188448507,331,1481903484186074451,,0,0,46.5184211731,6.56636095047,2.77602830977e-40,1.0,0.0,0.0,0.0,1.0,0.0,0.0,0.0,1.0,0
1481903484283639674,332,1481903484279566455,,0,0,46.5184211731,6.56633090973,2.77602830977e-40,1.0,0.0,0.0,0.0,1.0,0.0,0.0,0.0,1.0,0
1481903484385721969,333,1481903484382991299,,0,0,46.5184135437,6.56635093689,2.77602830977e-40,1.0,0.0,0.0,0.0,1.0,0.0,0.0,0.0,1.0,0
1481903484491640088,334,1481903484483263650,,0,0,46.5184020996,6.56636333466,2.77602830977e-40,1.0,0.0,0.0,0.0,1.0,0.0,0.0,0.0,1.0,0
1481903484579114607,335,1481903484576214771,,0,0,46.5183906555,6.56637477875,2.77602830977e-40,1.0,0.0,0.0,0.0,1.0,0.0,0.0,0.0,1.0,0
1481903484672274841,336,1481903484669715681,,0,0,46.5183868408,6.56639099121,2.77602830977e-40,1.0,0.0,0.0,0.0,1.0,0.0,0.0,0.0,1.0,0
1481903484785061692,337,1481903484782138939,,0,0,46.5183868408,6.5663895607,2.77602830977e-40,1.0,0.0,0.0,0.0,1.0,0.0,0.0,0.0,1.0,0
1481903484880795358,338,1481903484876528129,,0,0,46.5183792114,6.56639862061,2.77602830977e-40,1.0,0.0,0.0,0.0,1.0,0.0,0.0,0.0,1.0,0
1481903484993891427,339,1481903484991100549,,0,0,46.5183792114,6.56638336182,2.77602830977e-40,1.0,0.0,0.0,0.0,1.0,0.0,0.0,0.0,1.0,0
1481903485088318325,340,1481903485083805992,,0,0,46.5183792114,6.56640291214,2.77602830977e-40,1.0,0.0,0.0,0.0,1.0,0.0,0.0,0.0,1.0,0
1481903485197954767,341,1481903485195149358,,0,0,46.5183830261,6.56641435623,2.77602830977e-40,1.0,0.0,0.0,0.0,1.0,0.0,0.0,0.0,1.0,0
1481903485395737342,342,1481903485392635735,,0,0,46.5183753967,6.56643247604,2.77602830977e-40,1.0,0.0,0.0,0.0,1.0,0.0,0.0,0.0,1.0,0
1481903485586087123,343,1481903485582489268,,0,0,46.5183792114,6.56644487381,2.77602830977e-40,1.0,0.0,0.0,0.0,1.0,0.0,0.0,0.0,1.0,0
1481903485697124916,344,1481903485693983726,,0,0,46.5183830261,6.5664358139,2.77602830977e-40,1.0,0.0,0.0,0.0,1.0,0.0,0.0,0.0,1.0,0
1481903485892052082,345,1481903485887231208,,0,0,46.5183792114,6.56645870209,2.77602830977e-40,1.0,0.0,0.0,0.0,1.0,0.0,0.0,0.0,1.0,0
1481903486167611388,346,1481903486162751348,,0,0,46.5183792114,6.5664768219,2.77602830977e-40,1.0,0.0,0.0,0.0,1.0,0.0,0.0,0.0,1.0,0
1481903486380603247,347,1481903486377594765,,0,0,46.5183944702,6.56648349762,2.77602830977e-40,1.0,0.0,0.0,0.0,1.0,0.0,0.0,0.0,1.0,0
1481903486647308878,348,1481903486645388049,,0,0,46.518409729,6.56648588181,2.77602830977e-40,1.0,0.0,0.0,0.0,1.0,0.0,0.0,0.0,1.0,0
1481903487030844526,349,1481903487027420681,,0,0,46.5184249878,6.56649923325,2.77602830977e-40,1.0,0.0,0.0,0.0,1.0,0.0,0.0,0.0,1.0,0
1481903487481019382,350,1481903487477901734,,0,0,46.5184249878,6.56652832031,2.77602830977e-40,1.0,0.0,0.0,0.0,1.0,0.0,0.0,0.0,1.0,0
1481903487878513069,351,1481903487875486566,,0,0,46.5184402466,6.5665345192,2.77602830977e-40,1.0,0.0,0.0,0.0,1.0,0.0,0.0,0.0,1.0,0
1481903488238520027,352,1481903488235578159,,0,0,46.5184707642,6.56653261185,2.77602830977e-40,1.0,0.0,0.0,0.0,1.0,0.0,0.0,0.0,1.0,0
1481903488576778810,353,1481903488573948140,,0,0,46.5185012817,6.56651878357,2.77602830977e-40,1.0,0.0,0.0,0.0,1.0,0.0,0.0,0.0,1.0,0
1481903488797044974,354,1481903488792234518,,0,0,46.5184936523,6.56652879715,2.77602830977e-40,1.0,0.0,0.0,0.0,1.0,0.0,0.0,0.0,1.0,0
1481903489093128499,355,1481903489091158609,,0,0,46.5185127258,6.56651544571,2.77602830977e-40,1.0,0.0,0.0,0.0,1.0,0.0,0.0,0.0,1.0,0
1481903489437604819,356,1481903489434518213,,0,0,46.5185203552,6.56650686264,2.77602830977e-40,1.0,0.0,0.0,0.0,1.0,0.0,0.0,0.0,1.0,0
1481903489714030009,357,1481903489712037045,,0,0,46.5185317993,6.56648826599,2.77602830977e-40,1.0,0.0,0.0,0.0,1.0,0.0,0.0,0.0,1.0,0
1481903490014122899,358,1481903490011360874,,0,0,46.5186424255,6.56630563736,2.77602830977e-40,1.0,0.0,0.0,0.0,1.0,0.0,0.0,0.0,1.0,0
1481903490292562979,359,1481903490289981423,,0,0,46.5185775757,6.56643533707,2.77602830977e-40,1.0,0.0,0.0,0.0,1.0,0.0,0.0,0.0,1.0,0
1481903490629412860,360,1481903490626999532,,0,0,46.5185661316,6.56642627716,2.77602830977e-40,1.0,0.0,0.0,0.0,1.0,0.0,0.0,0.0,1.0,0
1481903490768007615,361,1481903490765285486,,0,0,46.5185585022,6.56643295288,2.77602830977e-40,1.0,0.0,0.0,0.0,1.0,0.0,0.0,0.0,1.0,0
1481903490969756013,362,1481903490968019403,,0,0,46.5186691284,6.56627082825,2.77602830977e-40,1.0,0.0,0.0,0.0,1.0,0.0,0.0,0.0,1.0,0
1481903491225633181,363,1481903491223220635,,0,0,46.5186080933,6.56637477875,2.77602830977e-40,1.0,0.0,0.0,0.0,1.0,0.0,0.0,0.0,1.0,0
1481903491526997318,364,1481903491524479876,,0,0,46.5186042786,6.56637859344,2.77602830977e-40,1.0,0.0,0.0,0.0,1.0,0.0,0.0,0.0,1.0,0
1481903491835814144,365,1481903491833282172,,0,0,46.518573761,6.56638002396,2.77602830977e-40,1.0,0.0,0.0,0.0,1.0,0.0,0.0,0.0,1.0,0
1481903492127289660,366,1481903492121519987,,0,0,46.5185661316,6.56637620926,2.77602830977e-40,1.0,0.0,0.0,0.0,1.0,0.0,0.0,0.0,1.0,0
1481903492427270728,367,1481903492419303612,,0,0,46.5186729431,6.56620597839,2.77602830977e-40,1.0,0.0,0.0,0.0,1.0,0.0,0.0,0.0,1.0,0
1481903492760316347,368,1481903492756735158,,0,0,46.5185508728,6.56633138657,2.77602830977e-40,1.0,0.0,0.0,0.0,1.0,0.0,0.0,0.0,1.0,0
1481903492994515497,369,1481903492990535038,,0,0,46.5185432434,6.56630468369,2.77602830977e-40,1.0,0.0,0.0,0.0,1.0,0.0,0.0,0.0,1.0,0
1481903493393633555,370,1481903493391014811,,0,0,46.5185661316,6.56626462936,2.77602830977e-40,1.0,0.0,0.0,0.0,1.0,0.0,0.0,0.0,1.0,0
1481903493736526441,371,1481903493733760146,,0,0,46.5185890198,6.56621789932,2.77602830977e-40,1.0,0.0,0.0,0.0,1.0,0.0,0.0,0.0,1.0,0
1481903494210938736,372,1481903494205212709,,0,0,46.5185813904,6.56618404388,2.77602830977e-40,1.0,0.0,0.0,0.0,1.0,0.0,0.0,0.0,1.0,0
1481903494613126421,373,1481903494610701844,,0,0,46.5185165405,6.5662612915,2.77602830977e-40,1.0,0.0,0.0,0.0,1.0,0.0,0.0,0.0,1.0,0
1481903494908268282,374,1481903494906315891,,0,0,46.518535614,6.56621408463,2.77602830977e-40,1.0,0.0,0.0,0.0,1.0,0.0,0.0,0.0,1.0,0
1481903495177630208,375,1481903495174255529,,0,0,46.5184898376,6.5662355423,2.77602830977e-40,1.0,0.0,0.0,0.0,1.0,0.0,0.0,0.0,1.0,0
1481903495384652238,376,1481903495380254072,,0,0,46.5184860229,6.56622695923,2.77602830977e-40,1.0,0.0,0.0,0.0,1.0,0.0,0.0,0.0,1.0,0
1481903495719833113,377,1481903495717061089,,0,0,46.5184898376,6.5662446022,2.77602830977e-40,1.0,0.0,0.0,0.0,1.0,0.0,0.0,0.0,1.0,0
1481903495950912896,378,1481903495948289569,,0,0,46.5184555054,6.56623363495,2.77602830977e-40,1.0,0.0,0.0,0.0,1.0,0.0,0.0,0.0,1.0,0
1481903496237161237,379,1481903496234155724,,0,0,46.5184364319,6.5662279129,2.77602830977e-40,1.0,0.0,0.0,0.0,1.0,0.0,0.0,0.0,1.0,0
1481903496520991564,380,1481903496517935634,,0,0,46.5184173584,6.56623220444,2.77602830977e-40,1.0,0.0,0.0,0.0,1.0,0.0,0.0,0.0,1.0,0
1481903496991056578,381,1481903496986787578,,0,0,46.518409729,6.56622362137,2.77602830977e-40,1.0,0.0,0.0,0.0,1.0,0.0,0.0,0.0,1.0,0
1481903497228843792,382,1481903497225518488,,0,0,46.5183944702,6.56623029709,2.77602830977e-40,1.0,0.0,0.0,0.0,1.0,0.0,0.0,0.0,1.0,0
1481903497552550164,383,1481903497547910905,,0,0,46.5183753967,6.56624269485,2.77602830977e-40,1.0,0.0,0.0,0.0,1.0,0.0,0.0,0.0,1.0,0
1481903497854163571,384,1481903497851532067,,0,0,46.5183525085,6.56621980667,2.77602830977e-40,1.0,0.0,0.0,0.0,1.0,0.0,0.0,0.0,1.0,0
1481903498066284443,385,1481903498064511635,,0,0,46.5183296204,6.56626844406,2.77602830977e-40,1.0,0.0,0.0,0.0,1.0,0.0,0.0,0.0,1.0,0
1481903498269488307,386,1481903498267102896,,0,0,46.5183448792,6.56627178192,2.77602830977e-40,1.0,0.0,0.0,0.0,1.0,0.0,0.0,0.0,1.0,0
1481903498466900466,387,1481903498464421149,,0,0,46.5183372498,6.5662856102,2.77602830977e-40,1.0,0.0,0.0,0.0,1.0,0.0,0.0,0.0,1.0,0
1481903498663046534,388,1481903498660888831,,0,0,46.5183334351,6.56629753113,2.77602830977e-40,1.0,0.0,0.0,0.0,1.0,0.0,0.0,0.0,1.0,0
1481903498919825523,389,1481903498917898132,,0,0,46.5183143616,6.56632518768,2.77602830977e-40,1.0,0.0,0.0,0.0,1.0,0.0,0.0,0.0,1.0,0
1481903499208408077,390,1481903499205088554,,0,0,46.5183143616,6.56633234024,2.77602830977e-40,1.0,0.0,0.0,0.0,1.0,0.0,0.0,0.0,1.0,0
1481903499554115071,391,1481903499551834921,,0,0,46.5182991028,6.5663690567,2.77602830977e-40,1.0,0.0,0.0,0.0,1.0,0.0,0.0,0.0,1.0,0
1481903499806549227,392,1481903499803625849,,0,0,46.5183105469,6.56637573242,2.77602830977e-40,1.0,0.0,0.0,0.0,1.0,0.0,0.0,0.0,1.0,0
1481903499997095466,393,1481903499994310317,,0,0,46.5183105469,6.56638860703,2.77602830977e-40,1.0,0.0,0.0,0.0,1.0,0.0,0.0,0.0,1.0,0
1481903500192039819,394,1481903500188647953,,0,0,46.5183258057,6.56638860703,2.77602830977e-40,1.0,0.0,0.0,0.0,1.0,0.0,0.0,0.0,1.0,0
1481903500293559407,395,1481903500290813529,,0,0,46.5183372498,6.5663895607,2.77602830977e-40,1.0,0.0,0.0,0.0,1.0,0.0,0.0,0.0,1.0,0
1481903500531438391,396,1481903500528406211,,0,0,46.5183296204,6.56640815735,2.77602830977e-40,1.0,0.0,0.0,0.0,1.0,0.0,0.0,0.0,1.0,0
1481903500779894849,397,1481903500777091418,,0,0,46.5183334351,6.56642150879,2.77602830977e-40,1.0,0.0,0.0,0.0,1.0,0.0,0.0,0.0,1.0,0
1481903500985920893,398,1481903500981923819,,0,0,46.5183486938,6.5664191246,2.77602830977e-40,1.0,0.0,0.0,0.0,1.0,0.0,0.0,0.0,1.0,0
1481903501088722457,399,1481903501085206268,,0,0,46.5183525085,6.56643342972,2.77602830977e-40,1.0,0.0,0.0,0.0,1.0,0.0,0.0,0.0,1.0,0
1481903501178931136,400,1481903501175960206,,0,0,46.5183486938,6.56643819809,2.77602830977e-40,1.0,0.0,0.0,0.0,1.0,0.0,0.0,0.0,1.0,0
1481903501279862809,401,1481903501276815368,,0,0,46.5183486938,6.566447258,2.77602830977e-40,1.0,0.0,0.0,0.0,1.0,0.0,0.0,0.0,1.0,0
1481903501389806803,402,1481903501387108372,,0,0,46.5183486938,6.56645298004,2.77602830977e-40,1.0,0.0,0.0,0.0,1.0,0.0,0.0,0.0,1.0,0
1481903501505569323,403,1481903501500604909,,0,0,46.5183486938,6.56646108627,2.77602830977e-40,1.0,0.0,0.0,0.0,1.0,0.0,0.0,0.0,1.0,0
1481903501729481312,404,1481903501726312101,,0,0,46.5183639526,6.56646442413,2.77602830977e-40,1.0,0.0,0.0,0.0,1.0,0.0,0.0,0.0,1.0,0
1481903502068994571,405,1481903502065174789,,0,0,46.5183639526,6.56647109985,2.77602830977e-40,1.0,0.0,0.0,0.0,1.0,0.0,0.0,0.0,1.0,0
1481903502449381634,406,1481903502446743724,,0,0,46.518371582,6.56649494171,2.77602830977e-40,1.0,0.0,0.0,0.0,1.0,0.0,0.0,0.0,1.0,0
1481903502917164154,407,1481903502914431973,,0,0,46.5183868408,6.56650495529,2.77602830977e-40,1.0,0.0,0.0,0.0,1.0,0.0,0.0,0.0,1.0,0
1481903503347677341,408,1481903503345456200,,0,0,46.5184059143,6.56651115417,2.77602830977e-40,1.0,0.0,0.0,0.0,1.0,0.0,0.0,0.0,1.0,0
1481903503697070159,409,1481903503693960271,,0,0,46.5184249878,6.56651258469,2.77602830977e-40,1.0,0.0,0.0,0.0,1.0,0.0,0.0,0.0,1.0,0
1481903504032402804,410,1481903504029824841,,0,0,46.5184402466,6.56650686264,2.77602830977e-40,1.0,0.0,0.0,0.0,1.0,0.0,0.0,0.0,1.0,0
1481903504404977074,411,1481903504401854269,,0,0,46.5184516907,6.56650066376,2.77602830977e-40,1.0,0.0,0.0,0.0,1.0,0.0,0.0,0.0,1.0,0
1481903504769551833,412,1481903504766562257,,0,0,46.5184593201,6.56649208069,2.77602830977e-40,1.0,0.0,0.0,0.0,1.0,0.0,0.0,0.0,1.0,0
1481903505113803570,413,1481903505110835400,,0,0,46.5185050964,6.56644248962,2.77602830977e-40,1.0,0.0,0.0,0.0,1.0,0.0,0.0,0.0,1.0,0
1481903505402126281,414,1481903505399570142,,0,0,46.5184783936,6.56645441055,2.77602830977e-40,1.0,0.0,0.0,0.0,1.0,0.0,0.0,0.0,1.0,0
1481903505739541838,415,1481903505737907832,,0,0,46.5185165405,6.56638240814,2.77602830977e-40,1.0,0.0,0.0,0.0,1.0,0.0,0.0,0.0,1.0,0
1481903506099040620,416,1481903506097109375,,0,0,46.5185203552,6.5663599968,2.77602830977e-40,1.0,0.0,0.0,0.0,1.0,0.0,0.0,0.0,1.0,0
1481903506308637280,417,1481903506306504993,,0,0,46.5184593201,6.56636810303,2.77602830977e-40,1.0,0.0,0.0,0.0,1.0,0.0,0.0,0.0,1.0,0
1481903506631347144,418,1481903506629293347,,0,0,46.5185317993,6.56633377075,2.77602830977e-40,1.0,0.0,0.0,0.0,1.0,0.0,0.0,0.0,1.0,0
1481903506897448088,419,1481903506894355023,,0,0,46.518535614,6.56631708145,2.77602830977e-40,1.0,0.0,0.0,0.0,1.0,0.0,0.0,0.0,1.0,0
1481903507211221777,420,1481903507209407147,,0,0,46.5185241699,6.56631755829,2.77602830977e-40,1.0,0.0,0.0,0.0,1.0,0.0,0.0,0.0,1.0,0
1481903507511584823,421,1481903507508895663,,0,0,46.5185050964,6.56633520126,2.77602830977e-40,1.0,0.0,0.0,0.0,1.0,0.0,0.0,0.0,1.0,0
1481903507787127098,422,1481903507784242678,,0,0,46.5185928345,6.56617593765,2.77602830977e-40,1.0,0.0,0.0,0.0,1.0,0.0,0.0,0.0,1.0,0
1481903507978453595,423,1481903507975531207,,0,0,46.5185012817,6.5663318634,2.77602830977e-40,1.0,0.0,0.0,0.0,1.0,0.0,0.0,0.0,1.0,0
1481903508326950895,424,1481903508322625958,,0,0,46.5185012817,6.56632614136,2.77602830977e-40,1.0,0.0,0.0,0.0,1.0,0.0,0.0,0.0,1.0,0
1481903508548892523,425,1481903508546513675,,0,0,46.5185585022,6.5662612915,2.77602830977e-40,1.0,0.0,0.0,0.0,1.0,0.0,0.0,0.0,1.0,0
1481903508709986024,426,1481903508707468999,,0,0,46.5185317993,6.56625938416,2.77602830977e-40,1.0,0.0,0.0,0.0,1.0,0.0,0.0,0.0,1.0,0
1481903508950183596,427,1481903508946523449,,0,0,46.518497467,6.56631660461,2.77602830977e-40,1.0,0.0,0.0,0.0,1.0,0.0,0.0,0.0,1.0,0
1481903509157929010,428,1481903509155882453,,0,0,46.5185203552,6.56628131866,2.77602830977e-40,1.0,0.0,0.0,0.0,1.0,0.0,0.0,0.0,1.0,0
1481903509366605047,429,1481903509362274381,,0,0,46.5184593201,6.56635570526,2.77602830977e-40,1.0,0.0,0.0,0.0,1.0,0.0,0.0,0.0,1.0,0
1481903509604044449,430,1481903509600029564,,0,0,46.5183753967,6.56641197205,2.77602830977e-40,1.0,0.0,0.0,0.0,1.0,0.0,0.0,0.0,1.0,0
1481903509786222272,431,1481903509783411289,,0,0,46.5184669495,6.56633043289,2.77602830977e-40,1.0,0.0,0.0,0.0,1.0,0.0,0.0,0.0,1.0,0
1481903509900104797,432,1481903509894215333,,0,0,46.5184669495,6.56633234024,2.77602830977e-40,1.0,0.0,0.0,0.0,1.0,0.0,0.0,0.0,1.0,0
1481903510091897544,433,1481903510087535211,,0,0,46.5185203552,6.56628704071,2.77602830977e-40,1.0,0.0,0.0,0.0,1.0,0.0,0.0,0.0,1.0,0
1481903510191851563,434,1481903510188248603,,0,0,46.5185470581,6.56626272202,2.77602830977e-40,1.0,0.0,0.0,0.0,1.0,0.0,0.0,0.0,1.0,0
1481903510287683873,435,1481903510282611803,,0,0,46.5185508728,6.56626605988,2.77602830977e-40,1.0,0.0,0.0,0.0,1.0,0.0,0.0,0.0,1.0,0
1481903510397542763,436,1481903510394822718,,0,0,46.5185623169,6.56625509262,2.77602830977e-40,1.0,0.0,0.0,0.0,1.0,0.0,0.0,0.0,1.0,0
1481903510603186048,437,1481903510599433661,,0,0,46.5185127258,6.56628608704,2.77602830977e-40,1.0,0.0,0.0,0.0,1.0,0.0,0.0,0.0,1.0,0
1481903510778946647,438,1481903510774919417,,0,0,46.5185165405,6.56629419327,2.77602830977e-40,1.0,0.0,0.0,0.0,1.0,0.0,0.0,0.0,1.0,0
1481903510884503204,439,1481903510877516346,,0,0,46.5185241699,6.56629037857,2.77602830977e-40,1.0,0.0,0.0,0.0,1.0,0.0,0.0,0.0,1.0,0
1481903510982208479,440,1481903510979909526,,0,0,46.5185241699,6.56630134583,2.77602830977e-40,1.0,0.0,0.0,0.0,1.0,0.0,0.0,0.0,1.0,0
1481903511095277881,441,1481903511092411066,,0,0,46.5185165405,6.56630325317,2.77602830977e-40,1.0,0.0,0.0,0.0,1.0,0.0,0.0,0.0,1.0,0
1481903511291198325,442,1481903511287713595,,0,0,46.5185241699,6.56629753113,2.77602830977e-40,1.0,0.0,0.0,0.0,1.0,0.0,0.0,0.0,1.0,0
1481903511387500479,443,1481903511382347315,,0,0,46.5185241699,6.56629896164,2.77602830977e-40,1.0,0.0,0.0,0.0,1.0,0.0,0.0,0.0,1.0,0
1481903511491649279,444,1481903511487655643,,0,0,46.5185165405,6.56630754471,2.77602830977e-40,1.0,0.0,0.0,0.0,1.0,0.0,0.0,0.0,1.0,0
1481903511686721340,445,1481903511680228231,,0,0,46.5185165405,6.56631183624,2.77602830977e-40,1.0,0.0,0.0,0.0,1.0,0.0,0.0,0.0,1.0,0
1481903511784740312,446,1481903511781270685,,0,0,46.5185203552,6.56631946564,2.77602830977e-40,1.0,0.0,0.0,0.0,1.0,0.0,0.0,0.0,1.0,0
1481903511886206462,447,1481903511882799961,,0,0,46.5185203552,6.56631135941,2.77602830977e-40,1.0,0.0,0.0,0.0,1.0,0.0,0.0,0.0,1.0,0
1481903511988376413,448,1481903511983840019,,0,0,46.5185203552,6.56630516052,2.77602830977e-40,1.0,0.0,0.0,0.0,1.0,0.0,0.0,0.0,1.0,0
1481903512171240588,449,1481903512168365231,,0,0,46.5185241699,6.56628084183,2.77602830977e-40,1.0,0.0,0.0,0.0,1.0,0.0,0.0,0.0,1.0,0
1481903512270194141,450,1481903512263807907,,0,0,46.5185241699,6.56629085541,2.77602830977e-40,1.0,0.0,0.0,0.0,1.0,0.0,0.0,0.0,1.0,0
1481903512389801809,451,1481903512386913483,,0,0,46.5185165405,6.56628990173,2.77602830977e-40,1.0,0.0,0.0,0.0,1.0,0.0,0.0,0.0,1.0,0
1481903512494916700,452,1481903512491540355,,0,0,46.5185279846,6.56627988815,2.77602830977e-40,1.0,0.0,0.0,0.0,1.0,0.0,0.0,0.0,1.0,0
1481903512692332401,453,1481903512688166995,,0,0,46.5185241699,6.56627702713,2.77602830977e-40,1.0,0.0,0.0,0.0,1.0,0.0,0.0,0.0,1.0,0
1481903512784798731,454,1481903512781096552,,0,0,46.5185241699,6.56626987457,2.77602830977e-40,1.0,0.0,0.0,0.0,1.0,0.0,0.0,0.0,1.0,0
1481903512887855711,455,1481903512883730513,,0,0,46.5185317993,6.56627178192,2.77602830977e-40,1.0,0.0,0.0,0.0,1.0,0.0,0.0,0.0,1.0,0
1481903512991068367,456,1481903512987207492,,0,0,46.5185279846,6.56627845764,2.77602830977e-40,1.0,0.0,0.0,0.0,1.0,0.0,0.0,0.0,1.0,0
1481903513084427455,457,1481903513080399445,,0,0,46.5185127258,6.56626605988,2.77602830977e-40,1.0,0.0,0.0,0.0,1.0,0.0,0.0,0.0,1.0,0
1481903513183215592,458,1481903513180826483,,0,0,46.5185241699,6.56625080109,2.77602830977e-40,1.0,0.0,0.0,0.0,1.0,0.0,0.0,0.0,1.0,0
1481903513288737930,459,1481903513282312530,,0,0,46.5185012817,6.56628417969,2.77602830977e-40,1.0,0.0,0.0,0.0,1.0,0.0,0.0,0.0,1.0,0
1481903513387250182,460,1481903513384755241,,0,0,46.5184898376,6.56629037857,2.77602830977e-40,1.0,0.0,0.0,0.0,1.0,0.0,0.0,0.0,1.0,0
1481903513498533287,461,1481903513495370327,,0,0,46.518497467,6.56628894806,2.77602830977e-40,1.0,0.0,0.0,0.0,1.0,0.0,0.0,0.0,1.0,0
1481903513691333218,462,1481903513688331559,,0,0,46.5185241699,6.56627511978,2.77602830977e-40,1.0,0.0,0.0,0.0,1.0,0.0,0.0,0.0,1.0,0
1481903513797251754,463,1481903513791922913,,0,0,46.5185127258,6.5662946701,2.77602830977e-40,1.0,0.0,0.0,0.0,1.0,0.0,0.0,0.0,1.0,0
1481903514001312438,464,1481903513995702660,,0,0,46.5184860229,6.56629705429,2.77602830977e-40,1.0,0.0,0.0,0.0,1.0,0.0,0.0,0.0,1.0,0
1481903514195736115,465,1481903514191444824,,0,0,46.5184669495,6.56631183624,2.77602830977e-40,1.0,0.0,0.0,0.0,1.0,0.0,0.0,0.0,1.0,0
1481903514391543955,466,1481903514387576778,,0,0,46.5185089111,6.56629705429,2.77602830977e-40,1.0,0.0,0.0,0.0,1.0,0.0,0.0,0.0,1.0,0
1481903514596565105,467,1481903514592094440,,0,0,46.5185089111,6.5662856102,2.77602830977e-40,1.0,0.0,0.0,0.0,1.0,0.0,0.0,0.0,1.0,0
1481903514803964271,468,1481903514797393298,,0,0,46.518497467,6.5662689209,2.77602830977e-40,1.0,0.0,0.0,0.0,1.0,0.0,0.0,0.0,1.0,0
1481903514987830318,469,1481903514983326944,,0,0,46.518497467,6.56627607346,2.77602830977e-40,1.0,0.0,0.0,0.0,1.0,0.0,0.0,0.0,1.0,0
1481903515096007077,470,1481903515093117397,,0,0,46.5184936523,6.5663151741,2.77602830977e-40,1.0,0.0,0.0,0.0,1.0,0.0,0.0,0.0,1.0,0
1481903515301801038,471,1481903515298595942,,0,0,46.5185089111,6.56632518768,2.77602830977e-40,1.0,0.0,0.0,0.0,1.0,0.0,0.0,0.0,1.0,0
1481903515502257304,472,1481903515498951270,,0,0,46.5185279846,6.56632232666,2.77602830977e-40,1.0,0.0,0.0,0.0,1.0,0.0,0.0,0.0,1.0,0
1481903515697277906,473,1481903515694396351,,0,0,46.5185241699,6.56627750397,2.77602830977e-40,1.0,0.0,0.0,0.0,1.0,0.0,0.0,0.0,1.0,0
1481903515904022334,474,1481903515900584634,,0,0,46.5185165405,6.56629371643,2.77602830977e-40,1.0,0.0,0.0,0.0,1.0,0.0,0.0,0.0,1.0,0
1481903516089045149,475,1481903516086514218,,0,0,46.5185089111,6.56635427475,2.77602830977e-40,1.0,0.0,0.0,0.0,1.0,0.0,0.0,0.0,1.0,0
1481903516285262467,476,1481903516282815442,,0,0,46.5185127258,6.56636428833,2.77602830977e-40,1.0,0.0,0.0,0.0,1.0,0.0,0.0,0.0,1.0,0
1481903516379039991,477,1481903516375952239,,0,0,46.5185012817,6.56635189056,2.77602830977e-40,1.0,0.0,0.0,0.0,1.0,0.0,0.0,0.0,1.0,0
1481903516492016217,478,1481903516488656643,,0,0,46.5185279846,6.56636047363,2.77602830977e-40,1.0,0.0,0.0,0.0,1.0,0.0,0.0,0.0,1.0,0
1481903516585553534,479,1481903516581703752,,0,0,46.5185241699,6.56634807587,2.77602830977e-40,1.0,0.0,0.0,0.0,1.0,0.0,0.0,0.0,1.0,0
1481903516688163275,480,1481903516683160319,,0,0,46.5185127258,6.56633806229,2.77602830977e-40,1.0,0.0,0.0,0.0,1.0,0.0,0.0,0.0,1.0,0
1481903516789128490,481,1481903516784309440,,0,0,46.5185089111,6.5663599968,2.77602830977e-40,1.0,0.0,0.0,0.0,1.0,0.0,0.0,0.0,1.0,0
1481903516887558867,482,1481903516885364706,,0,0,46.5185203552,6.56638002396,2.77602830977e-40,1.0,0.0,0.0,0.0,1.0,0.0,0.0,0.0,1.0,0
1481903517090328669,483,1481903517087581176,,0,0,46.5185127258,6.566365242,2.77602830977e-40,1.0,0.0,0.0,0.0,1.0,0.0,0.0,0.0,1.0,0
1481903517290471029,484,1481903517287538745,,0,0,46.5184860229,6.56640911102,2.77602830977e-40,1.0,0.0,0.0,0.0,1.0,0.0,0.0,0.0,1.0,0
1481903517395928993,485,1481903517391661712,,0,0,46.5184822083,6.56641054153,2.77602830977e-40,1.0,0.0,0.0,0.0,1.0,0.0,0.0,0.0,1.0,0
1481903517589961838,486,1481903517586589555,,0,0,46.5184898376,6.56644296646,2.77602830977e-40,1.0,0.0,0.0,0.0,1.0,0.0,0.0,0.0,1.0,0
1481903517774211270,487,1481903517771623672,,0,0,46.518497467,6.56642436981,2.77602830977e-40,1.0,0.0,0.0,0.0,1.0,0.0,0.0,0.0,1.0,0
1481903517887158589,488,1481903517884984011,,0,0,46.5185089111,6.56640481949,2.77602830977e-40,1.0,0.0,0.0,0.0,1.0,0.0,0.0,0.0,1.0,0
1481903517989811247,489,1481903517985688289,,0,0,46.5185050964,6.56642436981,2.77602830977e-40,1.0,0.0,0.0,0.0,1.0,0.0,0.0,0.0,1.0,0
1481903518174065940,490,1481903518171886622,,0,0,46.5184936523,6.56642532349,2.77602830977e-40,1.0,0.0,0.0,0.0,1.0,0.0,0.0,0.0,1.0,0
1481903518279326248,491,1481903518275560372,,0,0,46.5185050964,6.56642580032,2.77602830977e-40,1.0,0.0,0.0,0.0,1.0,0.0,0.0,0.0,1.0,0
1481903518383244892,492,1481903518379901984,,0,0,46.5184898376,6.56642055511,2.77602830977e-40,1.0,0.0,0.0,0.0,1.0,0.0,0.0,0.0,1.0,0
1481903518484178752,493,1481903518481956987,,0,0,46.5184860229,6.56641626358,2.77602830977e-40,1.0,0.0,0.0,0.0,1.0,0.0,0.0,0.0,1.0,0
1481903518586647557,494,1481903518584091678,,0,0,46.5184707642,6.56642198563,2.77602830977e-40,1.0,0.0,0.0,0.0,1.0,0.0,0.0,0.0,1.0,0
1481903518686773763,495,1481903518685007570,,0,0,46.5184745789,6.56642723083,2.77602830977e-40,1.0,0.0,0.0,0.0,1.0,0.0,0.0,0.0,1.0,0
1481903518789208974,496,1481903518786210023,,0,0,46.5184783936,6.56641292572,2.77602830977e-40,1.0,0.0,0.0,0.0,1.0,0.0,0.0,0.0,1.0,0
1481903518889134556,497,1481903518886376958,,0,0,46.5184936523,6.56639862061,2.77602830977e-40,1.0,0.0,0.0,0.0,1.0,0.0,0.0,0.0,1.0,0
1481903518986177488,498,1481903518978511778,,0,0,46.5185012817,6.56641292572,2.77602830977e-40,1.0,0.0,0.0,0.0,1.0,0.0,0.0,0.0,1.0,0
1481903519074834348,499,1481903519071770502,,0,0,46.5184822083,6.56640625,2.77602830977e-40,1.0,0.0,0.0,0.0,1.0,0.0,0.0,0.0,1.0,0
1481903519177169351,500,1481903519174594462,,0,0,46.5184936523,6.56641197205,2.77602830977e-40,1.0,0.0,0.0,0.0,1.0,0.0,0.0,0.0,1.0,0
1481903519279765603,501,1481903519276311289,,0,0,46.5184898376,6.56641960144,2.77602830977e-40,1.0,0.0,0.0,0.0,1.0,0.0,0.0,0.0,1.0,0
1481903519393032922,502,1481903519390541001,,0,0,46.5184898376,6.56641149521,2.77602830977e-40,1.0,0.0,0.0,0.0,1.0,0.0,0.0,0.0,1.0,0
1481903519589213209,503,1481903519586343112,,0,0,46.5184936523,6.56642913818,2.77602830977e-40,1.0,0.0,0.0,0.0,1.0,0.0,0.0,0.0,1.0,0
1481903519786747399,504,1481903519783326679,,0,0,46.5184860229,6.5664358139,2.77602830977e-40,1.0,0.0,0.0,0.0,1.0,0.0,0.0,0.0,1.0,0
1481903519988994390,505,1481903519985954866,,0,0,46.5184669495,6.5664639473,2.77602830977e-40,1.0,0.0,0.0,0.0,1.0,0.0,0.0,0.0,1.0,0
1481903520191691484,506,1481903520188836126,,0,0,46.5184555054,6.56648683548,2.77602830977e-40,1.0,0.0,0.0,0.0,1.0,0.0,0.0,0.0,1.0,0
1481903520396440812,507,1481903520393604100,,0,0,46.518447876,6.56649971008,2.77602830977e-40,1.0,0.0,0.0,0.0,1.0,0.0,0.0,0.0,1.0,0
1481903520584839296,508,1481903520580505348,,0,0,46.5184516907,6.56648731232,2.77602830977e-40,1.0,0.0,0.0,0.0,1.0,0.0,0.0,0.0,1.0,0
1481903520695231361,509,1481903520692174442,,0,0,46.5184593201,6.5664935112,2.77602830977e-40,1.0,0.0,0.0,0.0,1.0,0.0,0.0,0.0,1.0,0
1481903520889472435,510,1481903520885319372,,0,0,46.5184631348,6.56646966934,2.77602830977e-40,1.0,0.0,0.0,0.0,1.0,0.0,0.0,0.0,1.0,0
1481903521086065533,511,1481903521083773872,,0,0,46.5184593201,6.56652164459,2.77602830977e-40,1.0,0.0,0.0,0.0,1.0,0.0,0.0,0.0,1.0,0
1481903521297769948,512,1481903521291428922,,0,0,46.5184516907,6.56656455994,2.77602830977e-40,1.0,0.0,0.0,0.0,1.0,0.0,0.0,0.0,1.0,0
1481903521527149475,513,1481903521521700009,,0,0,46.5184364319,6.56657409668,2.77602830977e-40,1.0,0.0,0.0,0.0,1.0,0.0,0.0,0.0,1.0,0
1481903521687578341,514,1481903521684268610,,0,0,46.5184249878,6.56657648087,2.77602830977e-40,1.0,0.0,0.0,0.0,1.0,0.0,0.0,0.0,1.0,0
1481903521884923417,515,1481903521879232390,,0,0,46.5184593201,6.56652545929,2.77602830977e-40,1.0,0.0,0.0,0.0,1.0,0.0,0.0,0.0,1.0,0
1481903521987408315,516,1481903521980946978,,0,0,46.5184707642,6.56652259827,2.77602830977e-40,1.0,0.0,0.0,0.0,1.0,0.0,0.0,0.0,1.0,0
1481903522188619267,517,1481903522185591045,,0,0,46.5184593201,6.56652021408,2.77602830977e-40,1.0,0.0,0.0,0.0,1.0,0.0,0.0,0.0,1.0,0
1481903522393013804,518,1481903522389092252,,0,0,46.5184669495,6.56654930115,2.77602830977e-40,1.0,0.0,0.0,0.0,1.0,0.0,0.0,0.0,1.0,0
1481903522597534696,519,1481903522593051478,,0,0,46.5184555054,6.56654071808,2.77602830977e-40,1.0,0.0,0.0,0.0,1.0,0.0,0.0,0.0,1.0,0
1481903522791857175,520,1481903522788866193,,0,0,46.5184555054,6.56650686264,2.77602830977e-40,1.0,0.0,0.0,0.0,1.0,0.0,0.0,0.0,1.0,0
1481903522988567669,521,1481903522985221375,,0,0,46.5184516907,6.56654167175,2.77602830977e-40,1.0,0.0,0.0,0.0,1.0,0.0,0.0,0.0,1.0,0
1481903523188290812,522,1481903523183042856,,0,0,46.5184440613,6.56656503677,2.77602830977e-40,1.0,0.0,0.0,0.0,1.0,0.0,0.0,0.0,1.0,0
1481903523276015383,523,1481903523272626120,,0,0,46.5184555054,6.56657266617,2.77602830977e-40,1.0,0.0,0.0,0.0,1.0,0.0,0.0,0.0,1.0,0
1481903523387793747,524,1481903523384608963,,0,0,46.5184173584,6.56660461426,2.77602830977e-40,1.0,0.0,0.0,0.0,1.0,0.0,0.0,0.0,1.0,0
1481903523491801558,525,1481903523488465316,,0,0,46.5184288025,6.56657218933,2.77602830977e-40,1.0,0.0,0.0,0.0,1.0,0.0,0.0,0.0,1.0,0
1481903523695873961,526,1481903523693559644,,0,0,46.518447876,6.56656885147,2.77602830977e-40,1.0,0.0,0.0,0.0,1.0,0.0,0.0,0.0,1.0,0
1481903523890029253,527,1481903523887567593,,0,0,46.5184364319,6.56657886505,2.77602830977e-40,1.0,0.0,0.0,0.0,1.0,0.0,0.0,0.0,1.0,0
1481903524083271735,528,1481903524080287784,,0,0,46.5184516907,6.56658935547,2.77602830977e-40,1.0,0.0,0.0,0.0,1.0,0.0,0.0,0.0,1.0,0
1481903524186178143,529,1481903524183280442,,0,0,46.5184707642,6.56659126282,2.77602830977e-40,1.0,0.0,0.0,0.0,1.0,0.0,0.0,0.0,1.0,0
1481903524388540029,530,1481903524386205243,,0,0,46.5184402466,6.56660699844,2.77602830977e-40,1.0,0.0,0.0,0.0,1.0,0.0,0.0,0.0,1.0,0
1481903524576678826,531,1481903524574214093,,0,0,46.5184402466,6.56660413742,2.77602830977e-40,1.0,0.0,0.0,0.0,1.0,0.0,0.0,0.0,1.0,0
1481903524681465281,532,1481903524677804821,,0,0,46.5184516907,6.56661319733,2.77602830977e-40,1.0,0.0,0.0,0.0,1.0,0.0,0.0,0.0,1.0,0
1481903524794499684,533,1481903524791758805,,0,0,46.5184516907,6.56659078598,2.77602830977e-40,1.0,0.0,0.0,0.0,1.0,0.0,0.0,0.0,1.0,0
1481903524997154173,534,1481903524994560794,,0,0,46.5184288025,6.56661319733,2.77602830977e-40,1.0,0.0,0.0,0.0,1.0,0.0,0.0,0.0,1.0,0
1481903525193341283,535,1481903525190672540,,0,0,46.5184593201,6.5666103363,2.77602830977e-40,1.0,0.0,0.0,0.0,1.0,0.0,0.0,0.0,1.0,0
1481903525287158287,536,1481903525284342929,,0,0,46.5184555054,6.56659317017,2.77602830977e-40,1.0,0.0,0.0,0.0,1.0,0.0,0.0,0.0,1.0,0
1481903525388311626,537,1481903525384833666,,0,0,46.5184516907,6.56661176682,2.77602830977e-40,1.0,0.0,0.0,0.0,1.0,0.0,0.0,0.0,1.0,0
1481903525501945975,538,1481903525497141195,,0,0,46.5184440613,6.5666270256,2.77602830977e-40,1.0,0.0,0.0,0.0,1.0,0.0,0.0,0.0,1.0,0
1481903525701005526,539,1481903525698791990,,0,0,46.5184669495,6.56662559509,2.77602830977e-40,1.0,0.0,0.0,0.0,1.0,0.0,0.0,0.0,1.0,0
1481903525889049844,540,1481903525886068080,,0,0,46.5184555054,6.56661462784,2.77602830977e-40,1.0,0.0,0.0,0.0,1.0,0.0,0.0,0.0,1.0,0
1481903525981612267,541,1481903525978650451,,0,0,46.5184631348,6.56661176682,2.77602830977e-40,1.0,0.0,0.0,0.0,1.0,0.0,0.0,0.0,1.0,0
1481903526072913235,542,1481903526069878607,,0,0,46.5184745789,6.56662797928,2.77602830977e-40,1.0,0.0,0.0,0.0,1.0,0.0,0.0,0.0,1.0,0
1481903526185554410,543,1481903526182998010,,0,0,46.5184745789,6.56665420532,2.77602830977e-40,1.0,0.0,0.0,0.0,1.0,0.0,0.0,0.0,1.0,0
1481903526279142455,544,1481903526276175796,,0,0,46.5184555054,6.56671094894,2.77602830977e-40,1.0,0.0,0.0,0.0,1.0,0.0,0.0,0.0,1.0,0
1481903526383920472,545,1481903526381987613,,0,0,46.5184669495,6.56669378281,2.77602830977e-40,1.0,0.0,0.0,0.0,1.0,0.0,0.0,0.0,1.0,0
1481903526477005551,546,1481903526473941079,,0,0,46.5184555054,6.56669235229,2.77602830977e-40,1.0,0.0,0.0,0.0,1.0,0.0,0.0,0.0,1.0,0
1481903526578584149,547,1481903526575527959,,0,0,46.5184516907,6.56671524048,2.77602830977e-40,1.0,0.0,0.0,0.0,1.0,0.0,0.0,0.0,1.0,0
1481903526692484435,548,1481903526689489443,,0,0,46.5184745789,6.56670379639,2.77602830977e-40,1.0,0.0,0.0,0.0,1.0,0.0,0.0,0.0,1.0,0
1481903526888741441,549,1481903526885689938,,0,0,46.5184898376,6.56668806076,2.77602830977e-40,1.0,0.0,0.0,0.0,1.0,0.0,0.0,0.0,1.0,0
1481903526989053636,550,1481903526986149477,,0,0,46.5184936523,6.56669378281,2.77602830977e-40,1.0,0.0,0.0,0.0,1.0,0.0,0.0,0.0,1.0,0
1481903527080514031,551,1481903527076330656,,0,0,46.5185127258,6.56668806076,2.77602830977e-40,1.0,0.0,0.0,0.0,1.0,0.0,0.0,0.0,1.0,0
1481903527181731380,552,1481903527178909200,,0,0,46.5185127258,6.56667804718,2.77602830977e-40,1.0,0.0,0.0,0.0,1.0,0.0,0.0,0.0,1.0,0
1481903527286540960,553,1481903527283664092,,0,0,46.5184669495,6.5666718483,2.77602830977e-40,1.0,0.0,0.0,0.0,1.0,0.0,0.0,0.0,1.0,0
1481903527379211508,554,1481903527374149281,,0,0,46.5184516907,6.56664419174,2.77602830977e-40,1.0,0.0,0.0,0.0,1.0,0.0,0.0,0.0,1.0,0
1481903527478654851,555,1481903527475861108,,0,0,46.5184593201,6.5666718483,2.77602830977e-40,1.0,0.0,0.0,0.0,1.0,0.0,0.0,0.0,1.0,0
1481903527592731178,556,1481903527589824102,,0,0,46.5184860229,6.56667995453,2.77602830977e-40,1.0,0.0,0.0,0.0,1.0,0.0,0.0,0.0,1.0,0
1481903527796949518,557,1481903527793916453,,0,0,46.5184631348,6.56665802002,2.77602830977e-40,1.0,0.0,0.0,0.0,1.0,0.0,0.0,0.0,1.0,0
1481903527993593137,558,1481903527990579812,,0,0,46.5184631348,6.56669425964,2.77602830977e-40,1.0,0.0,0.0,0.0,1.0,0.0,0.0,0.0,1.0,0
1481903528191234671,559,1481903528188145825,,0,0,46.5184631348,6.5667347908,2.77602830977e-40,1.0,0.0,0.0,0.0,1.0,0.0,0.0,0.0,1.0,0
1481903528391586719,560,1481903528384057831,,0,0,46.5184440613,6.56668329239,2.77602830977e-40,1.0,0.0,0.0,0.0,1.0,0.0,0.0,0.0,1.0,0
1481903528488892515,561,1481903528485402576,,0,0,46.5184440613,6.566655159,2.77602830977e-40,1.0,0.0,0.0,0.0,1.0,0.0,0.0,0.0,1.0,0
1481903528688080972,562,1481903528683297130,,0,0,46.5184516907,6.56663560867,2.77602830977e-40,1.0,0.0,0.0,0.0,1.0,0.0,0.0,0.0,1.0,0
1481903528771380293,563,1481903528766914940,,0,0,46.5184707642,6.56664085388,2.77602830977e-40,1.0,0.0,0.0,0.0,1.0,0.0,0.0,0.0,1.0,0
1481903528878560909,564,1481903528869470150,,0,0,46.5184745789,6.56662750244,2.77602830977e-40,1.0,0.0,0.0,0.0,1.0,0.0,0.0,0.0,1.0,0
1481903528985237671,565,1481903528980966380,,0,0,46.5184593201,6.56663370132,2.77602830977e-40,1.0,0.0,0.0,0.0,1.0,0.0,0.0,0.0,1.0,0
1481903529095302342,566,1481903529092323027,,0,0,46.5184402466,6.56660556793,2.77602830977e-40,1.0,0.0,0.0,0.0,1.0,0.0,0.0,0.0,1.0,0
1481903529278473600,567,1481903529273891267,,0,0,46.5184516907,6.56661558151,2.77602830977e-40,1.0,0.0,0.0,0.0,1.0,0.0,0.0,0.0,1.0,0
1481903529378457150,568,1481903529374897992,,0,0,46.5184211731,6.56660747528,2.77602830977e-40,1.0,0.0,0.0,0.0,1.0,0.0,0.0,0.0,1.0,0
1481903529491487855,569,1481903529488667029,,0,0,46.5184211731,6.56660509109,2.77602830977e-40,1.0,0.0,0.0,0.0,1.0,0.0,0.0,0.0,1.0,0
1481903529585989492,570,1481903529581811221,,0,0,46.5184249878,6.566593647,2.77602830977e-40,1.0,0.0,0.0,0.0,1.0,0.0,0.0,0.0,1.0,0
1481903529678324572,571,1481903529675505048,,0,0,46.5184288025,6.5666217804,2.77602830977e-40,1.0,0.0,0.0,0.0,1.0,0.0,0.0,0.0,1.0,0
1481903529777923279,572,1481903529775140318,,0,0,46.5184249878,6.566634655,2.77602830977e-40,1.0,0.0,0.0,0.0,1.0,0.0,0.0,0.0,1.0,0
1481903529884288272,573,1481903529878217089,,0,0,46.5184364319,6.56661510468,2.77602830977e-40,1.0,0.0,0.0,0.0,1.0,0.0,0.0,0.0,1.0,0
1481903529974520128,574,1481903529971675343,,0,0,46.5184249878,6.56662940979,2.77602830977e-40,1.0,0.0,0.0,0.0,1.0,0.0,0.0,0.0,1.0,0
1481903530078060076,575,1481903530075233728,,0,0,46.5184326172,6.56661701202,2.77602830977e-40,1.0,0.0,0.0,0.0,1.0,0.0,0.0,0.0,1.0,0
1481903530182413042,576,1481903530178571437,,0,0,46.518447876,6.56661128998,2.77602830977e-40,1.0,0.0,0.0,0.0,1.0,0.0,0.0,0.0,1.0,0
1481903530284131119,577,1481903530281313053,,0,0,46.5184593201,6.56662893295,2.77602830977e-40,1.0,0.0,0.0,0.0,1.0,0.0,0.0,0.0,1.0,0
1481903530397774218,578,1481903530395110683,,0,0,46.5184783936,6.56665086746,2.77602830977e-40,1.0,0.0,0.0,0.0,1.0,0.0,0.0,0.0,1.0,0
1481903530589846547,579,1481903530587254470,,0,0,46.5184783936,6.56664323807,2.77602830977e-40,1.0,0.0,0.0,0.0,1.0,0.0,0.0,0.0,1.0,0
1481903530795520456,580,1481903530792425204,,0,0,46.5184783936,6.56662082672,2.77602830977e-40,1.0,0.0,0.0,0.0,1.0,0.0,0.0,0.0,1.0,0
1481903530998263435,581,1481903530995307088,,0,0,46.5184669495,6.56665277481,2.77602830977e-40,1.0,0.0,0.0,0.0,1.0,0.0,0.0,0.0,1.0,0
1481903531200528603,582,1481903531197905589,,0,0,46.5184555054,6.56665229797,2.77602830977e-40,1.0,0.0,0.0,0.0,1.0,0.0,0.0,0.0,1.0,0
1481903531399285134,583,1481903531396575974,,0,0,46.5184631348,6.56664180756,2.77602830977e-40,1.0,0.0,0.0,0.0,1.0,0.0,0.0,0.0,1.0,0
1481903531585180967,584,1481903531582527328,,0,0,46.5185012817,6.56664419174,2.77602830977e-40,1.0,0.0,0.0,0.0,1.0,0.0,0.0,0.0,1.0,0
1481903531698607713,585,1481903531694251266,,0,0,46.518497467,6.56663751602,2.77602830977e-40,1.0,0.0,0.0,0.0,1.0,0.0,0.0,0.0,1.0,0
1481903531894112169,586,1481903531890771031,,0,0,46.5184860229,6.56665658951,2.77602830977e-40,1.0,0.0,0.0,0.0,1.0,0.0,0.0,0.0,1.0,0
1481903532101129668,587,1481903532096836814,,0,0,46.5184860229,6.56666469574,2.77602830977e-40,1.0,0.0,0.0,0.0,1.0,0.0,0.0,0.0,1.0,0
1481903532293075435,588,1481903532290442473,,0,0,46.5184860229,6.56664180756,2.77602830977e-40,1.0,0.0,0.0,0.0,1.0,0.0,0.0,0.0,1.0,0
1481903532485112399,589,1481903532481720533,,0,0,46.5184860229,6.56664943695,2.77602830977e-40,1.0,0.0,0.0,0.0,1.0,0.0,0.0,0.0,1.0,0
1481903532587706828,590,1481903532584926158,,0,0,46.5184745789,6.56664657593,2.77602830977e-40,1.0,0.0,0.0,0.0,1.0,0.0,0.0,0.0,1.0,0
1481903532691252401,591,1481903532684399866,,0,0,46.5184669495,6.56666135788,2.77602830977e-40,1.0,0.0,0.0,0.0,1.0,0.0,0.0,0.0,1.0,0
1481903532786749087,592,1481903532783659772,,0,0,46.5184516907,6.56665849686,2.77602830977e-40,1.0,0.0,0.0,0.0,1.0,0.0,0.0,0.0,1.0,0
1481903532879400781,593,1481903532875244489,,0,0,46.5184593201,6.56666135788,2.77602830977e-40,1.0,0.0,0.0,0.0,1.0,0.0,0.0,0.0,1.0,0
1481903533008275821,594,1481903533005349110,,0,0,46.5184631348,6.56665563583,2.77602830977e-40,1.0,0.0,0.0,0.0,1.0,0.0,0.0,0.0,1.0,0
1481903533096724296,595,1481903533094602010,,0,0,46.5184860229,6.56665897369,2.77602830977e-40,1.0,0.0,0.0,0.0,1.0,0.0,0.0,0.0,1.0,0
1481903533292375158,596,1481903533289722873,,0,0,46.5184745789,6.566655159,2.77602830977e-40,1.0,0.0,0.0,0.0,1.0,0.0,0.0,0.0,1.0,0
1481903533383357897,597,1481903533381563214,,0,0,46.5184783936,6.56664323807,2.77602830977e-40,1.0,0.0,0.0,0.0,1.0,0.0,0.0,0.0,1.0,0
1481903533497215215,598,1481903533494309962,,0,0,46.5184783936,6.56662225723,2.77602830977e-40,1.0,0.0,0.0,0.0,1.0,0.0,0.0,0.0,1.0,0
