%time,field.header.seq,field.header.stamp,field.header.frame_id,field.status.status,field.status.service,field.latitude,field.longitude,field.altitude,field.position_covariance0,field.position_covariance1,field.position_covariance2,field.position_covariance3,field.position_covariance4,field.position_covariance5,field.position_covariance6,field.position_covariance7,field.position_covariance8,field.position_covariance_type
1480335202927420447,54,1480335202924081625,,0,0,46.5184326172,6.56664228439,2.77602830977e-40,1.0,0.0,0.0,0.0,1.0,0.0,0.0,0.0,1.0,0
1480335203119824638,55,1480335203118040958,,0,0,46.5184326172,6.56664228439,2.77602830977e-40,1.0,0.0,0.0,0.0,1.0,0.0,0.0,0.0,1.0,0
1480335203326733222,56,1480335203322158109,,0,0,46.5184364319,6.56664228439,2.77602830977e-40,1.0,0.0,0.0,0.0,1.0,0.0,0.0,0.0,1.0,0
1480335203527046660,57,1480335203525249646,,0,0,46.5184364319,6.56664276123,2.77602830977e-40,1.0,0.0,0.0,0.0,1.0,0.0,0.0,0.0,1.0,0
1480335203733543216,58,1480335203730986782,,0,0,46.5184364319,6.56664228439,2.77602830977e-40,1.0,0.0,0.0,0.0,1.0,0.0,0.0,0.0,1.0,0
1480335203918238783,59,1480335203914903607,,0,0,46.5184364319,6.56664228439,2.77602830977e-40,1.0,0.0,0.0,0.0,1.0,0.0,0.0,0.0,1.0,0
1480335204128167754,60,1480335204125299813,,0,0,46.5184364319,6.56664228439,2.77602830977e-40,1.0,0.0,0.0,0.0,1.0,0.0,0.0,0.0,1.0,0
1480335204331793817,61,1480335204329074260,,0,0,46.5184364319,6.56664276123,2.77602830977e-40,1.0,0.0,0.0,0.0,1.0,0.0,0.0,0.0,1.0,0
1480335204587983489,62,1480335204583726134,,0,0,46.5184364319,6.56664276123,2.77602830977e-40,1.0,0.0,0.0,0.0,1.0,0.0,0.0,0.0,1.0,0
1480335204729202808,63,1480335204726154972,,0,0,46.5184364319,6.56664228439,2.77602830977e-40,1.0,0.0,0.0,0.0,1.0,0.0,0.0,0.0,1.0,0
1480335204931602424,64,1480335204930023793,,0,0,46.5184364319,6.56664228439,2.77602830977e-40,1.0,0.0,0.0,0.0,1.0,0.0,0.0,0.0,1.0,0
1480335205125663006,65,1480335205123365319,,0,0,46.5184364319,6.56664228439,2.77602830977e-40,1.0,0.0,0.0,0.0,1.0,0.0,0.0,0.0,1.0,0
1480335205309230147,66,1480335205305938564,,0,0,46.5184364319,6.56664323807,2.77602830977e-40,1.0,0.0,0.0,0.0,1.0,0.0,0.0,0.0,1.0,0
1480335205521518209,67,1480335205517994076,,0,0,46.5184364319,6.56664323807,2.77602830977e-40,1.0,0.0,0.0,0.0,1.0,0.0,0.0,0.0,1.0,0
1480335205725723850,68,1480335205720473848,,0,0,46.5184364319,6.56664323807,2.77602830977e-40,1.0,0.0,0.0,0.0,1.0,0.0,0.0,0.0,1.0,0
1480335205925684687,69,1480335205922868308,,0,0,46.5184364319,6.56664323807,2.77602830977e-40,1.0,0.0,0.0,0.0,1.0,0.0,0.0,0.0,1.0,0
1480335206132140514,70,1480335206123317682,,0,0,46.5184364319,6.56664323807,2.77602830977e-40,1.0,0.0,0.0,0.0,1.0,0.0,0.0,0.0,1.0,0
1480335206319993343,71,1480335206315160577,,0,0,46.5184440613,6.56662273407,2.77602830977e-40,1.0,0.0,0.0,0.0,1.0,0.0,0.0,0.0,1.0,0
1480335206525255640,72,1480335206517895815,,0,0,46.5184288025,6.56666564941,2.77602830977e-40,1.0,0.0,0.0,0.0,1.0,0.0,0.0,0.0,1.0,0
1480335206710026207,73,1480335206707517637,,0,0,46.5184249878,6.56667089462,2.77602830977e-40,1.0,0.0,0.0,0.0,1.0,0.0,0.0,0.0,1.0,0
1480335206924524144,74,1480335206920092624,,0,0,46.5184249878,6.56667518616,2.77602830977e-40,1.0,0.0,0.0,0.0,1.0,0.0,0.0,0.0,1.0,0
1480335207128432392,75,1480335207125529920,,0,0,46.5184249878,6.56667613983,2.77602830977e-40,1.0,0.0,0.0,0.0,1.0,0.0,0.0,0.0,1.0,0
1480335207319988623,76,1480335207318421815,,0,0,46.5184249878,6.56667518616,2.77602830977e-40,1.0,0.0,0.0,0.0,1.0,0.0,0.0,0.0,1.0,0
1480335207527840113,77,1480335207522796516,,0,0,46.5184364319,6.56664514542,2.77602830977e-40,1.0,0.0,0.0,0.0,1.0,0.0,0.0,0.0,1.0,0
1480335207728785212,78,1480335207726091749,,0,0,46.5184440613,6.56662893295,2.77602830977e-40,1.0,0.0,0.0,0.0,1.0,0.0,0.0,0.0,1.0,0
1480335207932651533,79,1480335207928242982,,0,0,46.5184402466,6.56664514542,2.77602830977e-40,1.0,0.0,0.0,0.0,1.0,0.0,0.0,0.0,1.0,0
1480335208123037358,80,1480335208121364666,,0,0,46.5184402466,6.56664514542,2.77602830977e-40,1.0,0.0,0.0,0.0,1.0,0.0,0.0,0.0,1.0,0
1480335208318487614,81,1480335208314144792,,0,0,46.5184402466,6.56664562225,2.77602830977e-40,1.0,0.0,0.0,0.0,1.0,0.0,0.0,0.0,1.0,0
1480335208519664638,82,1480335208518058247,,0,0,46.5184402466,6.56664514542,2.77602830977e-40,1.0,0.0,0.0,0.0,1.0,0.0,0.0,0.0,1.0,0
1480335208723549761,83,1480335208721229939,,0,0,46.5184631348,6.56662559509,2.77602830977e-40,1.0,0.0,0.0,0.0,1.0,0.0,0.0,0.0,1.0,0
1480335208932622594,84,1480335208924468506,,0,0,46.5184593201,6.56662511826,2.77602830977e-40,1.0,0.0,0.0,0.0,1.0,0.0,0.0,0.0,1.0,0
1480335209134336800,85,1480335209129793719,,0,0,46.5184593201,6.56662464142,2.77602830977e-40,1.0,0.0,0.0,0.0,1.0,0.0,0.0,0.0,1.0,0
1480335209312671127,86,1480335209310265317,,0,0,46.5184593201,6.56662321091,2.77602830977e-40,1.0,0.0,0.0,0.0,1.0,0.0,0.0,0.0,1.0,0
1480335209516622186,87,1480335209512319988,,0,0,46.5184631348,6.56662368774,2.77602830977e-40,1.0,0.0,0.0,0.0,1.0,0.0,0.0,0.0,1.0,0
1480335209777889465,88,1480335209774953296,,0,0,46.5184631348,6.56662368774,2.77602830977e-40,1.0,0.0,0.0,0.0,1.0,0.0,0.0,0.0,1.0,0
1480335209927236883,89,1480335209924802376,,0,0,46.5184631348,6.56662368774,2.77602830977e-40,1.0,0.0,0.0,0.0,1.0,0.0,0.0,0.0,1.0,0
1480335210121400068,90,1480335210116564542,,0,0,46.5184631348,6.56662416458,2.77602830977e-40,1.0,0.0,0.0,0.0,1.0,0.0,0.0,0.0,1.0,0
1480335210314023164,91,1480335210309689456,,0,0,46.5184631348,6.56662416458,2.77602830977e-40,1.0,0.0,0.0,0.0,1.0,0.0,0.0,0.0,1.0,0
1480335210513517495,92,1480335210510366849,,0,0,46.5184631348,6.56662464142,2.77602830977e-40,1.0,0.0,0.0,0.0,1.0,0.0,0.0,0.0,1.0,0
1480335210708484058,93,1480335210703370514,,0,0,46.5184631348,6.56662416458,2.77602830977e-40,1.0,0.0,0.0,0.0,1.0,0.0,0.0,0.0,1.0,0
1480335210910790706,94,1480335210907814068,,0,0,46.5184631348,6.56662416458,2.77602830977e-40,1.0,0.0,0.0,0.0,1.0,0.0,0.0,0.0,1.0,0
1480335211127687214,95,1480335211119762082,,0,0,46.5184631348,6.56662368774,2.77602830977e-40,1.0,0.0,0.0,0.0,1.0,0.0,0.0,0.0,1.0,0
1480335211313178191,96,1480335211310119366,,0,0,46.5184631348,6.56662464142,2.77602830977e-40,1.0,0.0,0.0,0.0,1.0,0.0,0.0,0.0,1.0,0
1480335211508301679,97,1480335211502657671,,0,0,46.5184631348,6.56662464142,2.77602830977e-40,1.0,0.0,0.0,0.0,1.0,0.0,0.0,0.0,1.0,0
1480335211705606865,98,1480335211702993661,,0,0,46.5184631348,6.56662464142,2.77602830977e-40,1.0,0.0,0.0,0.0,1.0,0.0,0.0,0.0,1.0,0
1480335211898707873,99,1480335211895528997,,0,0,46.5184669495,6.56662511826,2.77602830977e-40,1.0,0.0,0.0,0.0,1.0,0.0,0.0,0.0,1.0,0
1480335212101219936,100,1480335212097930697,,0,0,46.5184669495,6.56662511826,2.77602830977e-40,1.0,0.0,0.0,0.0,1.0,0.0,0.0,0.0,1.0,0
1480335212302646801,101,1480335212300904265,,0,0,46.5184669495,6.56662559509,2.77602830977e-40,1.0,0.0,0.0,0.0,1.0,0.0,0.0,0.0,1.0,0
1480335212496569988,102,1480335212493839910,,0,0,46.5184669495,6.56662559509,2.77602830977e-40,1.0,0.0,0.0,0.0,1.0,0.0,0.0,0.0,1.0,0
1480335212707189838,103,1480335212704352938,,0,0,46.5184669495,6.56662559509,2.77602830977e-40,1.0,0.0,0.0,0.0,1.0,0.0,0.0,0.0,1.0,0
1480335212909485288,104,1480335212906223809,,0,0,46.5184669495,6.56662607193,2.77602830977e-40,1.0,0.0,0.0,0.0,1.0,0.0,0.0,0.0,1.0,0
1480335213106772974,105,1480335213105060907,,0,0,46.5184669495,6.56662607193,2.77602830977e-40,1.0,0.0,0.0,0.0,1.0,0.0,0.0,0.0,1.0,0
1480335213320259411,106,1480335213314223167,,0,0,46.5184669495,6.56662607193,2.77602830977e-40,1.0,0.0,0.0,0.0,1.0,0.0,0.0,0.0,1.0,0
1480335213485832246,107,1480335213483446644,,0,0,46.5184669495,6.56662654877,2.77602830977e-40,1.0,0.0,0.0,0.0,1.0,0.0,0.0,0.0,1.0,0
1480335213700369037,108,1480335213697773697,,0,0,46.5184669495,6.56662654877,2.77602830977e-40,1.0,0.0,0.0,0.0,1.0,0.0,0.0,0.0,1.0,0
1480335213912506424,109,1480335213909719940,,0,0,46.5184669495,6.56662654877,2.77602830977e-40,1.0,0.0,0.0,0.0,1.0,0.0,0.0,0.0,1.0,0
1480335214104739888,110,1480335214102384181,,0,0,46.5184669495,6.5666270256,2.77602830977e-40,1.0,0.0,0.0,0.0,1.0,0.0,0.0,0.0,1.0,0
1480335214307718613,111,1480335214305135461,,0,0,46.5184669495,6.5666270256,2.77602830977e-40,1.0,0.0,0.0,0.0,1.0,0.0,0.0,0.0,1.0,0
1480335214500477957,112,1480335214497846889,,0,0,46.5184669495,6.5666270256,2.77602830977e-40,1.0,0.0,0.0,0.0,1.0,0.0,0.0,0.0,1.0,0
1480335214702716950,113,1480335214698330534,,0,0,46.5184669495,6.56662654877,2.77602830977e-40,1.0,0.0,0.0,0.0,1.0,0.0,0.0,0.0,1.0,0
1480335214901342071,114,1480335214898582514,,0,0,46.5184669495,6.5666270256,2.77602830977e-40,1.0,0.0,0.0,0.0,1.0,0.0,0.0,0.0,1.0,0
1480335215124480186,115,1480335215120579650,,0,0,46.5184555054,6.56665754318,2.77602830977e-40,1.0,0.0,0.0,0.0,1.0,0.0,0.0,0.0,1.0,0
1480335215324475294,116,1480335215321762507,,0,0,46.5184593201,6.56666040421,2.77602830977e-40,1.0,0.0,0.0,0.0,1.0,0.0,0.0,0.0,1.0,0
1480335215526158719,117,1480335215523775773,,0,0,46.5184669495,6.56662511826,2.77602830977e-40,1.0,0.0,0.0,0.0,1.0,0.0,0.0,0.0,1.0,0
1480335215720680077,118,1480335215716984592,,0,0,46.5184631348,6.56662893295,2.77602830977e-40,1.0,0.0,0.0,0.0,1.0,0.0,0.0,0.0,1.0,0
1480335215922984173,119,1480335215921242263,,0,0,46.5184631348,6.56662654877,2.77602830977e-40,1.0,0.0,0.0,0.0,1.0,0.0,0.0,0.0,1.0,0
1480335216120088945,120,1480335216115886485,,0,0,46.5184631348,6.56662321091,2.77602830977e-40,1.0,0.0,0.0,0.0,1.0,0.0,0.0,0.0,1.0,0
1480335216301969019,121,1480335216294604662,,0,0,46.5184669495,6.56660318375,2.77602830977e-40,1.0,0.0,0.0,0.0,1.0,0.0,0.0,0.0,1.0,0
1480335216573294222,122,1480335216568977597,,0,0,46.5184669495,6.56659650803,2.77602830977e-40,1.0,0.0,0.0,0.0,1.0,0.0,0.0,0.0,1.0,0
1480335216715069369,123,1480335216711577684,,0,0,46.5184669495,6.56658935547,2.77602830977e-40,1.0,0.0,0.0,0.0,1.0,0.0,0.0,0.0,1.0,0
1480335216913465586,124,1480335216910312075,,0,0,46.5184669495,6.56658220291,2.77602830977e-40,1.0,0.0,0.0,0.0,1.0,0.0,0.0,0.0,1.0,0
1480335217166101490,125,1480335217163512661,,0,0,46.5184631348,6.56657505035,2.77602830977e-40,1.0,0.0,0.0,0.0,1.0,0.0,0.0,0.0,1.0,0
1480335217362555226,126,1480335217357911937,,0,0,46.5184631348,6.5665678978,2.77602830977e-40,1.0,0.0,0.0,0.0,1.0,0.0,0.0,0.0,1.0,0
1480335217513297161,127,1480335217509627457,,0,0,46.5184593201,6.56656122208,2.77602830977e-40,1.0,0.0,0.0,0.0,1.0,0.0,0.0,0.0,1.0,0
1480335217708868250,128,1480335217704572249,,0,0,46.5184593201,6.56655406952,2.77602830977e-40,1.0,0.0,0.0,0.0,1.0,0.0,0.0,0.0,1.0,0
1480335218042978734,129,1480335218040019857,,0,0,46.5184631348,6.5665473938,2.77602830977e-40,1.0,0.0,0.0,0.0,1.0,0.0,0.0,0.0,1.0,0
1480335218213909643,130,1480335218211430448,,0,0,46.5184631348,6.56653785706,2.77602830977e-40,1.0,0.0,0.0,0.0,1.0,0.0,0.0,0.0,1.0,0
1480335218546503528,131,1480335218543991469,,0,0,46.5184631348,6.56653118134,2.77602830977e-40,1.0,0.0,0.0,0.0,1.0,0.0,0.0,0.0,1.0,0
1480335218891949320,132,1480335218888013681,,0,0,46.5184593201,6.56652164459,2.77602830977e-40,1.0,0.0,0.0,0.0,1.0,0.0,0.0,0.0,1.0,0
1480335219063358141,133,1480335219060061870,,0,0,46.5184593201,6.56651163101,2.77602830977e-40,1.0,0.0,0.0,0.0,1.0,0.0,0.0,0.0,1.0,0
1480335219400234016,134,1480335219393514237,,0,0,46.5184593201,6.56650400162,2.77602830977e-40,1.0,0.0,0.0,0.0,1.0,0.0,0.0,0.0,1.0,0
1480335219528573771,135,1480335219525335938,,0,0,46.5184555054,6.56649255753,2.77602830977e-40,1.0,0.0,0.0,0.0,1.0,0.0,0.0,0.0,1.0,0
1480335220016521683,136,1480335220013852438,,0,0,46.5184555054,6.56648492813,2.77602830977e-40,1.0,0.0,0.0,0.0,1.0,0.0,0.0,0.0,1.0,0
1480335220270240233,137,1480335220267600362,,0,0,46.518447876,6.56646966934,2.77602830977e-40,1.0,0.0,0.0,0.0,1.0,0.0,0.0,0.0,1.0,0
1480335220649704344,138,1480335220644715642,,0,0,46.5184440613,6.56645679474,2.77602830977e-40,1.0,0.0,0.0,0.0,1.0,0.0,0.0,0.0,1.0,0
1480335221070220509,139,1480335221066657678,,0,0,46.5184402466,6.56643915176,2.77602830977e-40,1.0,0.0,0.0,0.0,1.0,0.0,0.0,0.0,1.0,0
1480335221464256355,140,1480335221460730764,,0,0,46.5184364319,6.56642103195,2.77602830977e-40,1.0,0.0,0.0,0.0,1.0,0.0,0.0,0.0,1.0,0
1480335221858744436,141,1480335221854233646,,0,0,46.5184288025,6.56640291214,2.77602830977e-40,1.0,0.0,0.0,0.0,1.0,0.0,0.0,0.0,1.0,0
1480335222181557426,142,1480335222175730398,,0,0,46.5184173584,6.56638479233,2.77602830977e-40,1.0,0.0,0.0,0.0,1.0,0.0,0.0,0.0,1.0,0
1480335222569826869,143,1480335222566342423,,0,0,46.5184135437,6.56637048721,2.77602830977e-40,1.0,0.0,0.0,0.0,1.0,0.0,0.0,0.0,1.0,0
1480335222946037314,144,1480335222932346872,,0,0,46.5184020996,6.56635189056,2.77602830977e-40,1.0,0.0,0.0,0.0,1.0,0.0,0.0,0.0,1.0,0
1480335223432289252,145,1480335223428925899,,0,0,46.5183906555,6.56633281708,2.77602830977e-40,1.0,0.0,0.0,0.0,1.0,0.0,0.0,0.0,1.0,0
1480335223859484884,146,1480335223854795970,,0,0,46.5183792114,6.56630992889,2.77602830977e-40,1.0,0.0,0.0,0.0,1.0,0.0,0.0,0.0,1.0,0
1480335224365426841,147,1480335224361610836,,0,0,46.5183639526,6.56630039215,2.77602830977e-40,1.0,0.0,0.0,0.0,1.0,0.0,0.0,0.0,1.0,0
1480335224882414317,148,1480335224878321648,,0,0,46.5183448792,6.56630039215,2.77602830977e-40,1.0,0.0,0.0,0.0,1.0,0.0,0.0,0.0,1.0,0
1480335225408267542,149,1480335225405004032,,0,0,46.5183258057,6.56631088257,2.77602830977e-40,1.0,0.0,0.0,0.0,1.0,0.0,0.0,0.0,1.0,0
1480335226071225073,150,1480335226068455881,,0,0,46.5183105469,6.56633520126,2.77602830977e-40,1.0,0.0,0.0,0.0,1.0,0.0,0.0,0.0,1.0,0
1480335226644406227,151,1480335226641878856,,0,0,46.5183029175,6.56636714935,2.77602830977e-40,1.0,0.0,0.0,0.0,1.0,0.0,0.0,0.0,1.0,0
1480335227383942189,152,1480335227380241026,,0,0,46.5182991028,6.56640005112,2.77602830977e-40,1.0,0.0,0.0,0.0,1.0,0.0,0.0,0.0,1.0,0
1480335228105130982,153,1480335228102529080,,0,0,46.5182914734,6.56644058228,2.77602830977e-40,1.0,0.0,0.0,0.0,1.0,0.0,0.0,0.0,1.0,0
1480335228788227122,154,1480335228785164495,,0,0,46.518283844,6.56649017334,2.77602830977e-40,1.0,0.0,0.0,0.0,1.0,0.0,0.0,0.0,1.0,0
1480335229306183860,155,1480335229301229376,,0,0,46.5182952881,6.56652498245,2.77602830977e-40,1.0,0.0,0.0,0.0,1.0,0.0,0.0,0.0,1.0,0
1480335229900101117,156,1480335229897616453,,0,0,46.5183105469,6.56655263901,2.77602830977e-40,1.0,0.0,0.0,0.0,1.0,0.0,0.0,0.0,1.0,0
1480335230496464913,157,1480335230493687284,,0,0,46.5183334351,6.56656742096,2.77602830977e-40,1.0,0.0,0.0,0.0,1.0,0.0,0.0,0.0,1.0,0
1480335230930881777,158,1480335230929314188,,0,0,46.5183563232,6.56657171249,2.77602830977e-40,1.0,0.0,0.0,0.0,1.0,0.0,0.0,0.0,1.0,0
1480335231481125132,159,1480335231478442241,,0,0,46.5183792114,6.5665678978,2.77602830977e-40,1.0,0.0,0.0,0.0,1.0,0.0,0.0,0.0,1.0,0
1480335232004618431,160,1480335232000933727,,0,0,46.5183982849,6.56655359268,2.77602830977e-40,1.0,0.0,0.0,0.0,1.0,0.0,0.0,0.0,1.0,0
1480335232668216112,161,1480335232660765715,,0,0,46.5184173584,6.56652879715,2.77602830977e-40,1.0,0.0,0.0,0.0,1.0,0.0,0.0,0.0,1.0,0
1480335233341497398,162,1480335233336335573,,0,0,46.5184364319,6.56650257111,2.77602830977e-40,1.0,0.0,0.0,0.0,1.0,0.0,0.0,0.0,1.0,0
1480335234071104757,163,1480335234067202711,,0,0,46.5184631348,6.56646966934,2.77602830977e-40,1.0,0.0,0.0,0.0,1.0,0.0,0.0,0.0,1.0,0
1480335234582835929,164,1480335234575397407,,0,0,46.5184822083,6.56643152237,2.77602830977e-40,1.0,0.0,0.0,0.0,1.0,0.0,0.0,0.0,1.0,0
1480335235051064656,165,1480335235048199892,,0,0,46.5184860229,6.56639814377,2.77602830977e-40,1.0,0.0,0.0,0.0,1.0,0.0,0.0,0.0,1.0,0
1480335235437575783,166,1480335235434431230,,0,0,46.5184783936,6.56636619568,2.77602830977e-40,1.0,0.0,0.0,0.0,1.0,0.0,0.0,0.0,1.0,0
1480335235951178656,167,1480335235948930344,,0,0,46.5184669495,6.56634759903,2.77602830977e-40,1.0,0.0,0.0,0.0,1.0,0.0,0.0,0.0,1.0,0
1480335236534417475,168,1480335236531682605,,0,0,46.5184440613,6.56633615494,2.77602830977e-40,1.0,0.0,0.0,0.0,1.0,0.0,0.0,0.0,1.0,0
1480335237129347222,169,1480335237126032567,,0,0,46.5184135437,6.56633138657,2.77602830977e-40,1.0,0.0,0.0,0.0,1.0,0.0,0.0,0.0,1.0,0
1480335237746799514,170,1480335237743945635,,0,0,46.5183868408,6.56633377075,2.77602830977e-40,1.0,0.0,0.0,0.0,1.0,0.0,0.0,0.0,1.0,0
1480335238360241167,171,1480335238357547338,,0,0,46.5183639526,6.56635284424,2.77602830977e-40,1.0,0.0,0.0,0.0,1.0,0.0,0.0,0.0,1.0,0
1480335238990064172,172,1480335238987381959,,0,0,46.5183372498,6.5663690567,2.77602830977e-40,1.0,0.0,0.0,0.0,1.0,0.0,0.0,0.0,1.0,0
1480335239481289292,173,1480335239478125156,,0,0,46.5183105469,6.5663690567,2.77602830977e-40,1.0,0.0,0.0,0.0,1.0,0.0,0.0,0.0,1.0,0
1480335239964229909,174,1480335239960001043,,0,0,46.5182914734,6.56635665894,2.77602830977e-40,1.0,0.0,0.0,0.0,1.0,0.0,0.0,0.0,1.0,0
1480335240491622285,175,1480335240484966828,,0,0,46.5182723999,6.56633615494,2.77602830977e-40,1.0,0.0,0.0,0.0,1.0,0.0,0.0,0.0,1.0,0
1480335240829313829,176,1480335240825009964,,0,0,46.5182609558,6.56630897522,2.77602830977e-40,1.0,0.0,0.0,0.0,1.0,0.0,0.0,0.0,1.0,0
1480335241268947206,177,1480335241262066803,,0,0,46.5182533264,6.56628513336,2.77602830977e-40,1.0,0.0,0.0,0.0,1.0,0.0,0.0,0.0,1.0,0
1480335241785883693,178,1480335241783559757,,0,0,46.5182533264,6.56625986099,2.77602830977e-40,1.0,0.0,0.0,0.0,1.0,0.0,0.0,0.0,1.0,0
1480335242197304059,179,1480335242193574876,,0,0,46.5182571411,6.56622886658,2.77602830977e-40,1.0,0.0,0.0,0.0,1.0,0.0,0.0,0.0,1.0,0
1480335242622150651,180,1480335242618129596,,0,0,46.5182647705,6.56620121002,2.77602830977e-40,1.0,0.0,0.0,0.0,1.0,0.0,0.0,0.0,1.0,0
1480335242981027721,181,1480335242975009080,,0,0,46.5182762146,6.56618356705,2.77602830977e-40,1.0,0.0,0.0,0.0,1.0,0.0,0.0,0.0,1.0,0
1480335243290637087,182,1480335243288642887,,0,0,46.5182876587,6.56617450714,2.77602830977e-40,1.0,0.0,0.0,0.0,1.0,0.0,0.0,0.0,1.0,0
1480335243463519643,183,1480335243461072063,,0,0,46.5182991028,6.56616973877,2.77602830977e-40,1.0,0.0,0.0,0.0,1.0,0.0,0.0,0.0,1.0,0
1480335243613846114,184,1480335243610141046,,0,0,46.5183067322,6.5661687851,2.77602830977e-40,1.0,0.0,0.0,0.0,1.0,0.0,0.0,0.0,1.0,0
1480335243908687237,185,1480335243905716120,,0,0,46.5183143616,6.56617069244,2.77602830977e-40,1.0,0.0,0.0,0.0,1.0,0.0,0.0,0.0,1.0,0
1480335244237941206,186,1480335244231668767,,0,0,46.5183258057,6.56617832184,2.77602830977e-40,1.0,0.0,0.0,0.0,1.0,0.0,0.0,0.0,1.0,0
1480335244455696456,187,1480335244452295812,,0,0,46.5183334351,6.56618928909,2.77602830977e-40,1.0,0.0,0.0,0.0,1.0,0.0,0.0,0.0,1.0,0
1480335244666669271,188,1480335244664510438,,0,0,46.5183410645,6.56619739532,2.77602830977e-40,1.0,0.0,0.0,0.0,1.0,0.0,0.0,0.0,1.0,0
1480335244981943583,189,1480335244978323878,,0,0,46.5183448792,6.56620550156,2.77602830977e-40,1.0,0.0,0.0,0.0,1.0,0.0,0.0,0.0,1.0,0
1480335245226331754,190,1480335245222808819,,0,0,46.5183563232,6.566218853,2.77602830977e-40,1.0,0.0,0.0,0.0,1.0,0.0,0.0,0.0,1.0,0
1480335245605833521,191,1480335245601746789,,0,0,46.5183601379,6.56623411179,2.77602830977e-40,1.0,0.0,0.0,0.0,1.0,0.0,0.0,0.0,1.0,0
1480335246062437203,192,1480335246058336930,,0,0,46.5183677673,6.56625509262,2.77602830977e-40,1.0,0.0,0.0,0.0,1.0,0.0,0.0,0.0,1.0,0
1480335246444775870,193,1480335246441925897,,0,0,46.518371582,6.56627750397,2.77602830977e-40,1.0,0.0,0.0,0.0,1.0,0.0,0.0,0.0,1.0,0
1480335246845023010,194,1480335246838658801,,0,0,46.518371582,6.56630039215,2.77602830977e-40,1.0,0.0,0.0,0.0,1.0,0.0,0.0,0.0,1.0,0
1480335247228858642,195,1480335247225702370,,0,0,46.5183753967,6.56632328033,2.77602830977e-40,1.0,0.0,0.0,0.0,1.0,0.0,0.0,0.0,1.0,0
1480335247630121033,196,1480335247626664400,,0,0,46.5183792114,6.56634664536,2.77602830977e-40,1.0,0.0,0.0,0.0,1.0,0.0,0.0,0.0,1.0,0
1480335248014218225,197,1480335248012174130,,0,0,46.5183792114,6.56636953354,2.77602830977e-40,1.0,0.0,0.0,0.0,1.0,0.0,0.0,0.0,1.0,0
1480335248421382435,198,1480335248417951218,,0,0,46.5183830261,6.56639242172,2.77602830977e-40,1.0,0.0,0.0,0.0,1.0,0.0,0.0,0.0,1.0,0
1480335248833178735,199,1480335248828993567,,0,0,46.5183868408,6.56641387939,2.77602830977e-40,1.0,0.0,0.0,0.0,1.0,0.0,0.0,0.0,1.0,0
1480335249222357284,200,1480335249219882256,,0,0,46.5183868408,6.56643533707,2.77602830977e-40,1.0,0.0,0.0,0.0,1.0,0.0,0.0,0.0,1.0,0
1480335249545974328,201,1480335249543168210,,0,0,46.5183906555,6.56645536423,2.77602830977e-40,1.0,0.0,0.0,0.0,1.0,0.0,0.0,0.0,1.0,0
1480335249901707053,202,1480335249897955944,,0,0,46.5183906555,6.56646966934,2.77602830977e-40,1.0,0.0,0.0,0.0,1.0,0.0,0.0,0.0,1.0,0
1480335250258184771,203,1480335250254707930,,0,0,46.5183906555,6.56648683548,2.77602830977e-40,1.0,0.0,0.0,0.0,1.0,0.0,0.0,0.0,1.0,0
1480335250521577603,204,1480335250519522102,,0,0,46.5183906555,6.56649827957,2.77602830977e-40,1.0,0.0,0.0,0.0,1.0,0.0,0.0,0.0,1.0,0
1480335250810066079,205,1480335250806582518,,0,0,46.5183944702,6.56650686264,2.77602830977e-40,1.0,0.0,0.0,0.0,1.0,0.0,0.0,0.0,1.0,0
1480335251177094476,206,1480335251174061380,,0,0,46.5183982849,6.5665140152,2.77602830977e-40,1.0,0.0,0.0,0.0,1.0,0.0,0.0,0.0,1.0,0
1480335251318801030,207,1480335251315775070,,0,0,46.5184020996,6.56651926041,2.77602830977e-40,1.0,0.0,0.0,0.0,1.0,0.0,0.0,0.0,1.0,0
1480335251512338961,208,1480335251509606331,,0,0,46.5183982849,6.56652212143,2.77602830977e-40,1.0,0.0,0.0,0.0,1.0,0.0,0.0,0.0,1.0,0
1480335251722742562,209,1480335251720326283,,0,0,46.5183982849,6.56652450562,2.77602830977e-40,1.0,0.0,0.0,0.0,1.0,0.0,0.0,0.0,1.0,0
1480335251923912242,210,1480335251922460902,,0,0,46.5183982849,6.56652593613,2.77602830977e-40,1.0,0.0,0.0,0.0,1.0,0.0,0.0,0.0,1.0,0
1480335252107209594,211,1480335252103336402,,0,0,46.5183982849,6.56652641296,2.77602830977e-40,1.0,0.0,0.0,0.0,1.0,0.0,0.0,0.0,1.0,0
1480335252306839810,212,1480335252304315355,,0,0,46.5183944702,6.56652498245,2.77602830977e-40,1.0,0.0,0.0,0.0,1.0,0.0,0.0,0.0,1.0,0
1480335252509529527,213,1480335252505955968,,0,0,46.5183944702,6.56652450562,2.77602830977e-40,1.0,0.0,0.0,0.0,1.0,0.0,0.0,0.0,1.0,0
1480335252712333983,214,1480335252709277138,,0,0,46.5184020996,6.56650781631,2.77602830977e-40,1.0,0.0,0.0,0.0,1.0,0.0,0.0,0.0,1.0,0
1480335252913493559,215,1480335252909705367,,0,0,46.5183868408,6.56655025482,2.77602830977e-40,1.0,0.0,0.0,0.0,1.0,0.0,0.0,0.0,1.0,0
1480335253104001363,216,1480335253100566760,,0,0,46.5183868408,6.56654882431,2.77602830977e-40,1.0,0.0,0.0,0.0,1.0,0.0,0.0,0.0,1.0,0
1480335253307490968,217,1480335253303648297,,0,0,46.5183792114,6.56621170044,2.77602830977e-40,1.0,0.0,0.0,0.0,1.0,0.0,0.0,0.0,1.0,0
1480335253496913939,218,1480335253493408920,,0,0,46.518447876,6.56657886505,2.77602830977e-40,1.0,0.0,0.0,0.0,1.0,0.0,0.0,0.0,1.0,0
1480335253704477359,219,1480335253700282243,,0,0,46.5184402466,6.56656932831,2.77602830977e-40,1.0,0.0,0.0,0.0,1.0,0.0,0.0,0.0,1.0,0
1480335253912770773,220,1480335253908331441,,0,0,46.5184364319,6.56658220291,2.77602830977e-40,1.0,0.0,0.0,0.0,1.0,0.0,0.0,0.0,1.0,0
1480335254110374237,221,1480335254106561930,,0,0,46.5184364319,6.56657028198,2.77602830977e-40,1.0,0.0,0.0,0.0,1.0,0.0,0.0,0.0,1.0,0
1480335254319221135,222,1480335254312343545,,0,0,46.5184249878,6.56657886505,2.77602830977e-40,1.0,0.0,0.0,0.0,1.0,0.0,0.0,0.0,1.0,0
1480335254524832908,223,1480335254519157962,,0,0,46.518447876,6.56657981873,2.77602830977e-40,1.0,0.0,0.0,0.0,1.0,0.0,0.0,0.0,1.0,0
1480335254714928684,224,1480335254711855849,,0,0,46.5184364319,6.56659078598,2.77602830977e-40,1.0,0.0,0.0,0.0,1.0,0.0,0.0,0.0,1.0,0
1480335254908940099,225,1480335254906394186,,0,0,46.5184326172,6.56657361984,2.77602830977e-40,1.0,0.0,0.0,0.0,1.0,0.0,0.0,0.0,1.0,0
1480335255124416934,226,1480335255120591606,,0,0,46.5184440613,6.56658935547,2.77602830977e-40,1.0,0.0,0.0,0.0,1.0,0.0,0.0,0.0,1.0,0
1480335255314459846,227,1480335255311888464,,0,0,46.5184631348,6.56658887863,2.77602830977e-40,1.0,0.0,0.0,0.0,1.0,0.0,0.0,0.0,1.0,0
1480335255510213276,228,1480335255507250127,,0,0,46.5184745789,6.56659650803,2.77602830977e-40,1.0,0.0,0.0,0.0,1.0,0.0,0.0,0.0,1.0,0
1480335255715138649,229,1480335255713048304,,0,0,46.5184364319,6.56659650803,2.77602830977e-40,1.0,0.0,0.0,0.0,1.0,0.0,0.0,0.0,1.0,0
1480335255922660559,230,1480335255917866491,,0,0,46.5184402466,6.56658220291,2.77602830977e-40,1.0,0.0,0.0,0.0,1.0,0.0,0.0,0.0,1.0,0
1480335256125003561,231,1480335256121853748,,0,0,46.5184516907,6.56658029556,2.77602830977e-40,1.0,0.0,0.0,0.0,1.0,0.0,0.0,0.0,1.0,0
1480335256320776939,232,1480335256317444211,,0,0,46.5184669495,6.56659317017,2.77602830977e-40,1.0,0.0,0.0,0.0,1.0,0.0,0.0,0.0,1.0,0
1480335256509850642,233,1480335256506203958,,0,0,46.5184707642,6.56657028198,2.77602830977e-40,1.0,0.0,0.0,0.0,1.0,0.0,0.0,0.0,1.0,0
1480335256707182442,234,1480335256701003179,,0,0,46.5184898376,6.56658887863,2.77602830977e-40,1.0,0.0,0.0,0.0,1.0,0.0,0.0,0.0,1.0,0
1480335256898001284,235,1480335256894270539,,0,0,46.5184783936,6.56656694412,2.77602830977e-40,1.0,0.0,0.0,0.0,1.0,0.0,0.0,0.0,1.0,0
1480335257100536784,236,1480335257098132641,,0,0,46.5184783936,6.56657409668,2.77602830977e-40,1.0,0.0,0.0,0.0,1.0,0.0,0.0,0.0,1.0,0
1480335257299509506,237,1480335257293744041,,0,0,46.518497467,6.56658983231,2.77602830977e-40,1.0,0.0,0.0,0.0,1.0,0.0,0.0,0.0,1.0,0
1480335257502418649,238,1480335257499067692,,0,0,46.5185050964,6.56658554077,2.77602830977e-40,1.0,0.0,0.0,0.0,1.0,0.0,0.0,0.0,1.0,0
1480335257690406945,239,1480335257686414067,,0,0,46.5184860229,6.5665807724,2.77602830977e-40,1.0,0.0,0.0,0.0,1.0,0.0,0.0,0.0,1.0,0
1480335257793644963,240,1480335257789596825,,0,0,46.5185050964,6.5665974617,2.77602830977e-40,1.0,0.0,0.0,0.0,1.0,0.0,0.0,0.0,1.0,0
1480335258003151073,241,1480335257997665188,,0,0,46.5185050964,6.56659841537,2.77602830977e-40,1.0,0.0,0.0,0.0,1.0,0.0,0.0,0.0,1.0,0
1480335258203209358,242,1480335258201505780,,0,0,46.5185279846,6.56660842896,2.77602830977e-40,1.0,0.0,0.0,0.0,1.0,0.0,0.0,0.0,1.0,0
1480335258395763756,243,1480335258393661745,,0,0,46.5185317993,6.56661367416,2.77602830977e-40,1.0,0.0,0.0,0.0,1.0,0.0,0.0,0.0,1.0,0
1480335258601130062,244,1480335258596483753,,0,0,46.5185585022,6.56663322449,2.77602830977e-40,1.0,0.0,0.0,0.0,1.0,0.0,0.0,0.0,1.0,0
1480335258802570000,245,1480335258798187386,,0,0,46.5185279846,6.56665563583,2.77602830977e-40,1.0,0.0,0.0,0.0,1.0,0.0,0.0,0.0,1.0,0
1480335258994406697,246,1480335258992193541,,0,0,46.5185203552,6.56663799286,2.77602830977e-40,1.0,0.0,0.0,0.0,1.0,0.0,0.0,0.0,1.0,0
1480335259210166966,247,1480335259207396784,,0,0,46.5185241699,6.56662845612,2.77602830977e-40,1.0,0.0,0.0,0.0,1.0,0.0,0.0,0.0,1.0,0
1480335259405946021,248,1480335259403643230,,0,0,46.5184860229,6.56663990021,2.77602830977e-40,1.0,0.0,0.0,0.0,1.0,0.0,0.0,0.0,1.0,0
1480335259604684162,249,1480335259600186445,,0,0,46.518573761,6.56668663025,2.77602830977e-40,1.0,0.0,0.0,0.0,1.0,0.0,0.0,0.0,1.0,0
1480335259809096779,250,1480335259807065757,,0,0,46.5185508728,6.56665086746,2.77602830977e-40,1.0,0.0,0.0,0.0,1.0,0.0,0.0,0.0,1.0,0
1480335260012472949,251,1480335260009316573,,0,0,46.5185546875,6.56663703918,2.77602830977e-40,1.0,0.0,0.0,0.0,1.0,0.0,0.0,0.0,1.0,0
1480335260215678963,252,1480335260212171393,,0,0,46.5185241699,6.56662511826,2.77602830977e-40,1.0,0.0,0.0,0.0,1.0,0.0,0.0,0.0,1.0,0
1480335260409855846,253,1480335260407108945,,0,0,46.5185317993,6.56663656235,2.77602830977e-40,1.0,0.0,0.0,0.0,1.0,0.0,0.0,0.0,1.0,0
1480335260614348567,254,1480335260611741977,,0,0,46.518535614,6.56663990021,2.77602830977e-40,1.0,0.0,0.0,0.0,1.0,0.0,0.0,0.0,1.0,0
1480335260811676357,255,1480335260808924717,,0,0,46.5185394287,6.56665658951,2.77602830977e-40,1.0,0.0,0.0,0.0,1.0,0.0,0.0,0.0,1.0,0
1480335261018613273,256,1480335261015859185,,0,0,46.5185661316,6.56668043137,2.77602830977e-40,1.0,0.0,0.0,0.0,1.0,0.0,0.0,0.0,1.0,0
1480335261213979363,257,1480335261211326211,,0,0,46.5185699463,6.56668329239,2.77602830977e-40,1.0,0.0,0.0,0.0,1.0,0.0,0.0,0.0,1.0,0
1480335261435874313,258,1480335261433292619,,0,0,46.5185775757,6.56667423248,2.77602830977e-40,1.0,0.0,0.0,0.0,1.0,0.0,0.0,0.0,1.0,0
1480335261617467306,259,1480335261614001610,,0,0,46.5185813904,6.56667757034,2.77602830977e-40,1.0,0.0,0.0,0.0,1.0,0.0,0.0,0.0,1.0,0
1480335263009851729,260,1480335263007187640,,0,0,46.5185699463,6.56670570374,2.77602830977e-40,1.0,0.0,0.0,0.0,1.0,0.0,0.0,0.0,1.0,0
1480335263195029323,261,1480335263192171850,,0,0,46.518573761,6.56670713425,2.77602830977e-40,1.0,0.0,0.0,0.0,1.0,0.0,0.0,0.0,1.0,0
1480335263410175431,262,1480335263407166710,,0,0,46.5185699463,6.56671285629,2.77602830977e-40,1.0,0.0,0.0,0.0,1.0,0.0,0.0,0.0,1.0,0
1480335263612549526,263,1480335263609977103,,0,0,46.518573761,6.56672048569,2.77602830977e-40,1.0,0.0,0.0,0.0,1.0,0.0,0.0,0.0,1.0,0
1480335263807301039,264,1480335263804907520,,0,0,46.5185928345,6.56669807434,2.77602830977e-40,1.0,0.0,0.0,0.0,1.0,0.0,0.0,0.0,1.0,0
1480335264013874886,265,1480335264009557063,,0,0,46.5185890198,6.56668567657,2.77602830977e-40,1.0,0.0,0.0,0.0,1.0,0.0,0.0,0.0,1.0,0
1480335264221193101,266,1480335264216592207,,0,0,46.5186157227,6.5666718483,2.77602830977e-40,1.0,0.0,0.0,0.0,1.0,0.0,0.0,0.0,1.0,0
1480335264415728209,267,1480335264412711259,,0,0,46.5186004639,6.5666680336,2.77602830977e-40,1.0,0.0,0.0,0.0,1.0,0.0,0.0,0.0,1.0,0
1480335264603349061,268,1480335264600078780,,0,0,46.5185661316,6.56665945053,2.77602830977e-40,1.0,0.0,0.0,0.0,1.0,0.0,0.0,0.0,1.0,0
1480335264820474317,269,1480335264816425554,,0,0,46.5185470581,6.5666642189,2.77602830977e-40,1.0,0.0,0.0,0.0,1.0,0.0,0.0,0.0,1.0,0
1480335265016440088,270,1480335265013372930,,0,0,46.518535614,6.56667518616,2.77602830977e-40,1.0,0.0,0.0,0.0,1.0,0.0,0.0,0.0,1.0,0
1480335265209091048,271,1480335265205208586,,0,0,46.5185546875,6.5666642189,2.77602830977e-40,1.0,0.0,0.0,0.0,1.0,0.0,0.0,0.0,1.0,0
1480335265411318843,272,1480335265408256268,,0,0,46.518535614,6.56667137146,2.77602830977e-40,1.0,0.0,0.0,0.0,1.0,0.0,0.0,0.0,1.0,0
1480335265604505840,273,1480335265601831855,,0,0,46.5185317993,6.56665420532,2.77602830977e-40,1.0,0.0,0.0,0.0,1.0,0.0,0.0,0.0,1.0,0
1480335265820229130,274,1480335265816015524,,0,0,46.518535614,6.56666183472,2.77602830977e-40,1.0,0.0,0.0,0.0,1.0,0.0,0.0,0.0,1.0,0
1480335266001157754,275,1480335265999181628,,0,0,46.5185394287,6.56666612625,2.77602830977e-40,1.0,0.0,0.0,0.0,1.0,0.0,0.0,0.0,1.0,0
1480335266218138324,276,1480335266215125280,,0,0,46.5185203552,6.56668663025,2.77602830977e-40,1.0,0.0,0.0,0.0,1.0,0.0,0.0,0.0,1.0,0
1480335266412157708,277,1480335266409620493,,0,0,46.5185394287,6.56666374207,2.77602830977e-40,1.0,0.0,0.0,0.0,1.0,0.0,0.0,0.0,1.0,0
1480335266608563476,278,1480335266605532672,,0,0,46.5185203552,6.56665611267,2.77602830977e-40,1.0,0.0,0.0,0.0,1.0,0.0,0.0,0.0,1.0,0
1480335266812743283,279,1480335266810069871,,0,0,46.5185394287,6.56666278839,2.77602830977e-40,1.0,0.0,0.0,0.0,1.0,0.0,0.0,0.0,1.0,0
1480335267028138972,280,1480335267024620516,,0,0,46.518535614,6.56664848328,2.77602830977e-40,1.0,0.0,0.0,0.0,1.0,0.0,0.0,0.0,1.0,0
1480335267220710349,281,1480335267217015750,,0,0,46.518535614,6.56664991379,2.77602830977e-40,1.0,0.0,0.0,0.0,1.0,0.0,0.0,0.0,1.0,0
1480335267391424281,282,1480335267389599142,,0,0,46.5185203552,6.56665658951,2.77602830977e-40,1.0,0.0,0.0,0.0,1.0,0.0,0.0,0.0,1.0,0
1480335267608431048,283,1480335267604802229,,0,0,46.5185089111,6.56666851044,2.77602830977e-40,1.0,0.0,0.0,0.0,1.0,0.0,0.0,0.0,1.0,0
1480335267812596012,284,1480335267810865612,,0,0,46.5185050964,6.56667804718,2.77602830977e-40,1.0,0.0,0.0,0.0,1.0,0.0,0.0,0.0,1.0,0
1480335268022214725,285,1480335268018379710,,0,0,46.5185203552,6.56668663025,2.77602830977e-40,1.0,0.0,0.0,0.0,1.0,0.0,0.0,0.0,1.0,0
1480335268229316640,286,1480335268225993651,,0,0,46.5185165405,6.56668424606,2.77602830977e-40,1.0,0.0,0.0,0.0,1.0,0.0,0.0,0.0,1.0,0
1480335268413292944,287,1480335268410337503,,0,0,46.5185203552,6.56669473648,2.77602830977e-40,1.0,0.0,0.0,0.0,1.0,0.0,0.0,0.0,1.0,0
1480335268607466545,288,1480335268604746467,,0,0,46.5185203552,6.56669712067,2.77602830977e-40,1.0,0.0,0.0,0.0,1.0,0.0,0.0,0.0,1.0,0
1480335268800518855,289,1480335268798065129,,0,0,46.5185317993,6.56670093536,2.77602830977e-40,1.0,0.0,0.0,0.0,1.0,0.0,0.0,0.0,1.0,0
1480335269014884242,290,1480335269012302235,,0,0,46.518535614,6.56669282913,2.77602830977e-40,1.0,0.0,0.0,0.0,1.0,0.0,0.0,0.0,1.0,0
1480335269211002460,291,1480335269207784418,,0,0,46.5185165405,6.5667142868,2.77602830977e-40,1.0,0.0,0.0,0.0,1.0,0.0,0.0,0.0,1.0,0
1480335269405192572,292,1480335269402706293,,0,0,46.5185203552,6.5667142868,2.77602830977e-40,1.0,0.0,0.0,0.0,1.0,0.0,0.0,0.0,1.0,0
1480335269601183187,293,1480335269598433943,,0,0,46.5185241699,6.56670761108,2.77602830977e-40,1.0,0.0,0.0,0.0,1.0,0.0,0.0,0.0,1.0,0
1480335269806592774,294,1480335269802770415,,0,0,46.5185317993,6.56668996811,2.77602830977e-40,1.0,0.0,0.0,0.0,1.0,0.0,0.0,0.0,1.0,0
1480335270002357975,295,1480335269999654824,,0,0,46.5185317993,6.5667014122,2.77602830977e-40,1.0,0.0,0.0,0.0,1.0,0.0,0.0,0.0,1.0,0
1480335270196566055,296,1480335270193680875,,0,0,46.5185279846,6.56667661667,2.77602830977e-40,1.0,0.0,0.0,0.0,1.0,0.0,0.0,0.0,1.0,0
1480335270409714110,297,1480335270406012322,,0,0,46.5185089111,6.56666851044,2.77602830977e-40,1.0,0.0,0.0,0.0,1.0,0.0,0.0,0.0,1.0,0
1480335270602630588,298,1480335270599264683,,0,0,46.5185127258,6.5666809082,2.77602830977e-40,1.0,0.0,0.0,0.0,1.0,0.0,0.0,0.0,1.0,0
1480335270815332449,299,1480335270812365863,,0,0,46.5185127258,6.56667613983,2.77602830977e-40,1.0,0.0,0.0,0.0,1.0,0.0,0.0,0.0,1.0,0
1480335271020553496,300,1480335271015385837,,0,0,46.5185127258,6.56666135788,2.77602830977e-40,1.0,0.0,0.0,0.0,1.0,0.0,0.0,0.0,1.0,0
1480335271214941366,301,1480335271212270871,,0,0,46.5185127258,6.56665325165,2.77602830977e-40,1.0,0.0,0.0,0.0,1.0,0.0,0.0,0.0,1.0,0
1480335271402309356,302,1480335271398600590,,0,0,46.5185127258,6.56666469574,2.77602830977e-40,1.0,0.0,0.0,0.0,1.0,0.0,0.0,0.0,1.0,0
1480335271603781585,303,1480335271594105532,,0,0,46.5185089111,6.56666088104,2.77602830977e-40,1.0,0.0,0.0,0.0,1.0,0.0,0.0,0.0,1.0,0
1480335271814770598,304,1480335271810673346,,0,0,46.518497467,6.56665945053,2.77602830977e-40,1.0,0.0,0.0,0.0,1.0,0.0,0.0,0.0,1.0,0
1480335272008835763,305,1480335272005760636,,0,0,46.5185012817,6.56666660309,2.77602830977e-40,1.0,0.0,0.0,0.0,1.0,0.0,0.0,0.0,1.0,0
1480335272221243043,306,1480335272217059125,,0,0,46.518497467,6.56667757034,2.77602830977e-40,1.0,0.0,0.0,0.0,1.0,0.0,0.0,0.0,1.0,0
1480335272415846328,307,1480335272409551909,,0,0,46.518497467,6.56667137146,2.77602830977e-40,1.0,0.0,0.0,0.0,1.0,0.0,0.0,0.0,1.0,0
1480335272608478382,308,1480335272603679678,,0,0,46.5185012817,6.56667327881,2.77602830977e-40,1.0,0.0,0.0,0.0,1.0,0.0,0.0,0.0,1.0,0
1480335272814458172,309,1480335272811103360,,0,0,46.518497467,6.56666755676,2.77602830977e-40,1.0,0.0,0.0,0.0,1.0,0.0,0.0,0.0,1.0,0
1480335273011676223,310,1480335273008147143,,0,0,46.518497467,6.56666707993,2.77602830977e-40,1.0,0.0,0.0,0.0,1.0,0.0,0.0,0.0,1.0,0
1480335273216313058,311,1480335273213351628,,0,0,46.518497467,6.56666755676,2.77602830977e-40,1.0,0.0,0.0,0.0,1.0,0.0,0.0,0.0,1.0,0
1480335273413902824,312,1480335273410017236,,0,0,46.5185012817,6.56666517258,2.77602830977e-40,1.0,0.0,0.0,0.0,1.0,0.0,0.0,0.0,1.0,0
