%time,field.header.seq,field.header.stamp,field.header.frame_id,field.status.status,field.status.service,field.latitude,field.longitude,field.altitude,field.position_covariance0,field.position_covariance1,field.position_covariance2,field.position_covariance3,field.position_covariance4,field.position_covariance5,field.position_covariance6,field.position_covariance7,field.position_covariance8,field.position_covariance_type
1480508407015710963,54,1480508407012567324,,0,0,46.5185127258,6.56666517258,2.77602830977e-40,1.0,0.0,0.0,0.0,1.0,0.0,0.0,0.0,1.0,0
1480508407203330961,55,1480508407200676955,,0,0,46.5185127258,6.56666517258,2.77602830977e-40,1.0,0.0,0.0,0.0,1.0,0.0,0.0,0.0,1.0,0
1480508407407448165,56,1480508407404190984,,0,0,46.5185127258,6.56666517258,2.77602830977e-40,1.0,0.0,0.0,0.0,1.0,0.0,0.0,0.0,1.0,0
1480508407627114506,57,1480508407622145870,,0,0,46.5185127258,6.56666517258,2.77602830977e-40,1.0,0.0,0.0,0.0,1.0,0.0,0.0,0.0,1.0,0
1480508407811401750,58,1480508407808493839,,0,0,46.5185127258,6.56666564941,2.77602830977e-40,1.0,0.0,0.0,0.0,1.0,0.0,0.0,0.0,1.0,0
1480508407985041722,59,1480508407981771468,,0,0,46.5185127258,6.56666564941,2.77602830977e-40,1.0,0.0,0.0,0.0,1.0,0.0,0.0,0.0,1.0,0
1480508408207109517,60,1480508408203857231,,0,0,46.5185127258,6.56666564941,2.77602830977e-40,1.0,0.0,0.0,0.0,1.0,0.0,0.0,0.0,1.0,0
1480508408409749276,61,1480508408407561624,,0,0,46.5185127258,6.56666564941,2.77602830977e-40,1.0,0.0,0.0,0.0,1.0,0.0,0.0,0.0,1.0,0
1480508408618686419,62,1480508408615417259,,0,0,46.5185127258,6.56666564941,2.77602830977e-40,1.0,0.0,0.0,0.0,1.0,0.0,0.0,0.0,1.0,0
1480508408808934172,63,1480508408806560687,,0,0,46.5185127258,6.56666564941,2.77602830977e-40,1.0,0.0,0.0,0.0,1.0,0.0,0.0,0.0,1.0,0
1480508409005003372,64,1480508409002554366,,0,0,46.5185127258,6.56666564941,2.77602830977e-40,1.0,0.0,0.0,0.0,1.0,0.0,0.0,0.0,1.0,0
1480508409218885661,65,1480508409212603434,,0,0,46.5185127258,6.56666564941,2.77602830977e-40,1.0,0.0,0.0,0.0,1.0,0.0,0.0,0.0,1.0,0
1480508409395818805,66,1480508409394084798,,0,0,46.5185127258,6.56666564941,2.77602830977e-40,1.0,0.0,0.0,0.0,1.0,0.0,0.0,0.0,1.0,0
1480508409613436764,67,1480508409607239745,,0,0,46.5185127258,6.56666612625,2.77602830977e-40,1.0,0.0,0.0,0.0,1.0,0.0,0.0,0.0,1.0,0
1480508409807961019,68,1480508409802955820,,0,0,46.5185127258,6.56666612625,2.77602830977e-40,1.0,0.0,0.0,0.0,1.0,0.0,0.0,0.0,1.0,0
1480508410028859128,69,1480508410025866426,,0,0,46.5185127258,6.56666612625,2.77602830977e-40,1.0,0.0,0.0,0.0,1.0,0.0,0.0,0.0,1.0,0
1480508410201743790,70,1480508410198247807,,0,0,46.5185127258,6.56666612625,2.77602830977e-40,1.0,0.0,0.0,0.0,1.0,0.0,0.0,0.0,1.0,0
1480508410417934773,71,1480508410413626292,,0,0,46.5185127258,6.56666612625,2.77602830977e-40,1.0,0.0,0.0,0.0,1.0,0.0,0.0,0.0,1.0,0
1480508410615155949,72,1480508410607552839,,0,0,46.5185127258,6.56666612625,2.77602830977e-40,1.0,0.0,0.0,0.0,1.0,0.0,0.0,0.0,1.0,0
1480508410785139991,73,1480508410781535936,,0,0,46.5185127258,6.56666612625,2.77602830977e-40,1.0,0.0,0.0,0.0,1.0,0.0,0.0,0.0,1.0,0
1480508411008888043,74,1480508411005677633,,0,0,46.5185127258,6.56666612625,2.77602830977e-40,1.0,0.0,0.0,0.0,1.0,0.0,0.0,0.0,1.0,0
1480508411217075917,75,1480508411210394940,,0,0,46.5185127258,6.56666612625,2.77602830977e-40,1.0,0.0,0.0,0.0,1.0,0.0,0.0,0.0,1.0,0
1480508411418941615,76,1480508411416690787,,0,0,46.5185127258,6.56666612625,2.77602830977e-40,1.0,0.0,0.0,0.0,1.0,0.0,0.0,0.0,1.0,0
1480508411614555191,77,1480508411610658167,,0,0,46.5185127258,6.56666612625,2.77602830977e-40,1.0,0.0,0.0,0.0,1.0,0.0,0.0,0.0,1.0,0
1480508411804949193,78,1480508411803362061,,0,0,46.5185127258,6.56666612625,2.77602830977e-40,1.0,0.0,0.0,0.0,1.0,0.0,0.0,0.0,1.0,0
1480508412000882091,79,1480508411998404856,,0,0,46.5185127258,6.56666612625,2.77602830977e-40,1.0,0.0,0.0,0.0,1.0,0.0,0.0,0.0,1.0,0
1480508412195801710,80,1480508412193977807,,0,0,46.5185127258,6.56666612625,2.77602830977e-40,1.0,0.0,0.0,0.0,1.0,0.0,0.0,0.0,1.0,0
1480508412410432800,81,1480508412408445304,,0,0,46.5185127258,6.56666612625,2.77602830977e-40,1.0,0.0,0.0,0.0,1.0,0.0,0.0,0.0,1.0,0
1480508412615775992,82,1480508412612851206,,0,0,46.5185127258,6.56666612625,2.77602830977e-40,1.0,0.0,0.0,0.0,1.0,0.0,0.0,0.0,1.0,0
1480508412809810508,83,1480508412807052024,,0,0,46.5185127258,6.56666612625,2.77602830977e-40,1.0,0.0,0.0,0.0,1.0,0.0,0.0,0.0,1.0,0
1480508413013572348,84,1480508413010882302,,0,0,46.5185127258,6.56666612625,2.77602830977e-40,1.0,0.0,0.0,0.0,1.0,0.0,0.0,0.0,1.0,0
1480508413209898735,85,1480508413206945147,,0,0,46.5185127258,6.56666612625,2.77602830977e-40,1.0,0.0,0.0,0.0,1.0,0.0,0.0,0.0,1.0,0
1480508413402659399,86,1480508413400511591,,0,0,46.5185127258,6.56666612625,2.77602830977e-40,1.0,0.0,0.0,0.0,1.0,0.0,0.0,0.0,1.0,0
1480508413616842366,87,1480508413613644611,,0,0,46.5185127258,6.56666612625,2.77602830977e-40,1.0,0.0,0.0,0.0,1.0,0.0,0.0,0.0,1.0,0
1480508413802175128,88,1480508413800613100,,0,0,46.5185127258,6.56666612625,2.77602830977e-40,1.0,0.0,0.0,0.0,1.0,0.0,0.0,0.0,1.0,0
1480508414006794831,89,1480508414004661138,,0,0,46.5185127258,6.56666612625,2.77602830977e-40,1.0,0.0,0.0,0.0,1.0,0.0,0.0,0.0,1.0,0
1480508414202148043,90,1480508414200240755,,0,0,46.5185127258,6.56666660309,2.77602830977e-40,1.0,0.0,0.0,0.0,1.0,0.0,0.0,0.0,1.0,0
1480508414404627386,91,1480508414402878640,,0,0,46.5185127258,6.56666612625,2.77602830977e-40,1.0,0.0,0.0,0.0,1.0,0.0,0.0,0.0,1.0,0
1480508414625991953,92,1480508414622631491,,0,0,46.5185127258,6.56666660309,2.77602830977e-40,1.0,0.0,0.0,0.0,1.0,0.0,0.0,0.0,1.0,0
1480508414799558592,93,1480508414797873596,,0,0,46.5185127258,6.56666612625,2.77602830977e-40,1.0,0.0,0.0,0.0,1.0,0.0,0.0,0.0,1.0,0
1480508414999374399,94,1480508414996534353,,0,0,46.5185127258,6.56666612625,2.77602830977e-40,1.0,0.0,0.0,0.0,1.0,0.0,0.0,0.0,1.0,0
1480508415213778146,95,1480508415207781387,,0,0,46.5185127258,6.56666612625,2.77602830977e-40,1.0,0.0,0.0,0.0,1.0,0.0,0.0,0.0,1.0,0
1480508415396513049,96,1480508415392283265,,0,0,46.5185165405,6.56666612625,2.77602830977e-40,1.0,0.0,0.0,0.0,1.0,0.0,0.0,0.0,1.0,0
1480508415613832571,97,1480508415606153003,,0,0,46.5185127258,6.56666660309,2.77602830977e-40,1.0,0.0,0.0,0.0,1.0,0.0,0.0,0.0,1.0,0
1480508415800930434,98,1480508415798908720,,0,0,46.5185127258,6.56666612625,2.77602830977e-40,1.0,0.0,0.0,0.0,1.0,0.0,0.0,0.0,1.0,0
1480508416005744513,99,1480508416003325194,,0,0,46.5185127258,6.56666660309,2.77602830977e-40,1.0,0.0,0.0,0.0,1.0,0.0,0.0,0.0,1.0,0
1480508416213910876,100,1480508416207317139,,0,0,46.5185127258,6.56666612625,2.77602830977e-40,1.0,0.0,0.0,0.0,1.0,0.0,0.0,0.0,1.0,0
1480508416417818758,101,1480508416414316005,,0,0,46.5185127258,6.56666564941,2.77602830977e-40,1.0,0.0,0.0,0.0,1.0,0.0,0.0,0.0,1.0,0
1480508416613678844,102,1480508416606966461,,0,0,46.5185127258,6.56666612625,2.77602830977e-40,1.0,0.0,0.0,0.0,1.0,0.0,0.0,0.0,1.0,0
1480508416815185949,103,1480508416809827418,,0,0,46.5185127258,6.56666612625,2.77602830977e-40,1.0,0.0,0.0,0.0,1.0,0.0,0.0,0.0,1.0,0
1480508417015488890,104,1480508417012574365,,0,0,46.5185165405,6.56666612625,2.77602830977e-40,1.0,0.0,0.0,0.0,1.0,0.0,0.0,0.0,1.0,0
1480508417208777210,105,1480508417206976641,,0,0,46.5185165405,6.56666612625,2.77602830977e-40,1.0,0.0,0.0,0.0,1.0,0.0,0.0,0.0,1.0,0
1480508417394687940,106,1480508417393040339,,0,0,46.5185165405,6.56666612625,2.77602830977e-40,1.0,0.0,0.0,0.0,1.0,0.0,0.0,0.0,1.0,0
1480508417597568949,107,1480508417595171818,,0,0,46.5185165405,6.56666517258,2.77602830977e-40,1.0,0.0,0.0,0.0,1.0,0.0,0.0,0.0,1.0,0
1480508417802268444,108,1480508417799542720,,0,0,46.5185165405,6.56666374207,2.77602830977e-40,1.0,0.0,0.0,0.0,1.0,0.0,0.0,0.0,1.0,0
1480508418004142684,109,1480508418001981335,,0,0,46.5185165405,6.56666135788,2.77602830977e-40,1.0,0.0,0.0,0.0,1.0,0.0,0.0,0.0,1.0,0
1480508418195937257,110,1480508418193884813,,0,0,46.5185165405,6.56665802002,2.77602830977e-40,1.0,0.0,0.0,0.0,1.0,0.0,0.0,0.0,1.0,0
1480508418408635434,111,1480508418406337731,,0,0,46.5185203552,6.56665372849,2.77602830977e-40,1.0,0.0,0.0,0.0,1.0,0.0,0.0,0.0,1.0,0
1480508418612273630,112,1480508418610100821,,0,0,46.5185203552,6.56664848328,2.77602830977e-40,1.0,0.0,0.0,0.0,1.0,0.0,0.0,0.0,1.0,0
1480508418885330126,113,1480508418883163360,,0,0,46.5185241699,6.56664323807,2.77602830977e-40,1.0,0.0,0.0,0.0,1.0,0.0,0.0,0.0,1.0,0
1480508419232542363,114,1480508419230329451,,0,0,46.5185279846,6.56663370132,2.77602830977e-40,1.0,0.0,0.0,0.0,1.0,0.0,0.0,0.0,1.0,0
1480508419797571257,115,1480508419794299858,,0,0,46.5185317993,6.56662273407,2.77602830977e-40,1.0,0.0,0.0,0.0,1.0,0.0,0.0,0.0,1.0,0
1480508420575190673,116,1480508420570055475,,0,0,46.5185394287,6.56659555435,2.77602830977e-40,1.0,0.0,0.0,0.0,1.0,0.0,0.0,0.0,1.0,0
1480508421186361404,117,1480508421182765525,,0,0,46.5185470581,6.56655311584,2.77602830977e-40,1.0,0.0,0.0,0.0,1.0,0.0,0.0,0.0,1.0,0
1480508421775724938,118,1480508421773669473,,0,0,46.5185585022,6.56650257111,2.77602830977e-40,1.0,0.0,0.0,0.0,1.0,0.0,0.0,0.0,1.0,0
1480508422541433387,119,1480508422538056779,,0,0,46.518573761,6.56646251678,2.77602830977e-40,1.0,0.0,0.0,0.0,1.0,0.0,0.0,0.0,1.0,0
1480508423146671317,120,1480508423143228198,,0,0,46.5185966492,6.56642246246,2.77602830977e-40,1.0,0.0,0.0,0.0,1.0,0.0,0.0,0.0,1.0,0
1480508423778180081,121,1480508423774020662,,0,0,46.5186157227,6.56638479233,2.77602830977e-40,1.0,0.0,0.0,0.0,1.0,0.0,0.0,0.0,1.0,0
1480508424434028276,122,1480508424430656616,,0,0,46.5186233521,6.56633520126,2.77602830977e-40,1.0,0.0,0.0,0.0,1.0,0.0,0.0,0.0,1.0,0
1480508424851331366,123,1480508424848030122,,0,0,46.5186080933,6.56629753113,2.77602830977e-40,1.0,0.0,0.0,0.0,1.0,0.0,0.0,0.0,1.0,0
1480508425316978579,124,1480508425313914262,,0,0,46.5185928345,6.56627941132,2.77602830977e-40,1.0,0.0,0.0,0.0,1.0,0.0,0.0,0.0,1.0,0
1480508425896567080,125,1480508425893528180,,0,0,46.5185699463,6.56626462936,2.77602830977e-40,1.0,0.0,0.0,0.0,1.0,0.0,0.0,0.0,1.0,0
1480508426378536866,126,1480508426376389006,,0,0,46.5185432434,6.56625795364,2.77602830977e-40,1.0,0.0,0.0,0.0,1.0,0.0,0.0,0.0,1.0,0
1480508426994779149,127,1480508426991118688,,0,0,46.5185165405,6.56626033783,2.77602830977e-40,1.0,0.0,0.0,0.0,1.0,0.0,0.0,0.0,1.0,0
1480508427432782042,128,1480508427428981008,,0,0,46.5184898376,6.56626367569,2.77602830977e-40,1.0,0.0,0.0,0.0,1.0,0.0,0.0,0.0,1.0,0
1480508427924739673,129,1480508427920924732,,0,0,46.5184707642,6.56626224518,2.77602830977e-40,1.0,0.0,0.0,0.0,1.0,0.0,0.0,0.0,1.0,0
1480508428363285117,130,1480508428360550955,,0,0,46.518447876,6.56625175476,2.77602830977e-40,1.0,0.0,0.0,0.0,1.0,0.0,0.0,0.0,1.0,0
1480508428676277212,131,1480508428674157008,,0,0,46.5184288025,6.5662446022,2.77602830977e-40,1.0,0.0,0.0,0.0,1.0,0.0,0.0,0.0,1.0,0
1480508429115811352,132,1480508429111539433,,0,0,46.5184135437,6.56624698639,2.77602830977e-40,1.0,0.0,0.0,0.0,1.0,0.0,0.0,0.0,1.0,0
1480508429532512932,133,1480508429530856685,,0,0,46.5183982849,6.56625652313,2.77602830977e-40,1.0,0.0,0.0,0.0,1.0,0.0,0.0,0.0,1.0,0
1480508429895533055,134,1480508429891378063,,0,0,46.5183868408,6.56627178192,2.77602830977e-40,1.0,0.0,0.0,0.0,1.0,0.0,0.0,0.0,1.0,0
1480508430211512176,135,1480508430209554680,,0,0,46.5183792114,6.56629133224,2.77602830977e-40,1.0,0.0,0.0,0.0,1.0,0.0,0.0,0.0,1.0,0
1480508430536838831,136,1480508430535190136,,0,0,46.5183792114,6.56630754471,2.77602830977e-40,1.0,0.0,0.0,0.0,1.0,0.0,0.0,0.0,1.0,0
1480508430840243237,137,1480508430838176522,,0,0,46.5183753967,6.56632423401,2.77602830977e-40,1.0,0.0,0.0,0.0,1.0,0.0,0.0,0.0,1.0,0
1480508431176923203,138,1480508431175375706,,0,0,46.5183753967,6.56634092331,2.77602830977e-40,1.0,0.0,0.0,0.0,1.0,0.0,0.0,0.0,1.0,0
1480508431637464906,139,1480508431635392045,,0,0,46.5183753967,6.56635713577,2.77602830977e-40,1.0,0.0,0.0,0.0,1.0,0.0,0.0,0.0,1.0,0
1480508432030918823,140,1480508432028649036,,0,0,46.5183753967,6.56638383865,2.77602830977e-40,1.0,0.0,0.0,0.0,1.0,0.0,0.0,0.0,1.0,0
1480508432417240359,141,1480508432415371300,,0,0,46.5183753967,6.56640434265,2.77602830977e-40,1.0,0.0,0.0,0.0,1.0,0.0,0.0,0.0,1.0,0
1480508432815035049,142,1480508432813179584,,0,0,46.5183753967,6.56642484665,2.77602830977e-40,1.0,0.0,0.0,0.0,1.0,0.0,0.0,0.0,1.0,0
1480508433221349149,143,1480508433217572386,,0,0,46.5183753967,6.56644487381,2.77602830977e-40,1.0,0.0,0.0,0.0,1.0,0.0,0.0,0.0,1.0,0
1480508433624282215,144,1480508433619856078,,0,0,46.5183792114,6.56646490097,2.77602830977e-40,1.0,0.0,0.0,0.0,1.0,0.0,0.0,0.0,1.0,0
1480508434099238681,145,1480508434092700048,,0,0,46.5183792114,6.56648492813,2.77602830977e-40,1.0,0.0,0.0,0.0,1.0,0.0,0.0,0.0,1.0,0
1480508434571469476,146,1480508434569080574,,0,0,46.5183868408,6.56651067734,2.77602830977e-40,1.0,0.0,0.0,0.0,1.0,0.0,0.0,0.0,1.0,0
1480508435078091713,147,1480508435075140677,,0,0,46.5183906555,6.56653690338,2.77602830977e-40,1.0,0.0,0.0,0.0,1.0,0.0,0.0,0.0,1.0,0
1480508435511060501,148,1480508435508674360,,0,0,46.5183982849,6.56656169891,2.77602830977e-40,1.0,0.0,0.0,0.0,1.0,0.0,0.0,0.0,1.0,0
1480508435920032096,149,1480508435918140642,,0,0,46.5184020996,6.56657838821,2.77602830977e-40,1.0,0.0,0.0,0.0,1.0,0.0,0.0,0.0,1.0,0
1480508436280527745,150,1480508436277949625,,0,0,46.518409729,6.56659126282,2.77602830977e-40,1.0,0.0,0.0,0.0,1.0,0.0,0.0,0.0,1.0,0
1480508436496273677,151,1480508436492685194,,0,0,46.5184173584,6.56659841537,2.77602830977e-40,1.0,0.0,0.0,0.0,1.0,0.0,0.0,0.0,1.0,0
1480508436720080530,152,1480508436718367565,,0,0,46.5184211731,6.56660461426,2.77602830977e-40,1.0,0.0,0.0,0.0,1.0,0.0,0.0,0.0,1.0,0
1480508436903624546,153,1480508436902094966,,0,0,46.5184249878,6.56660938263,2.77602830977e-40,1.0,0.0,0.0,0.0,1.0,0.0,0.0,0.0,1.0,0
1480508437110955234,154,1480508437106367847,,0,0,46.5184249878,6.56661367416,2.77602830977e-40,1.0,0.0,0.0,0.0,1.0,0.0,0.0,0.0,1.0,0
1480508437313969941,155,1480508437310982551,,0,0,46.5184288025,6.56661748886,2.77602830977e-40,1.0,0.0,0.0,0.0,1.0,0.0,0.0,0.0,1.0,0
1480508437497277134,156,1480508437494400682,,0,0,46.5184288025,6.56661939621,2.77602830977e-40,1.0,0.0,0.0,0.0,1.0,0.0,0.0,0.0,1.0,0
1480508437750910961,157,1480508437747186958,,0,0,46.5184326172,6.56661987305,2.77602830977e-40,1.0,0.0,0.0,0.0,1.0,0.0,0.0,0.0,1.0,0
1480508437891422977,158,1480508437888612514,,0,0,46.5184326172,6.56661844254,2.77602830977e-40,1.0,0.0,0.0,0.0,1.0,0.0,0.0,0.0,1.0,0
1480508438092603313,159,1480508438089725818,,0,0,46.5184326172,6.56661748886,2.77602830977e-40,1.0,0.0,0.0,0.0,1.0,0.0,0.0,0.0,1.0,0
1480508438285520591,160,1480508438282711899,,0,0,46.5184326172,6.56661701202,2.77602830977e-40,1.0,0.0,0.0,0.0,1.0,0.0,0.0,0.0,1.0,0
1480508438489095453,161,1480508438486410042,,0,0,46.5184326172,6.56661701202,2.77602830977e-40,1.0,0.0,0.0,0.0,1.0,0.0,0.0,0.0,1.0,0
1480508438698651293,162,1480508438692560888,,0,0,46.5184326172,6.56661701202,2.77602830977e-40,1.0,0.0,0.0,0.0,1.0,0.0,0.0,0.0,1.0,0
1480508438890692688,163,1480508438885895458,,0,0,46.5184326172,6.56661701202,2.77602830977e-40,1.0,0.0,0.0,0.0,1.0,0.0,0.0,0.0,1.0,0
1480508439092392450,164,1480508439089759486,,0,0,46.5184326172,6.56661701202,2.77602830977e-40,1.0,0.0,0.0,0.0,1.0,0.0,0.0,0.0,1.0,0
1480508439299597096,165,1480508439293352525,,0,0,46.5184326172,6.56661701202,2.77602830977e-40,1.0,0.0,0.0,0.0,1.0,0.0,0.0,0.0,1.0,0
1480508439494242705,166,1480508439487981311,,0,0,46.5184326172,6.56661701202,2.77602830977e-40,1.0,0.0,0.0,0.0,1.0,0.0,0.0,0.0,1.0,0
1480508439685623684,167,1480508439681645515,,0,0,46.5184326172,6.56661701202,2.77602830977e-40,1.0,0.0,0.0,0.0,1.0,0.0,0.0,0.0,1.0,0
1480508439888634224,168,1480508439885209648,,0,0,46.5184326172,6.56661701202,2.77602830977e-40,1.0,0.0,0.0,0.0,1.0,0.0,0.0,0.0,1.0,0
1480508440102874170,169,1480508440098572928,,0,0,46.5184326172,6.56661701202,2.77602830977e-40,1.0,0.0,0.0,0.0,1.0,0.0,0.0,0.0,1.0,0
1480508440294429472,170,1480508440292854006,,0,0,46.5184326172,6.56661701202,2.77602830977e-40,1.0,0.0,0.0,0.0,1.0,0.0,0.0,0.0,1.0,0
1480508440490300599,171,1480508440488246853,,0,0,46.5184326172,6.56661701202,2.77602830977e-40,1.0,0.0,0.0,0.0,1.0,0.0,0.0,0.0,1.0,0
1480508440694381241,172,1480508440692289006,,0,0,46.5184326172,6.56661701202,2.77602830977e-40,1.0,0.0,0.0,0.0,1.0,0.0,0.0,0.0,1.0,0
1480508440907518949,173,1480508440905551661,,0,0,46.5184326172,6.56661701202,2.77602830977e-40,1.0,0.0,0.0,0.0,1.0,0.0,0.0,0.0,1.0,0
1480508441100698675,174,1480508441098006909,,0,0,46.5184326172,6.56661701202,2.77602830977e-40,1.0,0.0,0.0,0.0,1.0,0.0,0.0,0.0,1.0,0
1480508441303956194,175,1480508441301091303,,0,0,46.5184326172,6.56661701202,2.77602830977e-40,1.0,0.0,0.0,0.0,1.0,0.0,0.0,0.0,1.0,0
1480508441495294048,176,1480508441492287804,,0,0,46.5184326172,6.56661701202,2.77602830977e-40,1.0,0.0,0.0,0.0,1.0,0.0,0.0,0.0,1.0,0
1480508441692314861,177,1480508441685801019,,0,0,46.5184326172,6.56661701202,2.77602830977e-40,1.0,0.0,0.0,0.0,1.0,0.0,0.0,0.0,1.0,0
1480508441891771710,178,1480508441889740724,,0,0,46.5184326172,6.56661701202,2.77602830977e-40,1.0,0.0,0.0,0.0,1.0,0.0,0.0,0.0,1.0,0
1480508442096868131,179,1480508442094601730,,0,0,46.5184326172,6.56661701202,2.77602830977e-40,1.0,0.0,0.0,0.0,1.0,0.0,0.0,0.0,1.0,0
1480508442302272417,180,1480508442299139454,,0,0,46.5184326172,6.56661653519,2.77602830977e-40,1.0,0.0,0.0,0.0,1.0,0.0,0.0,0.0,1.0,0
1480508442474714006,181,1480508442472448855,,0,0,46.5184326172,6.56661653519,2.77602830977e-40,1.0,0.0,0.0,0.0,1.0,0.0,0.0,0.0,1.0,0
1480508442694419462,182,1480508442692832486,,0,0,46.5184326172,6.56661653519,2.77602830977e-40,1.0,0.0,0.0,0.0,1.0,0.0,0.0,0.0,1.0,0
1480508442899796143,183,1480508442897664428,,0,0,46.5184326172,6.56661653519,2.77602830977e-40,1.0,0.0,0.0,0.0,1.0,0.0,0.0,0.0,1.0,0
1480508443092885765,184,1480508443091298737,,0,0,46.5184326172,6.56661653519,2.77602830977e-40,1.0,0.0,0.0,0.0,1.0,0.0,0.0,0.0,1.0,0
1480508443306018317,185,1480508443303379780,,0,0,46.5184326172,6.56661653519,2.77602830977e-40,1.0,0.0,0.0,0.0,1.0,0.0,0.0,0.0,1.0,0
1480508443490640351,186,1480508443487560305,,0,0,46.5184364319,6.56661605835,2.77602830977e-40,1.0,0.0,0.0,0.0,1.0,0.0,0.0,0.0,1.0,0
1480508443681248676,187,1480508443679369201,,0,0,46.5184364319,6.56661653519,2.77602830977e-40,1.0,0.0,0.0,0.0,1.0,0.0,0.0,0.0,1.0,0
1480508443871541845,188,1480508443863312590,,0,0,46.5184364319,6.56661653519,2.77602830977e-40,1.0,0.0,0.0,0.0,1.0,0.0,0.0,0.0,1.0,0
1480508444088947774,189,1480508444085131896,,0,0,46.5184364319,6.56661558151,2.77602830977e-40,1.0,0.0,0.0,0.0,1.0,0.0,0.0,0.0,1.0,0
1480508444293735654,190,1480508444291781648,,0,0,46.5184364319,6.56661319733,2.77602830977e-40,1.0,0.0,0.0,0.0,1.0,0.0,0.0,0.0,1.0,0
1480508444487261630,191,1480508444484373927,,0,0,46.5184364319,6.56660938263,2.77602830977e-40,1.0,0.0,0.0,0.0,1.0,0.0,0.0,0.0,1.0,0
1480508444712072023,192,1480508444708194739,,0,0,46.5184364319,6.56660556793,2.77602830977e-40,1.0,0.0,0.0,0.0,1.0,0.0,0.0,0.0,1.0,0
1480508444915896155,193,1480508444910348354,,0,0,46.5184402466,6.56660032272,2.77602830977e-40,1.0,0.0,0.0,0.0,1.0,0.0,0.0,0.0,1.0,0
1480508445122556428,194,1480508445120394922,,0,0,46.5184402466,6.56659460068,2.77602830977e-40,1.0,0.0,0.0,0.0,1.0,0.0,0.0,0.0,1.0,0
1480508445700672119,195,1480508445697091657,,0,0,46.5184440613,6.56658649445,2.77602830977e-40,1.0,0.0,0.0,0.0,1.0,0.0,0.0,0.0,1.0,0
1480508446462571201,196,1480508446459680686,,0,0,46.518447876,6.56655836105,2.77602830977e-40,1.0,0.0,0.0,0.0,1.0,0.0,0.0,0.0,1.0,0
1480508446920997751,197,1480508446918687912,,0,0,46.5184516907,6.56651830673,2.77602830977e-40,1.0,0.0,0.0,0.0,1.0,0.0,0.0,0.0,1.0,0
1480508447322095873,198,1480508447319425722,,0,0,46.5184555054,6.56648492813,2.77602830977e-40,1.0,0.0,0.0,0.0,1.0,0.0,0.0,0.0,1.0,0
1480508447677448562,199,1480508447675840961,,0,0,46.5184516907,6.56645822525,2.77602830977e-40,1.0,0.0,0.0,0.0,1.0,0.0,0.0,0.0,1.0,0
1480508448204777843,200,1480508448202850815,,0,0,46.5184440613,6.56643104553,2.77602830977e-40,1.0,0.0,0.0,0.0,1.0,0.0,0.0,0.0,1.0,0
1480508448703122024,201,1480508448701522079,,0,0,46.5184249878,6.56640052795,2.77602830977e-40,1.0,0.0,0.0,0.0,1.0,0.0,0.0,0.0,1.0,0
1480508449217458465,202,1480508449213688003,,0,0,46.518409729,6.56636953354,2.77602830977e-40,1.0,0.0,0.0,0.0,1.0,0.0,0.0,0.0,1.0,0
1480508449546227613,203,1480508449543701368,,0,0,46.5183906555,6.56634044647,2.77602830977e-40,1.0,0.0,0.0,0.0,1.0,0.0,0.0,0.0,1.0,0
1480508449826639095,204,1480508449824024778,,0,0,46.518371582,6.56630420685,2.77602830977e-40,1.0,0.0,0.0,0.0,1.0,0.0,0.0,0.0,1.0,0
1480508450040667218,205,1480508450037587901,,0,0,46.5183906555,6.56633377075,2.77602830977e-40,1.0,0.0,0.0,0.0,1.0,0.0,0.0,0.0,1.0,0
1480508450194347386,206,1480508450190356196,,0,0,46.5183868408,6.56631278992,2.77602830977e-40,1.0,0.0,0.0,0.0,1.0,0.0,0.0,0.0,1.0,0
1480508450417668303,207,1480508450407269730,,0,0,46.5183830261,6.56625366211,2.77602830977e-40,1.0,0.0,0.0,0.0,1.0,0.0,0.0,0.0,1.0,0
1480508450584666205,208,1480508450581672149,,0,0,46.5183906555,6.56623411179,2.77602830977e-40,1.0,0.0,0.0,0.0,1.0,0.0,0.0,0.0,1.0,0
1480508450751566920,209,1480508450748016198,,0,0,46.518409729,6.5662317276,2.77602830977e-40,1.0,0.0,0.0,0.0,1.0,0.0,0.0,0.0,1.0,0
1480508451031164654,210,1480508451026295289,,0,0,46.518409729,6.56620693207,2.77602830977e-40,1.0,0.0,0.0,0.0,1.0,0.0,0.0,0.0,1.0,0
1480508451226398179,211,1480508451223575892,,0,0,46.5184135437,6.56619787216,2.77602830977e-40,1.0,0.0,0.0,0.0,1.0,0.0,0.0,0.0,1.0,0
1480508451496675670,212,1480508451491921200,,0,0,46.5184402466,6.56625556946,2.77602830977e-40,1.0,0.0,0.0,0.0,1.0,0.0,0.0,0.0,1.0,0
1480508451753595376,213,1480508451751215589,,0,0,46.5184593201,6.5662112236,2.77602830977e-40,1.0,0.0,0.0,0.0,1.0,0.0,0.0,0.0,1.0,0
1480508452196488207,214,1480508452194261024,,0,0,46.5184631348,6.5661907196,2.77602830977e-40,1.0,0.0,0.0,0.0,1.0,0.0,0.0,0.0,1.0,0
1480508452548630122,215,1480508452545504086,,0,0,46.5185394287,6.56616783142,2.77602830977e-40,1.0,0.0,0.0,0.0,1.0,0.0,0.0,0.0,1.0,0
1480508453245213550,216,1480508453243234023,,0,0,46.5185165405,6.56612968445,2.77602830977e-40,1.0,0.0,0.0,0.0,1.0,0.0,0.0,0.0,1.0,0
1480508453674994688,217,1480508453671474591,,0,0,46.5185241699,6.56610631943,2.77602830977e-40,1.0,0.0,0.0,0.0,1.0,0.0,0.0,0.0,1.0,0
1480508454023201715,218,1480508454020791563,,0,0,46.5185852051,6.56611442566,2.77602830977e-40,1.0,0.0,0.0,0.0,1.0,0.0,0.0,0.0,1.0,0
1480508454364288495,219,1480508454361663136,,0,0,46.5185813904,6.56611299515,2.77602830977e-40,1.0,0.0,0.0,0.0,1.0,0.0,0.0,0.0,1.0,0
1480508454791044274,220,1480508454786785533,,0,0,46.5186157227,6.56612873077,2.77602830977e-40,1.0,0.0,0.0,0.0,1.0,0.0,0.0,0.0,1.0,0
1480508455199331756,221,1480508455195652857,,0,0,46.518611908,6.56611967087,2.77602830977e-40,1.0,0.0,0.0,0.0,1.0,0.0,0.0,0.0,1.0,0
1480508455371707877,222,1480508455369398507,,0,0,46.5186347961,6.56611967087,2.77602830977e-40,1.0,0.0,0.0,0.0,1.0,0.0,0.0,0.0,1.0,0
1480508455664676835,223,1480508455662260798,,0,0,46.5186576843,6.5661315918,2.77602830977e-40,1.0,0.0,0.0,0.0,1.0,0.0,0.0,0.0,1.0,0
1480508455882107295,224,1480508455879544956,,0,0,46.518661499,6.56614542007,2.77602830977e-40,1.0,0.0,0.0,0.0,1.0,0.0,0.0,0.0,1.0,0
1480508456077002174,225,1480508456075253063,,0,0,46.518661499,6.56611394882,2.77602830977e-40,1.0,0.0,0.0,0.0,1.0,0.0,0.0,0.0,1.0,0
1480508456243612212,226,1480508456241151332,,0,0,46.5186538696,6.56611299515,2.77602830977e-40,1.0,0.0,0.0,0.0,1.0,0.0,0.0,0.0,1.0,0
1480508456461775275,227,1480508456457856116,,0,0,46.5186653137,6.56612062454,2.77602830977e-40,1.0,0.0,0.0,0.0,1.0,0.0,0.0,0.0,1.0,0
1480508456886583818,228,1480508456883551897,,0,0,46.5186157227,6.56613540649,2.77602830977e-40,1.0,0.0,0.0,0.0,1.0,0.0,0.0,0.0,1.0,0
1480508457098433560,229,1480508457088456600,,0,0,46.5186042786,6.56607151031,2.77602830977e-40,1.0,0.0,0.0,0.0,1.0,0.0,0.0,0.0,1.0,0
1480508457296729005,230,1480508457294174739,,0,0,46.5186538696,6.56607961655,2.77602830977e-40,1.0,0.0,0.0,0.0,1.0,0.0,0.0,0.0,1.0,0
1480508457493552318,231,1480508457491478884,,0,0,46.5186347961,6.5660777092,2.77602830977e-40,1.0,0.0,0.0,0.0,1.0,0.0,0.0,0.0,1.0,0
1480508457694910830,232,1480508457690050475,,0,0,46.5186309814,6.56607055664,2.77602830977e-40,1.0,0.0,0.0,0.0,1.0,0.0,0.0,0.0,1.0,0
1480508457922097781,233,1480508457916878052,,0,0,46.5186157227,6.56608295441,2.77602830977e-40,1.0,0.0,0.0,0.0,1.0,0.0,0.0,0.0,1.0,0
1480508458096009420,234,1480508458092322448,,0,0,46.5186080933,6.56607961655,2.77602830977e-40,1.0,0.0,0.0,0.0,1.0,0.0,0.0,0.0,1.0,0
1480508458291975286,235,1480508458287061286,,0,0,46.5186080933,6.56608009338,2.77602830977e-40,1.0,0.0,0.0,0.0,1.0,0.0,0.0,0.0,1.0,0
1480508458482935486,236,1480508458480047939,,0,0,46.5186157227,6.5660533905,2.77602830977e-40,1.0,0.0,0.0,0.0,1.0,0.0,0.0,0.0,1.0,0
1480508458696525276,237,1480508458694308041,,0,0,46.5186080933,6.56606578827,2.77602830977e-40,1.0,0.0,0.0,0.0,1.0,0.0,0.0,0.0,1.0,0
1480508458894213326,238,1480508458888583442,,0,0,46.518611908,6.56605625153,2.77602830977e-40,1.0,0.0,0.0,0.0,1.0,0.0,0.0,0.0,1.0,0
1480508459077042187,239,1480508459073679381,,0,0,46.5186195374,6.56609344482,2.77602830977e-40,1.0,0.0,0.0,0.0,1.0,0.0,0.0,0.0,1.0,0
1480508459298478004,240,1480508459291554840,,0,0,46.518611908,6.56610250473,2.77602830977e-40,1.0,0.0,0.0,0.0,1.0,0.0,0.0,0.0,1.0,0
1480508459479964315,241,1480508459477290518,,0,0,46.5186080933,6.56610774994,2.77602830977e-40,1.0,0.0,0.0,0.0,1.0,0.0,0.0,0.0,1.0,0
1480508459685308913,242,1480508459683053241,,0,0,46.5186195374,6.56612920761,2.77602830977e-40,1.0,0.0,0.0,0.0,1.0,0.0,0.0,0.0,1.0,0
1480508459903799319,243,1480508459900676408,,0,0,46.5186347961,6.56613397598,2.77602830977e-40,1.0,0.0,0.0,0.0,1.0,0.0,0.0,0.0,1.0,0
1480508460096327796,244,1480508460093909259,,0,0,46.5186271667,6.56614351273,2.77602830977e-40,1.0,0.0,0.0,0.0,1.0,0.0,0.0,0.0,1.0,0
1480508460293595535,245,1480508460288589920,,0,0,46.5186233521,6.56612682343,2.77602830977e-40,1.0,0.0,0.0,0.0,1.0,0.0,0.0,0.0,1.0,0
1480508460482219541,246,1480508460479448921,,0,0,46.5185966492,6.56612300873,2.77602830977e-40,1.0,0.0,0.0,0.0,1.0,0.0,0.0,0.0,1.0,0
1480508460691677256,247,1480508460683670709,,0,0,46.5186042786,6.56612634659,2.77602830977e-40,1.0,0.0,0.0,0.0,1.0,0.0,0.0,0.0,1.0,0
1480508460894294880,248,1480508460890910772,,0,0,46.5186042786,6.56611251831,2.77602830977e-40,1.0,0.0,0.0,0.0,1.0,0.0,0.0,0.0,1.0,0
1480508461093783344,249,1480508461089695331,,0,0,46.518611908,6.5661239624,2.77602830977e-40,1.0,0.0,0.0,0.0,1.0,0.0,0.0,0.0,1.0,0
1480508461295883573,250,1480508461288227182,,0,0,46.5186233521,6.5661277771,2.77602830977e-40,1.0,0.0,0.0,0.0,1.0,0.0,0.0,0.0,1.0,0
1480508461491085796,251,1480508461486480127,,0,0,46.5186157227,6.56612730026,2.77602830977e-40,1.0,0.0,0.0,0.0,1.0,0.0,0.0,0.0,1.0,0
1480508461717379988,252,1480508461714897493,,0,0,46.5186080933,6.56611204147,2.77602830977e-40,1.0,0.0,0.0,0.0,1.0,0.0,0.0,0.0,1.0,0
1480508461897690208,253,1480508461895216723,,0,0,46.5186195374,6.56613779068,2.77602830977e-40,1.0,0.0,0.0,0.0,1.0,0.0,0.0,0.0,1.0,0
1480508462095173155,254,1480508462089014886,,0,0,46.5186195374,6.56613683701,2.77602830977e-40,1.0,0.0,0.0,0.0,1.0,0.0,0.0,0.0,1.0,0
1480508462296179636,255,1480508462292606050,,0,0,46.5186233521,6.56613445282,2.77602830977e-40,1.0,0.0,0.0,0.0,1.0,0.0,0.0,0.0,1.0,0
1480508462498625959,256,1480508462496227891,,0,0,46.518611908,6.56612920761,2.77602830977e-40,1.0,0.0,0.0,0.0,1.0,0.0,0.0,0.0,1.0,0
1480508462696866248,257,1480508462691247457,,0,0,46.5186157227,6.5661239624,2.77602830977e-40,1.0,0.0,0.0,0.0,1.0,0.0,0.0,0.0,1.0,0
1480508462899554132,258,1480508462896564190,,0,0,46.5186080933,6.56613254547,2.77602830977e-40,1.0,0.0,0.0,0.0,1.0,0.0,0.0,0.0,1.0,0
1480508463083743251,259,1480508463082053411,,0,0,46.518611908,6.56613779068,2.77602830977e-40,1.0,0.0,0.0,0.0,1.0,0.0,0.0,0.0,1.0,0
1480508463281089740,260,1480508463279475003,,0,0,46.5186080933,6.56613397598,2.77602830977e-40,1.0,0.0,0.0,0.0,1.0,0.0,0.0,0.0,1.0,0
1480508463479632112,261,1480508463477556699,,0,0,46.5186080933,6.56613826752,2.77602830977e-40,1.0,0.0,0.0,0.0,1.0,0.0,0.0,0.0,1.0,0
1480508463697021530,262,1480508463693495964,,0,0,46.5186042786,6.5661315918,2.77602830977e-40,1.0,0.0,0.0,0.0,1.0,0.0,0.0,0.0,1.0,0
1480508463888609124,263,1480508463885759494,,0,0,46.5186004639,6.56613636017,2.77602830977e-40,1.0,0.0,0.0,0.0,1.0,0.0,0.0,0.0,1.0,0
1480508464102172872,264,1480508464099528555,,0,0,46.5185966492,6.56613683701,2.77602830977e-40,1.0,0.0,0.0,0.0,1.0,0.0,0.0,0.0,1.0,0
1480508464316672505,265,1480508464306172838,,0,0,46.5185966492,6.56613492966,2.77602830977e-40,1.0,0.0,0.0,0.0,1.0,0.0,0.0,0.0,1.0,0
1480508464483518115,266,1480508464481253380,,0,0,46.5186004639,6.56613874435,2.77602830977e-40,1.0,0.0,0.0,0.0,1.0,0.0,0.0,0.0,1.0,0
1480508464690427710,267,1480508464687865268,,0,0,46.5186042786,6.56613683701,2.77602830977e-40,1.0,0.0,0.0,0.0,1.0,0.0,0.0,0.0,1.0,0
1480508464896320589,268,1480508464893613354,,0,0,46.5186004639,6.56613683701,2.77602830977e-40,1.0,0.0,0.0,0.0,1.0,0.0,0.0,0.0,1.0,0
1480508465092643902,269,1480508465090320521,,0,0,46.5186080933,6.56613683701,2.77602830977e-40,1.0,0.0,0.0,0.0,1.0,0.0,0.0,0.0,1.0,0
1480508465293626530,270,1480508465291312003,,0,0,46.5186080933,6.56613683701,2.77602830977e-40,1.0,0.0,0.0,0.0,1.0,0.0,0.0,0.0,1.0,0
1480508465497336391,271,1480508465495174989,,0,0,46.5186080933,6.56613731384,2.77602830977e-40,1.0,0.0,0.0,0.0,1.0,0.0,0.0,0.0,1.0,0
1480508465690791638,272,1480508465686846073,,0,0,46.518611908,6.56613683701,2.77602830977e-40,1.0,0.0,0.0,0.0,1.0,0.0,0.0,0.0,1.0,0
1480508465871569513,273,1480508465870151808,,0,0,46.5186080933,6.56613588333,2.77602830977e-40,1.0,0.0,0.0,0.0,1.0,0.0,0.0,0.0,1.0,0
1480508466097859643,274,1480508466095094336,,0,0,46.5186080933,6.56613636017,2.77602830977e-40,1.0,0.0,0.0,0.0,1.0,0.0,0.0,0.0,1.0,0
1480508466295949099,275,1480508466293069521,,0,0,46.5186195374,6.5661406517,2.77602830977e-40,1.0,0.0,0.0,0.0,1.0,0.0,0.0,0.0,1.0,0
1480508466490253198,276,1480508466488715441,,0,0,46.5186233521,6.56613874435,2.77602830977e-40,1.0,0.0,0.0,0.0,1.0,0.0,0.0,0.0,1.0,0
1480508466750068158,277,1480508466748339880,,0,0,46.5186462402,6.56613683701,2.77602830977e-40,1.0,0.0,0.0,0.0,1.0,0.0,0.0,0.0,1.0,0
1480508466882173316,278,1480508466878639261,,0,0,46.5186500549,6.56613254547,2.77602830977e-40,1.0,0.0,0.0,0.0,1.0,0.0,0.0,0.0,1.0,0
1480508467095407691,279,1480508467092232384,,0,0,46.5186386108,6.56611967087,2.77602830977e-40,1.0,0.0,0.0,0.0,1.0,0.0,0.0,0.0,1.0,0
1480508467286882837,280,1480508467284637633,,0,0,46.5186271667,6.56612014771,2.77602830977e-40,1.0,0.0,0.0,0.0,1.0,0.0,0.0,0.0,1.0,0
1480508467499260233,281,1480508467497164769,,0,0,46.5186271667,6.56612491608,2.77602830977e-40,1.0,0.0,0.0,0.0,1.0,0.0,0.0,0.0,1.0,0
1480508467681284304,282,1480508467678675507,,0,0,46.5186271667,6.56612491608,2.77602830977e-40,1.0,0.0,0.0,0.0,1.0,0.0,0.0,0.0,1.0,0
1480508467877348712,283,1480508467874866582,,0,0,46.5186233521,6.56612634659,2.77602830977e-40,1.0,0.0,0.0,0.0,1.0,0.0,0.0,0.0,1.0,0
1480508468074082129,284,1480508468071625467,,0,0,46.5186233521,6.56612491608,2.77602830977e-40,1.0,0.0,0.0,0.0,1.0,0.0,0.0,0.0,1.0,0
1480508468281553598,285,1480508468279535633,,0,0,46.5186386108,6.56612539291,2.77602830977e-40,1.0,0.0,0.0,0.0,1.0,0.0,0.0,0.0,1.0,0
1480508468510077786,286,1480508468507948155,,0,0,46.5186576843,6.56613206863,2.77602830977e-40,1.0,0.0,0.0,0.0,1.0,0.0,0.0,0.0,1.0,0
1480508468692401752,287,1480508468685663328,,0,0,46.5186500549,6.56612586975,2.77602830977e-40,1.0,0.0,0.0,0.0,1.0,0.0,0.0,0.0,1.0,0
1480508468884437522,288,1480508468880694821,,0,0,46.518661499,6.56613969803,2.77602830977e-40,1.0,0.0,0.0,0.0,1.0,0.0,0.0,0.0,1.0,0
1480508469095967942,289,1480508469093542686,,0,0,46.5186500549,6.56611967087,2.77602830977e-40,1.0,0.0,0.0,0.0,1.0,0.0,0.0,0.0,1.0,0
1480508469299949365,290,1480508469298156712,,0,0,46.5186500549,6.5661239624,2.77602830977e-40,1.0,0.0,0.0,0.0,1.0,0.0,0.0,0.0,1.0,0
1480508469495843357,291,1480508469493879142,,0,0,46.518661499,6.56613588333,2.77602830977e-40,1.0,0.0,0.0,0.0,1.0,0.0,0.0,0.0,1.0,0
1480508469681620285,292,1480508469680193725,,0,0,46.5186538696,6.56614780426,2.77602830977e-40,1.0,0.0,0.0,0.0,1.0,0.0,0.0,0.0,1.0,0
1480508469889758159,293,1480508469887716392,,0,0,46.518661499,6.56614494324,2.77602830977e-40,1.0,0.0,0.0,0.0,1.0,0.0,0.0,0.0,1.0,0
1480508470075632222,294,1480508470072979519,,0,0,46.5186462402,6.56612968445,2.77602830977e-40,1.0,0.0,0.0,0.0,1.0,0.0,0.0,0.0,1.0,0
1480508470291696799,295,1480508470290061802,,0,0,46.5186576843,6.56616926193,2.77602830977e-40,1.0,0.0,0.0,0.0,1.0,0.0,0.0,0.0,1.0,0
1480508470480353461,296,1480508470478324871,,0,0,46.5186233521,6.56615304947,2.77602830977e-40,1.0,0.0,0.0,0.0,1.0,0.0,0.0,0.0,1.0,0
1480508470694705541,297,1480508470692454921,,0,0,46.5186386108,6.56614875793,2.77602830977e-40,1.0,0.0,0.0,0.0,1.0,0.0,0.0,0.0,1.0,0
1480508470879686221,298,1480508470876979403,,0,0,46.5186424255,6.56616687775,2.77602830977e-40,1.0,0.0,0.0,0.0,1.0,0.0,0.0,0.0,1.0,0
1480508471082898115,299,1480508471080296870,,0,0,46.5186462402,6.56616687775,2.77602830977e-40,1.0,0.0,0.0,0.0,1.0,0.0,0.0,0.0,1.0,0
1480508471299222379,300,1480508471296798373,,0,0,46.5186653137,6.56620168686,2.77602830977e-40,1.0,0.0,0.0,0.0,1.0,0.0,0.0,0.0,1.0,0
1480508471475485159,301,1480508471472744071,,0,0,46.5186462402,6.56619501114,2.77602830977e-40,1.0,0.0,0.0,0.0,1.0,0.0,0.0,0.0,1.0,0
1480508471702567110,302,1480508471699375190,,0,0,46.5186233521,6.56617879868,2.77602830977e-40,1.0,0.0,0.0,0.0,1.0,0.0,0.0,0.0,1.0,0
1480508471907113793,303,1480508471904142028,,0,0,46.5186195374,6.56619310379,2.77602830977e-40,1.0,0.0,0.0,0.0,1.0,0.0,0.0,0.0,1.0,0
1480508472102275443,304,1480508472100115395,,0,0,46.5186004639,6.56616544724,2.77602830977e-40,1.0,0.0,0.0,0.0,1.0,0.0,0.0,0.0,1.0,0
1480508472298177403,305,1480508472295950532,,0,0,46.5186157227,6.56616783142,2.77602830977e-40,1.0,0.0,0.0,0.0,1.0,0.0,0.0,0.0,1.0,0
1480508472492860824,306,1480508472488721509,,0,0,46.5186157227,6.56618928909,2.77602830977e-40,1.0,0.0,0.0,0.0,1.0,0.0,0.0,0.0,1.0,0
1480508472694587096,307,1480508472691377779,,0,0,46.5186195374,6.56619691849,2.77602830977e-40,1.0,0.0,0.0,0.0,1.0,0.0,0.0,0.0,1.0,0
1480508472960127045,308,1480508472957810851,,0,0,46.518611908,6.56619262695,2.77602830977e-40,1.0,0.0,0.0,0.0,1.0,0.0,0.0,0.0,1.0,0
1480508473281506260,309,1480508473279410534,,0,0,46.5186080933,6.56623601913,2.77602830977e-40,1.0,0.0,0.0,0.0,1.0,0.0,0.0,0.0,1.0,0
1480508473656241359,310,1480508473652224440,,0,0,46.5186080933,6.56622886658,2.77602830977e-40,1.0,0.0,0.0,0.0,1.0,0.0,0.0,0.0,1.0,0
1480508474095933051,311,1480508474092729255,,0,0,46.5185966492,6.56624984741,2.77602830977e-40,1.0,0.0,0.0,0.0,1.0,0.0,0.0,0.0,1.0,0
1480508474431924216,312,1480508474427054434,,0,0,46.5185890198,6.56628274918,2.77602830977e-40,1.0,0.0,0.0,0.0,1.0,0.0,0.0,0.0,1.0,0
1480508474760295032,313,1480508474756958059,,0,0,46.5185852051,6.56629037857,2.77602830977e-40,1.0,0.0,0.0,0.0,1.0,0.0,0.0,0.0,1.0,0
1480508475163687315,314,1480508475159811073,,0,0,46.5185775757,6.5663189888,2.77602830977e-40,1.0,0.0,0.0,0.0,1.0,0.0,0.0,0.0,1.0,0
1480508475636031547,315,1480508475633724468,,0,0,46.5185699463,6.56635713577,2.77602830977e-40,1.0,0.0,0.0,0.0,1.0,0.0,0.0,0.0,1.0,0
1480508476185971147,316,1480508476183433444,,0,0,46.5185546875,6.56637716293,2.77602830977e-40,1.0,0.0,0.0,0.0,1.0,0.0,0.0,0.0,1.0,0
1480508476706849920,317,1480508476704457424,,0,0,46.5185241699,6.56638288498,2.77602830977e-40,1.0,0.0,0.0,0.0,1.0,0.0,0.0,0.0,1.0,0
1480508477213380647,318,1480508477209937424,,0,0,46.518497467,6.56639003754,2.77602830977e-40,1.0,0.0,0.0,0.0,1.0,0.0,0.0,0.0,1.0,0
1480508477717911899,319,1480508477715151227,,0,0,46.5184593201,6.56638622284,2.77602830977e-40,1.0,0.0,0.0,0.0,1.0,0.0,0.0,0.0,1.0,0
1480508478167595238,320,1480508478164754462,,0,0,46.518447876,6.56638050079,2.77602830977e-40,1.0,0.0,0.0,0.0,1.0,0.0,0.0,0.0,1.0,0
1480508478565715292,321,1480508478563389307,,0,0,46.5184249878,6.56635189056,2.77602830977e-40,1.0,0.0,0.0,0.0,1.0,0.0,0.0,0.0,1.0,0
1480508479185344391,322,1480508479183398353,,0,0,46.5184020996,6.56632614136,2.77602830977e-40,1.0,0.0,0.0,0.0,1.0,0.0,0.0,0.0,1.0,0
1480508479785289311,323,1480508479781923067,,0,0,46.5183868408,6.56628751755,2.77602830977e-40,1.0,0.0,0.0,0.0,1.0,0.0,0.0,0.0,1.0,0
1480508480099298071,324,1480508480097300992,,0,0,46.5183792114,6.5662446022,2.77602830977e-40,1.0,0.0,0.0,0.0,1.0,0.0,0.0,0.0,1.0,0
1480508480387281205,325,1480508480385467771,,0,0,46.5183830261,6.56622219086,2.77602830977e-40,1.0,0.0,0.0,0.0,1.0,0.0,0.0,0.0,1.0,0
1480508480725536481,326,1480508480723842057,,0,0,46.5183906555,6.56619977951,2.77602830977e-40,1.0,0.0,0.0,0.0,1.0,0.0,0.0,0.0,1.0,0
1480508481001582763,327,1480508480998931310,,0,0,46.5183982849,6.5661816597,2.77602830977e-40,1.0,0.0,0.0,0.0,1.0,0.0,0.0,0.0,1.0,0
1480508481335899349,328,1480508481332037377,,0,0,46.518409729,6.5661649704,2.77602830977e-40,1.0,0.0,0.0,0.0,1.0,0.0,0.0,0.0,1.0,0
1480508481778516191,329,1480508481774834583,,0,0,46.5184211731,6.56615066528,2.77602830977e-40,1.0,0.0,0.0,0.0,1.0,0.0,0.0,0.0,1.0,0
1480508482175393747,330,1480508482173262241,,0,0,46.518447876,6.56613397598,2.77602830977e-40,1.0,0.0,0.0,0.0,1.0,0.0,0.0,0.0,1.0,0
1480508482607822119,331,1480508482605627905,,0,0,46.5184669495,6.56612634659,2.77602830977e-40,1.0,0.0,0.0,0.0,1.0,0.0,0.0,0.0,1.0,0
1480508482980514515,332,1480508482978629727,,0,0,46.5184898376,6.56612348557,2.77602830977e-40,1.0,0.0,0.0,0.0,1.0,0.0,0.0,0.0,1.0,0
1480508483367045946,333,1480508483364978502,,0,0,46.5185089111,6.56612682343,2.77602830977e-40,1.0,0.0,0.0,0.0,1.0,0.0,0.0,0.0,1.0,0
1480508483772447600,334,1480508483769056930,,0,0,46.5185317993,6.56613683701,2.77602830977e-40,1.0,0.0,0.0,0.0,1.0,0.0,0.0,0.0,1.0,0
1480508484161437620,335,1480508484159279968,,0,0,46.5185470581,6.56615018845,2.77602830977e-40,1.0,0.0,0.0,0.0,1.0,0.0,0.0,0.0,1.0,0
1480508484591514278,336,1480508484583727367,,0,0,46.5185623169,6.5661687851,2.77602830977e-40,1.0,0.0,0.0,0.0,1.0,0.0,0.0,0.0,1.0,0
1480508485056988419,337,1480508485054829465,,0,0,46.518573761,6.56619358063,2.77602830977e-40,1.0,0.0,0.0,0.0,1.0,0.0,0.0,0.0,1.0,0
1480508485404167219,338,1480508485401639880,,0,0,46.5185775757,6.56622695923,2.77602830977e-40,1.0,0.0,0.0,0.0,1.0,0.0,0.0,0.0,1.0,0
1480508485723268001,339,1480508485721490765,,0,0,46.5185775757,6.5662484169,2.77602830977e-40,1.0,0.0,0.0,0.0,1.0,0.0,0.0,0.0,1.0,0
1480508485960096131,340,1480508485957939052,,0,0,46.5185775757,6.56626987457,2.77602830977e-40,1.0,0.0,0.0,0.0,1.0,0.0,0.0,0.0,1.0,0
1480508486238519284,341,1480508486231927682,,0,0,46.5185699463,6.56629037857,2.77602830977e-40,1.0,0.0,0.0,0.0,1.0,0.0,0.0,0.0,1.0,0
1480508486537567709,342,1480508486536203962,,0,0,46.5185661316,6.56630325317,2.77602830977e-40,1.0,0.0,0.0,0.0,1.0,0.0,0.0,0.0,1.0,0
1480508486918295922,343,1480508486915248011,,0,0,46.5185585022,6.56631994247,2.77602830977e-40,1.0,0.0,0.0,0.0,1.0,0.0,0.0,0.0,1.0,0
1480508487385939225,344,1480508487383384908,,0,0,46.5185432434,6.5663318634,2.77602830977e-40,1.0,0.0,0.0,0.0,1.0,0.0,0.0,0.0,1.0,0
1480508487925429836,345,1480508487923262184,,0,0,46.5185203552,6.56634140015,2.77602830977e-40,1.0,0.0,0.0,0.0,1.0,0.0,0.0,0.0,1.0,0
1480508488386261851,346,1480508488383008107,,0,0,46.518497467,6.56633710861,2.77602830977e-40,1.0,0.0,0.0,0.0,1.0,0.0,0.0,0.0,1.0,0
1480508488870926111,347,1480508488867239816,,0,0,46.5184783936,6.5663228035,2.77602830977e-40,1.0,0.0,0.0,0.0,1.0,0.0,0.0,0.0,1.0,0
1480508489334309110,348,1480508489332107343,,0,0,46.5184593201,6.56630277634,2.77602830977e-40,1.0,0.0,0.0,0.0,1.0,0.0,0.0,0.0,1.0,0
1480508489769155029,349,1480508489766028369,,0,0,46.5184440613,6.56628608704,2.77602830977e-40,1.0,0.0,0.0,0.0,1.0,0.0,0.0,0.0,1.0,0
1480508490183306146,350,1480508490180591255,,0,0,46.5184249878,6.56627035141,2.77602830977e-40,1.0,0.0,0.0,0.0,1.0,0.0,0.0,0.0,1.0,0
1480508490645343679,351,1480508490642624466,,0,0,46.5184059143,6.56626796722,2.77602830977e-40,1.0,0.0,0.0,0.0,1.0,0.0,0.0,0.0,1.0,0
1480508491174211811,352,1480508491167575313,,0,0,46.5183830261,6.56627511978,2.77602830977e-40,1.0,0.0,0.0,0.0,1.0,0.0,0.0,0.0,1.0,0
1480508491699071148,353,1480508491694839854,,0,0,46.5183639526,6.56628084183,2.77602830977e-40,1.0,0.0,0.0,0.0,1.0,0.0,0.0,0.0,1.0,0
1480508492119266419,354,1480508492115128771,,0,0,46.5183448792,6.56627178192,2.77602830977e-40,1.0,0.0,0.0,0.0,1.0,0.0,0.0,0.0,1.0,0
1480508492404228361,355,1480508492402126386,,0,0,46.5183296204,6.56625032425,2.77602830977e-40,1.0,0.0,0.0,0.0,1.0,0.0,0.0,0.0,1.0,0
1480508492668154511,356,1480508492663222907,,0,0,46.518321991,6.56623029709,2.77602830977e-40,1.0,0.0,0.0,0.0,1.0,0.0,0.0,0.0,1.0,0
1480508493039486180,357,1480508493034752440,,0,0,46.5183143616,6.566218853,2.77602830977e-40,1.0,0.0,0.0,0.0,1.0,0.0,0.0,0.0,1.0,0
1480508493302613426,358,1480508493298649892,,0,0,46.5183105469,6.56619405746,2.77602830977e-40,1.0,0.0,0.0,0.0,1.0,0.0,0.0,0.0,1.0,0
1480508493609208815,359,1480508493605813874,,0,0,46.5183029175,6.56616544724,2.77602830977e-40,1.0,0.0,0.0,0.0,1.0,0.0,0.0,0.0,1.0,0
1480508493919695656,360,1480508493914986290,,0,0,46.5183105469,6.56616067886,2.77602830977e-40,1.0,0.0,0.0,0.0,1.0,0.0,0.0,0.0,1.0,0
1480508494244717519,361,1480508494243122002,,0,0,46.5183410645,6.56617689133,2.77602830977e-40,1.0,0.0,0.0,0.0,1.0,0.0,0.0,0.0,1.0,0
1480508494769520815,362,1480508494766982591,,0,0,46.518321991,6.5661277771,2.77602830977e-40,1.0,0.0,0.0,0.0,1.0,0.0,0.0,0.0,1.0,0
1480508495226924347,363,1480508495224846278,,0,0,46.5183181763,6.56606817245,2.77602830977e-40,1.0,0.0,0.0,0.0,1.0,0.0,0.0,0.0,1.0,0
1480508495389127259,364,1480508495386961325,,0,0,46.5183525085,6.56608867645,2.77602830977e-40,1.0,0.0,0.0,0.0,1.0,0.0,0.0,0.0,1.0,0
1480508495937089155,365,1480508495934595462,,0,0,46.5183410645,6.56605243683,2.77602830977e-40,1.0,0.0,0.0,0.0,1.0,0.0,0.0,0.0,1.0,0
1480508496245848655,366,1480508496243690013,,0,0,46.518371582,6.56604290009,2.77602830977e-40,1.0,0.0,0.0,0.0,1.0,0.0,0.0,0.0,1.0,0
1480508496776650793,367,1480508496772115750,,0,0,46.5183944702,6.56604671478,2.77602830977e-40,1.0,0.0,0.0,0.0,1.0,0.0,0.0,0.0,1.0,0
1480508497369842236,368,1480508497367184481,,0,0,46.5184059143,6.56602239609,2.77602830977e-40,1.0,0.0,0.0,0.0,1.0,0.0,0.0,0.0,1.0,0
1480508497925658179,369,1480508497921915009,,0,0,46.5184326172,6.56605100632,2.77602830977e-40,1.0,0.0,0.0,0.0,1.0,0.0,0.0,0.0,1.0,0
1480508498436623794,370,1480508498429357402,,0,0,46.5184669495,6.56605482101,2.77602830977e-40,1.0,0.0,0.0,0.0,1.0,0.0,0.0,0.0,1.0,0
1480508499012217875,371,1480508499008947986,,0,0,46.5184707642,6.56607675552,2.77602830977e-40,1.0,0.0,0.0,0.0,1.0,0.0,0.0,0.0,1.0,0
1480508499584547380,372,1480508499582723165,,0,0,46.5184822083,6.5661239624,2.77602830977e-40,1.0,0.0,0.0,0.0,1.0,0.0,0.0,0.0,1.0,0
1480508500317128759,373,1480508500306798831,,0,0,46.5184860229,6.56615161896,2.77602830977e-40,1.0,0.0,0.0,0.0,1.0,0.0,0.0,0.0,1.0,0
1480508501074967900,374,1480508501071672594,,0,0,46.518497467,6.56620597839,2.77602830977e-40,1.0,0.0,0.0,0.0,1.0,0.0,0.0,0.0,1.0,0
1480508501835739276,375,1480508501832445897,,0,0,46.5185317993,6.56623840332,2.77602830977e-40,1.0,0.0,0.0,0.0,1.0,0.0,0.0,0.0,1.0,0
1480508502575280120,376,1480508502567341542,,0,0,46.5185661316,6.56626081467,2.77602830977e-40,1.0,0.0,0.0,0.0,1.0,0.0,0.0,0.0,1.0,0
1480508503217622248,377,1480508503212575175,,0,0,46.5185813904,6.56631135941,2.77602830977e-40,1.0,0.0,0.0,0.0,1.0,0.0,0.0,0.0,1.0,0
1480508503796128824,378,1480508503791185500,,0,0,46.5185852051,6.56634759903,2.77602830977e-40,1.0,0.0,0.0,0.0,1.0,0.0,0.0,0.0,1.0,0
1480508504438095953,379,1480508504435908822,,0,0,46.5185775757,6.56640052795,2.77602830977e-40,1.0,0.0,0.0,0.0,1.0,0.0,0.0,0.0,1.0,0
1480508504818617292,380,1480508504816550004,,0,0,46.5185775757,6.56642818451,2.77602830977e-40,1.0,0.0,0.0,0.0,1.0,0.0,0.0,0.0,1.0,0
1480508505176425654,381,1480508505172137016,,0,0,46.5185699463,6.56644916534,2.77602830977e-40,1.0,0.0,0.0,0.0,1.0,0.0,0.0,0.0,1.0,0
1480508505650697173,382,1480508505649239051,,0,0,46.5185470581,6.56647586823,2.77602830977e-40,1.0,0.0,0.0,0.0,1.0,0.0,0.0,0.0,1.0,0
1480508506135556745,383,1480508506133902478,,0,0,46.5185165405,6.56650209427,2.77602830977e-40,1.0,0.0,0.0,0.0,1.0,0.0,0.0,0.0,1.0,0
1480508506418453275,384,1480508506414477762,,0,0,46.5185279846,6.56648159027,2.77602830977e-40,1.0,0.0,0.0,0.0,1.0,0.0,0.0,0.0,1.0,0
1480508506717131753,385,1480508506713902384,,0,0,46.5185012817,6.56649637222,2.77602830977e-40,1.0,0.0,0.0,0.0,1.0,0.0,0.0,0.0,1.0,0
1480508507036561388,386,1480508507031413169,,0,0,46.5184898376,6.56649255753,2.77602830977e-40,1.0,0.0,0.0,0.0,1.0,0.0,0.0,0.0,1.0,0
1480508507370521567,387,1480508507366457148,,0,0,46.5184783936,6.56648683548,2.77602830977e-40,1.0,0.0,0.0,0.0,1.0,0.0,0.0,0.0,1.0,0
1480508507760333409,388,1480508507758777370,,0,0,46.5184631348,6.56646728516,2.77602830977e-40,1.0,0.0,0.0,0.0,1.0,0.0,0.0,0.0,1.0,0
1480508508174077755,389,1480508508171055782,,0,0,46.518447876,6.56644392014,2.77602830977e-40,1.0,0.0,0.0,0.0,1.0,0.0,0.0,0.0,1.0,0
1480508508592135426,390,1480508508589227880,,0,0,46.5184440613,6.56642007828,2.77602830977e-40,1.0,0.0,0.0,0.0,1.0,0.0,0.0,0.0,1.0,0
1480508508955669559,391,1480508508952597898,,0,0,46.5184326172,6.56639432907,2.77602830977e-40,1.0,0.0,0.0,0.0,1.0,0.0,0.0,0.0,1.0,0
1480508509488630547,392,1480508509486499145,,0,0,46.5184326172,6.56636762619,2.77602830977e-40,1.0,0.0,0.0,0.0,1.0,0.0,0.0,0.0,1.0,0
1480508509949992664,393,1480508509948680532,,0,0,46.5184402466,6.56632757187,2.77602830977e-40,1.0,0.0,0.0,0.0,1.0,0.0,0.0,0.0,1.0,0
1480508510592445157,394,1480508510588871570,,0,0,46.5184516907,6.56630039215,2.77602830977e-40,1.0,0.0,0.0,0.0,1.0,0.0,0.0,0.0,1.0,0
1480508510994320152,395,1480508510990725523,,0,0,46.5184631348,6.5662651062,2.77602830977e-40,1.0,0.0,0.0,0.0,1.0,0.0,0.0,0.0,1.0,0
1480508511491387200,396,1480508511489517464,,0,0,46.5184593201,6.56623888016,2.77602830977e-40,1.0,0.0,0.0,0.0,1.0,0.0,0.0,0.0,1.0,0
1480508512021892255,397,1480508512019227989,,0,0,46.5184593201,6.5662021637,2.77602830977e-40,1.0,0.0,0.0,0.0,1.0,0.0,0.0,0.0,1.0,0
1480508512367134912,398,1480508512365109291,,0,0,46.5184440613,6.56617641449,2.77602830977e-40,1.0,0.0,0.0,0.0,1.0,0.0,0.0,0.0,1.0,0
1480508512902489646,399,1480508512899814859,,0,0,46.5184135437,6.56617641449,2.77602830977e-40,1.0,0.0,0.0,0.0,1.0,0.0,0.0,0.0,1.0,0
1480508513335540725,400,1480508513331403546,,0,0,46.5184059143,6.56615543365,2.77602830977e-40,1.0,0.0,0.0,0.0,1.0,0.0,0.0,0.0,1.0,0
1480508513786519791,401,1480508513784561774,,0,0,46.5183868408,6.56615352631,2.77602830977e-40,1.0,0.0,0.0,0.0,1.0,0.0,0.0,0.0,1.0,0
1480508514282537778,402,1480508514278813879,,0,0,46.5183639526,6.56616401672,2.77602830977e-40,1.0,0.0,0.0,0.0,1.0,0.0,0.0,0.0,1.0,0
1480508514895148454,403,1480508514886988418,,0,0,46.5183372498,6.5661907196,2.77602830977e-40,1.0,0.0,0.0,0.0,1.0,0.0,0.0,0.0,1.0,0
1480508515679349159,404,1480508515677162809,,0,0,46.5183296204,6.56621789932,2.77602830977e-40,1.0,0.0,0.0,0.0,1.0,0.0,0.0,0.0,1.0,0
1480508516280993293,405,1480508516278768819,,0,0,46.5183258057,6.56626749039,2.77602830977e-40,1.0,0.0,0.0,0.0,1.0,0.0,0.0,0.0,1.0,0
1480508516693184205,406,1480508516689592858,,0,0,46.5183334351,6.56630420685,2.77602830977e-40,1.0,0.0,0.0,0.0,1.0,0.0,0.0,0.0,1.0,0
1480508517021054814,407,1480508517019523515,,0,0,46.5183525085,6.5663151741,2.77602830977e-40,1.0,0.0,0.0,0.0,1.0,0.0,0.0,0.0,1.0,0
1480508517479471833,408,1480508517477259181,,0,0,46.5183792114,6.56631088257,2.77602830977e-40,1.0,0.0,0.0,0.0,1.0,0.0,0.0,0.0,1.0,0
1480508517775803701,409,1480508517772694228,,0,0,46.5183868408,6.56632423401,2.77602830977e-40,1.0,0.0,0.0,0.0,1.0,0.0,0.0,0.0,1.0,0
1480508518228849585,410,1480508518225108290,,0,0,46.5184211731,6.56631994247,2.77602830977e-40,1.0,0.0,0.0,0.0,1.0,0.0,0.0,0.0,1.0,0
1480508518716071392,411,1480508518712082077,,0,0,46.5184020996,6.56629180908,2.77602830977e-40,1.0,0.0,0.0,0.0,1.0,0.0,0.0,0.0,1.0,0
1480508519200812318,412,1480508519197202273,,0,0,46.5184402466,6.56630659103,2.77602830977e-40,1.0,0.0,0.0,0.0,1.0,0.0,0.0,0.0,1.0,0
1480508519726886236,413,1480508519724376345,,0,0,46.518447876,6.56628227234,2.77602830977e-40,1.0,0.0,0.0,0.0,1.0,0.0,0.0,0.0,1.0,0
1480508520480067366,414,1480508520477973152,,0,0,46.5184669495,6.56628656387,2.77602830977e-40,1.0,0.0,0.0,0.0,1.0,0.0,0.0,0.0,1.0,0
1480508521080594837,415,1480508521077789373,,0,0,46.5185089111,6.56631565094,2.77602830977e-40,1.0,0.0,0.0,0.0,1.0,0.0,0.0,0.0,1.0,0
1480508521575707149,416,1480508521572471061,,0,0,46.518535614,6.56634426117,2.77602830977e-40,1.0,0.0,0.0,0.0,1.0,0.0,0.0,0.0,1.0,0
1480508522136540322,417,1480508522134427722,,0,0,46.5185394287,6.56637382507,2.77602830977e-40,1.0,0.0,0.0,0.0,1.0,0.0,0.0,0.0,1.0,0
1480508522369910698,418,1480508522367153048,,0,0,46.5185317993,6.56641244888,2.77602830977e-40,1.0,0.0,0.0,0.0,1.0,0.0,0.0,0.0,1.0,0
1480508522701416039,419,1480508522699074585,,0,0,46.5185279846,6.5664434433,2.77602830977e-40,1.0,0.0,0.0,0.0,1.0,0.0,0.0,0.0,1.0,0
1480508523016746880,420,1480508523014513603,,0,0,46.518535614,6.56646156311,2.77602830977e-40,1.0,0.0,0.0,0.0,1.0,0.0,0.0,0.0,1.0,0
1480508523254340894,421,1480508523251676212,,0,0,46.5185279846,6.56647634506,2.77602830977e-40,1.0,0.0,0.0,0.0,1.0,0.0,0.0,0.0,1.0,0
1480508523986167535,422,1480508523974765578,,0,0,46.5185089111,6.56649875641,2.77602830977e-40,1.0,0.0,0.0,0.0,1.0,0.0,0.0,0.0,1.0,0
1480508524337005286,423,1480508524335457112,,0,0,46.518535614,6.56654405594,2.77602830977e-40,1.0,0.0,0.0,0.0,1.0,0.0,0.0,0.0,1.0,0
1480508524573699249,424,1480508524571654618,,0,0,46.5185432434,6.56655311584,2.77602830977e-40,1.0,0.0,0.0,0.0,1.0,0.0,0.0,0.0,1.0,0
1480508524867347216,425,1480508524864742065,,0,0,46.5185165405,6.56656932831,2.77602830977e-40,1.0,0.0,0.0,0.0,1.0,0.0,0.0,0.0,1.0,0
1480508525095416874,426,1480508525092687452,,0,0,46.5185279846,6.56658315659,2.77602830977e-40,1.0,0.0,0.0,0.0,1.0,0.0,0.0,0.0,1.0,0
1480508525344817480,427,1480508525343138577,,0,0,46.5185241699,6.56658411026,2.77602830977e-40,1.0,0.0,0.0,0.0,1.0,0.0,0.0,0.0,1.0,0
1480508525572834169,428,1480508525569289697,,0,0,46.5185165405,6.56659936905,2.77602830977e-40,1.0,0.0,0.0,0.0,1.0,0.0,0.0,0.0,1.0,0
1480508525870538794,429,1480508525866357709,,0,0,46.5185203552,6.56661319733,2.77602830977e-40,1.0,0.0,0.0,0.0,1.0,0.0,0.0,0.0,1.0,0
1480508526173803409,430,1480508526170831280,,0,0,46.5185127258,6.56661272049,2.77602830977e-40,1.0,0.0,0.0,0.0,1.0,0.0,0.0,0.0,1.0,0
1480508526470102829,431,1480508526466303097,,0,0,46.5185241699,6.56663942337,2.77602830977e-40,1.0,0.0,0.0,0.0,1.0,0.0,0.0,0.0,1.0,0
1480508526755634666,432,1480508526753554514,,0,0,46.5185317993,6.56664276123,2.77602830977e-40,1.0,0.0,0.0,0.0,1.0,0.0,0.0,0.0,1.0,0
1480508527015067960,433,1480508527011205260,,0,0,46.5185317993,6.56665372849,2.77602830977e-40,1.0,0.0,0.0,0.0,1.0,0.0,0.0,0.0,1.0,0
1480508527275468388,434,1480508527273503705,,0,0,46.518535614,6.56665706635,2.77602830977e-40,1.0,0.0,0.0,0.0,1.0,0.0,0.0,0.0,1.0,0
1480508527594546201,435,1480508527591348603,,0,0,46.518535614,6.56666612625,2.77602830977e-40,1.0,0.0,0.0,0.0,1.0,0.0,0.0,0.0,1.0,0
1480508527817035714,436,1480508527814743218,,0,0,46.5185394287,6.56666278839,2.77602830977e-40,1.0,0.0,0.0,0.0,1.0,0.0,0.0,0.0,1.0,0
1480508527992898755,437,1480508527988096004,,0,0,46.5185432434,6.56666040421,2.77602830977e-40,1.0,0.0,0.0,0.0,1.0,0.0,0.0,0.0,1.0,0
1480508528203713082,438,1480508528200867723,,0,0,46.5185394287,6.56665468216,2.77602830977e-40,1.0,0.0,0.0,0.0,1.0,0.0,0.0,0.0,1.0,0
1480508528405070240,439,1480508528402052746,,0,0,46.5185394287,6.56666469574,2.77602830977e-40,1.0,0.0,0.0,0.0,1.0,0.0,0.0,0.0,1.0,0
1480508528674338202,440,1480508528669053525,,0,0,46.5185470581,6.56665372849,2.77602830977e-40,1.0,0.0,0.0,0.0,1.0,0.0,0.0,0.0,1.0,0
1480508528905078532,441,1480508528902364423,,0,0,46.5185203552,6.5666718483,2.77602830977e-40,1.0,0.0,0.0,0.0,1.0,0.0,0.0,0.0,1.0,0
1480508529099041902,442,1480508529096967375,,0,0,46.5185203552,6.56666612625,2.77602830977e-40,1.0,0.0,0.0,0.0,1.0,0.0,0.0,0.0,1.0,0
1480508529293112252,443,1480508529290648558,,0,0,46.5185012817,6.56664800644,2.77602830977e-40,1.0,0.0,0.0,0.0,1.0,0.0,0.0,0.0,1.0,0
1480508529513714007,444,1480508529508682663,,0,0,46.5184822083,6.56663799286,2.77602830977e-40,1.0,0.0,0.0,0.0,1.0,0.0,0.0,0.0,1.0,0
1480508529701239838,445,1480508529697524012,,0,0,46.5184593201,6.56664037704,2.77602830977e-40,1.0,0.0,0.0,0.0,1.0,0.0,0.0,0.0,1.0,0
1480508529905588605,446,1480508529901574186,,0,0,46.5184516907,6.56664466858,2.77602830977e-40,1.0,0.0,0.0,0.0,1.0,0.0,0.0,0.0,1.0,0
1480508530101216295,447,1480508530096632033,,0,0,46.5184440613,6.56664037704,2.77602830977e-40,1.0,0.0,0.0,0.0,1.0,0.0,0.0,0.0,1.0,0
1480508530307207819,448,1480508530302916004,,0,0,46.5184364319,6.56663179398,2.77602830977e-40,1.0,0.0,0.0,0.0,1.0,0.0,0.0,0.0,1.0,0
1480508530502006708,449,1480508530499375359,,0,0,46.5184249878,6.56662845612,2.77602830977e-40,1.0,0.0,0.0,0.0,1.0,0.0,0.0,0.0,1.0,0
1480508530701478610,450,1480508530694147634,,0,0,46.5184249878,6.56663227081,2.77602830977e-40,1.0,0.0,0.0,0.0,1.0,0.0,0.0,0.0,1.0,0
1480508530890909593,451,1480508530888970274,,0,0,46.5184249878,6.56661748886,2.77602830977e-40,1.0,0.0,0.0,0.0,1.0,0.0,0.0,0.0,1.0,0
1480508531100575693,452,1480508531098308562,,0,0,46.5184288025,6.56660890579,2.77602830977e-40,1.0,0.0,0.0,0.0,1.0,0.0,0.0,0.0,1.0,0
1480508531303107953,453,1480508531300513010,,0,0,46.5184249878,6.56661081314,2.77602830977e-40,1.0,0.0,0.0,0.0,1.0,0.0,0.0,0.0,1.0,0
1480508531496219398,454,1480508531494449870,,0,0,46.5184326172,6.56661939621,2.77602830977e-40,1.0,0.0,0.0,0.0,1.0,0.0,0.0,0.0,1.0,0
1480508531699224417,455,1480508531697504993,,0,0,46.5184288025,6.5666217804,2.77602830977e-40,1.0,0.0,0.0,0.0,1.0,0.0,0.0,0.0,1.0,0
1480508531894657680,456,1480508531892810705,,0,0,46.5184326172,6.56662273407,2.77602830977e-40,1.0,0.0,0.0,0.0,1.0,0.0,0.0,0.0,1.0,0
1480508532093702603,457,1480508532087825584,,0,0,46.5184326172,6.56662130356,2.77602830977e-40,1.0,0.0,0.0,0.0,1.0,0.0,0.0,0.0,1.0,0
1480508532296817466,458,1480508532294802418,,0,0,46.5184402466,6.5666179657,2.77602830977e-40,1.0,0.0,0.0,0.0,1.0,0.0,0.0,0.0,1.0,0
1480508532503269406,459,1480508532500803317,,0,0,46.5184516907,6.56662225723,2.77602830977e-40,1.0,0.0,0.0,0.0,1.0,0.0,0.0,0.0,1.0,0
1480508532693369867,460,1480508532690856747,,0,0,46.5184593201,6.56662464142,2.77602830977e-40,1.0,0.0,0.0,0.0,1.0,0.0,0.0,0.0,1.0,0
1480508532896944521,461,1480508532892859477,,0,0,46.5184669495,6.56663513184,2.77602830977e-40,1.0,0.0,0.0,0.0,1.0,0.0,0.0,0.0,1.0,0
1480508533101180735,462,1480508533098402199,,0,0,46.5184745789,6.56663942337,2.77602830977e-40,1.0,0.0,0.0,0.0,1.0,0.0,0.0,0.0,1.0,0
1480508533305011326,463,1480508533302796330,,0,0,46.5184860229,6.56664276123,2.77602830977e-40,1.0,0.0,0.0,0.0,1.0,0.0,0.0,0.0,1.0,0
1480508533495286735,464,1480508533488361071,,0,0,46.5184936523,6.56664657593,2.77602830977e-40,1.0,0.0,0.0,0.0,1.0,0.0,0.0,0.0,1.0,0
1480508533696474935,465,1480508533691976194,,0,0,46.5185012817,6.56664419174,2.77602830977e-40,1.0,0.0,0.0,0.0,1.0,0.0,0.0,0.0,1.0,0
1480508533899811464,466,1480508533897645218,,0,0,46.5185050964,6.56664466858,2.77602830977e-40,1.0,0.0,0.0,0.0,1.0,0.0,0.0,0.0,1.0,0
1480508534108604180,467,1480508534105503509,,0,0,46.5185089111,6.56664657593,2.77602830977e-40,1.0,0.0,0.0,0.0,1.0,0.0,0.0,0.0,1.0,0
1480508534298287872,468,1480508534292490487,,0,0,46.5185165405,6.56664991379,2.77602830977e-40,1.0,0.0,0.0,0.0,1.0,0.0,0.0,0.0,1.0,0
1480508534520120875,469,1480508534516488538,,0,0,46.5185279846,6.56665086746,2.77602830977e-40,1.0,0.0,0.0,0.0,1.0,0.0,0.0,0.0,1.0,0
1480508534701648124,470,1480508534699520992,,0,0,46.5185394287,6.56665039062,2.77602830977e-40,1.0,0.0,0.0,0.0,1.0,0.0,0.0,0.0,1.0,0
1480508534899754403,471,1480508534892273115,,0,0,46.5185508728,6.56665372849,2.77602830977e-40,1.0,0.0,0.0,0.0,1.0,0.0,0.0,0.0,1.0,0
1480508535097224172,472,1480508535094939802,,0,0,46.5185585022,6.56666088104,2.77602830977e-40,1.0,0.0,0.0,0.0,1.0,0.0,0.0,0.0,1.0,0
1480508535294212901,473,1480508535291225772,,0,0,46.5185699463,6.56666469574,2.77602830977e-40,1.0,0.0,0.0,0.0,1.0,0.0,0.0,0.0,1.0,0
1480508535501272184,474,1480508535498905209,,0,0,46.5185813904,6.56666469574,2.77602830977e-40,1.0,0.0,0.0,0.0,1.0,0.0,0.0,0.0,1.0,0
1480508535705889700,475,1480508535702722831,,0,0,46.5185928345,6.56666994095,2.77602830977e-40,1.0,0.0,0.0,0.0,1.0,0.0,0.0,0.0,1.0,0
1480508535898751562,476,1480508535896324223,,0,0,46.5185928345,6.56666851044,2.77602830977e-40,1.0,0.0,0.0,0.0,1.0,0.0,0.0,0.0,1.0,0
1480508536105748240,477,1480508536102827204,,0,0,46.5185928345,6.5666680336,2.77602830977e-40,1.0,0.0,0.0,0.0,1.0,0.0,0.0,0.0,1.0,0
1480508536293831101,478,1480508536284122214,,0,0,46.5186195374,6.56667470932,2.77602830977e-40,1.0,0.0,0.0,0.0,1.0,0.0,0.0,0.0,1.0,0
1480508536499430178,479,1480508536496764870,,0,0,46.5186424255,6.56668138504,2.77602830977e-40,1.0,0.0,0.0,0.0,1.0,0.0,0.0,0.0,1.0,0
1480508536697157239,480,1480508536690429387,,0,0,46.5186576843,6.5666847229,2.77602830977e-40,1.0,0.0,0.0,0.0,1.0,0.0,0.0,0.0,1.0,0
1480508536897290753,481,1480508536893225449,,0,0,46.5186309814,6.56668233871,2.77602830977e-40,1.0,0.0,0.0,0.0,1.0,0.0,0.0,0.0,1.0,0
1480508537099263483,482,1480508537095587500,,0,0,46.5185813904,6.5666718483,2.77602830977e-40,1.0,0.0,0.0,0.0,1.0,0.0,0.0,0.0,1.0,0
1480508537289178424,483,1480508537282893123,,0,0,46.5185317993,6.56665658951,2.77602830977e-40,1.0,0.0,0.0,0.0,1.0,0.0,0.0,0.0,1.0,0
1480508537495024010,484,1480508537488909595,,0,0,46.5185012817,6.56665325165,2.77602830977e-40,1.0,0.0,0.0,0.0,1.0,0.0,0.0,0.0,1.0,0
1480508537675942562,485,1480508537673169130,,0,0,46.5185241699,6.56665802002,2.77602830977e-40,1.0,0.0,0.0,0.0,1.0,0.0,0.0,0.0,1.0,0
1480508537899518739,486,1480508537897392910,,0,0,46.5185432434,6.56666517258,2.77602830977e-40,1.0,0.0,0.0,0.0,1.0,0.0,0.0,0.0,1.0,0
1480508538104642973,487,1480508538102407613,,0,0,46.5185432434,6.56666707993,2.77602830977e-40,1.0,0.0,0.0,0.0,1.0,0.0,0.0,0.0,1.0,0
1480508538297870876,488,1480508538295245204,,0,0,46.5185508728,6.56666374207,2.77602830977e-40,1.0,0.0,0.0,0.0,1.0,0.0,0.0,0.0,1.0,0
1480508538491342841,489,1480508538487868473,,0,0,46.5185585022,6.56666088104,2.77602830977e-40,1.0,0.0,0.0,0.0,1.0,0.0,0.0,0.0,1.0,0
1480508538684772619,490,1480508538682737831,,0,0,46.5185623169,6.56666088104,2.77602830977e-40,1.0,0.0,0.0,0.0,1.0,0.0,0.0,0.0,1.0,0
1480508538882067389,491,1480508538878897864,,0,0,46.5185279846,6.56665420532,2.77602830977e-40,1.0,0.0,0.0,0.0,1.0,0.0,0.0,0.0,1.0,0
1480508539070373114,492,1480508539067566141,,0,0,46.5185394287,6.56665658951,2.77602830977e-40,1.0,0.0,0.0,0.0,1.0,0.0,0.0,0.0,1.0,0
1480508539274644433,493,1480508539272826989,,0,0,46.5185203552,6.56664848328,2.77602830977e-40,1.0,0.0,0.0,0.0,1.0,0.0,0.0,0.0,1.0,0
1480508539483976263,494,1480508539480856321,,0,0,46.5185279846,6.56665468216,2.77602830977e-40,1.0,0.0,0.0,0.0,1.0,0.0,0.0,0.0,1.0,0
1480508539726674173,495,1480508539724594750,,0,0,46.5185127258,6.56665420532,2.77602830977e-40,1.0,0.0,0.0,0.0,1.0,0.0,0.0,0.0,1.0,0
1480508539886091778,496,1480508539883874387,,0,0,46.5185127258,6.56666994095,2.77602830977e-40,1.0,0.0,0.0,0.0,1.0,0.0,0.0,0.0,1.0,0
1480508540093467883,497,1480508540086519667,,0,0,46.5185012817,6.56667518616,2.77602830977e-40,1.0,0.0,0.0,0.0,1.0,0.0,0.0,0.0,1.0,0
1480508540298554304,498,1480508540292110983,,0,0,46.5184898376,6.56666612625,2.77602830977e-40,1.0,0.0,0.0,0.0,1.0,0.0,0.0,0.0,1.0,0
1480508540478741608,499,1480508540476671820,,0,0,46.5185012817,6.5666718483,2.77602830977e-40,1.0,0.0,0.0,0.0,1.0,0.0,0.0,0.0,1.0,0
1480508540694835247,500,1480508540692600825,,0,0,46.5185127258,6.56668376923,2.77602830977e-40,1.0,0.0,0.0,0.0,1.0,0.0,0.0,0.0,1.0,0
1480508540888981065,501,1480508540886834507,,0,0,46.5185203552,6.5666809082,2.77602830977e-40,1.0,0.0,0.0,0.0,1.0,0.0,0.0,0.0,1.0,0
1480508541084654172,502,1480508541082508082,,0,0,46.5185050964,6.56666946411,2.77602830977e-40,1.0,0.0,0.0,0.0,1.0,0.0,0.0,0.0,1.0,0
1480508541290144186,503,1480508541287920441,,0,0,46.5185127258,6.56670713425,2.77602830977e-40,1.0,0.0,0.0,0.0,1.0,0.0,0.0,0.0,1.0,0
1480508541493460247,504,1480508541489157026,,0,0,46.5185127258,6.56669235229,2.77602830977e-40,1.0,0.0,0.0,0.0,1.0,0.0,0.0,0.0,1.0,0
1480508541687720127,505,1480508541684904195,,0,0,46.5185012817,6.56668186188,2.77602830977e-40,1.0,0.0,0.0,0.0,1.0,0.0,0.0,0.0,1.0,0
1480508541880743916,506,1480508541878285066,,0,0,46.5185089111,6.56668806076,2.77602830977e-40,1.0,0.0,0.0,0.0,1.0,0.0,0.0,0.0,1.0,0
1480508542086385753,507,1480508542082260813,,0,0,46.5185279846,6.56669855118,2.77602830977e-40,1.0,0.0,0.0,0.0,1.0,0.0,0.0,0.0,1.0,0
1480508542302859496,508,1480508542299008149,,0,0,46.5185241699,6.56669330597,2.77602830977e-40,1.0,0.0,0.0,0.0,1.0,0.0,0.0,0.0,1.0,0
1480508542487072573,509,1480508542484896743,,0,0,46.5185089111,6.56667232513,2.77602830977e-40,1.0,0.0,0.0,0.0,1.0,0.0,0.0,0.0,1.0,0
1480508542704813240,510,1480508542702472672,,0,0,46.5185127258,6.56666469574,2.77602830977e-40,1.0,0.0,0.0,0.0,1.0,0.0,0.0,0.0,1.0,0
1480508542900605669,511,1480508542897957029,,0,0,46.5185203552,6.56667709351,2.77602830977e-40,1.0,0.0,0.0,0.0,1.0,0.0,0.0,0.0,1.0,0
1480508543094645654,512,1480508543092401700,,0,0,46.5185050964,6.56666088104,2.77602830977e-40,1.0,0.0,0.0,0.0,1.0,0.0,0.0,0.0,1.0,0
1480508543293818546,513,1480508543286593351,,0,0,46.5185089111,6.56666755676,2.77602830977e-40,1.0,0.0,0.0,0.0,1.0,0.0,0.0,0.0,1.0,0
1480508543491495034,514,1480508543489792433,,0,0,46.5185203552,6.56667757034,2.77602830977e-40,1.0,0.0,0.0,0.0,1.0,0.0,0.0,0.0,1.0,0
1480508543699077752,515,1480508543691624642,,0,0,46.5185203552,6.56668138504,2.77602830977e-40,1.0,0.0,0.0,0.0,1.0,0.0,0.0,0.0,1.0,0
1480508543887856550,516,1480508543886157907,,0,0,46.5185127258,6.56666851044,2.77602830977e-40,1.0,0.0,0.0,0.0,1.0,0.0,0.0,0.0,1.0,0
1480508544095517758,517,1480508544093376147,,0,0,46.5185050964,6.56666660309,2.77602830977e-40,1.0,0.0,0.0,0.0,1.0,0.0,0.0,0.0,1.0,0
1480508544296574604,518,1480508544288546911,,0,0,46.5184936523,6.56666088104,2.77602830977e-40,1.0,0.0,0.0,0.0,1.0,0.0,0.0,0.0,1.0,0
1480508544495054111,519,1480508544483386478,,0,0,46.5184898376,6.56665086746,2.77602830977e-40,1.0,0.0,0.0,0.0,1.0,0.0,0.0,0.0,1.0,0
1480508544730302557,520,1480508544727740635,,0,0,46.5184898376,6.56665039062,2.77602830977e-40,1.0,0.0,0.0,0.0,1.0,0.0,0.0,0.0,1.0,0
1480508544900954567,521,1480508544899166549,,0,0,46.5184898376,6.5666475296,2.77602830977e-40,1.0,0.0,0.0,0.0,1.0,0.0,0.0,0.0,1.0,0
1480508545095105905,522,1480508545093250336,,0,0,46.5184898376,6.56664896011,2.77602830977e-40,1.0,0.0,0.0,0.0,1.0,0.0,0.0,0.0,1.0,0
1480508545294868327,523,1480508545292292811,,0,0,46.518497467,6.56666231155,2.77602830977e-40,1.0,0.0,0.0,0.0,1.0,0.0,0.0,0.0,1.0,0
1480508545497840586,524,1480508545494091322,,0,0,46.5184936523,6.56665897369,2.77602830977e-40,1.0,0.0,0.0,0.0,1.0,0.0,0.0,0.0,1.0,0
1480508545697650299,525,1480508545691896300,,0,0,46.5184936523,6.56666660309,2.77602830977e-40,1.0,0.0,0.0,0.0,1.0,0.0,0.0,0.0,1.0,0
1480508545915292946,526,1480508545904283124,,0,0,46.5184898376,6.56666374207,2.77602830977e-40,1.0,0.0,0.0,0.0,1.0,0.0,0.0,0.0,1.0,0
1480508546095826447,527,1480508546090341405,,0,0,46.5184898376,6.56666564941,2.77602830977e-40,1.0,0.0,0.0,0.0,1.0,0.0,0.0,0.0,1.0,0
1480508546305624942,528,1480508546298791622,,0,0,46.5184936523,6.56666755676,2.77602830977e-40,1.0,0.0,0.0,0.0,1.0,0.0,0.0,0.0,1.0,0
1480508546524150556,529,1480508546520783740,,0,0,46.5184898376,6.56665992737,2.77602830977e-40,1.0,0.0,0.0,0.0,1.0,0.0,0.0,0.0,1.0,0
1480508546697210582,530,1480508546694503868,,0,0,46.5184936523,6.56667137146,2.77602830977e-40,1.0,0.0,0.0,0.0,1.0,0.0,0.0,0.0,1.0,0
1480508546890330516,531,1480508546888272968,,0,0,46.5184898376,6.56666231155,2.77602830977e-40,1.0,0.0,0.0,0.0,1.0,0.0,0.0,0.0,1.0,0
1480508547094578502,532,1480508547091299706,,0,0,46.5184936523,6.56666231155,2.77602830977e-40,1.0,0.0,0.0,0.0,1.0,0.0,0.0,0.0,1.0,0
1480508547295599827,533,1480508547289784578,,0,0,46.5184898376,6.56665897369,2.77602830977e-40,1.0,0.0,0.0,0.0,1.0,0.0,0.0,0.0,1.0,0
1480508547496937246,534,1480508547495027510,,0,0,46.5184898376,6.56666278839,2.77602830977e-40,1.0,0.0,0.0,0.0,1.0,0.0,0.0,0.0,1.0,0
1480508547693699048,535,1480508547691012699,,0,0,46.5184898376,6.56666517258,2.77602830977e-40,1.0,0.0,0.0,0.0,1.0,0.0,0.0,0.0,1.0,0
1480508547900961090,536,1480508547898734897,,0,0,46.5184936523,6.56666707993,2.77602830977e-40,1.0,0.0,0.0,0.0,1.0,0.0,0.0,0.0,1.0,0
1480508548098315600,537,1480508548095178054,,0,0,46.5184936523,6.56666517258,2.77602830977e-40,1.0,0.0,0.0,0.0,1.0,0.0,0.0,0.0,1.0,0
1480508548299987132,538,1480508548298199740,,0,0,46.5184936523,6.56666183472,2.77602830977e-40,1.0,0.0,0.0,0.0,1.0,0.0,0.0,0.0,1.0,0
1480508548503013662,539,1480508548500168407,,0,0,46.5184936523,6.56666183472,2.77602830977e-40,1.0,0.0,0.0,0.0,1.0,0.0,0.0,0.0,1.0,0
1480508548678436392,540,1480508548675122596,,0,0,46.5184936523,6.5666642189,2.77602830977e-40,1.0,0.0,0.0,0.0,1.0,0.0,0.0,0.0,1.0,0
1480508548894349094,541,1480508548890171342,,0,0,46.5184936523,6.56667041779,2.77602830977e-40,1.0,0.0,0.0,0.0,1.0,0.0,0.0,0.0,1.0,0
1480508549100027233,542,1480508549097741456,,0,0,46.5184936523,6.5666680336,2.77602830977e-40,1.0,0.0,0.0,0.0,1.0,0.0,0.0,0.0,1.0,0
1480508549297455284,543,1480508549295186382,,0,0,46.5184936523,6.56667327881,2.77602830977e-40,1.0,0.0,0.0,0.0,1.0,0.0,0.0,0.0,1.0,0
1480508549495735677,544,1480508549493321515,,0,0,46.5184936523,6.56667280197,2.77602830977e-40,1.0,0.0,0.0,0.0,1.0,0.0,0.0,0.0,1.0,0
1480508549693860810,545,1480508549691042378,,0,0,46.5184936523,6.56666707993,2.77602830977e-40,1.0,0.0,0.0,0.0,1.0,0.0,0.0,0.0,1.0,0
1480508549896517445,546,1480508549894297762,,0,0,46.518497467,6.56666612625,2.77602830977e-40,1.0,0.0,0.0,0.0,1.0,0.0,0.0,0.0,1.0,0
1480508550079166306,547,1480508550076790477,,0,0,46.518497467,6.5666642189,2.77602830977e-40,1.0,0.0,0.0,0.0,1.0,0.0,0.0,0.0,1.0,0
1480508550303394617,548,1480508550300536758,,0,0,46.518497467,6.56666326523,2.77602830977e-40,1.0,0.0,0.0,0.0,1.0,0.0,0.0,0.0,1.0,0
1480508550500223347,549,1480508550497166425,,0,0,46.5184936523,6.56665945053,2.77602830977e-40,1.0,0.0,0.0,0.0,1.0,0.0,0.0,0.0,1.0,0
1480508550708359033,550,1480508550701405557,,0,0,46.5184936523,6.56666183472,2.77602830977e-40,1.0,0.0,0.0,0.0,1.0,0.0,0.0,0.0,1.0,0
1480508550920595336,551,1480508550907153123,,0,0,46.5184936523,6.56666231155,2.77602830977e-40,1.0,0.0,0.0,0.0,1.0,0.0,0.0,0.0,1.0,0
1480508551098765144,552,1480508551092283542,,0,0,46.5184936523,6.56666183472,2.77602830977e-40,1.0,0.0,0.0,0.0,1.0,0.0,0.0,0.0,1.0,0
1480508551300165635,553,1480508551295441946,,0,0,46.5184936523,6.56666469574,2.77602830977e-40,1.0,0.0,0.0,0.0,1.0,0.0,0.0,0.0,1.0,0
