%time,field.header.seq,field.header.stamp,field.header.frame_id,field.temperature,field.variance
1476208311759218939,320,1476208311568608999,,1493.0,-0.639999985695
1476208311759740032,321,1476208311600716228,,1494.0,-0.639999985695
1476208311759787845,322,1476208311629039975,,1493.0,-0.639999985695
1476208311759925500,323,1476208311657459711,,1493.0,-0.639999985695
1476208311760166438,324,1476208311689471055,,1493.0,-0.800000011921
1476208311760211958,325,1476208311725999577,,1494.0,-0.639999985695
1476208311797034543,326,1476208311754747854,,1493.0,-0.479999989271
1476208311800855733,327,1476208311787286124,,1494.0,-0.639999985695
1476208311829599479,328,1476208311813927843,,1494.0,-0.479999989271
1476208311856873592,329,1476208311845926791,,1493.0,-0.639999985695
1476208311891386650,330,1476208311884639059,,1494.0,-0.479999989271
1476208311918330400,331,1476208311912931348,,1493.0,-0.639999985695
1476208311952000646,332,1476208311944518942,,1494.0,-0.479999989271
1476208311976705025,333,1476208311972282482,,1493.0,-0.639999985695
1476208312000164250,334,1476208311995606551,,1494.0,-0.639999985695
1476208312023221132,335,1476208312018448433,,1494.0,-0.639999985695
1476208312056333568,336,1476208312043985675,,1494.0,-0.639999985695
1476208312073567492,337,1476208312066438860,,1494.0,-0.639999985695
1476208312099348119,338,1476208312093945213,,1494.0,-0.479999989271
1476208312152533953,339,1476208312115032359,,1489.0,-0.639999985695
1476208312153096295,340,1476208312136575182,,1495.0,-0.479999989271
1476208312201296722,341,1476208312159337585,,1494.0,-0.479999989271
1476208312201356566,342,1476208312181741187,,1493.0,-0.639999985695
1476208312208383323,343,1476208312204311925,,1493.0,-0.639999985695
1476208312235837019,344,1476208312226273132,,1493.0,-0.639999985695
1476208312255260575,345,1476208312246226739,,1494.0,-0.639999985695
1476208312419109318,346,1476208312266311751,,1493.0,-0.479999989271
1476208312419183120,347,1476208312283340416,,1494.0,-0.479999989271
1476208312419236765,348,1476208312298254710,,1494.0,-0.479999989271
1476208312419274526,349,1476208312318163004,,1494.0,-0.639999985695
1476208312419308536,350,1476208312330272564,,1494.0,-0.639999985695
1476208312419341088,351,1476208312349613047,,1493.0,-0.639999985695
1476208312419876868,352,1476208312375662736,,1493.0,-0.639999985695
1476208312429489297,353,1476208312393224212,,1493.0,-0.639999985695
1476208312429892526,354,1476208312408648244,,1494.0,-0.479999989271
1476208312430297942,355,1476208312425741544,,1494.0,-0.479999989271
1476208312497575831,356,1476208312444647497,,1494.0,-0.479999989271
1476208312497864685,357,1476208312463777928,,1493.0,-0.639999985695
1476208312498190726,358,1476208312483270234,,1494.0,-0.639999985695
1476208312506640188,359,1476208312503191393,,1494.0,-0.639999985695
1476208312530682433,360,1476208312522999688,,1493.0,-0.479999989271
1476208312557126496,361,1476208312543135951,,1493.0,-0.800000011921
1476208312568249912,362,1476208312562978047,,1493.0,-0.639999985695
1476208312597204230,363,1476208312587977790,,1493.0,-0.639999985695
1476208312620240488,364,1476208312603234844,,1494.0,-0.479999989271
1476208312642322528,365,1476208312623404283,,1494.0,-0.639999985695
1476208312664868369,366,1476208312652212040,,1494.0,-0.639999985695
1476208312689448842,367,1476208312663374570,,1494.0,-0.639999985695
1476208312689813841,368,1476208312684161977,,1494.0,-0.639999985695
1476208312714880199,369,1476208312703407304,,1493.0,-0.479999989271
1476208312736053334,370,1476208312727319653,,1494.0,-0.639999985695
1476208312756216055,371,1476208312747982165,,1494.0,-0.639999985695
1476208312777869346,372,1476208312769124363,,1494.0,-0.639999985695
1476208312798193890,373,1476208312789457449,,1494.0,-0.479999989271
1476208312882119924,374,1476208312813617818,,1494.0,-0.639999985695
1476208312882627475,375,1476208312836576940,,1494.0,-0.479999989271
1476208312883122266,376,1476208312858070804,,1494.0,-0.479999989271
1476208313040895760,377,1476208312876253373,,1493.0,-0.639999985695
1476208313042336434,378,1476208312909883880,,1493.0,-0.639999985695
1476208313042535653,379,1476208312932719461,,1494.0,-0.639999985695
1476208313042705756,380,1476208312950556718,,1494.0,-0.639999985695
1476208313043075235,381,1476208312965773302,,1494.0,-0.639999985695
1476208313043115964,382,1476208312994016164,,1493.0,-0.639999985695
1476208313129167358,383,1476208313026787142,,1494.0,-0.479999989271
1476208313129209442,384,1476208313040499407,,1493.0,-0.639999985695
1476208313131168344,385,1476208313057921143,,1494.0,-0.479999989271
1476208313134782243,386,1476208313076070118,,1494.0,-0.639999985695
1476208313135145628,387,1476208313098040180,,1494.0,-0.479999989271
1476208313386082326,388,1476208313139673953,,1494.0,-0.479999989271
1476208313386119148,389,1476208313155343453,,1493.0,-0.639999985695
1476208313386155763,390,1476208313169942487,,1494.0,-0.639999985695
1476208313386196284,391,1476208313183112722,,1494.0,-0.479999989271
1476208313386230659,392,1476208313198692952,,1494.0,-0.479999989271
1476208313386274617,393,1476208313211624750,,1494.0,-0.479999989271
1476208313386310711,394,1476208313238579905,,1494.0,-0.479999989271
1476208313386345711,395,1476208313281462061,,1494.0,-0.639999985695
1476208313386380294,396,1476208313334015761,,1494.0,-0.479999989271
1476208313386413419,397,1476208313376530365,,1494.0,-0.479999989271
1476208313439692429,398,1476208313426383497,,1494.0,-0.639999985695
1476208313486275568,399,1476208313447290644,,1494.0,-0.479999989271
1476208313486646296,400,1476208313467043209,,1494.0,-0.479999989271
1476208313521843727,401,1476208313494436906,,1494.0,-0.639999985695
1476208313534549015,402,1476208313520097064,,1495.0,-0.479999989271
1476208313562642345,403,1476208313533306778,,1494.0,-0.639999985695
1476208313562733647,404,1476208313544882536,,1494.0,-0.639999985695
1476208313626144305,405,1476208313571433110,,1493.0,-0.639999985695
1476208313626206076,406,1476208313593532389,,1494.0,-0.479999989271
1476208313626245450,407,1476208313612309436,,1493.0,-0.639999985695
1476208313689645223,408,1476208313632031064,,1494.0,-0.639999985695
1476208313689686316,409,1476208313653136388,,1494.0,-0.479999989271
1476208313689803139,410,1476208313668856357,,1494.0,-0.479999989271
1476208313689899493,411,1476208313683653411,,1494.0,-0.639999985695
1476208313776720000,412,1476208313706265190,,1494.0,-0.639999985695
1476208313776992656,413,1476208313724074634,,1494.0,-0.479999989271
1476208313777034167,414,1476208313744578397,,1494.0,-0.479999989271
1476208313783723737,415,1476208313760852115,,1494.0,-0.479999989271
1476208313793566634,416,1476208313784030090,,1494.0,-0.639999985695
1476208313858396820,417,1476208313807449055,,1494.0,-0.639999985695
1476208313858732653,418,1476208313824995583,,1493.0,-0.639999985695
1476208313861244002,419,1476208313841572843,,1494.0,-0.479999989271
1476208313875771474,420,1476208313865448056,,1493.0,-0.639999985695
1476208313900692831,421,1476208313890305768,,1494.0,-0.159999996424
1476208313953286427,422,1476208313917462174,,1494.0,-0.479999989271
1476208313953335749,423,1476208313921792842,,1494.0,-0.479999989271
1476208313953376635,424,1476208313944375142,,1493.0,-0.639999985695
1476208313998898994,425,1476208313970250248,,1493.0,-0.639999985695
1476208314008130851,426,1476208314000056335,,1494.0,-0.639999985695
1476208314082644299,427,1476208314020484629,,1493.0,-0.639999985695
1476208314083624349,428,1476208314038147823,,1494.0,-0.479999989271
1476208314084153984,429,1476208314052950659,,1494.0,-0.639999985695
1476208314084578879,430,1476208314070548489,,1494.0,-0.479999989271
1476208314110768827,431,1476208314087164394,,1494.0,-0.479999989271
1476208314111157420,432,1476208314103506810,,1493.0,-0.639999985695
1476208314136365496,433,1476208314122244482,,1494.0,-0.639999985695
1476208314150557500,434,1476208314140847675,,1494.0,-0.639999985695
1476208314175583493,435,1476208314163577214,,1494.0,-0.639999985695
1476208314189605757,436,1476208314181765512,,1493.0,-0.639999985695
1476208314214107897,437,1476208314203038751,,1493.0,-0.639999985695
1476208314235168064,438,1476208314226263342,,1494.0,-0.639999985695
1476208314246016376,439,1476208314240538001,,1494.0,-0.639999985695
1476208314275359548,440,1476208314265386442,,1494.0,-0.479999989271
1476208314292567170,441,1476208314282257972,,1494.0,-0.479999989271
1476208314315180616,442,1476208314306432195,,1494.0,-0.639999985695
1476208314333284383,443,1476208314321258364,,1493.0,-0.639999985695
1476208314348635655,444,1476208314341638898,,1493.0,-0.639999985695
1476208314375540863,445,1476208314362517919,,1493.0,-0.639999985695
1476208314392144528,446,1476208314383158973,,1494.0,-0.479999989271
1476208314415645159,447,1476208314401292010,,1494.0,-0.479999989271
1476208314440585527,448,1476208314431714972,,1494.0,-0.479999989271
1476208314515606943,449,1476208314461764861,,1494.0,-0.639999985695
1476208314516108349,450,1476208314481644978,,1493.0,-0.639999985695
1476208314516501629,451,1476208314504350247,,1493.0,-0.639999985695
1476208314554905877,452,1476208314532212067,,1493.0,-0.639999985695
1476208314572837404,453,1476208314555515407,,1493.0,-0.639999985695
1476208314579362913,454,1476208314574539901,,1493.0,-0.639999985695
1476208314625927457,455,1476208314595930224,,1494.0,-0.639999985695
1476208314634338066,456,1476208314622500380,,1493.0,-0.639999985695
1476208314634556607,457,1476208314630944843,,1493.0,-0.479999989271
1476208314678125272,458,1476208314649999650,,1494.0,-0.639999985695
1476208314678403553,459,1476208314669606382,,1494.0,-0.639999985695
1476208314686148433,460,1476208314684573905,,1494.0,-0.479999989271
1476208314720998157,461,1476208314709571252,,1492.0,-0.479999989271
1476208314738638279,462,1476208314724683254,,1493.0,-0.639999985695
1476208314751685232,463,1476208314745337849,,1493.0,-0.639999985695
1476208314778051379,464,1476208314765209737,,1493.0,-0.639999985695
1476208314795250460,465,1476208314785862614,,1494.0,-0.479999989271
1476208314819873328,466,1476208314806280699,,1494.0,-0.479999989271
1476208314855735342,467,1476208314839619852,,1493.0,-0.639999985695
1476208314855967216,468,1476208314848290513,,1493.0,-0.639999985695
1476208314881490083,469,1476208314874736242,,1493.0,-0.639999985695
1476208314900109370,470,1476208314894816620,,1493.0,-0.639999985695
1476208314932511911,471,1476208314921953181,,1494.0,-0.479999989271
1476208314949409690,472,1476208314942280954,,1494.0,-0.479999989271
1476208314981571294,473,1476208314975124796,,1494.0,-0.479999989271
1476208315006731870,474,1476208315000685423,,1493.0,-0.639999985695
1476208315234322884,475,1476208315022270277,,1493.0,-0.639999985695
1476208315234677466,476,1476208315042173571,,1494.0,-0.639999985695
1476208315234981476,477,1476208315061692648,,1494.0,-0.639999985695
1476208315235283715,478,1476208315082026775,,1494.0,-0.479999989271
1476208315235564340,479,1476208315104204336,,1494.0,-0.479999989271
1476208315235830329,480,1476208315124227474,,1493.0,-0.639999985695
1476208315239768446,481,1476208315144882017,,1494.0,-0.639999985695
1476208315240092560,482,1476208315165847757,,1494.0,-0.639999985695
1476208315240394643,483,1476208315187233601,,1494.0,-0.479999989271
1476208315240864329,484,1476208315208568090,,1494.0,-0.479999989271
1476208315241303599,485,1476208315230284298,,1493.0,-0.479999989271
1476208315678028268,486,1476208315251959516,,1493.0,-0.639999985695
1476208315678325142,487,1476208315271669738,,1493.0,-0.639999985695
1476208315678618371,488,1476208315291942355,,1493.0,-0.639999985695
1476208315678923474,489,1476208315311332681,,1494.0,-0.639999985695
1476208315684716119,490,1476208315334513261,,1493.0,-0.639999985695
1476208315684770650,491,1476208315353952129,,1493.0,-0.639999985695
1476208315685065910,492,1476208315374529329,,1493.0,-0.639999985695
1476208315685372472,493,1476208315396123141,,1494.0,-0.639999985695
1476208315685421951,494,1476208315415696332,,1493.0,-0.639999985695
1476208315685464711,495,1476208315439192015,,1494.0,-0.479999989271
1476208315685717471,496,1476208315460969785,,1494.0,-0.639999985695
1476208315686002471,497,1476208315482480212,,1494.0,-0.639999985695
1476208315686270804,498,1476208315504021628,,1493.0,-0.639999985695
1476208315686579397,499,1476208315525796273,,1493.0,-0.639999985695
1476208315686834917,500,1476208315546989878,,1493.0,-0.639999985695
1476208315692084126,501,1476208315568893324,,1494.0,-0.479999989271
1476208315692168709,502,1476208315591325468,,1494.0,-0.479999989271
1476208315692211990,503,1476208315614898287,,1494.0,-0.639999985695
1476208315692246990,504,1476208315634867571,,1494.0,-0.479999989271
1476208315692733499,505,1476208315656427008,,1494.0,-0.479999989271
1476208315692784385,506,1476208315678519100,,1494.0,-0.479999989271
1476208316275731944,507,1476208315701540617,,1494.0,-0.479999989271
1476208316276018402,508,1476208315726500829,,1494.0,-0.639999985695
1476208316276267985,509,1476208315751417812,,1494.0,-0.639999985695
1476208316277736576,510,1476208315776297034,,1493.0,-0.639999985695
1476208316277793711,511,1476208315801260579,,1494.0,-0.479999989271
1476208316278217200,512,1476208315822655329,,1494.0,-0.639999985695
1476208316278262044,513,1476208315851975011,,1495.0,-0.479999989271
1476208316278562303,514,1476208315863284781,,1495.0,-0.479999989271
1476208316278848084,515,1476208315874636373,,1493.0,-0.639999985695
1476208316279166365,516,1476208315918520194,,1494.0,-0.639999985695
1476208316280236779,517,1476208315953022574,,1494.0,-0.479999989271
1476208316280531831,518,1476208315979741533,,1494.0,-0.479999989271
1476208316280797559,519,1476208316002662894,,1494.0,-0.479999989271
1476208316281051726,520,1476208316027232377,,1494.0,-0.479999989271
1476208316281311256,521,1476208316046376090,,1494.0,-0.479999989271
1476208316282270942,522,1476208316070116877,,1494.0,-0.479999989271
1476208316282738545,523,1476208316091889335,,1494.0,-0.479999989271
1476208316283411356,524,1476208316116201318,,1494.0,-0.639999985695
1476208316283799272,525,1476208316137325860,,1493.0,-0.639999985695
1476208316283848126,526,1476208316156826343,,1494.0,-0.639999985695
1476208316284100261,527,1476208316174724746,,1494.0,-0.639999985695
1476208316284382136,528,1476208316201770422,,1494.0,-0.639999985695
1476208316285339998,529,1476208316207406244,,1493.0,-0.639999985695
1476208316285812550,530,1476208316246820282,,1493.0,-0.639999985695
1476208316332659698,531,1476208316302463507,,1494.0,-0.479999989271
1476208316362540108,532,1476208316356763401,,1493.0,-0.639999985695
1476208316403466487,533,1476208316397133999,,1494.0,-0.159999996424
1476208316421033275,534,1476208316418755467,,1494.0,-0.479999989271
1476208316488143613,535,1476208316435272414,,1494.0,-0.479999989271
1476208316488611789,536,1476208316456237946,,1493.0,-0.639999985695
1476208316491919804,537,1476208316470789532,,1494.0,-0.639999985695
1476208316513628928,538,1476208316490139026,,1494.0,-0.479999989271
1476208316514031427,539,1476208316500764890,,1494.0,-0.639999985695
1476208316590882110,540,1476208316542427778,,1494.0,-0.639999985695
1476208316596806265,541,1476208316589001385,,1494.0,-0.479999989271
1476208316749132583,542,1476208316622694236,,1493.0,-0.639999985695
1476208316751771119,543,1476208316642775499,,1493.0,-0.639999985695
1476208316752128306,544,1476208316663857437,,1494.0,-0.639999985695
1476208316754057573,545,1476208316681058288,,1494.0,-0.639999985695
1476208316756596162,546,1476208316700576584,,1494.0,-0.639999985695
1476208316756963036,547,1476208316718890350,,1494.0,-0.479999989271
1476208316770206812,548,1476208316745044101,,1494.0,-0.479999989271
1476208317053547613,549,1476208316777977005,,1493.0,-0.639999985695
1476208317053587665,550,1476208316807001740,,1494.0,-0.639999985695
1476208317053623759,551,1476208316832587159,,1494.0,-0.639999985695
1476208317053658811,552,1476208316857909714,,1494.0,-0.479999989271
1476208317053700425,553,1476208316885944711,,1493.0,-0.639999985695
1476208317053734540,554,1476208316910573257,,1491.0,-1.12000000477
1476208317053767248,555,1476208316936821018,,1495.0,-0.479999989271
1476208317057008127,556,1476208316961165502,,1493.0,-0.639999985695
1476208317057314533,557,1476208316987232795,,1494.0,-0.639999985695
1476208317057593751,558,1476208317009868219,,1493.0,-0.639999985695
1476208317059163904,559,1476208317035860721,,1494.0,-0.479999989271
1476208317174890762,560,1476208317060430464,,1494.0,-0.479999989271
1476208317174993730,561,1476208317083441044,,1494.0,-0.639999985695
1476208317175076126,562,1476208317107631570,,1494.0,-0.639999985695
1476208317177572319,563,1476208317132397095,,1494.0,-0.639999985695
1476208317177772996,564,1476208317155800591,,1493.0,-0.639999985695
1476208317185874178,565,1476208317175652531,,1494.0,-0.479999989271
1476208317200993836,566,1476208317196438220,,1493.0,-0.639999985695
1476208317226177120,567,1476208317221787754,,1495.0,-0.479999989271
1476208317246434320,568,1476208317241461153,,1493.0,-0.639999985695
1476208317268490371,569,1476208317258392265,,1493.0,-0.639999985695
1476208317287431011,570,1476208317275987960,,1493.0,-0.639999985695
1476208317304161759,571,1476208317296240942,,1494.0,-0.479999989271
1476208317352777237,572,1476208317335735187,,1494.0,-0.479999989271
1476208317382117701,573,1476208317366578669,,1494.0,-0.479999989271
1476208317424220431,574,1476208317399815531,,1494.0,-0.479999989271
1476208317472095494,575,1476208317428807037,,1493.0,-0.639999985695
1476208317493486494,576,1476208317459437550,,1494.0,-0.479999989271
1476208317518197435,577,1476208317489212127,,1494.0,-0.479999989271
1476208317518315352,578,1476208317506120271,,1494.0,-0.479999989271
1476208317541379421,579,1476208317527167834,,1494.0,-0.639999985695
1476208317601856074,580,1476208317546790244,,1494.0,-0.639999985695
1476208317601895918,581,1476208317566284529,,1494.0,-0.479999989271
1476208317601931491,582,1476208317577539038,,1493.0,-0.639999985695
1476208317622050462,583,1476208317617097607,,1493.0,-0.639999985695
1476208317648867441,584,1476208317644025054,,1494.0,-0.639999985695
1476208317685315390,585,1476208317680063786,,1494.0,-0.639999985695
1476208317727147704,586,1476208317721664903,,1493.0,-0.639999985695
1476208317769904913,587,1476208317757270093,,1494.0,-0.639999985695
1476208317807473068,588,1476208317797824858,,1493.0,-0.639999985695
1476208317869372791,589,1476208317841863522,,1493.0,-0.639999985695
1476208317886382498,590,1476208317873455440,,1493.0,-0.639999985695
1476208317918763945,591,1476208317908792402,,1494.0,-0.479999989271
1476208317995079317,592,1476208317940524736,,1494.0,-0.479999989271
1476208317995362858,593,1476208317972213528,,1494.0,-0.639999985695
1476208318089038196,594,1476208318002344667,,1495.0,-0.479999989271
1476208318089102310,595,1476208318035738821,,1494.0,-0.479999989271
1476208318089142466,596,1476208318061687520,,1493.0,-0.639999985695
1476208318302713716,597,1476208318092529231,,1494.0,-0.639999985695
1476208318303282986,598,1476208318121633132,,1494.0,-0.479999989271
1476208318304857566,599,1476208318149807035,,1494.0,-0.479999989271
1476208318305184701,600,1476208318183810615,,1493.0,-0.639999985695
1476208318305486263,601,1476208318209737596,,1494.0,-0.479999989271
1476208318305775741,602,1476208318239057799,,1494.0,-0.479999989271
1476208318307498863,603,1476208318269765655,,1494.0,-0.639999985695
1476208318307954383,604,1476208318296699769,,1494.0,-0.639999985695
1476208318825229883,605,1476208318329249341,,1493.0,-0.639999985695
1476208318825527070,606,1476208318355715071,,1493.0,-0.639999985695
1476208318825570091,607,1476208318380777574,,1494.0,-0.639999985695
1476208318825970819,608,1476208318409223039,,1494.0,-0.639999985695
1476208318826358892,609,1476208318440293500,,1494.0,-0.479999989271
1476208318826556704,610,1476208318468617090,,1494.0,-0.479999989271
1476208318826595818,611,1476208318495978755,,1494.0,-0.479999989271
1476208318826852641,612,1476208318526929060,,1494.0,-0.479999989271
1476208318827053994,613,1476208318551491616,,1494.0,-0.479999989271
1476208318827106911,614,1476208318576810004,,1494.0,-0.639999985695
1476208318827154723,615,1476208318607379580,,1494.0,-0.639999985695
1476208318827196182,616,1476208318632842655,,1493.0,-0.639999985695
1476208318827229567,617,1476208318660202029,,1493.0,-0.639999985695
1476208318827422379,618,1476208318690099158,,1495.0,-0.479999989271
1476208318827670347,619,1476208318720149099,,1493.0,-0.639999985695
1476208318827858732,620,1476208318733188032,,1493.0,-0.639999985695
1476208318827902482,621,1476208318768243484,,1494.0,-0.639999985695
1476208318828178159,622,1476208318777610237,,1494.0,-0.639999985695
1476208318828797220,623,1476208318798163478,,1494.0,-0.479999989271
1476208318829166334,624,1476208318814860529,,1494.0,-0.479999989271
1476208319154412001,625,1476208318838043817,,1494.0,-0.639999985695
1476208319154452939,626,1476208318866241574,,1494.0,-0.639999985695
1476208319154489136,627,1476208318895952141,,1493.0,-0.639999985695
1476208319154523459,628,1476208318917935327,,1493.0,-0.639999985695
1476208319154558928,629,1476208318941821322,,1494.0,-0.479999989271
1476208319154593563,630,1476208318968317260,,1493.0,-0.639999985695
1476208319154631792,631,1476208318993894971,,1496.0,-0.639999985695
1476208319154667678,632,1476208319019391640,,1494.0,-0.639999985695
1476208319154857834,633,1476208319041221337,,1493.0,-0.639999985695
1476208319154907156,634,1476208319078243348,,1494.0,-0.479999989271
1476208319155506739,635,1476208319106627094,,1494.0,-0.639999985695
1476208319155541114,636,1476208319122106231,,1493.0,-0.639999985695
1476208319156127258,637,1476208319139334635,,1493.0,-0.639999985695
1476208319180872835,638,1476208319163635316,,1494.0,-0.639999985695
1476208319209281165,639,1476208319183385851,,1493.0,-0.639999985695
1476208319209445540,640,1476208319200894254,,1493.0,-0.639999985695
1476208319234439345,641,1476208319219745572,,1494.0,-0.639999985695
1476208319260170857,642,1476208319239972928,,1494.0,-0.639999985695
1476208319288231844,643,1476208319260086430,,1494.0,-0.639999985695
1476208319295228862,644,1476208319279976027,,1494.0,-0.479999989271
1476208319311807631,645,1476208319301695099,,1493.0,-0.800000011921
1476208319351965522,646,1476208319324786096,,1493.0,-0.800000011921
1476208319352381615,647,1476208319346166262,,1495.0,-0.479999989271
1476208319388964043,648,1476208319359639882,,1493.0,-0.639999985695
1476208319390194197,649,1476208319380266039,,1493.0,-0.639999985695
1476208319411702593,650,1476208319400036261,,1494.0,-0.639999985695
1476208319429405631,651,1476208319421165282,,1494.0,-0.639999985695
1476208319447805647,652,1476208319439935402,,1494.0,-0.639999985695
1476208319468134201,653,1476208319460514893,,1493.0,-0.639999985695
1476208319490601449,654,1476208319479880168,,1493.0,-0.639999985695
1476208319505915638,655,1476208319499742733,,1494.0,-0.479999989271
1476208319530315746,656,1476208319520901859,,1494.0,-0.479999989271
1476208319550385707,657,1476208319540754216,,1494.0,-0.639999985695
1476208319568992858,658,1476208319559957147,,1494.0,-0.639999985695
1476208319594035882,659,1476208319579813306,,1494.0,-0.479999989271
1476208319613831521,660,1476208319599961392,,1493.0,-0.639999985695
1476208319633546274,661,1476208319619900415,,1494.0,-0.639999985695
1476208319654796285,662,1476208319639822564,,1494.0,-0.479999989271
1476208319667453343,663,1476208319659867056,,1494.0,-0.479999989271
1476208319717882568,664,1476208319682793678,,1493.0,-0.639999985695
1476208319722768444,665,1476208319705323165,,1493.0,-0.639999985695
1476208319773651261,666,1476208319727216872,,1494.0,-0.479999989271
1476208319773765636,667,1476208319746061002,,1494.0,-0.479999989271
1476208319773894594,668,1476208319759989777,,1494.0,-0.639999985695
1476208319812216290,669,1476208319780014582,,1494.0,-0.639999985695
1476208319812620716,670,1476208319802328549,,1494.0,-0.479999989271
1476208319855957194,671,1476208319823420382,,1494.0,-0.479999989271
1476208319856298600,672,1476208319846649400,,1494.0,-0.479999989271
1476208319925012580,673,1476208319869815084,,1493.0,-0.639999985695
1476208319925313725,674,1476208319889301452,,1493.0,-0.639999985695
1476208319925720547,675,1476208319909491933,,1494.0,-0.639999985695
1476208320066405169,676,1476208319932179753,,1494.0,-0.639999985695
1476208320066740168,677,1476208319951596434,,1493.0,-0.639999985695
1476208320067070532,678,1476208319972181967,,1493.0,-0.639999985695
1476208320067372146,679,1476208319991348805,,1493.0,-0.639999985695
1476208320067671989,680,1476208320008520229,,1494.0,-0.639999985695
1476208320069306830,681,1476208320029661959,,1493.0,-0.639999985695
1476208320071397346,682,1476208320050309158,,1493.0,-0.639999985695
1476208320071877762,683,1476208320068549956,,1493.0,-0.639999985695
1476208320274333252,684,1476208320092808919,,1493.0,-0.639999985695
1476208320274576689,685,1476208320112824765,,1493.0,-0.639999985695
1476208320274807574,686,1476208320130607179,,1493.0,-0.639999985695
1476208320275037678,687,1476208320149693027,,1494.0,-0.0
1476208320275256792,688,1476208320172702461,,1493.0,-0.639999985695
1476208320275477104,689,1476208320191534455,,1494.0,-0.639999985695
1476208320275704135,690,1476208320212807799,,1494.0,-0.639999985695
1476208320275928093,691,1476208320223206321,,1494.0,-0.479999989271
1476208320276386425,692,1476208320242414356,,1494.0,-0.479999989271
1476208320276795591,693,1476208320262057234,,1493.0,-0.639999985695
1476208320330182831,694,1476208320284663649,,1493.0,-0.639999985695
1476208320330229966,695,1476208320299945910,,1494.0,-0.479999989271
1476208320330401216,696,1476208320319971601,,1494.0,-0.479999989271
1476208320355161688,697,1476208320339820885,,1494.0,-0.479999989271
1476208320383001061,698,1476208320368517443,,1494.0,-0.479999989271
1476208320398793426,699,1476208320393469686,,1494.0,-0.639999985695
1476208320420582550,700,1476208320414203135,,1493.0,-0.639999985695
1476208320433739712,701,1476208320426682330,,1494.0,-0.639999985695
1476208320454444671,702,1476208320445628803,,1496.0,-0.639999985695
1476208320471967241,703,1476208320466141159,,1493.0,-0.639999985695
1476208320489268457,704,1476208320480696964,,1493.0,-0.800000011921
1476208320509744511,705,1476208320499632031,,1494.0,-0.479999989271
1476208320529526296,706,1476208320519653554,,1493.0,-0.639999985695
1476208320551163441,707,1476208320541555855,,1493.0,-0.639999985695
1476208320577040057,708,1476208320563856958,,1494.0,-0.479999989271
1476208320604796617,709,1476208320590600968,,1494.0,-0.479999989271
1476208320631528023,710,1476208320621533668,,1494.0,-0.479999989271
1476208320669208210,711,1476208320655936309,,1494.0,-0.159999996424
1476208320702050021,712,1476208320681996675,,1494.0,-0.479999989271
1476208320744018689,713,1476208320709801985,,1497.0,-0.639999985695
1476208320745452905,714,1476208320732201317,,1493.0,-0.639999985695
1476208320781810699,715,1476208320750451698,,1494.0,-0.479999989271
1476208320825729832,716,1476208320791476930,,1494.0,-0.639999985695
1476208320826100717,717,1476208320816214746,,1493.0,-0.639999985695
1476208320888043356,718,1476208320839521888,,1493.0,-0.639999985695
1476208320888420178,719,1476208320854352901,,1493.0,-0.639999985695
1476208320937147271,720,1476208320888395595,,1493.0,-0.639999985695
1476208320937629718,721,1476208320910037896,,1493.0,-0.639999985695
1476208320938032581,722,1476208320931613219,,1494.0,-0.639999985695
1476208320997951162,723,1476208320956101921,,1493.0,-0.639999985695
1476208320998333089,724,1476208320974867874,,1493.0,-0.639999985695
1476208320998507047,725,1476208320991330081,,1493.0,-0.639999985695
1476208321030450370,726,1476208321021052315,,1493.0,-0.639999985695
1476208321056974432,727,1476208321043183939,,1494.0,-0.479999989271
1476208321077366528,728,1476208321073868774,,1494.0,-0.639999985695
1476208321139413438,729,1476208321121830608,,1494.0,-0.479999989271
1476208321191952138,730,1476208321182948562,,1494.0,-0.639999985695
1476208321254126860,731,1476208321246634635,,1490.0,-0.800000011921
1476208321319962773,732,1476208321309054253,,1494.0,-0.479999989271
1476208321368329606,733,1476208321357116503,,1494.0,-0.479999989271
1476208321411345980,734,1476208321405228023,,1493.0,-0.639999985695
1476208321455296363,735,1476208321432574324,,1495.0,-0.479999989271
1476208321478038506,736,1476208321453068659,,1494.0,-0.479999989271
1476208321483151413,737,1476208321468351858,,1493.0,-0.639999985695
1476208321498284717,738,1476208321481973342,,1494.0,-0.479999989271
1476208321517355877,739,1476208321503057832,,1494.0,-0.639999985695
1476208321547173580,740,1476208321525306539,,1494.0,-0.639999985695
1476208321547581079,741,1476208321542121923,,1494.0,-0.639999985695
1476208321576575658,742,1476208321568740100,,1494.0,-0.639999985695
1476208321588287353,743,1476208321582353042,,1494.0,-0.639999985695
1476208321617327193,744,1476208321601993941,,1494.0,-0.479999989271
1476208321658483779,745,1476208321624020773,,1494.0,-0.479999989271
1476208321661811168,746,1476208321644626723,,1493.0,-0.800000011921
1476208321702377443,747,1476208321663568717,,1494.0,-0.479999989271
1476208321702956348,748,1476208321696419330,,1494.0,-0.479999989271
1476208321733414570,749,1476208321722002665,,1494.0,-0.639999985695
1476208321752553387,750,1476208321748884644,,1493.0,-0.800000011921
1476208321790181907,751,1476208321786587539,,1494.0,-0.639999985695
1476208321816732949,752,1476208321812708634,,1494.0,-0.479999989271
1476208322146162879,753,1476208321841441495,,1494.0,-0.639999985695
1476208322146218660,754,1476208321865955041,,1494.0,-0.639999985695
1476208322146266472,755,1476208321889542547,,1494.0,-0.479999989271
1476208322146864961,756,1476208321914097290,,1493.0,-0.639999985695
1476208322147179908,757,1476208321936144331,,1494.0,-0.639999985695
1476208322147554022,758,1476208321961576000,,1493.0,-0.639999985695
1476208322148009750,759,1476208321987623657,,1494.0,-0.639999985695
1476208322148757561,760,1476208322015722040,,1494.0,-0.639999985695
1476208322148817405,761,1476208322046644115,,1494.0,-0.479999989271
1476208322148857822,762,1476208322071988024,,1493.0,-0.639999985695
1476208322148896467,763,1476208322101845413,,1494.0,-0.479999989271
1476208322150594745,764,1476208322130174264,,1494.0,-0.479999989271
1476208322557979262,765,1476208322154257498,,1494.0,-0.639999985695
1476208322558468793,766,1476208322181157811,,1494.0,-0.639999985695
1476208322558523688,767,1476208322206256251,,1494.0,-0.639999985695
1476208322558854625,768,1476208322235834839,,1494.0,-0.479999989271
1476208322560023373,769,1476208322261423800,,1494.0,-0.639999985695
1476208322560757486,770,1476208322286991354,,1494.0,-0.639999985695
1476208322560810142,771,1476208322311897659,,1494.0,-0.639999985695
1476208322561094100,772,1476208322342787182,,1494.0,-0.639999985695
1476208322561396183,773,1476208322369506037,,1494.0,-0.479999989271
1476208322561684151,774,1476208322396899004,,1494.0,-0.479999989271
1476208322562001807,775,1476208322421903226,,1494.0,-0.639999985695
1476208322562288473,776,1476208322446979062,,1494.0,-0.639999985695
1476208322562611441,777,1476208322472727814,,1494.0,-0.639999985695
1476208322562656649,778,1476208322502846245,,1493.0,-0.639999985695
1476208322563729199,779,1476208322528603018,,1494.0,-0.639999985695
1476208322563781855,780,1476208322550982818,,1493.0,-0.639999985695
1476208322618706904,781,1476208322576240998,,1493.0,-0.639999985695
1476208322619103778,782,1476208322600904804,,1493.0,-0.639999985695
1476208322635665465,783,1476208322625962411,,1494.0,-0.479999989271
1476208322658982086,784,1476208322655419593,,1494.0,-0.479999989271
1476208322687118802,785,1476208322679316005,,1494.0,-0.639999985695
1476208322709830060,786,1476208322704114081,,1494.0,-0.639999985695
1476208322738406358,787,1476208322729252938,,1493.0,-0.639999985695
1476208322762853654,788,1476208322752507424,,1494.0,-0.0
1476208322794144582,789,1476208322789992611,,1494.0,-0.479999989271
1476208322880123113,790,1476208322815053344,,1494.0,-0.479999989271
1476208322923254174,791,1476208322835813095,,1493.0,-0.639999985695
1476208322923293341,792,1476208322866674233,,1494.0,-0.479999989271
1476208322958813792,793,1476208322892788661,,1493.0,-0.639999985695
1476208322959301395,794,1476208322916669812,,1493.0,-0.639999985695
1476208322959685666,795,1476208322941193618,,1494.0,-0.639999985695
1476208322998221892,796,1476208322966590912,,1493.0,-0.639999985695
1476208322998644235,797,1476208322987552122,,1494.0,-0.639999985695
1476208323042173890,798,1476208323012306917,,1494.0,-0.479999989271
1476208323045184978,799,1476208323041415610,,1494.0,-0.479999989271
1476208323070836021,800,1476208323067397851,,1496.0,-0.479999989271
1476208323096447586,801,1476208323091934314,,1493.0,-0.639999985695
1476208323122762899,802,1476208323117291504,,1494.0,-0.639999985695
1476208323147451966,803,1476208323143639786,,1493.0,-0.159999996424
1476208323193196147,804,1476208323171775199,,1493.0,-0.639999985695
1476208323202161546,805,1476208323198454783,,1497.0,-0.639999985695
1476208323337954562,806,1476208323221343644,,1494.0,-0.479999989271
1476208323337992219,807,1476208323244456255,,1493.0,-0.639999985695
1476208323338029614,808,1476208323267038295,,1494.0,-0.479999989271
1476208323338066229,809,1476208323287431484,,1494.0,-0.479999989271
1476208323338102635,810,1476208323310241544,,1494.0,-0.639999985695
1476208323374156002,811,1476208323338936227,,1494.0,-0.639999985695
1476208323374562512,812,1476208323361530714,,1493.0,-0.639999985695
1476208323395069191,813,1476208323386652436,,1494.0,-0.639999985695
1476208323417196387,814,1476208323412139261,,1494.0,-0.479999989271
1476208323442947222,815,1476208323439064053,,1494.0,-0.639999985695
1476208323469009254,816,1476208323465894990,,1494.0,-0.639999985695
1476208323513643959,817,1476208323495820348,,1494.0,-0.479999989271
1476208323523412846,818,1476208323519524833,,1493.0,-0.639999985695
1476208323551523000,819,1476208323546068427,,1493.0,-0.639999985695
1476208323585046893,820,1476208323569524371,,1494.0,-0.639999985695
1476208323600089155,821,1476208323596430724,,1494.0,-0.479999989271
1476208323630861751,822,1476208323626810405,,1493.0,-0.639999985695
1476208323657796230,823,1476208323652587125,,1493.0,-0.639999985695
1476208323684630396,824,1476208323681321600,,1494.0,-0.639999985695
1476208323718981631,825,1476208323710301648,,1494.0,-0.479999989271
1476208323756369162,826,1476208323735867119,,1493.0,-0.639999985695
1476208323777330059,827,1476208323771773559,,1494.0,-0.639999985695
1476208325374369441,828,1476208323810995931,,1494.0,-0.479999989271
1476208325375840271,829,1476208323850207989,,1493.0,0.159999996424
1476208325377391414,830,1476208323875086378,,1495.0,-0.479999989271
1476208325378448495,831,1476208323896554618,,1493.0,-0.639999985695
1476208325379325837,832,1476208323917457910,,1494.0,-0.479999989271
1476208325381258073,833,1476208323937851100,,1494.0,-0.639999985695
1476208325381791093,834,1476208323958095748,,1494.0,-0.639999985695
1476208325386182439,835,1476208323978396281,,1494.0,-0.639999985695
1476208325387418061,836,1476208323998643377,,1493.0,-0.639999985695
1476208325388325403,837,1476208324019275888,,1494.0,-0.479999989271
1476208325390881023,838,1476208324039106214,,1493.0,-0.639999985695
1476208325391591855,839,1476208324059593935,,1493.0,-0.639999985695
1476208325392553884,840,1476208324077371192,,1494.0,-0.639999985695
1476208325393180446,841,1476208324098225474,,1493.0,-0.639999985695
1476208325393500445,842,1476208324118809965,,1494.0,-0.639999985695
1476208325394382683,843,1476208324138826488,,1494.0,-0.639999985695
1476208325395668826,844,1476208324158609419,,1494.0,-0.479999989271
1476208325396753824,845,1476208324179398180,,1494.0,-0.479999989271
1476208325397547885,846,1476208324199677463,,1497.0,-0.639999985695
1476208325399737308,847,1476208324219049092,,1494.0,-0.479999989271
1476208325400434702,848,1476208324238594210,,1494.0,-0.479999989271
1476208325401440325,849,1476208324258376724,,1494.0,-0.479999989271
1476208325401999856,850,1476208324287985676,,1494.0,-0.479999989271
1476208325404433080,851,1476208324312736097,,1494.0,-0.639999985695
1476208325407415835,852,1476208324333725379,,1494.0,-0.639999985695
1476208325407996302,853,1476208324354855546,,1494.0,-0.639999985695
1476208325408512551,854,1476208324373294051,,1494.0,-0.639999985695
1476208325408853019,855,1476208324395751820,,1494.0,-0.479999989271
1476208325409666768,856,1476208324417065529,,1493.0,-0.479999989271
1476208325410883692,857,1476208324437940123,,1494.0,-0.479999989271
1476208325412308013,858,1476208324459632685,,1494.0,-0.479999989271
1476208325414556081,859,1476208324480666238,,1494.0,-0.479999989271
1476208325415067538,860,1476208324502532757,,1493.0,-0.639999985695
1476208325416030349,861,1476208324523746310,,1493.0,-0.639999985695
1476208325417786804,862,1476208324545313403,,1494.0,-0.639999985695
1476208325418386594,863,1476208324566402008,,1494.0,-0.639999985695
1476208325419524353,864,1476208324587110092,,1494.0,-0.479999989271
1476208325420857215,865,1476208324608739373,,1494.0,-0.479999989271
1476208325422412316,866,1476208324630168081,,1493.0,-0.639999985695
1476208325424177937,867,1476208324651478144,,1493.0,-0.639999985695
1476208325424928196,868,1476208324672657842,,1494.0,-0.479999989271
1476208325425481216,869,1476208324693550353,,1493.0,-0.639999985695
1476208325428099336,870,1476208324713491929,,1493.0,-0.639999985695
1476208325428868032,871,1476208324733866993,,1493.0,-0.639999985695
1476208325430713602,872,1476208324754196902,,1494.0,0.800000011921
1476208325431350163,873,1476208324775938630,,1493.0,2.88000011444
1476208325432398442,874,1476208324797282599,,1494.0,6.55999994278
1476208325433889637,875,1476208324818195579,,1493.0,10.0799999237
1476208325434491511,876,1476208324839011163,,1494.0,10.3999996185
1476208325435172707,877,1476208324860330236,,1494.0,12.9600000381
1476208325435879164,878,1476208324880993737,,1493.0,19.3600006104
1476208325437406714,879,1476208324902529789,,1493.0,25.9200000763
1476208325438859002,880,1476208324923124645,,1494.0,26.2399997711
1476208325440330041,881,1476208324944353405,,1493.0,32.0
1476208325441244362,882,1476208324965909509,,1494.0,35.3600006104
1476208325443301910,883,1476208324986614781,,1493.0,36.1599998474
1476208325443957794,884,1476208325007606667,,1494.0,36.6399993896
1476208325445083574,885,1476208325028370793,,1494.0,36.6399993896
1476208325445964666,886,1476208325049349190,,1494.0,35.2000007629
1476208325448554973,887,1476208325069055089,,1494.0,35.2000007629
1476208325450671844,888,1476208325089680465,,1494.0,34.5600013733
1476208325451233718,889,1476208325111860891,,1494.0,-0.959999978542
1476208325451921373,890,1476208325132729913,,1493.0,-1.44000005722
1476208325454367045,891,1476208325154131694,,1494.0,-0.639999985695
1476208325454875742,892,1476208325175568579,,1494.0,-0.639999985695
1476208325455658449,893,1476208325196841142,,1494.0,-0.639999985695
1476208325456123083,894,1476208325217566257,,1494.0,-0.479999989271
1476208325457227300,895,1476208325238217779,,1493.0,-0.639999985695
1476208325458216100,896,1476208325259725967,,1494.0,-0.639999985695
1476208325458711411,897,1476208325280573634,,1494.0,-0.639999985695
1476208325459880263,898,1476208325301587760,,1493.0,-0.800000011921
1476208325460820366,899,1476208325325716619,,1494.0,-0.639999985695
1476208325462314165,900,1476208325351852141,,1493.0,-0.639999985695
1476208325462808747,901,1476208325379059275,,1494.0,-0.639999985695
1476208325464760671,902,1476208325406497451,,1494.0,-0.639999985695
1476208325465967804,903,1476208325435965675,,1494.0,-0.639999985695
1476208325467854519,904,1476208325461755208,,1494.0,-0.479999989271
1476208328527540680,905,1476208325487884896,,1494.0,-0.479999989271
1476208328527784586,906,1476208325515866404,,1494.0,-0.639999985695
1476208328528058127,907,1476208325545380565,,1494.0,-0.639999985695
1476208328528316356,908,1476208325571395775,,1493.0,-0.639999985695
1476208328528594793,909,1476208325596745048,,1493.0,-0.639999985695
1476208328528889636,910,1476208325625517336,,1493.0,-0.319999992847
1476208328529186354,911,1476208325649659060,,1495.0,-0.479999989271
1476208328529467291,912,1476208325674225939,,1497.0,-0.639999985695
1476208328529738124,913,1476208325699855837,,1494.0,-6.23999977112
1476208328530010623,914,1476208325730247288,,1494.0,-14.720000267
1476208328530292081,915,1476208325759431970,,1494.0,-23.0400009155
1476208328531199111,916,1476208325785586294,,1493.0,-31.3600006104
1476208328531541350,917,1476208325821561797,,1493.0,-37.1199989319
1476208328532483796,918,1476208325854595222,,1493.0,-45.4399986267
1476208328532822545,919,1476208325883291051,,1494.0,-45.2799987793
1476208328533181399,920,1476208325910382561,,1494.0,-45.4399986267
1476208328533500513,921,1476208325937376102,,1493.0,-24.9599990845
1476208328533787595,922,1476208325968848384,,1493.0,-24.3199996948
1476208328534052803,923,1476208325995834321,,1493.0,5.59999990463
1476208328534299521,924,1476208326021992603,,1493.0,5.59999990463
1476208328534596552,925,1476208326051600879,,1494.0,-0.159999996424
1476208328534878687,926,1476208326078001609,,1494.0,-0.639999985695
1476208328535142957,927,1476208326105048170,,1493.0,-0.639999985695
1476208328535412696,928,1476208326134336082,,1494.0,-0.479999989271
1476208328535697279,929,1476208326160105198,,1493.0,-0.800000011921
1476208328535971237,930,1476208326187011708,,1494.0,-0.479999989271
1476208328536256340,931,1476208326214459155,,1493.0,-0.639999985695
1476208328536559048,932,1476208326245392792,,1493.0,-0.639999985695
1476208328536801860,933,1476208326271465918,,1494.0,-0.479999989271
1476208328537069881,934,1476208326298806490,,1494.0,-0.479999989271
1476208328537303318,935,1476208326328155391,,1494.0,-0.639999985695
1476208328537560192,936,1476208326355254349,,1494.0,-0.639999985695
1476208328537831546,937,1476208326381099506,,1494.0,-0.639999985695
1476208328539160293,938,1476208326410770594,,1494.0,-0.479999989271
1476208328539476022,939,1476208326438116895,,1493.0,-0.639999985695
1476208328539775552,940,1476208326465560592,,1493.0,-0.639999985695
1476208328540048625,941,1476208326496346417,,1493.0,-0.639999985695
1476208328540314145,942,1476208326522299075,,1494.0,-0.639999985695
1476208328540598155,943,1476208326548747617,,1493.0,-0.639999985695
1476208328540899561,944,1476208326574359025,,1493.0,-0.639999985695
1476208328541188987,945,1476208326603720270,,1494.0,-0.639999985695
1476208328541473101,946,1476208326629995114,,1493.0,-0.639999985695
1476208328541769403,947,1476208326657241519,,1494.0,-0.639999985695
1476208328542038621,948,1476208326682116367,,1494.0,-0.639999985695
1476208328542321120,949,1476208326710369437,,1494.0,-0.479999989271
1476208328542606484,950,1476208326725324355,,1493.0,-3.20000004768
1476208328542947369,951,1476208326743840986,,1494.0,-5.76000022888
1476208328543259452,952,1476208326770050153,,1493.0,-7.51999998093
1476208328543535910,953,1476208326796609737,,1494.0,-8.31999969482
1476208328543799451,954,1476208326819051412,,1494.0,-8.96000003815
1476208328544066794,955,1476208326846590316,,1493.0,-12.8000001907
1476208328544316377,956,1476208326875663541,,1494.0,-12.9600000381
1476208328544586012,957,1476208326900796617,,1494.0,-13.4399995804
1476208328544831324,958,1476208326915933358,,1494.0,-13.4399995804
1476208328545084136,959,1476208326927304898,,1494.0,-13.4399995804
1476208328545336791,960,1476208326952677036,,1494.0,-11.8400001526
1476208328545591114,961,1476208326977175582,,1494.0,-8.31999969482
1476208328545850957,962,1476208327001628451,,1494.0,-8.31999969482
1476208328546106530,963,1476208327029434595,,1493.0,-4.63999986649
1476208328546370852,964,1476208327052616633,,1494.0,-0.800000011921
1476208328546696008,965,1476208327077018304,,1494.0,-0.479999989271
1476208328546974236,966,1476208327101702110,,1494.0,-0.479999989271
1476208328547239652,967,1476208327126606384,,1494.0,-0.639999985695
1476208328547634756,968,1476208327155262891,,1494.0,-0.639999985695
1476208328547914443,969,1476208327179413677,,1494.0,-0.639999985695
1476208328548199755,970,1476208327204646492,,1494.0,-0.479999989271
1476208328548460692,971,1476208327229057382,,1494.0,-0.639999985695
1476208328548716056,972,1476208327256197121,,1493.0,-0.639999985695
1476208328548972253,973,1476208327284242170,,1494.0,-0.639999985695
1476208328549224128,974,1476208327309693944,,1494.0,0.159999996424
1476208328549475481,975,1476208327335394154,,1493.0,0.639999985695
1476208328549738293,976,1476208327359360982,,1494.0,6.55999994278
1476208328551208863,977,1476208327384343694,,1494.0,15.8400001526
1476208328551540529,978,1476208327410468643,,1493.0,17.6000003815
1476208328551834227,979,1476208327432114277,,1494.0,17.9200000763
1476208328552101205,980,1476208327456322616,,1494.0,18.5599994659
1476208328552364174,981,1476208327480911943,,1494.0,18.5599994659
1476208328552620319,982,1476208327506941371,,1494.0,19.5200004578
1476208328553157662,983,1476208327531384604,,1494.0,19.8400001526
1476208328553665473,984,1476208327557822053,,1493.0,21.1200008392
1476208328554143337,985,1476208327581506017,,1493.0,21.2800006866
1476208328555785521,986,1476208327598825306,,1494.0,21.1200008392
1476208328556200364,987,1476208327621623647,,1494.0,19.3600006104
1476208328556487291,988,1476208327642692616,,1494.0,16.6399993896
1476208328556808280,989,1476208327664698875,,1494.0,9.27999973297
1476208328557137185,990,1476208327682383424,,1494.0,9.27999973297
1476208328557429007,991,1476208327700869430,,1494.0,9.27999973297
1476208328557698799,992,1476208327736266652,,1493.0,1.27999997139
1476208328558128798,993,1476208327780431618,,1494.0,-0.479999989271
1476208328558683380,994,1476208327820516800,,1493.0,-0.800000011921
1476208328559002025,995,1476208327859756203,,1494.0,-0.479999989271
1476208328559279316,996,1476208327899643677,,1493.0,-0.639999985695
1476208328559532858,997,1476208327940410629,,1494.0,-0.639999985695
1476208328559786815,998,1476208327980869091,,1494.0,-0.639999985695
1476208328560054836,999,1476208328021920522,,1494.0,-1.91999995708
1476208328560309314,1000,1476208328063391951,,1494.0,-3.83999991417
1476208328560749157,1001,1476208328104040622,,1494.0,-10.0799999237
1476208328561201240,1002,1476208328140943831,,1493.0,-14.8800001144
1476208328561593426,1003,1476208328182384844,,1494.0,-19.8400001526
1476208328561869832,1004,1476208328221589403,,1494.0,-21.6000003815
1476208328562124363,1005,1476208328264819735,,1494.0,-21.7600002289
1476208328562365144,1006,1476208328296797433,,1494.0,-16.6399993896
1476208328562610508,1007,1476208328315106512,,1494.0,-16.4799995422
1476208328563211757,1008,1476208328330918512,,1494.0,-12.9600000381
1476208328563755089,1009,1476208328348845456,,1494.0,-8.15999984741
1476208328564159828,1010,1476208328386244915,,1494.0,-8.15999984741
1476208328564577431,1011,1476208328424752339,,1495.0,-1.12000000477
1476208328565102951,1012,1476208328429619153,,1493.0,-0.959999978542
1476208328565549200,1013,1476208328474939064,,1494.0,-0.479999989271
1476208328565935241,1014,1476208328515222319,,1494.0,-0.479999989271
1476208328567607373,1015,1476208328556468124,,1493.0,-0.639999985695
1476208328985313016,1016,1476208328597110440,,1494.0,-0.639999985695
1476208328986390826,1017,1476208328640508324,,1493.0,-0.639999985695
1476208328986676034,1018,1476208328681311370,,1493.0,-0.639999985695
1476208328988177541,1019,1476208328721242490,,1495.0,-0.479999989271
1476208328988828374,1020,1476208328763106783,,1493.0,-0.639999985695
1476208328989248008,1021,1476208328805208472,,1493.0,-0.639999985695
1476208328989506393,1022,1476208328846611307,,1493.0,-0.639999985695
1476208328989770611,1023,1476208328888035393,,1498.0,-0.159999996424
1476208328990019152,1024,1476208328917969658,,1494.0,0.800000011921
1476208328990450193,1025,1476208328958889109,,1494.0,2.88000011444
1476208329136411367,1026,1476208329000825173,,1493.0,3.20000004768
1476208329137004438,1027,1476208329041916864,,1494.0,16.1599998474
1476208329137396313,1028,1476208329082602722,,1494.0,18.5599994659
1476208329137919645,1029,1476208329122697123,,1494.0,20.4799995422
1476208329179844980,1030,1476208329164867613,,1494.0,21.1200008392
1476208329215446056,1031,1476208329206724094,,1493.0,20.4799995422
1476208329274996356,1032,1476208329239755279,,1494.0,9.27999973297
1476208329275716980,1033,1476208329270250532,,1494.0,8.47999954224
1476208329411272080,1034,1476208329301983335,,1494.0,-0.639999985695
1476208329411553694,1035,1476208329321208662,,1494.0,-0.639999985695
1476208329412762702,1036,1476208329342433464,,1494.0,-0.479999989271
1476208329415948685,1037,1476208329361962749,,1493.0,-0.639999985695
1476208329416370924,1038,1476208329385290516,,1493.0,-0.639999985695
1476208329458762300,1039,1476208329412125255,,1494.0,-0.479999989271
1476208329461862867,1040,1476208329446550240,,1493.0,-0.479999989271
1476208329504926428,1041,1476208329488290628,,1493.0,-0.639999985695
1476208329690527108,1042,1476208329530084869,,1494.0,-0.639999985695
1476208329690746951,1043,1476208329569784218,,1494.0,-0.639999985695
1476208329690901013,1044,1476208329609086329,,1494.0,-0.479999989271
1476208329691187367,1045,1476208329648258128,,1493.0,-0.639999985695
1476208329730293905,1046,1476208329687996540,,1494.0,-0.479999989271
1476208329730645831,1047,1476208329726003497,,1494.0,-0.479999989271
1476208329781578492,1048,1476208329749959075,,1494.0,-6.40000009537
1476208329782052919,1049,1476208329775642254,,1493.0,-12.1599998474
1476208329800799965,1050,1476208329796497213,,1493.0,-12.8000001907
1476208329899262169,1051,1476208329815596603,,1494.0,-17.2800006866
1476208329899365762,1052,1476208329841728427,,1494.0,-17.2800006866
1476208329901300498,1053,1476208329871078057,,1495.0,-20.3199996948
1476208329999520723,1054,1476208329904603669,,1493.0,-21.2800006866
1476208330000405930,1055,1476208329928802059,,1493.0,-21.1200008392
1476208330000453951,1056,1476208329938266468,,1493.0,-20.3199996948
1476208330000490982,1057,1476208329959111219,,1495.0,-20.3199996948
1476208330000746085,1058,1476208329976157175,,1495.0,-20.3199996948
1476208330030962485,1059,1476208329998796350,,1493.0,-13.9200000763
1476208330032379878,1060,1476208330029198165,,1494.0,-9.60000038147
1476208330076934478,1061,1476208330065739552,,1494.0,-5.76000022888
1476208330101624430,1062,1476208330080038743,,1493.0,-0.959999978542
1476208330101680263,1063,1476208330096875221,,1494.0,-0.479999989271
1476208330116603984,1064,1476208330111130037,,1494.0,-0.479999989271
1476208330137504725,1065,1476208330130235260,,1494.0,-0.639999985695
1476208330165469670,1066,1476208330150320845,,1494.0,-0.639999985695
1476208330181801565,1067,1476208330170330858,,1496.0,2.88000011444
1476208330201614287,1068,1476208330190676444,,1496.0,2.88000011444
1476208330216278633,1069,1476208330210560103,,1493.0,5.11999988556
1476208330268480563,1070,1476208330249730964,,1493.0,5.11999988556
1476208330305451636,1071,1476208330288200993,,1494.0,12.9600000381
1476208330445880477,1072,1476208330313407037,,1493.0,16.6399993896
1476208330446143445,1073,1476208330337666938,,1494.0,20.4799995422
1476208330446401830,1074,1476208330360483352,,1494.0,22.2399997711
1476208330446646309,1075,1476208330386802727,,1494.0,23.2000007629
1476208330447089954,1076,1476208330412732833,,1494.0,23.2000007629
1476208330447450526,1077,1476208330436418308,,1493.0,23.6800003052
1476208330486010086,1078,1476208330468792672,,1493.0,23.6800003052
1476208330535397958,1079,1476208330482770978,,1494.0,23.0400009155
1476208330535673010,1080,1476208330492689448,,1494.0,23.0400009155
1476208330536142280,1081,1476208330512196233,,1494.0,22.3999996185
1476208330616861653,1082,1476208330534933949,,1493.0,22.3999996185
1476208330617120663,1083,1476208330554915837,,1494.0,9.60000038147
1476208330617504256,1084,1476208330577118762,,1494.0,0.959999978542
1476208330617845193,1085,1476208330610175729,,1493.0,-0.159999996424
1476208330668102960,1086,1476208330626263250,,1493.0,-0.639999985695
1476208330668525302,1087,1476208330645273994,,1493.0,-2.55999994278
1476208330668865146,1088,1476208330664729268,,1494.0,-5.59999990463
1476208330693190150,1089,1476208330684908500,,1493.0,-8.47999954224
1476208330712418706,1090,1476208330704219347,,1493.0,-12.9600000381
1476208330748561761,1091,1476208330725515868,,1494.0,-13.4399995804
1476208330756095496,1092,1476208330745540517,,1494.0,-19.6800003052
1476208330786358666,1093,1476208330767885629,,1493.0,-23.2000007629
1476208330819780268,1094,1476208330784777315,,1493.0,-27.0400009155
1476208330820087142,1095,1476208330808208884,,1493.0,-27.0400009155
1476208330857590610,1096,1476208330825655933,,1494.0,-26.8799991608
1476208330857919099,1097,1476208330845377145,,1493.0,-28.1599998474
1476208330876239116,1098,1476208330865278460,,1493.0,-27.8400001526
1476208330908297491,1099,1476208330885858680,,1494.0,-27.6800003052
1476208330908684417,1100,1476208330904917914,,1493.0,-20.4799995422
1476208330930684061,1101,1476208330925868238,,1494.0,-8.31999969482
1476208330959851505,1102,1476208330944256483,,1494.0,-8.31999969482
1476208330978845582,1103,1476208330965072744,,1494.0,-0.639999985695
1476208330997369765,1104,1476208330984049009,,1493.0,-0.639999985695
1476208331019399357,1105,1476208331004057512,,1494.0,-0.479999989271
1476208331029718347,1106,1476208331024047265,,1493.0,-0.639999985695
1476208331052945021,1107,1476208331043867174,,1493.0,-0.639999985695
1476208331067942439,1108,1476208331064029426,,1494.0,-0.479999989271
1476208331101571072,1109,1476208331087068183,,1494.0,-0.479999989271
1476208331127610708,1110,1476208331108857620,,1493.0,17.6000003815
1476208331139460425,1111,1476208331134580018,,1493.0,24.9599990845
1476208331204891599,1112,1476208331160047103,,1494.0,25.1200008392
1476208331205683629,1113,1476208331189321473,,1494.0,32.0
1476208331251471925,1114,1476208331224627706,,1493.0,40.7999992371
1476208331251884841,1115,1476208331245183656,,1494.0,41.5999984741
1476208331290730963,1116,1476208331275241253,,1493.0,46.7200012207
1476208331327835421,1117,1476208331305910568,,1494.0,50.0800018311
1476208331509797410,1118,1476208331335954833,,1494.0,50.5600013733
1476208331511767823,1119,1476208331357884842,,1493.0,50.5600013733
1476208331511830427,1120,1476208331379380894,,1494.0,50.5600013733
1476208331517989425,1121,1476208331401457413,,1493.0,50.5600013733
1476208331518074685,1122,1476208331423512474,,1494.0,50.5600013733
1476208331523632279,1123,1476208331445173994,,1494.0,47.3600006104
1476208331526452950,1124,1476208331467413951,,1494.0,47.3600006104
1476208331528670550,1125,1476208331488764951,,1494.0,35.3600006104
1476208331532485543,1126,1476208331511807458,,1494.0,20.6399993896
1476208331887318183,1127,1476208331533050125,,1493.0,9.27999973297
1476208331887631204,1128,1476208331555219613,,1494.0,-0.0
1476208331887937870,1129,1476208331577328684,,1494.0,-0.479999989271
1476208331888234484,1130,1476208331598612184,,1494.0,-0.639999985695
1476208331888539900,1131,1476208331619849018,,1493.0,-0.639999985695
1476208331888783076,1132,1476208331648984951,,1494.0,-0.639999985695
1476208331889054430,1133,1476208331668244965,,1494.0,-0.639999985695
1476208331889305992,1134,1476208331701800473,,1494.0,-0.639999985695
1476208331889561773,1135,1476208331724784230,,1494.0,-0.639999985695
1476208331889790106,1136,1476208331747871216,,1493.0,-0.800000011921
1476208331890038751,1137,1476208331788210668,,1494.0,-0.639999985695
1476208331890518646,1138,1476208331812266715,,1491.0,-1.27999997139
1476208331890858020,1139,1476208331840355463,,1494.0,-0.639999985695
1476208331891321873,1140,1476208331851506639,,1494.0,-0.639999985695
1476208331905914605,1141,1476208331894635825,,1494.0,-0.639999985695
1476208331925206495,1142,1476208331909959493,,1494.0,-0.639999985695
1476208331937816939,1143,1476208331927047845,,1494.0,-0.639999985695
1476208331975686032,1144,1476208331940841673,,1494.0,-0.639999985695
1476208331975908062,1145,1476208331951775922,,1494.0,-0.479999989271
1476208331976185145,1146,1476208331961146529,,1494.0,-0.479999989271
1476208331988939339,1147,1476208331984239296,,1494.0,-0.479999989271
1476208332011827992,1148,1476208332005358057,,1493.0,-0.639999985695
1476208332023084220,1149,1476208332020428236,,1494.0,-0.479999989271
1476208332058346079,1150,1476208332043765430,,1494.0,-0.639999985695
1476208332096258921,1151,1476208332065158357,,1494.0,-0.479999989271
1476208332128480525,1152,1476208332119345178,,1493.0,-0.639999985695
1476208332196305340,1153,1476208332184463593,,1494.0,-0.479999989271
1476208332256473244,1154,1476208332245650765,,1493.0,-0.639999985695
1476208332337225170,1155,1476208332310160535,,1493.0,-0.639999985695
1476208332377497278,1156,1476208332367275528,,1494.0,-0.639999985695
1476208332433970762,1157,1476208332422236097,,1493.0,-0.639999985695
1476208332497821835,1158,1476208332486561753,,1494.0,-0.639999985695
1476208332558613852,1159,1476208332522668974,,1494.0,-0.639999985695
1476208332560646035,1160,1476208332549706734,,1494.0,-0.639999985695
1476208332567719251,1161,1476208332556919741,,1494.0,-0.639999985695
1476208332588241763,1162,1476208332574106582,,1494.0,-0.639999985695
1476208332603593295,1163,1476208332595511384,,1494.0,-0.639999985695
1476208332620958209,1164,1476208332613538224,,1494.0,-0.639999985695
1476208332661226829,1165,1476208332636203284,,1493.0,-0.639999985695
1476208332678042369,1166,1476208332665690466,,1494.0,-0.639999985695
1476208332699771180,1167,1476208332697373998,,1493.0,-0.639999985695
1476208332736227568,1168,1476208332720332286,,1493.0,-0.639999985695
1476208332842509131,1169,1476208332750469050,,1493.0,-0.800000011921
1476208332843359546,1170,1476208332777298112,,1494.0,-1.91999995708
1476208332843756472,1171,1476208332797393282,,1493.0,-1.91999995708
1476208332844113815,1172,1476208332818471782,,1494.0,-9.60000038147
1476208332946854083,1173,1476208332841356008,,1494.0,-9.43999958038
1476208332947643196,1174,1476208332862681071,,1493.0,-16.7999992371
1476208332948626267,1175,1476208332881920512,,1494.0,-17.2800006866
1476208332949854598,1176,1476208332903531095,,1493.0,-19.2000007629
1476208332951377512,1177,1476208332926019749,,1494.0,-19.2000007629
1476208332952370010,1178,1476208332947603457,,1494.0,-19.2000007629
1476208334350438270,1179,1476208332967182221,,1493.0,-18.5599994659
1476208334352040038,1180,1476208332989558427,,1494.0,-18.3999996185
1476208334353108005,1181,1476208333008570265,,1494.0,-18.3999996185
1476208334354582220,1182,1476208333027704863,,1493.0,-18.5599994659
1476208334355863051,1183,1476208333048622010,,1493.0,-18.5599994659
1476208334356478988,1184,1476208333069044001,,1493.0,-18.5599994659
1476208334357633204,1185,1476208333089792606,,1494.0,-18.3999996185
1476208334358891900,1186,1476208333105962731,,1494.0,-17.4400005341
1476208334360311063,1187,1476208333125937900,,1494.0,-17.2800006866
1476208334361694342,1188,1476208333145958174,,1494.0,-17.2800006866
1476208334362358039,1189,1476208333165881833,,1494.0,-13.279999733
1476208334363759598,1190,1476208333186632990,,1494.0,-0.800000011921
1476208334365537512,1191,1476208333207106857,,1493.0,-0.639999985695
1476208334366220583,1192,1476208333227276869,,1493.0,-0.800000011921
1476208334367697455,1193,1476208333244875845,,1493.0,-0.800000011921
1476208334368027090,1194,1476208333265308514,,1494.0,-0.639999985695
1476208334369204692,1195,1476208333285582328,,1493.0,-0.639999985695
1476208334370569273,1196,1476208333307262026,,1494.0,-0.639999985695
1476208334371320313,1197,1476208333327584590,,1494.0,7.03999996185
1476208334372384894,1198,1476208333349344443,,1494.0,9.43999958038
1476208334373336403,1199,1476208333369089197,,1494.0,12.1599998474
1476208334373692964,1200,1476208333384663750,,1494.0,12.1599998474
1476208334375787804,1201,1476208333404020691,,1488.0,14.8800001144
1476208334378399309,1202,1476208333425192525,,1493.0,16.0
1476208334378531861,1203,1476208333445891755,,1494.0,17.4400005341
1476208334378575403,1204,1476208333466324059,,1493.0,17.2800006866
1476208334379853421,1205,1476208333487286153,,1494.0,17.2800006866
1476208334379911963,1206,1476208333508399966,,1494.0,17.4400005341
1476208334379959827,1207,1476208333530414819,,1493.0,17.2800006866
1476208334379994619,1208,1476208333551295716,,1494.0,17.4400005341
1476208334380081233,1209,1476208333570975261,,1493.0,17.9200000763
1476208334380218160,1210,1476208333592145897,,1494.0,17.9200000763
1476208334380510295,1211,1476208333614027729,,1493.0,17.9200000763
1476208334381301335,1212,1476208333633905398,,1493.0,17.9200000763
1476208334383372216,1213,1476208333653618589,,1493.0,17.7600002289
1476208334383515758,1214,1476208333672758187,,1494.0,17.9200000763
1476208334383567685,1215,1476208333694753717,,1493.0,17.7600002289
1476208334383802632,1216,1476208333714028054,,1493.0,17.9200000763
1476208334383864195,1217,1476208333729787399,,1493.0,17.9200000763
1476208334384680391,1218,1476208333750454337,,1494.0,17.9200000763
1476208334385024817,1219,1476208333778299439,,1493.0,17.7600002289
1476208334385386327,1220,1476208333800053355,,1493.0,17.9200000763
1476208334385651847,1221,1476208333821849458,,1494.0,17.9200000763
1476208334385721587,1222,1476208333841582180,,1494.0,17.9200000763
1476208334385760337,1223,1476208333862744952,,1494.0,18.0799999237
1476208334386858147,1224,1476208333884912981,,1494.0,18.0799999237
1476208334386909918,1225,1476208333900141493,,1494.0,18.0799999237
1476208334386953928,1226,1476208333920889786,,1493.0,17.9200000763
1476208334388545279,1227,1476208333939281104,,1493.0,17.9200000763
1476208334389939651,1228,1476208333962189914,,1493.0,17.9200000763
1476208334389989912,1229,1476208333983365862,,1494.0,18.0799999237
1476208334390234286,1230,1476208334004870351,,1495.0,18.0799999237
1476208334390515171,1231,1476208334026014008,,1494.0,17.9200000763
1476208334391110535,1232,1476208334047148029,,1495.0,18.0799999237
1476208334391167618,1233,1476208334067571166,,1494.0,17.9200000763
1476208334391229024,1234,1476208334088631021,,1494.0,17.9200000763
1476208334391541680,1235,1476208334106720465,,1494.0,18.0799999237
1476208334393147874,1236,1476208334134726139,,1494.0,17.9200000763
1476208334393770009,1237,1476208334157272189,,1493.0,17.7600002289
1476208334393834383,1238,1476208334187808484,,1493.0,17.9200000763
1476208334393878810,1239,1476208334214664525,,1494.0,18.5599994659
1476208334394255945,1240,1476208334235762973,,1493.0,19.3600006104
1476208334394888548,1241,1476208334255370695,,1494.0,19.5200004578
1476208334395286308,1242,1476208334275759562,,1494.0,19.8400001526
1476208334397464012,1243,1476208334295943637,,1494.0,19.8400001526
1476208334397527918,1244,1476208334324642696,,1494.0,19.8400001526
1476208334398054271,1245,1476208334339431417,,1494.0,19.8400001526
1476208334398924946,1246,1476208334351484049,,1494.0,19.8400001526
1476208334398994165,1247,1476208334369081515,,1494.0,19.8400001526
1476208335001624551,1248,1476208334398215781,,1494.0,20.0
1476208335002016633,1249,1476208334439601221,,1493.0,19.8400001526
1476208335002288300,1250,1476208334481691347,,1493.0,19.2000007629
1476208335002555851,1251,1476208334522401841,,1493.0,19.2000007629
1476208335002812778,1252,1476208334563590250,,1494.0,19.3600006104
1476208335003484860,1253,1476208334604742774,,1494.0,19.3600006104
1476208335004088609,1254,1476208334639387862,,1493.0,19.2000007629
1476208335004630014,1255,1476208334679632211,,1493.0,19.2000007629
1476208335005406835,1256,1476208334722210096,,1493.0,19.2000007629
1476208335005802720,1257,1476208334770216617,,1494.0,19.2000007629
1476208335006091417,1258,1476208334810853986,,1495.0,19.3600006104
1476208335006375167,1259,1476208334853213122,,1494.0,19.3600006104
1476208335006644281,1260,1476208334895001374,,1494.0,19.2000007629
1476208335006918291,1261,1476208334935792179,,1494.0,19.2000007629
1476208335007387613,1262,1476208334977303296,,1495.0,19.3600006104
1476208335102354354,1263,1476208335018034258,,1494.0,19.2000007629
1476208335103069874,1264,1476208335058745377,,1493.0,19.2000007629
1476208335103844247,1265,1476208335094383380,,1494.0,19.2000007629
1476208335141397455,1266,1476208335135408352,,1494.0,19.2000007629
1476208335183331123,1267,1476208335178098477,,1494.0,19.2000007629
1476208335229095930,1268,1476208335221045998,,1494.0,19.3600006104
1476208335289965811,1269,1476208335268960019,,1494.0,19.3600006104
1476208335358310365,1270,1476208335294142209,,1494.0,19.2000007629
1476208335358815729,1271,1476208335318033360,,1494.0,19.2000007629
1476208335359237134,1272,1476208335340984409,,1494.0,19.2000007629
1476208335382347766,1273,1476208335377084651,,1493.0,19.2000007629
1476208335428941529,1274,1476208335418815820,,1494.0,19.3600006104
1476208335460927821,1275,1476208335455133822,,1494.0,19.3600006104
1476208335483374079,1276,1476208335468051765,,1494.0,19.2000007629
1476208335504840808,1277,1476208335480452262,,1494.0,19.2000007629
1476208335530326800,1278,1476208335528072325,,1494.0,19.2000007629
1476208335582704041,1279,1476208335551510977,,1494.0,19.3600006104
1476208335611218048,1280,1476208335584007268,,1493.0,18.3999996185
1476208335628016974,1281,1476208335621099435,,1493.0,18.3999996185
1476208335665719452,1282,1476208335660840556,,1494.0,17.9200000763
1476208335708551556,1283,1476208335692843462,,1494.0,17.9200000763
1476208335737939780,1284,1476208335731820625,,1494.0,17.9200000763
1476208335786644372,1285,1476208335762709367,,1494.0,17.9200000763
1476208335810816825,1286,1476208335805500377,,1494.0,16.6399993896
1476208335847080817,1287,1476208335838353178,,1494.0,-2.72000002861
1476208335885146316,1288,1476208335870670979,,1495.0,-0.479999989271
1476208336090285915,1289,1476208335895339629,,1494.0,-0.639999985695
1476208336091702735,1290,1476208335919397655,,1494.0,-0.479999989271
1476208336092035235,1291,1476208335947487548,,1494.0,-0.639999985695
1476208336092318619,1292,1476208335976594574,,1494.0,-0.639999985695
1476208336092592890,1293,1476208336007301806,,1494.0,-0.639999985695
1476208336097544182,1294,1476208336035714094,,1494.0,-0.479999989271
1476208336100022511,1295,1476208336067282054,,1494.0,-0.639999985695
1476208336102409537,1296,1476208336093609086,,1494.0,-0.639999985695
1476208336529844953,1297,1476208336121581531,,1494.0,-0.639999985695
1476208336531411668,1298,1476208336153716885,,1494.0,-0.639999985695
1476208336531772761,1299,1476208336180503499,,1494.0,-0.639999985695
1476208336532091875,1300,1476208336209084329,,1494.0,-0.639999985695
1476208336532407708,1301,1476208336239403488,,1494.0,-0.639999985695
1476208336534096663,1302,1476208336266797185,,1493.0,-0.800000011921
1476208336534404058,1303,1476208336299962172,,1494.0,-0.639999985695
1476208336534654475,1304,1476208336331356486,,1494.0,-0.639999985695
1476208336534919318,1305,1476208336360866324,,1494.0,-0.639999985695
1476208336535192182,1306,1476208336392041628,,1494.0,-0.639999985695
1476208336537033428,1307,1476208336421414644,,1494.0,-0.479999989271
1476208336537469209,1308,1476208336455575254,,1494.0,-0.639999985695
1476208336537763166,1309,1476208336481921765,,1494.0,-0.639999985695
1476208336540815348,1310,1476208336510304835,,1494.0,-0.639999985695
1476208336636013391,1311,1476208336541527117,,1494.0,-0.639999985695
1476208336637986929,1312,1476208336570570186,,1493.0,-0.639999985695
1476208336639774478,1313,1476208336601633823,,1494.0,-0.479999989271
1476208336642548691,1314,1476208336630306423,,1494.0,-0.479999989271
1476208336844833452,1315,1476208336657396839,,1494.0,-0.639999985695
1476208336845109337,1316,1476208336687022771,,1494.0,-0.639999985695
1476208336845389441,1317,1476208336713594802,,1494.0,-0.479999989271
1476208336845653763,1318,1476208336747193174,,1494.0,-0.639999985695
1476208336847070115,1319,1476208336779746809,,1490.0,-1.12000000477
1476208336847619697,1320,1476208336809782062,,1493.0,-0.639999985695
1476208336848057769,1321,1476208336838319559,,1494.0,-0.479999989271
1476208336946148098,1322,1476208336867886324,,1494.0,-0.639999985695
1476208336947620387,1323,1476208336897966109,,1494.0,-0.639999985695
1476208336949358821,1324,1476208336926113867,,1494.0,-0.639999985695
1476208337004381110,1325,1476208336957892190,,1493.0,-0.800000011921
1476208337007760270,1326,1476208336986210780,,1494.0,-0.639999985695
1476208337048962533,1327,1476208337014291246,,1493.0,-0.639999985695
1476208337049474042,1328,1476208337046294934,,1494.0,-0.639999985695
1476208337095423588,1329,1476208337074414775,,1493.0,-0.639999985695
1476208337136058405,1330,1476208337107569762,,1494.0,-0.639999985695
1476208337173273644,1331,1476208337135744551,,1494.0,-0.479999989271
1476208337200962653,1332,1476208337169448808,,1494.0,-0.639999985695
1476208337202578066,1333,1476208337196889327,,1493.0,-0.639999985695
1476208337285426550,1334,1476208337227412705,,1494.0,-0.479999989271
1476208337285928529,1335,1476208337258041552,,1494.0,-0.639999985695
1476208337324384651,1336,1476208337287315505,,1494.0,-0.639999985695
1476208337324830588,1337,1476208337317553154,,1494.0,-0.479999989271
1476208337355843132,1338,1476208337347269086,,1493.0,-0.639999985695
1476208337412693281,1339,1476208337376260644,,1493.0,-0.800000011921
1476208337414550986,1340,1476208337407325271,,1494.0,-0.639999985695
1476208337458544285,1341,1476208337434235062,,1493.0,-0.639999985695
1476208337476240605,1342,1476208337461946675,,1493.0,-0.319999992847
1476208337517686149,1343,1476208337493900831,,1494.0,-0.639999985695
1476208337554584462,1344,1476208337522297963,,1494.0,-0.479999989271
1476208337592400534,1345,1476208337552435769,,1494.0,-0.639999985695
1476208337593110429,1346,1476208337585204194,,1494.0,-0.639999985695
1476208337655284682,1347,1476208337612852526,,1494.0,-0.639999985695
1476208337656972440,1348,1476208337646027461,,1494.0,-0.479999989271
1476208337706475155,1349,1476208337672226785,,1494.0,-0.639999985695
1476208337708147444,1350,1476208337703497036,,1494.0,-0.639999985695
1476208337786461406,1351,1476208337730808806,,1494.0,-0.639999985695
1476208337786712082,1352,1476208337759583854,,1493.0,-0.639999985695
1476208337824064145,1353,1476208337791417333,,1494.0,-0.639999985695
1476208337824528362,1354,1476208337819239102,,1494.0,-0.639999985695
1476208337877741123,1355,1476208337847968577,,1494.0,-0.639999985695
1476208337896749732,1356,1476208337877608467,,1494.0,-0.479999989271
1476208337915819538,1357,1476208337903779926,,1493.0,-0.800000011921
1476208337948347548,1358,1476208337935933353,,1494.0,-0.639999985695
1476208338006103477,1359,1476208337967835843,,1494.0,-0.639999985695
1476208338008828680,1360,1476208337995908705,,1494.0,-0.639999985695
1476208338047447875,1361,1476208338025758074,,1494.0,-0.639999985695
1476208338075408081,1362,1476208338057487178,,1494.0,-0.639999985695
1476208338116221543,1363,1476208338086029414,,1494.0,-0.639999985695
1476208338144091436,1364,1476208338115000816,,1494.0,-0.639999985695
1476208338177574079,1365,1476208338146577890,,1493.0,-0.639999985695
1476208338219381914,1366,1476208338177066945,,1494.0,-0.639999985695
1476208338219881653,1367,1476208338207080949,,1493.0,-0.639999985695
1476208338273243059,1368,1476208338237307504,,1494.0,-0.639999985695
1476208338275053368,1369,1476208338267690935,,1494.0,-0.479999989271
1476208338313197200,1370,1476208338307709398,,1493.0,-0.800000011921
1476208338368500738,1371,1476208338338652463,,1493.0,-0.639999985695
1476208338391187256,1372,1476208338367657875,,1494.0,-0.639999985695
1476208338433509413,1373,1476208338396865005,,1494.0,-0.479999989271
1476208338433983266,1374,1476208338427821143,,1494.0,-0.639999985695
1476208338494178045,1375,1476208338457238846,,1493.0,-0.639999985695
1476208338494653617,1376,1476208338488646441,,1494.0,-0.639999985695
1476208338561492132,1377,1476208338516647428,,1494.0,-0.639999985695
1476208338561896558,1378,1476208338546505338,,1493.0,-0.639999985695
1476208338606948137,1379,1476208338579800325,,1494.0,-0.639999985695
1476208338642671713,1380,1476208338608099958,,1494.0,-0.479999989271
1476208338643326399,1381,1476208338639427969,,1494.0,-0.639999985695
1476208338706313412,1382,1476208338667758747,,1494.0,-0.639999985695
1476208338707805023,1383,1476208338699929258,,1494.0,-0.639999985695
1476208338891570550,1384,1476208338729158836,,1493.0,-0.800000011921
1476208338891800550,1385,1476208338755429462,,1494.0,-0.639999985695
1476208338891848831,1386,1476208338787174087,,1494.0,-0.639999985695
1476208338892038830,1387,1476208338815813510,,1494.0,-0.479999989271
1476208338894189451,1388,1476208338846408503,,1494.0,-0.800000011921
1476208338894737992,1389,1476208338876546413,,1494.0,-0.639999985695
1476208338974380493,1390,1476208338906029688,,1493.0,-0.639999985695
1476208338976021166,1391,1476208338936506921,,1493.0,-0.800000011921
1476208338977666632,1392,1476208338964962490,,1493.0,-0.800000011921
1476208339049042847,1393,1476208338992672228,,1494.0,-0.639999985695
1476208339049104565,1394,1476208339025511695,,1494.0,-0.479999989271
1476208339097734783,1395,1476208339049880970,,1493.0,-0.639999985695
1476208339098250772,1396,1476208339077228052,,1494.0,-0.639999985695
1476208339143576152,1397,1476208339109863249,,1493.0,-0.639999985695
1476208339145371617,1398,1476208339137749757,,1494.0,-0.479999989271
1476208339219192358,1399,1476208339168287354,,1494.0,-0.639999985695
1476208339219741316,1400,1476208339198940367,,1494.0,-0.639999985695
1476208339265107894,1401,1476208339226750937,,1495.0,-0.479999989271
1476208339265543414,1402,1476208339260536757,,1491.0,-0.959999978542
1476208339319023361,1403,1476208339289033159,,1494.0,-0.639999985695
1476208339338554157,1404,1476208339316889563,,1494.0,-0.639999985695
1476208339377912569,1405,1476208339349434187,,1494.0,-0.639999985695
1476208339421297432,1406,1476208339378500693,,1493.0,-0.639999985695
1476208339421701025,1407,1476208339410324746,,1493.0,-0.639999985695
1476208339467886821,1408,1476208339437222974,,1493.0,-0.639999985695
1476208339508118409,1409,1476208339467554217,,1494.0,-0.639999985695
1476208339508573720,1410,1476208339498680927,,1494.0,-0.479999989271
1476208339566042150,1411,1476208339527655089,,1493.0,-0.639999985695
1476208339566526211,1412,1476208339555672743,,1493.0,-0.800000011921
1476208339610953260,1413,1476208339589796583,,1494.0,-0.639999985695
1476208339644716528,1414,1476208339616324760,,1494.0,-0.479999989271
1476208339685190823,1415,1476208339649261831,,1494.0,-0.639999985695
1476208339685604208,1416,1476208339677112141,,1494.0,-0.639999985695
1476208339729083811,1417,1476208339707791613,,1493.0,-0.639999985695
1476208339777340644,1418,1476208339736922650,,1494.0,-0.639999985695
1476208339777394446,1419,1476208339766948268,,1494.0,-0.639999985695
1476208339831531579,1420,1476208339795404202,,1494.0,-0.639999985695
1476208339833418295,1421,1476208339826237840,,1493.0,-0.800000011921
1476208339900283737,1422,1476208339852340810,,1494.0,-0.639999985695
1476208339900704882,1423,1476208339882251897,,1493.0,-0.639999985695
1476208339943192507,1424,1476208339915766936,,1494.0,-0.639999985695
1476208339966082671,1425,1476208339944583182,,1493.0,-0.639999985695
1476208339991738402,1426,1476208339976475046,,1493.0,-0.639999985695
1476208340034588423,1427,1476208340002568068,,1494.0,-0.639999985695
1476208340060384206,1428,1476208340036506908,,1493.0,-0.639999985695
1476208340105991825,1429,1476208340063436648,,1494.0,-0.639999985695
1476208340106419116,1430,1476208340089676075,,1495.0,-0.479999989271
1476208340142398629,1431,1476208340118043416,,1493.0,-0.800000011921
1476208340201987523,1432,1476208340150238301,,1494.0,-0.639999985695
1476208340204580226,1433,1476208340178483871,,1494.0,-0.639999985695
1476208340245237751,1434,1476208340206635743,,1493.0,-0.800000011921
1476208340245783323,1435,1476208340236105737,,1494.0,-0.639999985695
1476208340280947577,1436,1476208340268845153,,1494.0,-0.639999985695
1476208340309103095,1437,1476208340302408941,,1494.0,-0.639999985695
1476208340345094066,1438,1476208340335076065,,1494.0,-0.639999985695
1476208340385772477,1439,1476208340365850120,,1493.0,-0.800000011921
1476208340424861671,1440,1476208340395874801,,1493.0,-0.639999985695
1476208340465620914,1441,1476208340422430790,,1494.0,-0.639999985695
1476208340467761639,1442,1476208340453468334,,1494.0,-0.639999985695
1476208340549196689,1443,1476208340481931508,,1493.0,-0.639999985695
1476208340549748302,1444,1476208340510989732,,1494.0,-0.639999985695
1476208340550160020,1445,1476208340542129411,,1494.0,-0.639999985695
1476208340607388346,1446,1476208340572445550,,1496.0,-0.800000011921
1476208340607867616,1447,1476208340603759655,,1494.0,-0.639999985695
1476208340657717727,1448,1476208340630534082,,1493.0,-0.639999985695
1476208340678490030,1449,1476208340660410378,,1494.0,-0.639999985695
1476208340704171594,1450,1476208340698926605,,1494.0,-0.639999985695
1476208340737835435,1451,1476208340719755314,,1494.0,-0.639999985695
1476208340775732080,1452,1476208340744111881,,1493.0,-0.639999985695
1476208340775776298,1453,1476208340757092689,,1493.0,-0.639999985695
1476208340783538471,1454,1476208340772784742,,1494.0,-0.639999985695
1476208340797307923,1455,1476208340793346525,,1494.0,-0.639999985695
1476208340819855952,1456,1476208340812763570,,1494.0,-0.639999985695
1476208340837540553,1457,1476208340832706969,,1494.0,-0.479999989271
1476208340859681603,1458,1476208340853088647,,1494.0,-0.639999985695
1476208340879173128,1459,1476208340872609964,,1494.0,-0.639999985695
1476208340902346312,1460,1476208340893953672,,1494.0,-0.479999989271
1476208340971476750,1461,1476208340923647833,,1493.0,-0.639999985695
1476208340972133728,1462,1476208340948679711,,1493.0,-0.639999985695
1476208341307918645,1463,1476208340970261023,,1493.0,-0.639999985695
1476208341308895466,1464,1476208340991027649,,1493.0,-0.800000011921
1476208341309967808,1465,1476208341013229637,,1494.0,-0.639999985695
1476208341311086243,1466,1476208341035187823,,1493.0,-0.800000011921
1476208341311768689,1467,1476208341057471946,,1493.0,-0.800000011921
1476208341312724469,1468,1476208341079530237,,1494.0,-0.639999985695
1476208341314763736,1469,1476208341101436600,,1493.0,-0.800000011921
1476208341315265089,1470,1476208341122778798,,1493.0,-0.639999985695
1476208341315731703,1471,1476208341150225463,,1493.0,-0.639999985695
1476208341316311076,1472,1476208341172380003,,1493.0,-0.800000011921
1476208341316697221,1473,1476208341195887718,,1494.0,-0.639999985695
1476208341316984148,1474,1476208341218377570,,1495.0,-0.479999989271
1476208341317279772,1475,1476208341239241852,,1494.0,-0.639999985695
1476208341318634770,1476,1476208341260971549,,1494.0,-0.639999985695
1476208341320580339,1477,1476208341284187233,,1494.0,-0.639999985695
1476208341321590389,1478,1476208341310710046,,1494.0,-0.639999985695
1476208341531550031,1479,1476208341327653554,,1494.0,-0.639999985695
1476208341531848520,1480,1476208341354627408,,1494.0,-0.639999985695
1476208341532160967,1481,1476208341383450372,,1494.0,-0.639999985695
1476208341532435290,1482,1476208341417932232,,1493.0,-0.639999985695
1476208341532708050,1483,1476208341447998423,,1494.0,-0.639999985695
1476208341533428100,1484,1476208341483563354,,1493.0,-0.639999985695
1476208341534210859,1485,1476208341525609157,,1494.0,-0.639999985695
