%time,field.header.seq,field.header.stamp,field.header.frame_id,field.temperature,field.variance
1463662911603876024,439,1463662911471164279,,1530.0,-8.39999961853
1463662911604107874,440,1463662911508980242,,1530.0,-8.52000045776
1463662911604159483,441,1463662911532976242,,1530.0,-8.52000045776
1463662911604377897,442,1463662911570706485,,1530.0,-8.52000045776
1463662911604526058,443,1463662911584141804,,1529.0,-8.52000045776
1463662911616083194,444,1463662911604211665,,1529.0,-8.52000045776
1463662911630459087,445,1463662911618481320,,1530.0,-8.52000045776
1463662911648290649,446,1463662911628159128,,1530.0,-8.52000045776
1463662911648852463,447,1463662911636947917,,1530.0,-8.39999961853
1463662911657928045,448,1463662911652504673,,1529.0,-8.52000045776
1463662911666516022,449,1463662911660835282,,1529.0,-8.52000045776
1463662911675549004,450,1463662911667605436,,1529.0,-8.52000045776
1463662911698494180,451,1463662911686297113,,1529.0,-8.52000045776
1463662911719758183,452,1463662911696553296,,1529.0,-8.52000045776
1463662911720509247,453,1463662911708961798,,1530.0,-8.52000045776
1463662911720850148,454,1463662911714982918,,1530.0,-8.52000045776
1463662911735080224,455,1463662911727569421,,1529.0,-8.52000045776
1463662911760021225,456,1463662911746110490,,1530.0,-8.52000045776
1463662911788401438,457,1463662911765920588,,1530.0,-8.52000045776
1463662911788832121,458,1463662911775840921,,1529.0,-8.52000045776
1463662911836182678,459,1463662911787501536,,1529.0,-8.52000045776
1463662911836223507,460,1463662911801867534,,1529.0,-8.64000034332
1463662911836270221,461,1463662911812776199,,1529.0,-8.64000034332
1463662911841277284,462,1463662911819839862,,1529.0,-8.52000045776
1463662911857180617,463,1463662911849884635,,1529.0,-8.64000034332
1463662911887793973,464,1463662911867015491,,1529.0,-8.52000045776
1463662911887878912,465,1463662911877446863,,1530.0,-8.52000045776
1463662911905697923,466,1463662911899447245,,1530.0,-8.52000045776
1463662911968213195,467,1463662911937244148,,1529.0,-8.52000045776
1463662911992281895,468,1463662911969348854,,1529.0,-8.52000045776
1463662912014816230,469,1463662911999822903,,1530.0,-8.52000045776
1463662912054995271,470,1463662912028724361,,1529.0,-8.52000045776
1463662912066860342,471,1463662912057074369,,1529.0,-8.52000045776
1463662912106795035,472,1463662912086358807,,1530.0,-8.52000045776
1463662912219695954,473,1463662912114758185,,1530.0,-8.52000045776
1463662912220015450,474,1463662912153601797,,1530.0,-8.39999961853
1463662912223212709,475,1463662912181155277,,1530.0,-8.52000045776
1463662912223273015,476,1463662912205562273,,1529.0,-8.52000045776
1463662912366613090,477,1463662912228579368,,1530.0,-8.52000045776
1463662912366673813,478,1463662912254309867,,1530.0,-8.52000045776
1463662912366723495,479,1463662912277717649,,1529.0,-8.52000045776
1463662912366769740,480,1463662912302633705,,1530.0,-8.52000045776
1463662912366809111,481,1463662912324111748,,1530.0,-8.39999961853
1463662912366846763,482,1463662912346274716,,1530.0,-8.52000045776
1463662912960103142,483,1463662912368878522,,1530.0,-8.39999961853
1463662912962164065,484,1463662912392786198,,1530.0,-8.52000045776
1463662912962453982,485,1463662912415429479,,1530.0,-8.52000045776
1463662912963699732,486,1463662912437701967,,1530.0,-8.52000045776
1463662912968101496,487,1463662912460552986,,1530.0,-8.39999961853
1463662912968458749,488,1463662912484968575,,1530.0,-8.52000045776
1463662912969598678,489,1463662912508694447,,1530.0,-8.39999961853
1463662912969938902,490,1463662912527825973,,1530.0,-8.39999961853
1463662912970212414,491,1463662912552535280,,1530.0,-8.52000045776
1463662912970462335,492,1463662912577526276,,1530.0,-8.39999961853
1463662912970717463,493,1463662912601899318,,1530.0,-8.39999961853
1463662912970962749,494,1463662912630747293,,1530.0,-8.52000045776
1463662912971206629,495,1463662912654029880,,1530.0,-8.39999961853
1463662912974071528,496,1463662912677877302,,1530.0,-8.39999961853
1463662912974437113,497,1463662912701533025,,1530.0,-8.52000045776
1463662912974730727,498,1463662912725066262,,1530.0,-8.39999961853
1463662912975027726,499,1463662912748875615,,1530.0,-8.52000045776
1463662912975303999,500,1463662912773726626,,1530.0,-8.39999961853
1463662912975590738,501,1463662912800211888,,1530.0,-8.39999961853
1463662912975854200,502,1463662912823350323,,1530.0,-8.39999961853
1463662912976121514,503,1463662912850851465,,1530.0,-8.39999961853
1463662912976370706,504,1463662912874363922,,1529.0,-8.52000045776
1463662912976614899,505,1463662912901128945,,1529.0,-8.52000045776
1463662912976859612,506,1463662912924390493,,1530.0,-8.52000045776
1463662912977258475,507,1463662912950044803,,1529.0,-8.52000045776
1463662912977648641,508,1463662912973518358,,1530.0,-8.52000045776
1463662914383587364,509,1463662912997013787,,1530.0,-8.39999961853
1463662914383856189,510,1463662913023151638,,1529.0,-8.52000045776
1463662914384131523,511,1463662913046758200,,1529.0,-8.52000045776
1463662914384385923,512,1463662913072527393,,1529.0,-8.52000045776
1463662914384638187,513,1463662913096483918,,1529.0,-8.52000045776
1463662914384893681,514,1463662913122293315,,1529.0,-8.52000045776
1463662914386079230,515,1463662913146613394,,1530.0,-8.27999973297
1463662914386366594,516,1463662913173858677,,1529.0,-8.52000045776
1463662914386614432,517,1463662913196974043,,1529.0,-8.52000045776
1463662914386867686,518,1463662913223841190,,1529.0,-8.52000045776
1463662914390147383,519,1463662913248509200,,1530.0,-8.52000045776
1463662914390559266,520,1463662913272035563,,1529.0,-8.52000045776
1463662914390827518,521,1463662913284661958,,1530.0,-8.52000045776
1463662914391094052,522,1463662913305779362,,1529.0,-8.52000045776
1463662914391349389,523,1463662913326852709,,1530.0,-8.52000045776
1463662914392714189,524,1463662913350683726,,1529.0,-8.52000045776
1463662914393024729,525,1463662913376421777,,1529.0,-8.64000034332
1463662914396932119,526,1463662913397387374,,1529.0,-8.52000045776
1463662914397290257,527,1463662913419772038,,1530.0,-8.52000045776
1463662914397581684,528,1463662913442565146,,1529.0,-8.52000045776
1463662914397863112,529,1463662913468731223,,1529.0,-8.64000034332
1463662914398145060,530,1463662913492066825,,1529.0,-8.52000045776
1463662914399647138,531,1463662913518095626,,1530.0,-8.52000045776
1463662914400202130,532,1463662913542279678,,1529.0,-8.52000045776
1463662914400503451,533,1463662913568780406,,1529.0,-8.64000034332
1463662914400769256,534,1463662913592241672,,1529.0,-8.52000045776
1463662914401028342,535,1463662913621148807,,1529.0,-8.52000045776
1463662914401276336,536,1463662913641364121,,1529.0,-8.52000045776
1463662914401519956,537,1463662913667843394,,1529.0,-8.64000034332
1463662914401772377,538,1463662913688893097,,1529.0,-8.52000045776
1463662914402038598,539,1463662913711486436,,1529.0,-8.64000034332
1463662914402295966,540,1463662913736395930,,1529.0,-8.64000034332
1463662914402557396,541,1463662913757973076,,1529.0,-8.52000045776
1463662914403790231,542,1463662913780581205,,1530.0,-8.52000045776
1463662914407936554,543,1463662913801465978,,1530.0,-8.52000045776
1463662914408274538,544,1463662913823466672,,1529.0,-8.52000045776
1463662914408550029,545,1463662913848739252,,1529.0,-8.52000045776
1463662914409864783,546,1463662913871064547,,1529.0,-8.52000045776
1463662914410177145,547,1463662913894309534,,1529.0,-8.52000045776
1463662914411388576,548,1463662913918405418,,1529.0,-8.52000045776
1463662914411707917,549,1463662913941370383,,1530.0,-8.52000045776
1463662914411963879,550,1463662913962652718,,1530.0,-8.52000045776
1463662914412221403,551,1463662913981998543,,1529.0,-8.52000045776
1463662914412493822,552,1463662914004110475,,1530.0,-8.52000045776
1463662914412779936,553,1463662914026805209,,1529.0,-8.52000045776
1463662914413047616,554,1463662914053682824,,1530.0,-8.52000045776
1463662914413306182,555,1463662914076698564,,1529.0,-8.52000045776
1463662914413567039,556,1463662914102775328,,1530.0,-8.52000045776
1463662914413807377,557,1463662914126689618,,1529.0,-8.52000045776
1463662914415051462,558,1463662914154601965,,1529.0,-8.52000045776
1463662914415391269,559,1463662914178093696,,1530.0,-8.52000045776
1463662914415633170,560,1463662914204732586,,1529.0,-8.52000045776
1463662914415882309,561,1463662914227895759,,1530.0,-8.52000045776
1463662914416134209,562,1463662914247974317,,1529.0,-8.52000045776
1463662914417913444,563,1463662914274448590,,1530.0,-8.52000045776
1463662914420396821,564,1463662914298315645,,1529.0,-8.52000045776
1463662914420785217,565,1463662914323135931,,1530.0,-8.52000045776
1463662914421084820,566,1463662914347291600,,1529.0,-8.52000045776
1463662914422505187,567,1463662914370760365,,1529.0,-8.52000045776
1463662914425744108,568,1463662914397033774,,1529.0,-8.52000045776
1463662914426193486,569,1463662914420735847,,1529.0,-8.39999961853
1463662914963025810,570,1463662914448343383,,1530.0,-8.39999961853
1463662914963284636,571,1463662914472581231,,1530.0,-8.52000045776
1463662914963527578,572,1463662914500629241,,1530.0,-8.52000045776
1463662914963788956,573,1463662914527882179,,1530.0,-8.39999961853
1463662914964073926,574,1463662914552299123,,1530.0,-8.52000045776
1463662914964331033,575,1463662914578508060,,1530.0,-8.52000045776
1463662914964598192,576,1463662914602116810,,1530.0,-8.52000045776
1463662914964849936,577,1463662914630252726,,1530.0,-8.39999961853
1463662914967220460,578,1463662914653022452,,1530.0,-8.52000045776
1463662914967587817,579,1463662914680889803,,1530.0,-8.39999961853
1463662914967876067,580,1463662914705078803,,1530.0,-8.52000045776
1463662914968141559,581,1463662914727957891,,1530.0,-8.39999961853
1463662914968395177,582,1463662914751095650,,1530.0,-8.52000045776
1463662914968674418,583,1463662914774721533,,1530.0,-8.39999961853
1463662914968941837,584,1463662914800834023,,1530.0,-8.52000045776
1463662914969328201,585,1463662914822188328,,1530.0,-8.39999961853
1463662914969622284,586,1463662914846131000,,1530.0,-8.39999961853
1463662914970832726,587,1463662914872580068,,1530.0,-8.52000045776
1463662914971155139,588,1463662914895442596,,1529.0,-8.52000045776
1463662914971411309,589,1463662914922034200,,1529.0,-8.52000045776
1463662914971780124,590,1463662914945434587,,1529.0,-8.52000045776
1463662921378707475,591,1463662914970790804,,1531.0,-8.39999961853
1463662921378991611,592,1463662914991738799,,1530.0,-8.39999961853
1463662921379321419,593,1463662915015761775,,1530.0,-8.52000045776
1463662921379624928,594,1463662915040858488,,1529.0,-8.52000045776
1463662921379897711,595,1463662915062105879,,1530.0,-8.52000045776
1463662921380293449,596,1463662915085788266,,1530.0,-8.52000045776
1463662921380568107,597,1463662915112933300,,1530.0,-8.39999961853
1463662921380838442,598,1463662915137126778,,1530.0,-8.52000045776
1463662921381123515,599,1463662915163408937,,1530.0,-8.39999961853
1463662921381365104,600,1463662915187994143,,1530.0,-8.52000045776
1463662921381625284,601,1463662915214306038,,1530.0,-8.39999961853
1463662921381886506,602,1463662915237052901,,1530.0,-8.39999961853
1463662921382134760,603,1463662915262291162,,1530.0,-8.39999961853
1463662921382395097,604,1463662915285975216,,1530.0,-8.52000045776
1463662921382647726,605,1463662915309098706,,1529.0,-8.52000045776
1463662921382892335,606,1463662915336184215,,1529.0,-8.64000034332
1463662921383143505,607,1463662915360698075,,1529.0,-8.52000045776
1463662921383397280,608,1463662915387235987,,1529.0,-8.52000045776
1463662921383665116,609,1463662915410854475,,1530.0,-8.52000045776
1463662921383920921,610,1463662915437025239,,1529.0,-8.52000045776
1463662921384172717,611,1463662915460707523,,1534.0,-8.52000045776
1463662921385843266,612,1463662915485507185,,1538.0,-8.52000045776
1463662921386177032,613,1463662915508930538,,1538.0,-8.52000045776
1463662921386441222,614,1463662915532636569,,1534.0,-8.52000045776
1463662921386702391,615,1463662915558269526,,1530.0,-8.52000045776
1463662921386977726,616,1463662915580869010,,1530.0,-8.52000045776
1463662921387248478,617,1463662915607373697,,1530.0,-8.52000045776
1463662921388826901,618,1463662915631708930,,1530.0,-8.52000045776
1463662921389230972,619,1463662915658256424,,1529.0,-8.52000045776
1463662921390701178,620,1463662915679665308,,1530.0,-8.52000045776
1463662921391038693,621,1463662915704161409,,1529.0,-8.52000045776
1463662921391325850,622,1463662915731185831,,1530.0,-8.52000045776
1463662921391910370,623,1463662915754657825,,1529.0,-8.52000045776
1463662921394429056,624,1463662915780399208,,1530.0,-8.52000045776
1463662921394731888,625,1463662915803886513,,1529.0,-8.52000045776
1463662921395007275,626,1463662915830070505,,1530.0,-8.52000045776
1463662921395302139,627,1463662915854251276,,1529.0,-8.52000045776
1463662921395553466,628,1463662915880788615,,1530.0,-8.52000045776
1463662921395826874,629,1463662915901840245,,1529.0,-8.52000045776
1463662921396110333,630,1463662915924001964,,1529.0,-8.52000045776
1463662921396368065,631,1463662915948823707,,1529.0,-8.52000045776
1463662921396613403,632,1463662915971921835,,1529.0,-8.64000034332
1463662921398174849,633,1463662915995450280,,1530.0,-8.52000045776
1463662921398526478,634,1463662916021861383,,1529.0,-8.52000045776
1463662921406581388,635,1463662916044397488,,1529.0,-8.52000045776
1463662921406838860,636,1463662916066687318,,1530.0,-8.52000045776
1463662921407089510,637,1463662916091677637,,1530.0,-8.39999961853
1463662921407354638,638,1463662916114314408,,1529.0,-8.52000045776
1463662921407618880,639,1463662916137449563,,1530.0,-8.52000045776
1463662921407906245,640,1463662916164356862,,1529.0,-8.52000045776
1463662921408184496,641,1463662916187843646,,1530.0,-8.52000045776
1463662921408456706,642,1463662916213655439,,1529.0,-8.52000045776
1463662921408701003,643,1463662916236494688,,1530.0,-8.52000045776
1463662921408954361,644,1463662916262981616,,1529.0,-8.52000045776
1463662921409330205,645,1463662916286067401,,1530.0,-8.52000045776
1463662921409619341,646,1463662916307522529,,1529.0,-8.52000045776
1463662921409904258,647,1463662916331857919,,1529.0,-8.64000034332
1463662921410180322,648,1463662916354814760,,1529.0,-8.52000045776
1463662921410457531,649,1463662916378276807,,1530.0,-8.52000045776
1463662921410712504,650,1463662916404112191,,1530.0,-8.52000045776
1463662921410959769,651,1463662916422884744,,1529.0,-8.52000045776
1463662921414267849,652,1463662916443518503,,1534.0,-8.52000045776
1463662921414642704,653,1463662916465144654,,1534.0,-8.52000045776
1463662921414905488,654,1463662916486455215,,1534.0,-8.52000045776
1463662921415166033,655,1463662916507921384,,1541.0,-8.64000034332
1463662921415408767,656,1463662916530824689,,1552.0,-8.64000034332
1463662921415642335,657,1463662916555642110,,1554.0,-8.52000045776
1463662921415883091,658,1463662916578773880,,1580.0,-8.39999961853
1463662921416122232,659,1463662916601629638,,1580.0,-8.64000034332
1463662921416372204,660,1463662916626897739,,1580.0,-8.52000045776
1463662921416621969,661,1463662916648834221,,1580.0,-8.52000045776
1463662921418846208,662,1463662916671108740,,1580.0,-8.39999961853
1463662921419369693,663,1463662916696174259,,1580.0,-8.52000045776
1463662921419657058,664,1463662916717743594,,1580.0,-8.52000045776
1463662921419911197,665,1463662916741653509,,1580.0,-8.52000045776
1463662921420205228,666,1463662916767337243,,1580.0,-8.52000045776
1463662921420496706,667,1463662916789365434,,1580.0,-8.52000045776
1463662921420780113,668,1463662916811709320,,1580.0,-8.52000045776
1463662921421040398,669,1463662916833818388,,1580.0,-8.52000045776
1463662921421344271,670,1463662916860953059,,1580.0,-8.52000045776
1463662921421646113,671,1463662916883902869,,1580.0,-8.52000045776
1463662921421913637,672,1463662916912458584,,1580.0,-8.52000045776
1463662921422152100,673,1463662916935427507,,1580.0,-8.52000045776
1463662921422416863,674,1463662916959737691,,1580.0,-8.52000045776
1463662921422674544,675,1463662916984652549,,1580.0,-8.52000045776
1463662921422924986,676,1463662917010710773,,1580.0,-8.52000045776
1463662921423202716,677,1463662917034625115,,1580.0,-8.64000034332
1463662921423449044,678,1463662917061939037,,1580.0,-8.15999984741
1463662921423737502,679,1463662917082893802,,1580.0,-8.52000045776
1463662921423993828,680,1463662917107023069,,1580.0,-8.52000045776
1463662921424250363,681,1463662917132624780,,1580.0,-8.64000034332
1463662921425911590,682,1463662917155177446,,1580.0,-8.52000045776
1463662921426219734,683,1463662917178547367,,1580.0,-8.52000045776
1463662921426471373,684,1463662917201930203,,1580.0,-8.52000045776
1463662921426722804,685,1463662917228060139,,1580.0,-8.52000045776
1463662921427021730,686,1463662917257431234,,1580.0,-8.39999961853
1463662921427272484,687,1463662917284422222,,1580.0,-8.52000045776
1463662921427539226,688,1463662917308286309,,1580.0,-8.52000045776
1463662921427810447,689,1463662917332491035,,1580.0,-8.52000045776
1463662921428069377,690,1463662917353119222,,1580.0,-8.52000045776
1463662921434554822,691,1463662917375889520,,1580.0,-8.52000045776
1463662921434864007,692,1463662917397320484,,1580.0,-8.52000045776
1463662921435134082,693,1463662917420219936,,1580.0,-8.52000045776
1463662921435388534,694,1463662917444018248,,1580.0,-8.52000045776
1463662921435645173,695,1463662917466929886,,1580.0,-6.96000003815
1463662921435893948,696,1463662917491127269,,1580.0,-8.52000045776
1463662921436160794,697,1463662917516776475,,1580.0,-8.52000045776
1463662921436414829,698,1463662917541381315,,1580.0,-8.52000045776
1463662921436663292,699,1463662917566396840,,1580.0,-8.52000045776
1463662921436906807,700,1463662917589916484,,1580.0,-9.35999965668
1463662921437149489,701,1463662917617983450,,1580.0,-8.39999961853
1463662921437405920,702,1463662917637990714,,1580.0,-8.52000045776
1463662921437664902,703,1463662917661557332,,1580.0,-8.64000034332
1463662921437922531,704,1463662917686648318,,1580.0,-8.64000034332
1463662921438196043,705,1463662917708657761,,1580.0,-8.52000045776
1463662921438459035,706,1463662917728775846,,1580.0,-8.52000045776
1463662921438705936,707,1463662917749803469,,1580.0,-8.52000045776
1463662921438962835,708,1463662917774021527,,1580.0,-8.52000045776
1463662921439652812,709,1463662917801896170,,1580.0,-8.52000045776
1463662921439967206,710,1463662917828681086,,1580.0,-8.39999961853
1463662921440231656,711,1463662917854765922,,1580.0,-8.52000045776
1463662921440497877,712,1463662917883829863,,1580.0,-8.52000045776
1463662921442215087,713,1463662917912706168,,1580.0,-8.52000045776
1463662921442531147,714,1463662917935580675,,1580.0,-8.52000045776
1463662921442787682,715,1463662917960760556,,1580.0,-8.52000045776
1463662921443064996,716,1463662917982264065,,1580.0,-8.52000045776
1463662921443336008,717,1463662918004170967,,1580.0,-10.4399995804
1463662921443608166,718,1463662918029460785,,1580.0,-8.52000045776
1463662921443848244,719,1463662918053249150,,1580.0,-8.52000045776
1463662921445968900,720,1463662918073261205,,1580.0,-8.52000045776
1463662921446315217,721,1463662918097859483,,1580.0,-8.52000045776
1463662921446574877,722,1463662918122973383,,1580.0,-8.39999961853
1463662921446827037,723,1463662918142661150,,1580.0,-8.64000034332
1463662921447073104,724,1463662918165484307,,1580.0,-8.64000034332
1463662921447312505,725,1463662918188792725,,1580.0,-8.64000034332
1463662921447616222,726,1463662918216375316,,1580.0,-8.52000045776
1463662921449118456,727,1463662918242241998,,1580.0,-8.52000045776
1463662921454894290,728,1463662918265498807,,1580.0,-8.52000045776
1463662921455163167,729,1463662918288719734,,1580.0,-8.52000045776
1463662921455400329,730,1463662918314853575,,1580.0,-15.720000267
1463662921455647073,731,1463662918338893892,,1580.0,-8.52000045776
1463662921455898973,732,1463662918365399724,,1580.0,-8.52000045776
1463662921456171027,733,1463662918388335213,,1580.0,-10.9200000763
1463662921456426936,734,1463662918414241579,,1580.0,-10.9200000763
1463662921456709093,735,1463662918437473547,,1580.0,-8.52000045776
1463662921456948651,736,1463662918461230093,,1580.0,-8.52000045776
1463662921457215653,737,1463662918486806182,,1580.0,-8.52000045776
1463662921459547172,738,1463662918511436435,,1580.0,-8.52000045776
1463662921459969730,739,1463662918538227080,,1580.0,-8.39999961853
1463662921460233452,740,1463662918559646796,,1580.0,-8.52000045776
1463662921460486393,741,1463662918581663478,,1580.0,-8.52000045776
1463662921460717462,742,1463662918608092131,,1580.0,-5.51999998093
1463662921460967383,743,1463662918631668436,,1580.0,-8.52000045776
1463662921461242041,744,1463662918658884504,,1580.0,-8.52000045776
1463662921461505398,745,1463662918679546385,,1580.0,-8.52000045776
1463662921461759277,746,1463662918701491929,,1580.0,-21.3600006104
1463662921462006646,747,1463662918728124987,,1580.0,-8.52000045776
1463662921462258337,748,1463662918751406324,,1580.0,-8.52000045776
1463662921463484611,749,1463662918774181517,,1580.0,-8.52000045776
1463662921463778017,750,1463662918801115064,,1580.0,-8.52000045776
1463662921464042155,751,1463662918822883804,,1580.0,-8.52000045776
1463662921464282650,752,1463662918848312409,,1580.0,-8.52000045776
1463662921464525071,753,1463662918872509168,,1580.0,-8.39999961853
1463662921464753015,754,1463662918895237127,,1580.0,-8.52000045776
1463662921464975856,755,1463662918921801182,,1580.0,-8.52000045776
1463662921465207602,756,1463662918944792603,,1580.0,-8.52000045776
1463662921465457158,757,1463662918971437170,,1580.0,-8.52000045776
1463662921467097710,758,1463662918995127733,,1580.0,-8.52000045776
1463662921467412728,759,1463662919021317298,,1580.0,-8.64000034332
1463662921468561718,760,1463662919044255287,,1580.0,-8.52000045776
1463662921468888870,761,1463662919068156817,,1580.0,-8.64000034332
1463662921469220032,762,1463662919095620566,,1580.0,-8.52000045776
1463662921471972860,763,1463662919115864211,,1580.0,-8.64000034332
1463662921472345788,764,1463662919141270579,,1580.0,-8.52000045776
1463662921472605343,765,1463662919163576709,,1580.0,-8.52000045776
1463662921472869638,766,1463662919186098440,,1580.0,-8.52000045776
1463662921473117632,767,1463662919211559958,,1580.0,-8.39999961853
1463662921474231782,768,1463662919232301570,,1580.0,-8.52000045776
1463662921474543728,769,1463662919256482549,,1580.0,-8.39999961853
1463662921474806668,770,1463662919280872308,,1580.0,-8.52000045776
1463662921475069556,771,1463662919305787062,,1580.0,-8.52000045776
1463662921475341558,772,1463662919326629601,,1580.0,-8.52000045776
1463662921477437790,773,1463662919351321098,,1580.0,-8.52000045776
1463662921477815561,774,1463662919375930833,,1580.0,-8.52000045776
1463662921479825396,775,1463662919398012977,,1580.0,-8.52000045776
1463662921483453702,776,1463662919425239408,,1580.0,-8.52000045776
1463662921483784551,777,1463662919448152608,,1580.0,-8.52000045776
1463662921484046138,778,1463662919471787084,,1580.0,-8.52000045776
1463662921484287935,779,1463662919498974769,,1580.0,-10.5600004196
1463662921484539834,780,1463662919523636894,,1580.0,-10.5600004196
1463662921484781631,781,1463662919550066693,,1580.0,-8.52000045776
1463662921485044571,782,1463662919577219903,,1580.0,-8.52000045776
1463662921485311574,783,1463662919600765743,,1580.0,-7.32000017166
1463662921485556652,784,1463662919628238294,,1580.0,-8.52000045776
1463662921485811572,785,1463662919651861469,,1580.0,-8.52000045776
1463662921489652875,786,1463662919678719138,,1580.0,-8.64000034332
1463662921489977059,787,1463662919701351326,,1580.0,-8.52000045776
1463662921490241614,788,1463662919727744618,,1580.0,-8.52000045776
1463662921490533405,789,1463662919751704059,,1580.0,-8.39999961853
1463662921490780983,790,1463662919776261665,,1580.0,-8.64000034332
1463662921491049703,791,1463662919802720523,,1580.0,-8.39999961853
1463662921491315091,792,1463662919826699805,,1580.0,-8.39999961853
1463662921491580271,793,1463662919855196828,,1580.0,-8.64000034332
1463662921492919918,794,1463662919883272543,,1580.0,-8.52000045776
1463662921497714556,795,1463662919910663331,,1580.0,-9.84000015259
1463662921498711063,796,1463662919935380815,,1580.0,-8.52000045776
1463662921499056754,797,1463662919963130055,,1580.0,-8.52000045776
1463662921499419996,798,1463662919987238334,,1580.0,-8.52000045776
1463662921499694081,799,1463662920014741558,,1580.0,-8.52000045776
1463662921500789900,800,1463662920038443006,,1580.0,-8.52000045776
1463662921501148507,801,1463662920066393838,,1580.0,-8.39999961853
1463662921501437382,802,1463662920094207758,,1580.0,-1.08000004292
1463662921501690636,803,1463662920118266459,,1580.0,-8.52000045776
1463662921501972168,804,1463662920145696618,,1580.0,-8.52000045776
1463662921502253076,805,1463662920175554744,,1580.0,-8.39999961853
1463662921502499872,806,1463662920212610425,,1580.0,-8.52000045776
1463662921502776821,807,1463662920241513290,,1580.0,-8.64000034332
1463662921503035960,808,1463662920268181865,,1580.0,-8.52000045776
1463662921503287235,809,1463662920294629474,,1580.0,-9.35999965668
1463662921503599961,810,1463662920317901593,,1580.0,-8.39999961853
1463662921504815611,811,1463662920338436925,,1580.0,-8.52000045776
1463662921505127608,812,1463662920365617060,,1580.0,-8.52000045776
1463662921507387572,813,1463662920388925737,,1580.0,-8.39999961853
1463662921507765969,814,1463662920414658320,,1580.0,-8.52000045776
1463662921508020629,815,1463662920437083604,,1580.0,-8.52000045776
1463662921509377201,816,1463662920461370509,,1580.0,-8.52000045776
1463662921512434058,817,1463662920486279691,,1580.0,-10.0799999237
1463662921512776261,818,1463662920509035304,,1580.0,-8.52000045776
1463662921513061126,819,1463662920532584841,,1580.0,-8.52000045776
1463662921513327243,820,1463662920558269928,,1580.0,-8.52000045776
1463662921513587944,821,1463662920581935443,,1580.0,-8.52000045776
1463662921513857342,822,1463662920608287021,,1580.0,-8.15999984741
1463662921515026226,823,1463662920631816456,,1580.0,-8.52000045776
1463662921515344681,824,1463662920658195114,,1580.0,-17.8799991608
1463662921515599966,825,1463662920682578259,,1580.0,-8.52000045776
1463662921515864312,826,1463662920706380165,,1580.0,-8.52000045776
1463662921519653903,827,1463662920730579319,,1580.0,-8.52000045776
1463662921520017249,828,1463662920752390711,,1580.0,-8.52000045776
1463662921520291698,829,1463662920772183832,,1580.0,-8.52000045776
1463662921520557711,830,1463662920796177800,,1580.0,-8.64000034332
1463662921520820547,831,1463662920819943876,,1580.0,-8.39999961853
1463662921524617168,832,1463662920843054138,,1580.0,-8.39999961853
1463662921524914740,833,1463662920868605334,,1580.0,-8.39999961853
1463662921525196428,834,1463662920891551968,,1580.0,-8.52000045776
1463662921525463274,835,1463662920914369709,,1580.0,-8.52000045776
1463662921525714029,836,1463662920940780031,,1580.0,-8.52000045776
1463662921525955721,837,1463662920963987886,,1580.0,-8.39999961853
1463662921526215381,838,1463662920991172291,,1580.0,-8.52000045776
1463662921526497902,839,1463662921013830258,,1580.0,-8.39999961853
1463662921526750844,840,1463662921036330221,,1580.0,-7.19999980927
1463662921530108866,841,1463662921063104461,,1580.0,-8.52000045776
1463662921530635892,842,1463662921086286643,,1580.0,-8.52000045776
1463662921530939453,843,1463662921110487568,,1580.0,-8.52000045776
1463662921531223329,844,1463662921131993472,,1580.0,-8.52000045776
1463662921531487623,845,1463662921153214979,,1580.0,-8.52000045776
1463662921531741137,846,1463662921176431636,,1580.0,-8.52000045776
1463662921532009390,847,1463662921196816724,,1580.0,-8.52000045776
1463662921532270663,848,1463662921220807880,,1580.0,-8.52000045776
1463662921532555372,849,1463662921241175990,,1580.0,-7.44000005722
1463662921532804720,850,1463662921264417175,,1580.0,-8.39999961853
1463662921535590409,851,1463662921285382669,,1580.0,-8.52000045776
1463662921535885898,852,1463662921307035380,,1580.0,-8.52000045776
1463662921538609197,853,1463662921330972792,,1580.0,-9.35999965668
1463662921539894943,854,1463662921350800336,,1580.0,-8.52000045776
1463662921540212982,855,1463662921376565883,,1580.0,-8.52000045776
1463662921540476860,856,1463662921400585265,,1580.0,-8.52000045776
1463662921540750320,857,1463662921421039617,,1580.0,-9.60000038147
1463662921541023571,858,1463662921445123679,,1580.0,-9.60000038147
1463662921541285835,859,1463662921470121081,,1580.0,-8.52000045776
1463662921541553722,860,1463662921494341691,,1580.0,-8.52000045776
1463662921544061003,861,1463662921518172240,,1580.0,-10.3199996948
1463662921544560168,862,1463662921540334583,,1580.0,-10.3199996948
1463662923004030603,863,1463662921563192424,,1580.0,-8.52000045776
1463662923004283388,864,1463662921588663577,,1580.0,-8.52000045776
1463662923004524612,865,1463662921616466560,,1580.0,-8.64000034332
1463662923004765471,866,1463662921639980893,,1580.0,-8.52000045776
1463662923005026849,867,1463662921661378944,,1580.0,-8.52000045776
1463662923005274479,868,1463662921685541123,,1580.0,-8.52000045776
1463662923005521327,869,1463662921708231066,,1580.0,-8.52000045776
1463662923005804630,870,1463662921730060945,,1580.0,-8.52000045776
1463662923006102254,871,1463662921751885513,,1580.0,-8.52000045776
1463662923006382380,872,1463662921774001039,,1580.0,-8.52000045776
1463662923006675838,873,1463662921797778884,,1580.0,-8.52000045776
1463662923006949558,874,1463662921819025962,,1580.0,-9.0
1463662923007204062,875,1463662921838396680,,1580.0,-8.52000045776
1463662923007477001,876,1463662921861739886,,1580.0,-8.39999961853
1463662923007748066,877,1463662921884184282,,1580.0,-8.39999961853
1463662923008036888,878,1463662921905108322,,1580.0,-8.52000045776
1463662923008327222,879,1463662921929260138,,1580.0,-8.52000045776
1463662923008641927,880,1463662921951648238,,1580.0,-8.52000045776
1463662923008900753,881,1463662921976441651,,1580.0,-8.52000045776
1463662923009236811,882,1463662922003029506,,1580.0,-9.47999954224
1463662923009538132,883,1463662922025562590,,1580.0,-9.47999954224
1463662923019355717,884,1463662922051406202,,1580.0,-8.52000045776
1463662923019754997,885,1463662922074298207,,1580.0,-8.39999961853
1463662923020042465,886,1463662922094587627,,1580.0,-8.39999961853
1463662923020309624,887,1463662922117145918,,1580.0,-8.52000045776
1463662923020587927,888,1463662922141711387,,1580.0,-8.39999961853
1463662923020857481,889,1463662922164036265,,1580.0,-8.39999961853
1463662923021131827,890,1463662922186433791,,1580.0,-8.52000045776
1463662923021402058,891,1463662922211324746,,1580.0,-8.52000045776
1463662923021669165,892,1463662922233752269,,1580.0,-8.52000045776
1463662923021949968,893,1463662922254965027,,1580.0,-8.52000045776
1463662923022239676,894,1463662922277951032,,1580.0,-8.52000045776
1463662923022485951,895,1463662922298776176,,1580.0,-8.39999961853
1463662923022770191,896,1463662922322417995,,1580.0,-8.39999961853
1463662923023041308,897,1463662922343299852,,1580.0,-8.39999961853
1463662923023297843,898,1463662922365948653,,1580.0,-8.52000045776
1463662923023533703,899,1463662922386401390,,1580.0,-8.52000045776
1463662923023781020,900,1463662922408705489,,1580.0,-8.52000045776
1463662923024023754,901,1463662922428573341,,1580.0,-8.52000045776
1463662923024295599,902,1463662922452506795,,1580.0,-8.52000045776
1463662923024530574,903,1463662922477288074,,1580.0,-8.52000045776
1463662923024765861,904,1463662922496337785,,1580.0,-7.07999992371
1463662923025017865,905,1463662922506548192,,1580.0,-8.52000045776
1463662923025260339,906,1463662922515905253,,1580.0,-8.52000045776
1463662923025493595,907,1463662922526726062,,1580.0,-8.52000045776
1463662923025730132,908,1463662922543006593,,1580.0,-8.52000045776
1463662923026012601,909,1463662922572397114,,1580.0,-8.52000045776
1463662923026328088,910,1463662922602699515,,1580.0,-8.39999961853
1463662923026617327,911,1463662922638557461,,1580.0,-8.52000045776
1463662923026881414,912,1463662922674515344,,1580.0,-8.52000045776
1463662923027174819,913,1463662922705651925,,1580.0,-8.39999961853
1463662923027462653,914,1463662922735800853,,1580.0,-8.52000045776
1463662923027793034,915,1463662922765133151,,1580.0,-8.52000045776
1463662923028078524,916,1463662922791510820,,1580.0,-8.52000045776
1463662923028363962,917,1463662922819881763,,1580.0,-8.39999961853
1463662923028638932,918,1463662922846868741,,1580.0,-8.52000045776
1463662923028902237,919,1463662922877599168,,1580.0,-8.52000045776
1463662923029261052,920,1463662922907636285,,1580.0,-8.52000045776
1463662923029577164,921,1463662922938001440,,1580.0,-8.52000045776
1463662923029852603,922,1463662922968609901,,1580.0,-8.52000045776
1463662923030293024,923,1463662922998526771,,1580.0,-10.5600004196
1463662926546981975,924,1463662923028094512,,1580.0,-8.52000045776
1463662926547252779,925,1463662923056655122,,1580.0,-8.52000045776
1463662926547477546,926,1463662923073825296,,1580.0,-8.52000045776
1463662926547706011,927,1463662923090681755,,1580.0,-8.52000045776
1463662926547937184,928,1463662923114293681,,1580.0,-8.39999961853
1463662926548213196,929,1463662923141936318,,1580.0,-8.39999961853
1463662926548486135,930,1463662923164656049,,1580.0,-8.39999961853
1463662926548816881,931,1463662923195219047,,1580.0,-8.52000045776
1463662926549567737,932,1463662923218698643,,1580.0,-8.52000045776
1463662926550083410,933,1463662923242463782,,1580.0,-8.39999961853
1463662926550620592,934,1463662923262740392,,1580.0,-8.52000045776
1463662926551219798,935,1463662923286144528,,1580.0,-8.52000045776
1463662926551677665,936,1463662923305986862,,1580.0,-8.39999961853
1463662926552041896,937,1463662923335720783,,1580.0,-8.39999961853
1463662926552322804,938,1463662923367595826,,1580.0,-8.52000045776
1463662926552612720,939,1463662923401657925,,1580.0,-8.64000034332
1463662926553611206,940,1463662923436830632,,1580.0,-8.52000045776
1463662926554167344,941,1463662923471326590,,1580.0,-8.52000045776
1463662926554484132,942,1463662923501897348,,1580.0,-8.52000045776
1463662926554753687,943,1463662923532565334,,1580.0,-8.52000045776
1463662926555010378,944,1463662923565156966,,1580.0,-8.27999973297
1463662926555268631,945,1463662923599850559,,1580.0,-8.52000045776
1463662926555495117,946,1463662923633348656,,1580.0,-8.39999961853
1463662926555740924,947,1463662923668495169,,1580.0,-8.52000045776
1463662926555959650,948,1463662923690823953,,1580.0,-8.52000045776
1463662926556384187,949,1463662923707327793,,1580.0,-8.52000045776
1463662926556783050,950,1463662923723147697,,1580.0,-8.52000045776
1463662926557034794,951,1463662923745446328,,1580.0,-7.07999992371
1463662926557276591,952,1463662923768522271,,1580.0,-8.52000045776
1463662926557560935,953,1463662923790713622,,1580.0,-8.52000045776
1463662926557864392,954,1463662923812942781,,1580.0,-8.52000045776
1463662926558164568,955,1463662923835573094,,1580.0,-8.64000034332
1463662926558463702,956,1463662923858502438,,1580.0,-8.39999961853
1463662926558889489,957,1463662923885619506,,1580.0,-8.52000045776
1463662926559910785,958,1463662923911619300,,1580.0,-8.52000045776
1463662926560453122,959,1463662923935013333,,1580.0,-9.11999988556
1463662926560962390,960,1463662923959675823,,1580.0,-8.52000045776
1463662926561378647,961,1463662923981585485,,1580.0,-8.52000045776
1463662926561636484,962,1463662924000909541,,1580.0,-8.52000045776
1463662926561883384,963,1463662924023143700,,1580.0,-8.52000045776
1463662926562125285,964,1463662924046233808,,1580.0,-8.52000045776
1463662926562383747,965,1463662924072972844,,1580.0,-8.52000045776
1463662926562659082,966,1463662924095835945,,1580.0,-8.52000045776
1463662926562946811,967,1463662924120378812,,1580.0,-8.52000045776
1463662926563498002,968,1463662924143696760,,1580.0,-8.64000034332
1463662926563956129,969,1463662924166248540,,1580.0,-8.52000045776
1463662926564283437,970,1463662924188342610,,1580.0,-8.52000045776
1463662926564569552,971,1463662924215103050,,1580.0,-8.64000034332
1463662926564852074,972,1463662924239787621,,1580.0,-8.52000045776
1463662926565123034,973,1463662924267145028,,1580.0,-8.52000045776
1463662926565375871,974,1463662924292065458,,1580.0,-8.52000045776
1463662926565620220,975,1463662924317179878,,1580.0,-8.52000045776
1463662926565851185,976,1463662924339608599,,1580.0,-8.52000045776
1463662926566446849,977,1463662924364673806,,1580.0,-8.52000045776
1463662926566906956,978,1463662924387708399,,1580.0,-8.52000045776
1463662926567209788,979,1463662924412000824,,1580.0,-8.52000045776
1463662926567493090,980,1463662924438623363,,1580.0,-8.64000034332
1463662926567800297,981,1463662924462054892,,1580.0,-8.52000045776
1463662926568136875,982,1463662924489532911,,1580.0,-8.52000045776
1463662926568436895,983,1463662924512378670,,1580.0,-8.52000045776
1463662926568849298,984,1463662924539364033,,1580.0,-8.52000045776
1463662926569949439,985,1463662924563232963,,1580.0,-8.52000045776
1463662926570442251,986,1463662924590250615,,1580.0,-8.52000045776
1463662926570874600,987,1463662924614083299,,1580.0,-10.8000001907
1463662926571399699,988,1463662924640182144,,1580.0,-8.52000045776
1463662926571746068,989,1463662924662428176,,1580.0,-8.52000045776
1463662926572004321,990,1463662924688598836,,1580.0,-8.52000045776
1463662926572283614,991,1463662924711339346,,1580.0,-8.52000045776
1463662926572548273,992,1463662924733032313,,1580.0,-8.52000045776
1463662926572793142,993,1463662924757084609,,1580.0,-8.52000045776
1463662926573031242,994,1463662924780793868,,1580.0,-8.52000045776
1463662926573281215,995,1463662924804681025,,1580.0,-8.52000045776
1463662926573548790,996,1463662924830995628,,1580.0,-8.52000045776
1463662926574505666,997,1463662924853595685,,1580.0,-8.52000045776
1463662926576776358,998,1463662924880258687,,1580.0,-7.80000019073
1463662926577407956,999,1463662924903933680,,1580.0,-8.52000045776
1463662926577699487,1000,1463662924930372436,,1580.0,-8.52000045776
1463662926578019192,1001,1463662924953470095,,1580.0,-8.52000045776
1463662926578307911,1002,1463662924977994735,,1580.0,-8.52000045776
1463662926578581371,1003,1463662925004009318,,1580.0,-8.52000045776
1463662926578881911,1004,1463662925026672545,,1580.0,-9.0
1463662926579376337,1005,1463662925052409606,,1580.0,-9.0
1463662926579727809,1006,1463662925075137149,,1580.0,-9.60000038147
1463662926580049962,1007,1463662925097061705,,1580.0,-10.4399995804
1463662926580368313,1008,1463662925122130401,,1580.0,-10.4399995804
1463662926580639482,1009,1463662925151257929,,1580.0,-11.0399999619
1463662926580918514,1010,1463662925181682973,,1580.0,-11.3999996185
1463662926581193536,1011,1463662925196723378,,1580.0,-11.3999996185
1463662926581482463,1012,1463662925206585228,,1580.0,-11.3999996185
1463662926581779879,1013,1463662925233514869,,1580.0,-11.5200004578
1463662926582057974,1014,1463662925260413263,,1580.0,-11.3999996185
1463662926582366639,1015,1463662925295274233,,1580.0,-12.0
1463662926582672491,1016,1463662925317071252,,1580.0,-12.0
1463662926582972875,1017,1463662925348633100,,1580.0,-11.279999733
1463662926583261386,1018,1463662925359567907,,1580.0,-11.7600002289
1463662926583550521,1019,1463662925379744996,,1580.0,-12.6000003815
1463662926583815597,1020,1463662925403731414,,1580.0,-12.6000003815
1463662926584075568,1021,1463662925430337599,,1580.0,-12.9600000381
1463662926584355538,1022,1463662925454988528,,1580.0,-13.1999998093
1463662926584664828,1023,1463662925478699454,,1580.0,-13.3199996948
1463662926584949745,1024,1463662925500531260,,1580.0,-14.279999733
1463662926585227006,1025,1463662925523201622,,1580.0,-14.3999996185
1463662926585506924,1026,1463662925543243830,,1580.0,-14.3999996185
1463662926585755960,1027,1463662925563078092,,1580.0,-14.3999996185
1463662926586008016,1028,1463662925592082560,,1580.0,-14.3999996185
1463662926586278039,1029,1463662925616104077,,1580.0,-14.279999733
1463662926586563424,1030,1463662925648429905,,1580.0,-14.279999733
1463662926586865215,1031,1463662925682661933,,1580.0,-14.279999733
1463662926587165130,1032,1463662925690172267,,1580.0,-14.279999733
1463662926587460619,1033,1463662925711768578,,1580.0,-14.279999733
1463662926587715539,1034,1463662925737345240,,1580.0,-15.1199998856
1463662926587981761,1035,1463662925766686859,,1580.0,-14.3999996185
1463662926588231421,1036,1463662925792863873,,1580.0,-14.3999996185
1463662926588474416,1037,1463662925818563125,,1580.0,-14.279999733
1463662926588728763,1038,1463662925850224598,,1580.0,-13.8000001907
1463662926588973633,1039,1463662925882568028,,1580.0,-13.8000001907
1463662926589411137,1040,1463662925904869628,,1580.0,-13.8000001907
1463662926589720635,1041,1463662925924983859,,1580.0,-13.8000001907
1463662926590042580,1042,1463662925954711010,,1580.0,-13.8000001907
1463662926590345828,1043,1463662925990865955,,1580.0,-13.8000001907
1463662926590615382,1044,1463662925997101739,,1580.0,-13.3199996948
1463662926590873427,1045,1463662926046908698,,1580.0,-13.8000001907
1463662926591135326,1046,1463662926098529262,,1546.0,-13.8000001907
1463662926591408474,1047,1463662926185498453,,1534.0,-13.8000001907
1463662926591678757,1048,1463662926214739771,,1534.0,-14.279999733
1463662926591927532,1049,1463662926234357598,,1534.0,-14.8800001144
1463662926592208491,1050,1463662926255496458,,1535.0,-15.6000003815
1463662926592513250,1051,1463662926316202864,,1530.0,-16.5599994659
1463662926592813686,1052,1463662926379472742,,1529.0,-16.7999992371
1463662926593131152,1053,1463662926440936565,,1518.0,-17.1599998474
1463662926593405810,1054,1463662926466438235,,1517.0,-17.1599998474
1463662926593672968,1055,1463662926485391030,,1519.0,-17.1599998474
1463662926593933565,1056,1463662926505655870,,1517.0,-17.1599998474
1463662926594199630,1057,1463662926535501653,,1517.0,-17.1599998474
1463662926594679422,1058,1463662926550341924,,1507.0,-17.1599998474
1463662926595071567,1059,1463662926586485412,,1502.0,-17.1599998474
1463662927242050836,1060,1463662926613033896,,1502.0,-17.0400009155
1463662927242344346,1061,1463662926647429604,,1502.0,-17.0400009155
1463662927246597376,1062,1463662926676304764,,1501.0,-17.6399993896
1463662927246968273,1063,1463662926705267309,,1501.0,-17.6399993896
1463662927247284385,1064,1463662926735783177,,1502.0,-17.3999996185
1463662927247836825,1065,1463662926765668956,,1501.0,-17.3999996185
1463662927248136897,1066,1463662926794543594,,1502.0,-18.0
1463662927248878379,1067,1463662926820961624,,1503.0,-18.0
1463662927250080176,1068,1463662926845202857,,1502.0,-18.0
1463662927250439252,1069,1463662926873219776,,1502.0,-18.7199993134
1463662927250750468,1070,1463662926898096773,,1502.0,-18.7199993134
1463662927251011326,1071,1463662926927277004,,1503.0,-19.0799999237
1463662927251293066,1072,1463662926958078570,,1502.0,-19.2000007629
1463662927251562151,1073,1463662926985094503,,1502.0,-19.0799999237
1463662927251855505,1074,1463662927009075348,,1503.0,-19.0799999237
1463662927252151202,1075,1463662927036394946,,1502.0,-19.2000007629
1463662927252434557,1076,1463662927064426759,,1502.0,-19.0799999237
1463662927252716402,1077,1463662927090598044,,1502.0,-19.2000007629
1463662927252988820,1078,1463662927118611630,,1502.0,-19.2000007629
1463662927253252437,1079,1463662927146063870,,1502.0,-19.0799999237
1463662927253503712,1080,1463662927168237983,,1502.0,-19.2000007629
1463662927253776860,1081,1463662927190965786,,1502.0,-19.0799999237
1463662927254023448,1082,1463662927218265960,,1507.0,-18.3600006104
1463662927254410750,1083,1463662927244035309,,1502.0,-19.0799999237
1463662927761966655,1084,1463662927273248140,,1502.0,-19.0799999237
1463662927762030815,1085,1463662927299845212,,1502.0,-19.0799999237
1463662927762068728,1086,1463662927325706323,,1486.0,-19.2000007629
1463662927762105182,1087,1463662927351179714,,1486.0,-18.8400001526
1463662927762140647,1088,1463662927378883907,,1486.0,-20.1599998474
1463662927762177726,1089,1463662927410728380,,1486.0,-19.2000007629
1463662927762211681,1090,1463662927452156141,,1486.0,-18.6000003815
1463662927762247719,1091,1463662927508199509,,1471.0,-18.7199993134
1463662927762282767,1092,1463662927598260709,,1422.0,-18.6000003815
1463662927762357915,1093,1463662927654274445,,1390.0,-18.1200008392
1463662927762398536,1094,1463662927689936630,,1378.0,-18.1200008392
1463662927763890145,1095,1463662927698575957,,1362.0,-17.7600002289
1463662927764401132,1096,1463662927723713447,,1362.0,-17.7600002289
1463662927764442950,1097,1463662927728694107,,1341.0,-17.7600002289
1463662927785762624,1098,1463662927767744156,,1326.0,-17.7600002289
1463662927813195283,1099,1463662927803913839,,1326.0,-17.6399993896
1463662927837732630,1100,1463662927826392711,,1310.0,-16.7999992371
1463662927866803393,1101,1463662927855526071,,1311.0,-14.7600002289
1463662927993579687,1102,1463662927881254383,,1313.0,-14.7600002289
1463662927993616558,1103,1463662927896651468,,1263.0,-11.7600002289
1463662927993658897,1104,1463662927919968427,,1262.0,-11.3999996185
1463662927994379548,1105,1463662927938734002,,1217.0,-9.72000026703
1463662927994423918,1106,1463662927962830824,,1218.0,-10.8000001907
1463662927994464383,1107,1463662927986104141,,1217.0,-9.60000038147
1463662928147884462,1108,1463662928009782987,,1215.0,-9.84000015259
1463662928148044028,1109,1463662928028960549,,1217.0,-9.60000038147
1463662928148142403,1110,1463662928040462587,,1217.0,-9.60000038147
1463662928148324258,1111,1463662928051822452,,1169.0,-9.23999977112
1463662928152487818,1112,1463662928061163630,,1170.0,-9.0
1463662928152543021,1113,1463662928071764046,,1170.0,-9.0
1463662928152578225,1114,1463662928084787013,,1153.0,-8.64000034332
1463662928152612284,1115,1463662928098170202,,1153.0,-8.64000034332
1463662928152717898,1116,1463662928131585651,,1153.0,-8.52000045776
1463662928196964520,1117,1463662928163729676,,1136.0,-8.52000045776
1463662928198306667,1118,1463662928183859583,,1135.0,-8.52000045776
1463662928237511282,1119,1463662928201684895,,1118.0,-8.64000034332
1463662928244962768,1120,1463662928223837031,,1119.0,-8.52000045776
1463662928272421310,1121,1463662928248015824,,1119.0,-8.52000045776
1463662928288473845,1122,1463662928274551392,,1118.0,-8.64000034332
1463662928304767813,1123,1463662928295096254,,1118.0,-8.64000034332
1463662928324810229,1124,1463662928319424822,,1118.0,-8.52000045776
1463662928354170336,1125,1463662928343786198,,1090.0,-8.52000045776
1463662928678333361,1126,1463662928357608662,,1089.0,-8.52000045776
1463662928678548130,1127,1463662928369009148,,1089.0,-8.52000045776
1463662928678769095,1128,1463662928380009001,,1089.0,-8.64000034332
1463662928679003914,1129,1463662928390638633,,1089.0,-8.64000034332
1463662928679427670,1130,1463662928400027149,,1089.0,-8.52000045776
1463662928679739720,1131,1463662928412379199,,1089.0,-8.52000045776
1463662928680047551,1132,1463662928426162032,,1086.0,-8.64000034332
1463662928680319344,1133,1463662928447471655,,1086.0,-8.64000034332
1463662928680601449,1134,1463662928464978564,,1101.0,-8.52000045776
1463662928680886158,1135,1463662928485742361,,1101.0,-8.64000034332
1463662928681157118,1136,1463662928507631140,,1166.0,-8.64000034332
1463662928681425319,1137,1463662928522742579,,1198.0,-8.52000045776
1463662928681693571,1138,1463662928534040368,,1258.0,-8.52000045776
1463662928681949429,1139,1463662928563142847,,1261.0,-8.64000034332
1463662928682196850,1140,1463662928578553055,,1262.0,-8.64000034332
1463662928682711325,1141,1463662928589469792,,1262.0,-8.64000034332
1463662928682970047,1142,1463662928601569629,,1262.0,-8.64000034332
1463662928683518790,1143,1463662928618643461,,1529.0,-8.52000045776
1463662928683841828,1144,1463662928634036223,,1529.0,-8.64000034332
1463662928684336983,1145,1463662928644901299,,1529.0,-8.64000034332
1463662928685004255,1146,1463662928654339028,,1529.0,-8.64000034332
1463662928686042371,1147,1463662928664091672,,1529.0,-8.64000034332
1463662928712169078,1148,1463662928687729064,,1529.0,-8.52000045776
1463662928855009364,1149,1463662928710701424,,1529.0,-8.64000034332
1463662928855270325,1150,1463662928736809070,,1529.0,-8.64000034332
1463662928855522746,1151,1463662928768131829,,1529.0,-8.64000034332
1463662928855927389,1152,1463662928815313760,,1529.0,-8.64000034332
1463662928891721176,1153,1463662928871208654,,1529.0,-8.52000045776
1463662928922801253,1154,1463662928916456001,,1529.0,-8.52000045776
1463662928937552366,1155,1463662928929725244,,1529.0,-8.64000034332
1463662928986474629,1156,1463662928979373418,,1529.0,-8.64000034332
1463662929031950546,1157,1463662928986412500,,1530.0,-8.52000045776
1463662929032338160,1158,1463662929019565739,,1530.0,-8.52000045776
1463662929082131266,1159,1463662929050785072,,1530.0,-8.52000045776
1463662929082471177,1160,1463662929073596824,,1529.0,-8.64000034332
1463662929123451226,1161,1463662929100513966,,1530.0,-8.52000045776
1463662929137532151,1162,1463662929133389578,,1530.0,-8.52000045776
1463662929161966541,1163,1463662929156458855,,1530.0,-8.52000045776
1463662929238104767,1164,1463662929180005892,,1530.0,-8.52000045776
1463662929238620493,1165,1463662929203270513,,1529.0,-8.52000045776
1463662929241379830,1166,1463662929232614944,,1529.0,-8.64000034332
1463662929550286952,1167,1463662929258301281,,1530.0,-8.52000045776
1463662929550579577,1168,1463662929282834671,,1530.0,-8.52000045776
1463662929550852724,1169,1463662929308828475,,1530.0,-8.52000045776
1463662929551135350,1170,1463662929331275058,,1530.0,-8.52000045776
1463662929551424850,1171,1463662929354253355,,1529.0,-8.52000045776
1463662929551692582,1172,1463662929384272974,,1529.0,-8.52000045776
1463662929551971822,1173,1463662929410353644,,1529.0,-8.52000045776
1463662929552275852,1174,1463662929433864019,,1529.0,-8.64000034332
1463662929552580402,1175,1463662929461715747,,1529.0,-8.64000034332
1463662929552902972,1176,1463662929487525457,,1529.0,-8.64000034332
1463662929553352350,1177,1463662929513633103,,1529.0,-8.64000034332
1463662929555618251,1178,1463662929538473490,,1530.0,-8.52000045776
1463662929598457786,1179,1463662929567614558,,1530.0,-8.52000045776
1463662929656392564,1180,1463662929596050182,,1529.0,-8.52000045776
1463662929656876522,1181,1463662929625016685,,1529.0,-8.64000034332
1463662929657171907,1182,1463662929639786807,,1529.0,-8.64000034332
1463662929657573582,1183,1463662929649786663,,1529.0,-8.64000034332
1463662929699062898,1184,1463662929680193011,,1529.0,-8.64000034332
1463662929717368680,1185,1463662929698011970,,1529.0,-8.64000034332
1463662929771665882,1186,1463662929738359483,,1529.0,-8.64000034332
1463662929771701816,1187,1463662929757419922,,1530.0,-8.52000045776
1463662929771785452,1188,1463662929766698034,,1529.0,-8.52000045776
1463662929839787163,1189,1463662929782006222,,1529.0,-8.52000045776
1463662929840037865,1190,1463662929798058081,,1529.0,-8.64000034332
1463662929840513803,1191,1463662929807771405,,1529.0,-8.64000034332
1463662929840786065,1192,1463662929818541231,,1530.0,-8.52000045776
1463662929841143006,1193,1463662929828173262,,1530.0,-8.52000045776
1463662929848564235,1194,1463662929841049162,,1530.0,-8.52000045776
1463662929908838135,1195,1463662929847735626,,1530.0,-8.52000045776
1463662929909092326,1196,1463662929857364533,,1530.0,-8.52000045776
1463662929909633882,1197,1463662929870567793,,1530.0,-8.52000045776
1463662929910030818,1198,1463662929898583931,,1529.0,-8.64000034332
1463662929927615115,1199,1463662929916071727,,1530.0,-8.52000045776
1463662929951350622,1200,1463662929945425793,,1530.0,-8.52000045776
1463662930238580973,1201,1463662929960337931,,1530.0,-8.39999961853
1463662930238630082,1202,1463662929972525363,,1530.0,-8.39999961853
1463662930238664662,1203,1463662929983024489,,1529.0,-8.64000034332
1463662930238907761,1204,1463662929996754463,,1530.0,-8.52000045776
1463662930238951089,1205,1463662930006497784,,1530.0,-8.52000045776
1463662930240046960,1206,1463662930028425778,,1529.0,-8.52000045776
1463662930245691090,1207,1463662930053124358,,1529.0,-8.52000045776
1463662930246209523,1208,1463662930081610653,,1529.0,-8.64000034332
1463662930246598127,1209,1463662930111413941,,1530.0,-8.52000045776
1463662930246647341,1210,1463662930139549180,,1530.0,-8.52000045776
1463662930246680827,1211,1463662930167815135,,1530.0,-8.52000045776
1463662930254365360,1212,1463662930190938572,,1529.0,-8.52000045776
1463662930254459725,1213,1463662930214620699,,1529.0,-8.64000034332
1463662930254504043,1214,1463662930241784221,,1529.0,-8.64000034332
1463662930328359704,1215,1463662930263223569,,1529.0,-8.64000034332
1463662930329020883,1216,1463662930291240332,,1529.0,-8.64000034332
1463662930329529734,1217,1463662930313856897,,1530.0,-8.52000045776
1463662930882293772,1218,1463662930344954316,,1529.0,-8.52000045776
1463662930882361369,1219,1463662930372207255,,1529.0,-8.64000034332
1463662930882397772,1220,1463662930398673039,,1529.0,-8.64000034332
1463662930882435684,1221,1463662930428243072,,1529.0,-8.64000034332
1463662930882470368,1222,1463662930455722236,,1529.0,-8.52000045776
1463662930882503958,1223,1463662930482834982,,1530.0,-8.52000045776
1463662930882537444,1224,1463662930508374981,,1530.0,-8.52000045776
1463662930882572492,1225,1463662930533375194,,1530.0,-8.52000045776
1463662930883399017,1226,1463662930558090543,,1530.0,-8.52000045776
1463662930883450158,1227,1463662930584451079,,1530.0,-8.52000045776
1463662930883486196,1228,1463662930612299943,,1530.0,-8.52000045776
1463662930883523014,1229,1463662930654410754,,1529.0,-8.64000034332
1463662930883561656,1230,1463662930681292587,,1529.0,-8.52000045776
1463662930883604724,1231,1463662930699482652,,1529.0,-8.64000034332
1463662930883643522,1232,1463662930721701239,,1529.0,-8.64000034332
1463662930883680185,1233,1463662930733013975,,1530.0,-8.52000045776
1463662930883716014,1234,1463662930745521997,,1530.0,-8.52000045776
1463662930883752469,1235,1463662930756660116,,1530.0,-8.52000045776
1463662930883789861,1236,1463662930771681565,,1530.0,-8.52000045776
1463662930883825482,1237,1463662930785690571,,1530.0,-8.52000045776
1463662930883861780,1238,1463662930799908096,,1529.0,-8.52000045776
1463662930883909014,1239,1463662930811527569,,1529.0,-8.64000034332
1463662930883960571,1240,1463662930822148452,,1529.0,-8.64000034332
1463662930883994422,1241,1463662930832345006,,1530.0,-8.52000045776
1463662930884025773,1242,1463662930848738338,,1530.0,-8.52000045776
1463662930884822718,1243,1463662930859098988,,1530.0,-8.52000045776
1463662930951480094,1244,1463662930872944887,,1530.0,-8.52000045776
1463662930952552374,1245,1463662930883510932,,1529.0,-8.52000045776
1463662930952597265,1246,1463662930896274084,,1529.0,-8.52000045776
1463662930952629032,1247,1463662930908430842,,1530.0,-8.52000045776
1463662930952860466,1248,1463662930920763051,,1530.0,-8.52000045776
1463662930953041696,1249,1463662930932698114,,1530.0,-8.52000045776
1463662931174888179,1250,1463662930948178316,,1530.0,-8.52000045776
1463662931175176586,1251,1463662930972797789,,1530.0,-8.39999961853
1463662931175475147,1252,1463662930985758471,,1530.0,-8.52000045776
1463662931175726578,1253,1463662930997616512,,1529.0,-8.52000045776
1463662931175980561,1254,1463662931008074913,,1529.0,-8.52000045776
1463662931176238346,1255,1463662931017825734,,1529.0,-8.52000045776
1463662931176474154,1256,1463662931068697629,,1529.0,-8.64000034332
1463662931177152205,1257,1463662931115121829,,1529.0,-8.64000034332
1463662931177207252,1258,1463662931162889997,,1530.0,-8.52000045776
1463662931226710597,1259,1463662931194392737,,1529.0,-8.52000045776
1463662931234644740,1260,1463662931227530613,,1529.0,-8.64000034332
1463662931284096685,1261,1463662931274098026,,1529.0,-8.64000034332
1463662931351170995,1262,1463662931309743860,,1530.0,-8.52000045776
1463662931351255153,1263,1463662931338521321,,1530.0,-8.39999961853
1463662931383822517,1264,1463662931366453822,,1530.0,-8.52000045776
1463662931410669354,1265,1463662931394760709,,1530.0,-8.52000045776
1463662931430675212,1266,1463662931426291259,,1530.0,-8.52000045776
1463662931460184730,1267,1463662931454356349,,1529.0,-8.52000045776
1463662931489894382,1268,1463662931484125110,,1529.0,-8.64000034332
1463662931527603691,1269,1463662931514905532,,1530.0,-8.52000045776
1463662931576365346,1270,1463662931545500662,,1529.0,-8.64000034332
1463662931582843916,1271,1463662931574902900,,1529.0,-8.64000034332
1463662931912894169,1272,1463662931608308663,,1529.0,-8.64000034332
1463662931912929374,1273,1463662931637370364,,1529.0,-8.64000034332
1463662931914176479,1274,1463662931663792716,,1529.0,-8.52000045776
1463662931914232514,1275,1463662931694145112,,1530.0,-8.52000045776
1463662931914465041,1276,1463662931724571978,,1530.0,-8.52000045776
1463662931914707098,1277,1463662931753147743,,1530.0,-8.52000045776
1463662931914761415,1278,1463662931782917389,,1530.0,-8.52000045776
1463662931914798390,1279,1463662931813017988,,1530.0,-8.64000034332
1463662931915051696,1280,1463662931854770610,,1529.0,-8.52000045776
1463662931915282036,1281,1463662931902243602,,1529.0,-8.64000034332
1463662932007109452,1282,1463662931941196838,,1529.0,-8.64000034332
1463662932007246156,1283,1463662932002251539,,1529.0,-8.64000034332
1463662932188837356,1284,1463662932071099512,,1529.0,-8.52000045776
1463662932194483100,1285,1463662932145471680,,1530.0,-8.52000045776
1463662932195366494,1286,1463662932184494232,,1529.0,-8.64000034332
1463662932245448371,1287,1463662932232340257,,1530.0,-8.52000045776
1463662932316313730,1288,1463662932307610556,,1530.0,-8.52000045776
1463662932396643638,1289,1463662932382212594,,1530.0,-8.52000045776
1463662932473498975,1290,1463662932463916157,,1530.0,-8.39999961853
1463662932542057500,1291,1463662932529499118,,1529.0,-8.52000045776
1463662932580957721,1292,1463662932578517985,,1529.0,-8.64000034332
1463662932622504844,1293,1463662932591478979,,1529.0,-8.52000045776
1463662932622862357,1294,1463662932601146632,,1529.0,-8.52000045776
1463662932713056668,1295,1463662932619800344,,1529.0,-8.64000034332
1463662932713320962,1296,1463662932642332492,,1529.0,-8.64000034332
1463662932713965736,1297,1463662932672488086,,1530.0,-8.52000045776
1463662932714579420,1298,1463662932703640394,,1530.0,-8.52000045776
1463662932788619019,1299,1463662932735041479,,1530.0,-8.52000045776
1463662932789224735,1300,1463662932764779149,,1530.0,-8.52000045776
1463662932817474650,1301,1463662932794718672,,1530.0,-8.52000045776
1463662932889949782,1302,1463662932823258087,,1529.0,-8.52000045776
1463662932890393328,1303,1463662932853900503,,1529.0,-8.64000034332
1463662932890787609,1304,1463662932883505167,,1530.0,-8.52000045776
1463662933293447980,1305,1463662932915098938,,1530.0,-8.52000045776
1463662933293493444,1306,1463662932945812493,,1530.0,-8.52000045776
1463662933293531200,1307,1463662932974229785,,1530.0,-8.52000045776
1463662933293857155,1308,1463662933002724256,,1530.0,-8.52000045776
1463662933293907305,1309,1463662933034992590,,1530.0,-8.52000045776
1463662933293941833,1310,1463662933064880453,,1530.0,-8.52000045776
1463662933293978287,1311,1463662933095203841,,1529.0,-8.52000045776
1463662933294013544,1312,1463662933124145451,,1529.0,-8.64000034332
1463662933295292312,1313,1463662933154701991,,1530.0,-8.52000045776
1463662933295340953,1314,1463662933181113511,,1530.0,-8.52000045776
1463662933295655606,1315,1463662933208905037,,1529.0,-8.52000045776
1463662933296204245,1316,1463662933234963939,,1529.0,-8.52000045776
1463662933296253458,1317,1463662933261873321,,1530.0,-8.52000045776
1463662933296729032,1318,1463662933290717911,,1530.0,-8.52000045776
1463662933361916515,1319,1463662933318417833,,1529.0,-8.52000045776
1463662933362674037,1320,1463662933348441045,,1530.0,-8.52000045776
1463662933578262083,1321,1463662933378464309,,1529.0,-8.52000045776
1463662933578549239,1322,1463662933408920912,,1529.0,-8.64000034332
1463662933578966433,1323,1463662933440081241,,1529.0,-8.52000045776
1463662933579463203,1324,1463662933470514409,,1530.0,-8.52000045776
1463662933579827174,1325,1463662933501560896,,1529.0,-8.52000045776
1463662933580445232,1326,1463662933533354438,,1529.0,-8.64000034332
1463662933581075945,1327,1463662933562542480,,1530.0,-8.52000045776
1463662933637335227,1328,1463662933593084438,,1530.0,-8.52000045776
1463662933637814238,1329,1463662933625113111,,1530.0,-8.39999961853
1463662933727647650,1330,1463662933659643700,,1530.0,-8.52000045776
1463662933728148221,1331,1463662933690042601,,1530.0,-8.52000045776
1463662933728970580,1332,1463662933720526128,,1529.0,-8.52000045776
1463662933798287200,1333,1463662933752304203,,1529.0,-8.64000034332
1463662933798735537,1334,1463662933780528391,,1529.0,-8.64000034332
1463662933814146006,1335,1463662933806471628,,1529.0,-8.64000034332
1463662933845719103,1336,1463662933835420738,,1529.0,-8.64000034332
1463662933879696523,1337,1463662933865484779,,1530.0,-8.52000045776
1463662933909107250,1338,1463662933896931379,,1530.0,-8.52000045776
1463662933998512271,1339,1463662933928919118,,1530.0,-8.52000045776
1463662933999683863,1340,1463662933957951344,,1530.0,-8.52000045776
1463662934000179695,1341,1463662933987435969,,1530.0,-8.39999961853
1463662934063319014,1342,1463662934018220453,,1529.0,-8.52000045776
1463662934063918897,1343,1463662934047906670,,1529.0,-8.64000034332
1463662934064475035,1344,1463662934055812534,,1532.0,-8.64000034332
1463662934338686482,1345,1463662934083908976,,1529.0,-8.64000034332
1463662934338984835,1346,1463662934114189556,,1529.0,-8.64000034332
1463662934340360103,1347,1463662934141591906,,1529.0,-8.52000045776
1463662934341070703,1348,1463662934169032533,,1529.0,-8.64000034332
1463662934342030547,1349,1463662934197288072,,1529.0,-8.64000034332
1463662934344429559,1350,1463662934226796808,,1530.0,-8.52000045776
1463662934345118234,1351,1463662934252764157,,1530.0,-8.52000045776
1463662934345397163,1352,1463662934283298460,,1529.0,-8.52000045776
1463662934345855238,1353,1463662934311881568,,1529.0,-8.64000034332
1463662934387845542,1354,1463662934343918833,,1530.0,-8.52000045776
1463662934388275131,1355,1463662934372039699,,1529.0,-8.64000034332
1463662934465849973,1356,1463662934402161338,,1529.0,-8.64000034332
1463662934466336327,1357,1463662934432795265,,1529.0,-8.64000034332
1463662934466881111,1358,1463662934462222969,,1529.0,-8.64000034332
1463662934499774482,1359,1463662934492791123,,1530.0,-8.52000045776
1463662934544344090,1360,1463662934522250073,,1530.0,-8.52000045776
1463662934622173592,1361,1463662934553396341,,1530.0,-8.52000045776
1463662934624313726,1362,1463662934580334574,,1530.0,-8.52000045776
1463662934624866583,1363,1463662934611439336,,1529.0,-8.52000045776
1463662934707450466,1364,1463662934638077706,,1529.0,-8.64000034332
1463662934707501086,1365,1463662934667855841,,1529.0,-8.64000034332
1463662934708990091,1366,1463662934696958996,,1529.0,-8.64000034332
1463662934774409998,1367,1463662934726350090,,1529.0,-8.64000034332
1463662934774856147,1368,1463662934757568121,,1530.0,-8.52000045776
1463662934830890870,1369,1463662934786528375,,1530.0,-8.52000045776
1463662934832223903,1370,1463662934818727342,,1530.0,-8.52000045776
