%time,field.header.seq,field.header.stamp,field.header.frame_id,field.status.status,field.status.service,field.latitude,field.longitude,field.altitude,field.position_covariance0,field.position_covariance1,field.position_covariance2,field.position_covariance3,field.position_covariance4,field.position_covariance5,field.position_covariance6,field.position_covariance7,field.position_covariance8,field.position_covariance_type
1481887170090881216,58,1481887170086846287,,0,0,46.5185012817,6.56664848328,2.77602830977e-40,1.0,0.0,0.0,0.0,1.0,0.0,0.0,0.0,1.0,0
1481887170209332071,59,1481887170205263756,,0,0,46.5185012817,6.56664800644,2.77602830977e-40,1.0,0.0,0.0,0.0,1.0,0.0,0.0,0.0,1.0,0
1481887170395353705,60,1481887170393135590,,0,0,46.5185050964,6.56664800644,2.77602830977e-40,1.0,0.0,0.0,0.0,1.0,0.0,0.0,0.0,1.0,0
1481887170597780627,61,1481887170593023306,,0,0,46.5185050964,6.56664800644,2.77602830977e-40,1.0,0.0,0.0,0.0,1.0,0.0,0.0,0.0,1.0,0
1481887170801629731,62,1481887170794558461,,0,0,46.5185050964,6.56664800644,2.77602830977e-40,1.0,0.0,0.0,0.0,1.0,0.0,0.0,0.0,1.0,0
1481887170999812558,63,1481887170995153830,,0,0,46.5185050964,6.56664800644,2.77602830977e-40,1.0,0.0,0.0,0.0,1.0,0.0,0.0,0.0,1.0,0
1481887171192230621,64,1481887171189361884,,0,0,46.5185050964,6.56664800644,2.77602830977e-40,1.0,0.0,0.0,0.0,1.0,0.0,0.0,0.0,1.0,0
1481887171290097770,65,1481887171285582061,,0,0,46.5185050964,6.56664800644,2.77602830977e-40,1.0,0.0,0.0,0.0,1.0,0.0,0.0,0.0,1.0,0
1481887171489643351,66,1481887171486226700,,0,0,46.5185050964,6.56664800644,2.77602830977e-40,1.0,0.0,0.0,0.0,1.0,0.0,0.0,0.0,1.0,0
1481887171599594402,67,1481887171595879732,,0,0,46.5185050964,6.56664800644,2.77602830977e-40,1.0,0.0,0.0,0.0,1.0,0.0,0.0,0.0,1.0,0
1481887171801785805,68,1481887171796165362,,0,0,46.5185050964,6.56664800644,2.77602830977e-40,1.0,0.0,0.0,0.0,1.0,0.0,0.0,0.0,1.0,0
1481887172008965622,69,1481887172004692048,,0,0,46.5185050964,6.56664800644,2.77602830977e-40,1.0,0.0,0.0,0.0,1.0,0.0,0.0,0.0,1.0,0
1481887172197886721,70,1481887172194914027,,0,0,46.5185050964,6.56664800644,2.77602830977e-40,1.0,0.0,0.0,0.0,1.0,0.0,0.0,0.0,1.0,0
1481887172421093651,71,1481887172416465652,,0,0,46.5185050964,6.56664800644,2.77602830977e-40,1.0,0.0,0.0,0.0,1.0,0.0,0.0,0.0,1.0,0
1481887172602891034,72,1481887172597425799,,0,0,46.5185050964,6.56664800644,2.77602830977e-40,1.0,0.0,0.0,0.0,1.0,0.0,0.0,0.0,1.0,0
1481887172780928279,73,1481887172777884959,,0,0,46.5185050964,6.56664800644,2.77602830977e-40,1.0,0.0,0.0,0.0,1.0,0.0,0.0,0.0,1.0,0
1481887172880470992,74,1481887172876489813,,0,0,46.5185050964,6.56664800644,2.77602830977e-40,1.0,0.0,0.0,0.0,1.0,0.0,0.0,0.0,1.0,0
1481887173001286993,75,1481887172995655040,,0,0,46.5185050964,6.56664800644,2.77602830977e-40,1.0,0.0,0.0,0.0,1.0,0.0,0.0,0.0,1.0,0
1481887173200887366,76,1481887173196897436,,0,0,46.5185050964,6.5666475296,2.77602830977e-40,1.0,0.0,0.0,0.0,1.0,0.0,0.0,0.0,1.0,0
1481887173400619353,77,1481887173395869114,,0,0,46.5185050964,6.5666475296,2.77602830977e-40,1.0,0.0,0.0,0.0,1.0,0.0,0.0,0.0,1.0,0
1481887173600945347,78,1481887173596756200,,0,0,46.5185050964,6.56664705276,2.77602830977e-40,1.0,0.0,0.0,0.0,1.0,0.0,0.0,0.0,1.0,0
1481887173800590147,79,1481887173796611780,,0,0,46.5185050964,6.5666475296,2.77602830977e-40,1.0,0.0,0.0,0.0,1.0,0.0,0.0,0.0,1.0,0
1481887173997615897,80,1481887173994711692,,0,0,46.5185050964,6.56664705276,2.77602830977e-40,1.0,0.0,0.0,0.0,1.0,0.0,0.0,0.0,1.0,0
1481887174179702237,81,1481887174175896369,,0,0,46.5185050964,6.56664705276,2.77602830977e-40,1.0,0.0,0.0,0.0,1.0,0.0,0.0,0.0,1.0,0
1481887174278020946,82,1481887174273761278,,0,0,46.5185050964,6.56664705276,2.77602830977e-40,1.0,0.0,0.0,0.0,1.0,0.0,0.0,0.0,1.0,0
1481887174395500191,83,1481887174392428070,,0,0,46.5185050964,6.56664705276,2.77602830977e-40,1.0,0.0,0.0,0.0,1.0,0.0,0.0,0.0,1.0,0
1481887174595543010,84,1481887174593264791,,0,0,46.5185050964,6.56664705276,2.77602830977e-40,1.0,0.0,0.0,0.0,1.0,0.0,0.0,0.0,1.0,0
1481887174798814147,85,1481887174795209008,,0,0,46.5185050964,6.56664705276,2.77602830977e-40,1.0,0.0,0.0,0.0,1.0,0.0,0.0,0.0,1.0,0
1481887175003367049,86,1481887174998726446,,0,0,46.5185050964,6.56664705276,2.77602830977e-40,1.0,0.0,0.0,0.0,1.0,0.0,0.0,0.0,1.0,0
1481887175193612622,87,1481887175189013008,,0,0,46.5185050964,6.56664705276,2.77602830977e-40,1.0,0.0,0.0,0.0,1.0,0.0,0.0,0.0,1.0,0
1481887175394379969,88,1481887175391197327,,0,0,46.5185050964,6.56664705276,2.77602830977e-40,1.0,0.0,0.0,0.0,1.0,0.0,0.0,0.0,1.0,0
1481887175493259821,89,1481887175489978795,,0,0,46.5185050964,6.56664657593,2.77602830977e-40,1.0,0.0,0.0,0.0,1.0,0.0,0.0,0.0,1.0,0
1481887175583530234,90,1481887175578685830,,0,0,46.5185050964,6.56664705276,2.77602830977e-40,1.0,0.0,0.0,0.0,1.0,0.0,0.0,0.0,1.0,0
1481887175681822745,91,1481887175676372354,,0,0,46.5185050964,6.56664705276,2.77602830977e-40,1.0,0.0,0.0,0.0,1.0,0.0,0.0,0.0,1.0,0
1481887175798425380,92,1481887175794759407,,0,0,46.5185050964,6.56664657593,2.77602830977e-40,1.0,0.0,0.0,0.0,1.0,0.0,0.0,0.0,1.0,0
1481887176017702536,93,1481887176015062965,,0,0,46.5185050964,6.56664705276,2.77602830977e-40,1.0,0.0,0.0,0.0,1.0,0.0,0.0,0.0,1.0,0
1481887176208332587,94,1481887176205574891,,0,0,46.5185050964,6.56664657593,2.77602830977e-40,1.0,0.0,0.0,0.0,1.0,0.0,0.0,0.0,1.0,0
1481887176411063518,95,1481887176407882283,,0,0,46.5185050964,6.56664657593,2.77602830977e-40,1.0,0.0,0.0,0.0,1.0,0.0,0.0,0.0,1.0,0
1481887176612771642,96,1481887176609797853,,0,0,46.5185050964,6.56664657593,2.77602830977e-40,1.0,0.0,0.0,0.0,1.0,0.0,0.0,0.0,1.0,0
1481887176806348449,97,1481887176802512790,,0,0,46.5185050964,6.56664657593,2.77602830977e-40,1.0,0.0,0.0,0.0,1.0,0.0,0.0,0.0,1.0,0
1481887176985248033,98,1481887176982073360,,0,0,46.5185050964,6.56664609909,2.77602830977e-40,1.0,0.0,0.0,0.0,1.0,0.0,0.0,0.0,1.0,0
1481887177085388400,99,1481887177081424617,,0,0,46.5185050964,6.56664609909,2.77602830977e-40,1.0,0.0,0.0,0.0,1.0,0.0,0.0,0.0,1.0,0
1481887177194128363,100,1481887177190918222,,0,0,46.5185050964,6.56664609909,2.77602830977e-40,1.0,0.0,0.0,0.0,1.0,0.0,0.0,0.0,1.0,0
1481887177396097683,101,1481887177392216347,,0,0,46.5185050964,6.56664609909,2.77602830977e-40,1.0,0.0,0.0,0.0,1.0,0.0,0.0,0.0,1.0,0
1481887177624181465,102,1481887177620949032,,0,0,46.5185050964,6.56664609909,2.77602830977e-40,1.0,0.0,0.0,0.0,1.0,0.0,0.0,0.0,1.0,0
1481887177794889681,103,1481887177790845377,,0,0,46.5185050964,6.56664609909,2.77602830977e-40,1.0,0.0,0.0,0.0,1.0,0.0,0.0,0.0,1.0,0
1481887177902471785,104,1481887177898935707,,0,0,46.5185050964,6.56664609909,2.77602830977e-40,1.0,0.0,0.0,0.0,1.0,0.0,0.0,0.0,1.0,0
1481887178095714427,105,1481887178091568092,,0,0,46.5185050964,6.56664609909,2.77602830977e-40,1.0,0.0,0.0,0.0,1.0,0.0,0.0,0.0,1.0,0
1481887178287791606,106,1481887178282764910,,0,0,46.5185050964,6.56664562225,2.77602830977e-40,1.0,0.0,0.0,0.0,1.0,0.0,0.0,0.0,1.0,0
1481887178383748347,107,1481887178380181176,,0,0,46.5185050964,6.56664562225,2.77602830977e-40,1.0,0.0,0.0,0.0,1.0,0.0,0.0,0.0,1.0,0
1481887178501443320,108,1481887178498373594,,0,0,46.5185050964,6.56664562225,2.77602830977e-40,1.0,0.0,0.0,0.0,1.0,0.0,0.0,0.0,1.0,0
1481887178701970668,109,1481887178699017869,,0,0,46.5185050964,6.56664562225,2.77602830977e-40,1.0,0.0,0.0,0.0,1.0,0.0,0.0,0.0,1.0,0
1481887178905125035,110,1481887178898118401,,0,0,46.5185050964,6.56664562225,2.77602830977e-40,1.0,0.0,0.0,0.0,1.0,0.0,0.0,0.0,1.0,0
1481887179101931983,111,1481887179096744039,,0,0,46.5185050964,6.56664562225,2.77602830977e-40,1.0,0.0,0.0,0.0,1.0,0.0,0.0,0.0,1.0,0
1481887179302113239,112,1481887179296630660,,0,0,46.5185050964,6.56664562225,2.77602830977e-40,1.0,0.0,0.0,0.0,1.0,0.0,0.0,0.0,1.0,0
1481887179510851747,113,1481887179502486838,,0,0,46.5185050964,6.56664562225,2.77602830977e-40,1.0,0.0,0.0,0.0,1.0,0.0,0.0,0.0,1.0,0
1481887179687614465,114,1481887179681675899,,0,0,46.5185050964,6.56664562225,2.77602830977e-40,1.0,0.0,0.0,0.0,1.0,0.0,0.0,0.0,1.0,0
1481887179784122350,115,1481887179781137416,,0,0,46.5185050964,6.56664562225,2.77602830977e-40,1.0,0.0,0.0,0.0,1.0,0.0,0.0,0.0,1.0,0
1481887179903557471,116,1481887179900773942,,0,0,46.5185050964,6.56664514542,2.77602830977e-40,1.0,0.0,0.0,0.0,1.0,0.0,0.0,0.0,1.0,0
1481887180110157499,117,1481887180103004511,,0,0,46.5185050964,6.56664514542,2.77602830977e-40,1.0,0.0,0.0,0.0,1.0,0.0,0.0,0.0,1.0,0
1481887180302188272,118,1481887180294366485,,0,0,46.5185050964,6.56664514542,2.77602830977e-40,1.0,0.0,0.0,0.0,1.0,0.0,0.0,0.0,1.0,0
1481887180508851893,119,1481887180505623366,,0,0,46.5185050964,6.56664514542,2.77602830977e-40,1.0,0.0,0.0,0.0,1.0,0.0,0.0,0.0,1.0,0
1481887180702881563,120,1481887180696088209,,0,0,46.5185050964,6.56664514542,2.77602830977e-40,1.0,0.0,0.0,0.0,1.0,0.0,0.0,0.0,1.0,0
1481887180903084433,121,1481887180896490349,,0,0,46.5185050964,6.56664514542,2.77602830977e-40,1.0,0.0,0.0,0.0,1.0,0.0,0.0,0.0,1.0,0
1481887181084364787,122,1481887181081261885,,0,0,46.5185050964,6.56664514542,2.77602830977e-40,1.0,0.0,0.0,0.0,1.0,0.0,0.0,0.0,1.0,0
1481887181183078911,123,1481887181178824035,,0,0,46.5185050964,6.56664514542,2.77602830977e-40,1.0,0.0,0.0,0.0,1.0,0.0,0.0,0.0,1.0,0
1481887181301057373,124,1481887181298528530,,0,0,46.5185050964,6.56664514542,2.77602830977e-40,1.0,0.0,0.0,0.0,1.0,0.0,0.0,0.0,1.0,0
1481887181494177776,125,1481887181491681850,,0,0,46.5185050964,6.56664514542,2.77602830977e-40,1.0,0.0,0.0,0.0,1.0,0.0,0.0,0.0,1.0,0
1481887181707783032,126,1481887181704050289,,0,0,46.5185050964,6.56664466858,2.77602830977e-40,1.0,0.0,0.0,0.0,1.0,0.0,0.0,0.0,1.0,0
1481887181899686565,127,1481887181896253196,,0,0,46.5185050964,6.56664466858,2.77602830977e-40,1.0,0.0,0.0,0.0,1.0,0.0,0.0,0.0,1.0,0
1481887182087626784,128,1481887182084559455,,0,0,46.5185050964,6.56664466858,2.77602830977e-40,1.0,0.0,0.0,0.0,1.0,0.0,0.0,0.0,1.0,0
1481887182187348820,129,1481887182184085033,,0,0,46.5185050964,6.56664466858,2.77602830977e-40,1.0,0.0,0.0,0.0,1.0,0.0,0.0,0.0,1.0,0
1481887182287245595,130,1481887182284126703,,0,0,46.5185050964,6.56664466858,2.77602830977e-40,1.0,0.0,0.0,0.0,1.0,0.0,0.0,0.0,1.0,0
1481887182387102109,131,1481887182384148009,,0,0,46.5185050964,6.56664466858,2.77602830977e-40,1.0,0.0,0.0,0.0,1.0,0.0,0.0,0.0,1.0,0
1481887182476962004,132,1481887182473175719,,0,0,46.5185050964,6.56664466858,2.77602830977e-40,1.0,0.0,0.0,0.0,1.0,0.0,0.0,0.0,1.0,0
1481887182585005407,133,1481887182580487772,,0,0,46.5185050964,6.56664466858,2.77602830977e-40,1.0,0.0,0.0,0.0,1.0,0.0,0.0,0.0,1.0,0
1481887182702975275,134,1481887182699935966,,0,0,46.5185050964,6.56664466858,2.77602830977e-40,1.0,0.0,0.0,0.0,1.0,0.0,0.0,0.0,1.0,0
1481887182905630008,135,1481887182902552314,,0,0,46.5185050964,6.56664466858,2.77602830977e-40,1.0,0.0,0.0,0.0,1.0,0.0,0.0,0.0,1.0,0
1481887183097121200,136,1481887183094103090,,0,0,46.5185050964,6.56664466858,2.77602830977e-40,1.0,0.0,0.0,0.0,1.0,0.0,0.0,0.0,1.0,0
1481887183300234995,137,1481887183297184071,,0,0,46.5185050964,6.56664419174,2.77602830977e-40,1.0,0.0,0.0,0.0,1.0,0.0,0.0,0.0,1.0,0
1481887183491195825,138,1481887183489111355,,0,0,46.5185050964,6.56664419174,2.77602830977e-40,1.0,0.0,0.0,0.0,1.0,0.0,0.0,0.0,1.0,0
1481887183691323435,139,1481887183688554125,,0,0,46.5185050964,6.56664466858,2.77602830977e-40,1.0,0.0,0.0,0.0,1.0,0.0,0.0,0.0,1.0,0
1481887183782483167,140,1481887183778759382,,0,0,46.5185050964,6.56664466858,2.77602830977e-40,1.0,0.0,0.0,0.0,1.0,0.0,0.0,0.0,1.0,0
1481887183891104067,141,1481887183888078144,,0,0,46.5185050964,6.56664419174,2.77602830977e-40,1.0,0.0,0.0,0.0,1.0,0.0,0.0,0.0,1.0,0
1481887184012261785,142,1481887184009678203,,0,0,46.5185050964,6.56664419174,2.77602830977e-40,1.0,0.0,0.0,0.0,1.0,0.0,0.0,0.0,1.0,0
1481887184200376795,143,1481887184197445662,,0,0,46.5185050964,6.5666437149,2.77602830977e-40,1.0,0.0,0.0,0.0,1.0,0.0,0.0,0.0,1.0,0
1481887184401012996,144,1481887184398509675,,0,0,46.5185050964,6.56664133072,2.77602830977e-40,1.0,0.0,0.0,0.0,1.0,0.0,0.0,0.0,1.0,0
1481887184613774298,145,1481887184610835561,,0,0,46.5185050964,6.56663656235,2.77602830977e-40,1.0,0.0,0.0,0.0,1.0,0.0,0.0,0.0,1.0,0
1481887184836301491,146,1481887184833057652,,0,0,46.5185089111,6.56662940979,2.77602830977e-40,1.0,0.0,0.0,0.0,1.0,0.0,0.0,0.0,1.0,0
1481887185047380873,147,1481887185044339273,,0,0,46.5185089111,6.5666217804,2.77602830977e-40,1.0,0.0,0.0,0.0,1.0,0.0,0.0,0.0,1.0,0
1481887185311139593,148,1481887185307954817,,0,0,46.5185089111,6.56661319733,2.77602830977e-40,1.0,0.0,0.0,0.0,1.0,0.0,0.0,0.0,1.0,0
1481887185651777331,149,1481887185648412972,,0,0,46.5185089111,6.56659936905,2.77602830977e-40,1.0,0.0,0.0,0.0,1.0,0.0,0.0,0.0,1.0,0
1481887186163325106,150,1481887186160900743,,0,0,46.5185050964,6.56658363342,2.77602830977e-40,1.0,0.0,0.0,0.0,1.0,0.0,0.0,0.0,1.0,0
1481887186634559736,151,1481887186631892665,,0,0,46.5185050964,6.56655502319,2.77602830977e-40,1.0,0.0,0.0,0.0,1.0,0.0,0.0,0.0,1.0,0
1481887187210701429,152,1481887187206655094,,0,0,46.5185012817,6.56652355194,2.77602830977e-40,1.0,0.0,0.0,0.0,1.0,0.0,0.0,0.0,1.0,0
1481887187665593999,153,1481887187661209593,,0,0,46.5185012817,6.56648349762,2.77602830977e-40,1.0,0.0,0.0,0.0,1.0,0.0,0.0,0.0,1.0,0
1481887188046297696,154,1481887188042117299,,0,0,46.5185089111,6.56645822525,2.77602830977e-40,1.0,0.0,0.0,0.0,1.0,0.0,0.0,0.0,1.0,0
1481887188382212227,155,1481887188379353959,,0,0,46.5185165405,6.56643438339,2.77602830977e-40,1.0,0.0,0.0,0.0,1.0,0.0,0.0,0.0,1.0,0
1481887188621994808,156,1481887188619293154,,0,0,46.5185279846,6.56641864777,2.77602830977e-40,1.0,0.0,0.0,0.0,1.0,0.0,0.0,0.0,1.0,0
1481887188953470401,157,1481887188950851090,,0,0,46.518535614,6.56640195847,2.77602830977e-40,1.0,0.0,0.0,0.0,1.0,0.0,0.0,0.0,1.0,0
1481887189233879460,158,1481887189230324373,,0,0,46.5185432434,6.56638383865,2.77602830977e-40,1.0,0.0,0.0,0.0,1.0,0.0,0.0,0.0,1.0,0
1481887189504716325,159,1481887189502519252,,0,0,46.5185508728,6.56636381149,2.77602830977e-40,1.0,0.0,0.0,0.0,1.0,0.0,0.0,0.0,1.0,0
1481887189942793296,160,1481887189939158470,,0,0,46.5185508728,6.56634426117,2.77602830977e-40,1.0,0.0,0.0,0.0,1.0,0.0,0.0,0.0,1.0,0
1481887190443668465,161,1481887190440702906,,0,0,46.5185508728,6.56631469727,2.77602830977e-40,1.0,0.0,0.0,0.0,1.0,0.0,0.0,0.0,1.0,0
1481887190901093680,162,1481887190897947705,,0,0,46.5185432434,6.56628036499,2.77602830977e-40,1.0,0.0,0.0,0.0,1.0,0.0,0.0,0.0,1.0,0
1481887191414629831,163,1481887191412187968,,0,0,46.5185317993,6.56624650955,2.77602830977e-40,1.0,0.0,0.0,0.0,1.0,0.0,0.0,0.0,1.0,0
1481887191875206594,164,1481887191872248483,,0,0,46.5185241699,6.56621217728,2.77602830977e-40,1.0,0.0,0.0,0.0,1.0,0.0,0.0,0.0,1.0,0
1481887192251170677,165,1481887192248229806,,0,0,46.5185127258,6.56618309021,2.77602830977e-40,1.0,0.0,0.0,0.0,1.0,0.0,0.0,0.0,1.0,0
1481887192745901135,166,1481887192742460943,,0,0,46.5185012817,6.56615972519,2.77602830977e-40,1.0,0.0,0.0,0.0,1.0,0.0,0.0,0.0,1.0,0
1481887193269292241,167,1481887193266439025,,0,0,46.5184783936,6.56613874435,2.77602830977e-40,1.0,0.0,0.0,0.0,1.0,0.0,0.0,0.0,1.0,0
1481887193697645924,168,1481887193694548178,,0,0,46.5184555054,6.5661277771,2.77602830977e-40,1.0,0.0,0.0,0.0,1.0,0.0,0.0,0.0,1.0,0
1481887194201574203,169,1481887194195690585,,0,0,46.5184288025,6.5661239624,2.77602830977e-40,1.0,0.0,0.0,0.0,1.0,0.0,0.0,0.0,1.0,0
1481887194663382419,170,1481887194660381808,,0,0,46.5184020996,6.56612300873,2.77602830977e-40,1.0,0.0,0.0,0.0,1.0,0.0,0.0,0.0,1.0,0
1481887195022417935,171,1481887195016989106,,0,0,46.5183830261,6.5661239624,2.77602830977e-40,1.0,0.0,0.0,0.0,1.0,0.0,0.0,0.0,1.0,0
1481887195429510624,172,1481887195426708397,,0,0,46.5183601379,6.56613063812,2.77602830977e-40,1.0,0.0,0.0,0.0,1.0,0.0,0.0,0.0,1.0,0
1481887195888416456,173,1481887195885855375,,0,0,46.5183410645,6.56614255905,2.77602830977e-40,1.0,0.0,0.0,0.0,1.0,0.0,0.0,0.0,1.0,0
1481887196282814569,174,1481887196278307558,,0,0,46.5183258057,6.56615829468,2.77602830977e-40,1.0,0.0,0.0,0.0,1.0,0.0,0.0,0.0,1.0,0
1481887196676982630,175,1481887196672530151,,0,0,46.5183105469,6.56617689133,2.77602830977e-40,1.0,0.0,0.0,0.0,1.0,0.0,0.0,0.0,1.0,0
1481887197032265716,176,1481887197030034945,,0,0,46.5182952881,6.56619787216,2.77602830977e-40,1.0,0.0,0.0,0.0,1.0,0.0,0.0,0.0,1.0,0
1481887197439608455,177,1481887197437283154,,0,0,46.518283844,6.56622028351,2.77602830977e-40,1.0,0.0,0.0,0.0,1.0,0.0,0.0,0.0,1.0,0
1481887197821807874,178,1481887197818465650,,0,0,46.5182723999,6.5662446022,2.77602830977e-40,1.0,0.0,0.0,0.0,1.0,0.0,0.0,0.0,1.0,0
1481887198232229714,179,1481887198229464883,,0,0,46.5182685852,6.56626939774,2.77602830977e-40,1.0,0.0,0.0,0.0,1.0,0.0,0.0,0.0,1.0,0
1481887198661854589,180,1481887198658374501,,0,0,46.5182723999,6.56629323959,2.77602830977e-40,1.0,0.0,0.0,0.0,1.0,0.0,0.0,0.0,1.0,0
1481887199096055902,181,1481887199093856485,,0,0,46.5182762146,6.56631565094,2.77602830977e-40,1.0,0.0,0.0,0.0,1.0,0.0,0.0,0.0,1.0,0
1481887199509972569,182,1481887199506206076,,0,0,46.5182876587,6.56634140015,2.77602830977e-40,1.0,0.0,0.0,0.0,1.0,0.0,0.0,0.0,1.0,0
1481887199996668585,183,1481887199993056050,,0,0,46.5182952881,6.56636142731,2.77602830977e-40,1.0,0.0,0.0,0.0,1.0,0.0,0.0,0.0,1.0,0
1481887200207249636,184,1481887200203310384,,0,0,46.5182991028,6.56638813019,2.77602830977e-40,1.0,0.0,0.0,0.0,1.0,0.0,0.0,0.0,1.0,0
1481887200864062204,185,1481887200861284977,,0,0,46.5183029175,6.56639862061,2.77602830977e-40,1.0,0.0,0.0,0.0,1.0,0.0,0.0,0.0,1.0,0
1481887201418481290,186,1481887201413455584,,0,0,46.5183067322,6.5664305687,2.77602830977e-40,1.0,0.0,0.0,0.0,1.0,0.0,0.0,0.0,1.0,0
1481887202004372990,187,1481887202001099099,,0,0,46.5183143616,6.56646156311,2.77602830977e-40,1.0,0.0,0.0,0.0,1.0,0.0,0.0,0.0,1.0,0
1481887202611374905,188,1481887202608212992,,0,0,46.518321991,6.56649255753,2.77602830977e-40,1.0,0.0,0.0,0.0,1.0,0.0,0.0,0.0,1.0,0
1481887203229540882,189,1481887203225954440,,0,0,46.5183296204,6.56652498245,2.77602830977e-40,1.0,0.0,0.0,0.0,1.0,0.0,0.0,0.0,1.0,0
1481887203758856960,190,1481887203756078327,,0,0,46.5183372498,6.56655550003,2.77602830977e-40,1.0,0.0,0.0,0.0,1.0,0.0,0.0,0.0,1.0,0
1481887204328481496,191,1481887204326056924,,0,0,46.5183410645,6.56657791138,2.77602830977e-40,1.0,0.0,0.0,0.0,1.0,0.0,0.0,0.0,1.0,0
1481887204693587088,192,1481887204691495692,,0,0,46.5183525085,6.56659889221,2.77602830977e-40,1.0,0.0,0.0,0.0,1.0,0.0,0.0,0.0,1.0,0
1481887204804514280,193,1481887204800378987,,0,0,46.5183525085,6.56660747528,2.77602830977e-40,1.0,0.0,0.0,0.0,1.0,0.0,0.0,0.0,1.0,0
1481887205166688740,194,1481887205163160424,,0,0,46.5183525085,6.56661224365,2.77602830977e-40,1.0,0.0,0.0,0.0,1.0,0.0,0.0,0.0,1.0,0
1481887205355572340,195,1481887205352978290,,0,0,46.5183486938,6.56661701202,2.77602830977e-40,1.0,0.0,0.0,0.0,1.0,0.0,0.0,0.0,1.0,0
1481887205548557015,196,1481887205545444165,,0,0,46.5183448792,6.56662130356,2.77602830977e-40,1.0,0.0,0.0,0.0,1.0,0.0,0.0,0.0,1.0,0
1481887205698962461,197,1481887205695971798,,0,0,46.5183448792,6.56662416458,2.77602830977e-40,1.0,0.0,0.0,0.0,1.0,0.0,0.0,0.0,1.0,0
1481887205909972781,198,1481887205907116544,,0,0,46.5183448792,6.56662559509,2.77602830977e-40,1.0,0.0,0.0,0.0,1.0,0.0,0.0,0.0,1.0,0
1481887206112582671,199,1481887206109815809,,0,0,46.5183486938,6.56662559509,2.77602830977e-40,1.0,0.0,0.0,0.0,1.0,0.0,0.0,0.0,1.0,0
1481887206304297456,200,1481887206301354032,,0,0,46.5183486938,6.56662559509,2.77602830977e-40,1.0,0.0,0.0,0.0,1.0,0.0,0.0,0.0,1.0,0
1481887206503253926,201,1481887206499486652,,0,0,46.5183486938,6.56662511826,2.77602830977e-40,1.0,0.0,0.0,0.0,1.0,0.0,0.0,0.0,1.0,0
1481887206703527317,202,1481887206700282019,,0,0,46.5183486938,6.56662559509,2.77602830977e-40,1.0,0.0,0.0,0.0,1.0,0.0,0.0,0.0,1.0,0
1481887206910987184,203,1481887206907916990,,0,0,46.5183486938,6.56662511826,2.77602830977e-40,1.0,0.0,0.0,0.0,1.0,0.0,0.0,0.0,1.0,0
1481887207103451653,204,1481887207097108401,,0,0,46.5183486938,6.56662559509,2.77602830977e-40,1.0,0.0,0.0,0.0,1.0,0.0,0.0,0.0,1.0,0
1481887207290825885,205,1481887207288034388,,0,0,46.5183486938,6.56662607193,2.77602830977e-40,1.0,0.0,0.0,0.0,1.0,0.0,0.0,0.0,1.0,0
1481887207392703692,206,1481887207387246322,,0,0,46.5183486938,6.56662607193,2.77602830977e-40,1.0,0.0,0.0,0.0,1.0,0.0,0.0,0.0,1.0,0
1481887207498253305,207,1481887207494711551,,0,0,46.5183486938,6.56662559509,2.77602830977e-40,1.0,0.0,0.0,0.0,1.0,0.0,0.0,0.0,1.0,0
1481887207702949071,208,1481887207697835866,,0,0,46.5183486938,6.56662607193,2.77602830977e-40,1.0,0.0,0.0,0.0,1.0,0.0,0.0,0.0,1.0,0
1481887207902620433,209,1481887207898550556,,0,0,46.5183486938,6.56662607193,2.77602830977e-40,1.0,0.0,0.0,0.0,1.0,0.0,0.0,0.0,1.0,0
1481887208104924336,210,1481887208101383415,,0,0,46.5183486938,6.56662559509,2.77602830977e-40,1.0,0.0,0.0,0.0,1.0,0.0,0.0,0.0,1.0,0
1481887208304297991,211,1481887208301299359,,0,0,46.5183486938,6.56662607193,2.77602830977e-40,1.0,0.0,0.0,0.0,1.0,0.0,0.0,0.0,1.0,0
1481887208496723970,212,1481887208493062581,,0,0,46.5183486938,6.56662607193,2.77602830977e-40,1.0,0.0,0.0,0.0,1.0,0.0,0.0,0.0,1.0,0
1481887208686723711,213,1481887208683273102,,0,0,46.5183486938,6.56662607193,2.77602830977e-40,1.0,0.0,0.0,0.0,1.0,0.0,0.0,0.0,1.0,0
1481887208822579485,214,1481887208814099941,,0,0,46.5183486938,6.56662607193,2.77602830977e-40,1.0,0.0,0.0,0.0,1.0,0.0,0.0,0.0,1.0,0
1481887208905226756,215,1481887208902414842,,0,0,46.5183486938,6.56662607193,2.77602830977e-40,1.0,0.0,0.0,0.0,1.0,0.0,0.0,0.0,1.0,0
1481887209105150461,216,1481887209103111773,,0,0,46.5183486938,6.56662607193,2.77602830977e-40,1.0,0.0,0.0,0.0,1.0,0.0,0.0,0.0,1.0,0
1481887209308247745,217,1481887209304824792,,0,0,46.5183486938,6.56662559509,2.77602830977e-40,1.0,0.0,0.0,0.0,1.0,0.0,0.0,0.0,1.0,0
1481887209499632375,218,1481887209496775670,,0,0,46.5183486938,6.56662607193,2.77602830977e-40,1.0,0.0,0.0,0.0,1.0,0.0,0.0,0.0,1.0,0
1481887209707901823,219,1481887209699183738,,0,0,46.5183486938,6.56662607193,2.77602830977e-40,1.0,0.0,0.0,0.0,1.0,0.0,0.0,0.0,1.0,0
1481887209913995759,220,1481887209911333272,,0,0,46.5183486938,6.56662559509,2.77602830977e-40,1.0,0.0,0.0,0.0,1.0,0.0,0.0,0.0,1.0,0
1481887210096234026,221,1481887210093453518,,0,0,46.5183486938,6.56662559509,2.77602830977e-40,1.0,0.0,0.0,0.0,1.0,0.0,0.0,0.0,1.0,0
1481887210198128864,222,1481887210195369241,,0,0,46.5183486938,6.56662559509,2.77602830977e-40,1.0,0.0,0.0,0.0,1.0,0.0,0.0,0.0,1.0,0
1481887210407221068,223,1481887210404003374,,0,0,46.5183486938,6.56662559509,2.77602830977e-40,1.0,0.0,0.0,0.0,1.0,0.0,0.0,0.0,1.0,0
1481887210601142873,224,1481887210597539036,,0,0,46.5183486938,6.56662559509,2.77602830977e-40,1.0,0.0,0.0,0.0,1.0,0.0,0.0,0.0,1.0,0
1481887210801080380,225,1481887210797528574,,0,0,46.5183486938,6.56662559509,2.77602830977e-40,1.0,0.0,0.0,0.0,1.0,0.0,0.0,0.0,1.0,0
1481887211007427962,226,1481887210997650559,,0,0,46.5183486938,6.56662559509,2.77602830977e-40,1.0,0.0,0.0,0.0,1.0,0.0,0.0,0.0,1.0,0
1481887211202235180,227,1481887211198801185,,0,0,46.5183486938,6.56662559509,2.77602830977e-40,1.0,0.0,0.0,0.0,1.0,0.0,0.0,0.0,1.0,0
1481887211402769403,228,1481887211399424575,,0,0,46.5183486938,6.56662559509,2.77602830977e-40,1.0,0.0,0.0,0.0,1.0,0.0,0.0,0.0,1.0,0
1481887211603192637,229,1481887211597820370,,0,0,46.5183486938,6.56662559509,2.77602830977e-40,1.0,0.0,0.0,0.0,1.0,0.0,0.0,0.0,1.0,0
1481887211803755245,230,1481887211801311975,,0,0,46.5183486938,6.56662559509,2.77602830977e-40,1.0,0.0,0.0,0.0,1.0,0.0,0.0,0.0,1.0,0
1481887212004554571,231,1481887212002309841,,0,0,46.5183486938,6.56662511826,2.77602830977e-40,1.0,0.0,0.0,0.0,1.0,0.0,0.0,0.0,1.0,0
1481887212197236642,232,1481887212192906090,,0,0,46.5183486938,6.56662511826,2.77602830977e-40,1.0,0.0,0.0,0.0,1.0,0.0,0.0,0.0,1.0,0
1481887212405719005,233,1481887212402654280,,0,0,46.5183486938,6.56662416458,2.77602830977e-40,1.0,0.0,0.0,0.0,1.0,0.0,0.0,0.0,1.0,0
1481887212596922230,234,1481887212594123754,,0,0,46.5183486938,6.56662511826,2.77602830977e-40,1.0,0.0,0.0,0.0,1.0,0.0,0.0,0.0,1.0,0
1481887212788724358,235,1481887212785251041,,0,0,46.5183486938,6.56662511826,2.77602830977e-40,1.0,0.0,0.0,0.0,1.0,0.0,0.0,0.0,1.0,0
1481887212896160056,236,1481887212893520850,,0,0,46.5183486938,6.56662511826,2.77602830977e-40,1.0,0.0,0.0,0.0,1.0,0.0,0.0,0.0,1.0,0
1481887213100038638,237,1481887213095928085,,0,0,46.5183486938,6.56662464142,2.77602830977e-40,1.0,0.0,0.0,0.0,1.0,0.0,0.0,0.0,1.0,0
1481887213299028910,238,1481887213296661161,,0,0,46.5183486938,6.56662368774,2.77602830977e-40,1.0,0.0,0.0,0.0,1.0,0.0,0.0,0.0,1.0,0
1481887213501143230,239,1481887213497317466,,0,0,46.5183486938,6.56662368774,2.77602830977e-40,1.0,0.0,0.0,0.0,1.0,0.0,0.0,0.0,1.0,0
1481887213700501052,240,1481887213698070803,,0,0,46.5183486938,6.56662368774,2.77602830977e-40,1.0,0.0,0.0,0.0,1.0,0.0,0.0,0.0,1.0,0
1481887213909966535,241,1481887213907207329,,0,0,46.5183486938,6.56662368774,2.77602830977e-40,1.0,0.0,0.0,0.0,1.0,0.0,0.0,0.0,1.0,0
1481887214099297060,242,1481887214096951967,,0,0,46.5183486938,6.56662368774,2.77602830977e-40,1.0,0.0,0.0,0.0,1.0,0.0,0.0,0.0,1.0,0
1481887214273949581,243,1481887214271780997,,0,0,46.5183639526,6.56663656235,2.77602830977e-40,1.0,0.0,0.0,0.0,1.0,0.0,0.0,0.0,1.0,0
1481887214389193784,244,1481887214386598431,,0,0,46.5183639526,6.56663703918,2.77602830977e-40,1.0,0.0,0.0,0.0,1.0,0.0,0.0,0.0,1.0,0
1481887214595853708,245,1481887214593034606,,0,0,46.5183639526,6.56663799286,2.77602830977e-40,1.0,0.0,0.0,0.0,1.0,0.0,0.0,0.0,1.0,0
1481887214789587493,246,1481887214786545789,,0,0,46.5183639526,6.56663799286,2.77602830977e-40,1.0,0.0,0.0,0.0,1.0,0.0,0.0,0.0,1.0,0
1481887214994319040,247,1481887214991580928,,0,0,46.5183639526,6.56663751602,2.77602830977e-40,1.0,0.0,0.0,0.0,1.0,0.0,0.0,0.0,1.0,0
1481887215192396296,248,1481887215190117348,,0,0,46.5183639526,6.5666384697,2.77602830977e-40,1.0,0.0,0.0,0.0,1.0,0.0,0.0,0.0,1.0,0
1481887215396597116,249,1481887215393640203,,0,0,46.5183639526,6.56663894653,2.77602830977e-40,1.0,0.0,0.0,0.0,1.0,0.0,0.0,0.0,1.0,0
1481887215581476151,250,1481887215576164353,,0,0,46.5183677673,6.56663894653,2.77602830977e-40,1.0,0.0,0.0,0.0,1.0,0.0,0.0,0.0,1.0,0
1481887215684722442,251,1481887215677610496,,0,0,46.5183677673,6.56663894653,2.77602830977e-40,1.0,0.0,0.0,0.0,1.0,0.0,0.0,0.0,1.0,0
1481887215897107703,252,1481887215893867354,,0,0,46.5183639526,6.56663799286,2.77602830977e-40,1.0,0.0,0.0,0.0,1.0,0.0,0.0,0.0,1.0,0
1481887216084720996,253,1481887216080793306,,0,0,46.5183639526,6.56663751602,2.77602830977e-40,1.0,0.0,0.0,0.0,1.0,0.0,0.0,0.0,1.0,0
1481887216280009150,254,1481887216275708962,,0,0,46.5183639526,6.56663894653,2.77602830977e-40,1.0,0.0,0.0,0.0,1.0,0.0,0.0,0.0,1.0,0
1481887216396124287,255,1481887216388264219,,0,0,46.5183677673,6.5666384697,2.77602830977e-40,1.0,0.0,0.0,0.0,1.0,0.0,0.0,0.0,1.0,0
1481887216588099747,256,1481887216584777263,,0,0,46.5183677673,6.56663751602,2.77602830977e-40,1.0,0.0,0.0,0.0,1.0,0.0,0.0,0.0,1.0,0
1481887216795245346,257,1481887216792598118,,0,0,46.5183677673,6.56663799286,2.77602830977e-40,1.0,0.0,0.0,0.0,1.0,0.0,0.0,0.0,1.0,0
1481887216968611153,258,1481887216965715386,,0,0,46.5183639526,6.56663799286,2.77602830977e-40,1.0,0.0,0.0,0.0,1.0,0.0,0.0,0.0,1.0,0
1481887217070746563,259,1481887217068050170,,0,0,46.5183639526,6.56663990021,2.77602830977e-40,1.0,0.0,0.0,0.0,1.0,0.0,0.0,0.0,1.0,0
1481887217180227720,260,1481887217177336015,,0,0,46.5183639526,6.56664133072,2.77602830977e-40,1.0,0.0,0.0,0.0,1.0,0.0,0.0,0.0,1.0,0
1481887217281098501,261,1481887217278849657,,0,0,46.5183639526,6.56664085388,2.77602830977e-40,1.0,0.0,0.0,0.0,1.0,0.0,0.0,0.0,1.0,0
1481887217483980057,262,1481887217481691057,,0,0,46.5183601379,6.56664276123,2.77602830977e-40,1.0,0.0,0.0,0.0,1.0,0.0,0.0,0.0,1.0,0
1481887217689684516,263,1481887217686685207,,0,0,46.5183601379,6.56664276123,2.77602830977e-40,1.0,0.0,0.0,0.0,1.0,0.0,0.0,0.0,1.0,0
1481887217896219284,264,1481887217893642160,,0,0,46.5183639526,6.5666437149,2.77602830977e-40,1.0,0.0,0.0,0.0,1.0,0.0,0.0,0.0,1.0,0
1481887218074183612,265,1481887218071546957,,0,0,46.5183601379,6.56664705276,2.77602830977e-40,1.0,0.0,0.0,0.0,1.0,0.0,0.0,0.0,1.0,0
1481887218177555943,266,1481887218175049913,,0,0,46.5183639526,6.56664228439,2.77602830977e-40,1.0,0.0,0.0,0.0,1.0,0.0,0.0,0.0,1.0,0
1481887218282396445,267,1481887218280135622,,0,0,46.5183639526,6.56663942337,2.77602830977e-40,1.0,0.0,0.0,0.0,1.0,0.0,0.0,0.0,1.0,0
1481887218375326846,268,1481887218372743160,,0,0,46.5183639526,6.56663894653,2.77602830977e-40,1.0,0.0,0.0,0.0,1.0,0.0,0.0,0.0,1.0,0
1481887218490451153,269,1481887218487803145,,0,0,46.5183639526,6.56663703918,2.77602830977e-40,1.0,0.0,0.0,0.0,1.0,0.0,0.0,0.0,1.0,0
1481887218704258544,270,1481887218701344182,,0,0,46.5183601379,6.56662797928,2.77602830977e-40,1.0,0.0,0.0,0.0,1.0,0.0,0.0,0.0,1.0,0
1481887218907652545,271,1481887218903869385,,0,0,46.5183601379,6.56662893295,2.77602830977e-40,1.0,0.0,0.0,0.0,1.0,0.0,0.0,0.0,1.0,0
1481887219089488105,272,1481887219086898586,,0,0,46.5183677673,6.56662321091,2.77602830977e-40,1.0,0.0,0.0,0.0,1.0,0.0,0.0,0.0,1.0,0
1481887219293891789,273,1481887219289514049,,0,0,46.518371582,6.56662464142,2.77602830977e-40,1.0,0.0,0.0,0.0,1.0,0.0,0.0,0.0,1.0,0
1481887219488971818,274,1481887219486092978,,0,0,46.5183868408,6.56661272049,2.77602830977e-40,1.0,0.0,0.0,0.0,1.0,0.0,0.0,0.0,1.0,0
1481887219677097818,275,1481887219673817364,,0,0,46.5183944702,6.56660890579,2.77602830977e-40,1.0,0.0,0.0,0.0,1.0,0.0,0.0,0.0,1.0,0
1481887219783902633,276,1481887219777095425,,0,0,46.5184020996,6.56660652161,2.77602830977e-40,1.0,0.0,0.0,0.0,1.0,0.0,0.0,0.0,1.0,0
1481887219905268631,277,1481887219901147192,,0,0,46.5184059143,6.56660795212,2.77602830977e-40,1.0,0.0,0.0,0.0,1.0,0.0,0.0,0.0,1.0,0
1481887220099024969,278,1481887220096249825,,0,0,46.5183906555,6.56661987305,2.77602830977e-40,1.0,0.0,0.0,0.0,1.0,0.0,0.0,0.0,1.0,0
1481887220295846761,279,1481887220293038649,,0,0,46.5183944702,6.56661939621,2.77602830977e-40,1.0,0.0,0.0,0.0,1.0,0.0,0.0,0.0,1.0,0
1481887220497756706,280,1481887220495202916,,0,0,46.5183944702,6.56662082672,2.77602830977e-40,1.0,0.0,0.0,0.0,1.0,0.0,0.0,0.0,1.0,0
1481887220702925283,281,1481887220700175816,,0,0,46.5183982849,6.56660890579,2.77602830977e-40,1.0,0.0,0.0,0.0,1.0,0.0,0.0,0.0,1.0,0
1481887220905741318,282,1481887220903191069,,0,0,46.5183868408,6.56663274765,2.77602830977e-40,1.0,0.0,0.0,0.0,1.0,0.0,0.0,0.0,1.0,0
1481887221099703696,283,1481887221097155531,,0,0,46.5183868408,6.56661176682,2.77602830977e-40,1.0,0.0,0.0,0.0,1.0,0.0,0.0,0.0,1.0,0
1481887221306968148,284,1481887221304606701,,0,0,46.5183944702,6.56659460068,2.77602830977e-40,1.0,0.0,0.0,0.0,1.0,0.0,0.0,0.0,1.0,0
1481887221504809259,285,1481887221501436514,,0,0,46.5183753967,6.56661891937,2.77602830977e-40,1.0,0.0,0.0,0.0,1.0,0.0,0.0,0.0,1.0,0
1481887221710175855,286,1481887221707106390,,0,0,46.5183906555,6.566614151,2.77602830977e-40,1.0,0.0,0.0,0.0,1.0,0.0,0.0,0.0,1.0,0
1481887221919548631,287,1481887221915112453,,0,0,46.5184059143,6.5666217804,2.77602830977e-40,1.0,0.0,0.0,0.0,1.0,0.0,0.0,0.0,1.0,0
1481887222103701263,288,1481887222100313883,,0,0,46.518409729,6.56662607193,2.77602830977e-40,1.0,0.0,0.0,0.0,1.0,0.0,0.0,0.0,1.0,0
1481887222306915734,289,1481887222302911430,,0,0,46.518409729,6.56662654877,2.77602830977e-40,1.0,0.0,0.0,0.0,1.0,0.0,0.0,0.0,1.0,0
1481887222489516394,290,1481887222486752188,,0,0,46.5184059143,6.5666384697,2.77602830977e-40,1.0,0.0,0.0,0.0,1.0,0.0,0.0,0.0,1.0,0
1481887222691722901,291,1481887222689153486,,0,0,46.5184059143,6.56664085388,2.77602830977e-40,1.0,0.0,0.0,0.0,1.0,0.0,0.0,0.0,1.0,0
1481887222897768453,292,1481887222894686331,,0,0,46.5184020996,6.56665325165,2.77602830977e-40,1.0,0.0,0.0,0.0,1.0,0.0,0.0,0.0,1.0,0
1481887223096191487,293,1481887223093179053,,0,0,46.5184135437,6.56665754318,2.77602830977e-40,1.0,0.0,0.0,0.0,1.0,0.0,0.0,0.0,1.0,0
1481887223303827448,294,1481887223301674125,,0,0,46.5184211731,6.56663942337,2.77602830977e-40,1.0,0.0,0.0,0.0,1.0,0.0,0.0,0.0,1.0,0
1481887223506693223,295,1481887223496935820,,0,0,46.5184288025,6.56663560867,2.77602830977e-40,1.0,0.0,0.0,0.0,1.0,0.0,0.0,0.0,1.0,0
1481887223696061039,296,1481887223693493551,,0,0,46.5184326172,6.56661987305,2.77602830977e-40,1.0,0.0,0.0,0.0,1.0,0.0,0.0,0.0,1.0,0
1481887223892161637,297,1481887223889717169,,0,0,46.5184288025,6.56663131714,2.77602830977e-40,1.0,0.0,0.0,0.0,1.0,0.0,0.0,0.0,1.0,0
1481887224096245739,298,1481887224092853828,,0,0,46.5184249878,6.56663608551,2.77602830977e-40,1.0,0.0,0.0,0.0,1.0,0.0,0.0,0.0,1.0,0
1481887224300496715,299,1481887224296562984,,0,0,46.5184249878,6.56664943695,2.77602830977e-40,1.0,0.0,0.0,0.0,1.0,0.0,0.0,0.0,1.0,0
1481887224494743259,300,1481887224490933329,,0,0,46.5184249878,6.5666475296,2.77602830977e-40,1.0,0.0,0.0,0.0,1.0,0.0,0.0,0.0,1.0,0
1481887224701274694,301,1481887224698022886,,0,0,46.5184364319,6.56664466858,2.77602830977e-40,1.0,0.0,0.0,0.0,1.0,0.0,0.0,0.0,1.0,0
1481887224909769557,302,1481887224907193892,,0,0,46.5184440613,6.56663703918,2.77602830977e-40,1.0,0.0,0.0,0.0,1.0,0.0,0.0,0.0,1.0,0
1481887225091434805,303,1481887225088878463,,0,0,46.5184516907,6.56663942337,2.77602830977e-40,1.0,0.0,0.0,0.0,1.0,0.0,0.0,0.0,1.0,0
1481887225277383106,304,1481887225274084476,,0,0,46.5184593201,6.56662893295,2.77602830977e-40,1.0,0.0,0.0,0.0,1.0,0.0,0.0,0.0,1.0,0
1481887225391538877,305,1481887225388846494,,0,0,46.5184631348,6.56662416458,2.77602830977e-40,1.0,0.0,0.0,0.0,1.0,0.0,0.0,0.0,1.0,0
1481887225604698666,306,1481887225601806336,,0,0,46.5184745789,6.56662797928,2.77602830977e-40,1.0,0.0,0.0,0.0,1.0,0.0,0.0,0.0,1.0,0
1481887225798075683,307,1481887225794215857,,0,0,46.5184631348,6.56662940979,2.77602830977e-40,1.0,0.0,0.0,0.0,1.0,0.0,0.0,0.0,1.0,0
1481887226000959478,308,1481887225997233974,,0,0,46.5184707642,6.56661701202,2.77602830977e-40,1.0,0.0,0.0,0.0,1.0,0.0,0.0,0.0,1.0,0
1481887226192422389,309,1481887226190169691,,0,0,46.5184822083,6.5666103363,2.77602830977e-40,1.0,0.0,0.0,0.0,1.0,0.0,0.0,0.0,1.0,0
1481887226399051896,310,1481887226393764264,,0,0,46.5184822083,6.56661939621,2.77602830977e-40,1.0,0.0,0.0,0.0,1.0,0.0,0.0,0.0,1.0,0
1481887226582054065,311,1481887226579989647,,0,0,46.5184860229,6.56662082672,2.77602830977e-40,1.0,0.0,0.0,0.0,1.0,0.0,0.0,0.0,1.0,0
1481887226799888780,312,1481887226796117600,,0,0,46.5184745789,6.56663608551,2.77602830977e-40,1.0,0.0,0.0,0.0,1.0,0.0,0.0,0.0,1.0,0
1481887226994844696,313,1481887226992414134,,0,0,46.5184669495,6.56665420532,2.77602830977e-40,1.0,0.0,0.0,0.0,1.0,0.0,0.0,0.0,1.0,0
1481887227192497057,314,1481887227189999100,,0,0,46.5185050964,6.56663417816,2.77602830977e-40,1.0,0.0,0.0,0.0,1.0,0.0,0.0,0.0,1.0,0
1481887227396144338,315,1481887227393161123,,0,0,46.5184936523,6.56662940979,2.77602830977e-40,1.0,0.0,0.0,0.0,1.0,0.0,0.0,0.0,1.0,0
1481887227590081352,316,1481887227586852096,,0,0,46.5184783936,6.56665420532,2.77602830977e-40,1.0,0.0,0.0,0.0,1.0,0.0,0.0,0.0,1.0,0
1481887227794003893,317,1481887227791710778,,0,0,46.5184669495,6.56668043137,2.77602830977e-40,1.0,0.0,0.0,0.0,1.0,0.0,0.0,0.0,1.0,0
1481887228000930377,318,1481887227994304158,,0,0,46.5184822083,6.56667280197,2.77602830977e-40,1.0,0.0,0.0,0.0,1.0,0.0,0.0,0.0,1.0,0
1481887228204469795,319,1481887228200037888,,0,0,46.518497467,6.56665325165,2.77602830977e-40,1.0,0.0,0.0,0.0,1.0,0.0,0.0,0.0,1.0,0
1481887228404085845,320,1481887228396636609,,0,0,46.5185012817,6.56664943695,2.77602830977e-40,1.0,0.0,0.0,0.0,1.0,0.0,0.0,0.0,1.0,0
1481887228598997854,321,1481887228596395158,,0,0,46.5184936523,6.56665754318,2.77602830977e-40,1.0,0.0,0.0,0.0,1.0,0.0,0.0,0.0,1.0,0
1481887228796760892,322,1481887228793975957,,0,0,46.5184898376,6.56665992737,2.77602830977e-40,1.0,0.0,0.0,0.0,1.0,0.0,0.0,0.0,1.0,0
1481887229001597126,323,1481887228998495787,,0,0,46.5184860229,6.56668329239,2.77602830977e-40,1.0,0.0,0.0,0.0,1.0,0.0,0.0,0.0,1.0,0
1481887229193715867,324,1481887229191582857,,0,0,46.5184898376,6.56667995453,2.77602830977e-40,1.0,0.0,0.0,0.0,1.0,0.0,0.0,0.0,1.0,0
1481887229419135860,325,1481887229416380717,,0,0,46.5184745789,6.56669521332,2.77602830977e-40,1.0,0.0,0.0,0.0,1.0,0.0,0.0,0.0,1.0,0
1481887229476342417,326,1481887229473616075,,0,0,46.5184860229,6.56669044495,2.77602830977e-40,1.0,0.0,0.0,0.0,1.0,0.0,0.0,0.0,1.0,0
1481887229588041845,327,1481887229585356180,,0,0,46.5184860229,6.56668329239,2.77602830977e-40,1.0,0.0,0.0,0.0,1.0,0.0,0.0,0.0,1.0,0
1481887229782481565,328,1481887229779015487,,0,0,46.5185050964,6.56667709351,2.77602830977e-40,1.0,0.0,0.0,0.0,1.0,0.0,0.0,0.0,1.0,0
1481887229905478961,329,1481887229902899181,,0,0,46.5185089111,6.56667137146,2.77602830977e-40,1.0,0.0,0.0,0.0,1.0,0.0,0.0,0.0,1.0,0
1481887230081523246,330,1481887230078438312,,0,0,46.5184898376,6.56668138504,2.77602830977e-40,1.0,0.0,0.0,0.0,1.0,0.0,0.0,0.0,1.0,0
1481887230184937087,331,1481887230182373089,,0,0,46.518497467,6.5666680336,2.77602830977e-40,1.0,0.0,0.0,0.0,1.0,0.0,0.0,0.0,1.0,0
1481887230382408356,332,1481887230379038840,,0,0,46.5185127258,6.56666135788,2.77602830977e-40,1.0,0.0,0.0,0.0,1.0,0.0,0.0,0.0,1.0,0
1481887230485069961,333,1481887230482792680,,0,0,46.5185089111,6.56666231155,2.77602830977e-40,1.0,0.0,0.0,0.0,1.0,0.0,0.0,0.0,1.0,0
1481887230681880347,334,1481887230678879059,,0,0,46.5185127258,6.56665849686,2.77602830977e-40,1.0,0.0,0.0,0.0,1.0,0.0,0.0,0.0,1.0,0
1481887230777828859,335,1481887230773813201,,0,0,46.5185127258,6.56666183472,2.77602830977e-40,1.0,0.0,0.0,0.0,1.0,0.0,0.0,0.0,1.0,0
1481887230876801419,336,1481887230874006849,,0,0,46.5185127258,6.56665802002,2.77602830977e-40,1.0,0.0,0.0,0.0,1.0,0.0,0.0,0.0,1.0,0
1481887230989967142,337,1481887230987291113,,0,0,46.5185127258,6.56665992737,2.77602830977e-40,1.0,0.0,0.0,0.0,1.0,0.0,0.0,0.0,1.0,0
1481887231194258171,338,1481887231191773495,,0,0,46.5185203552,6.56665754318,2.77602830977e-40,1.0,0.0,0.0,0.0,1.0,0.0,0.0,0.0,1.0,0
1481887231379216685,339,1481887231376165709,,0,0,46.5185203552,6.56665468216,2.77602830977e-40,1.0,0.0,0.0,0.0,1.0,0.0,0.0,0.0,1.0,0
1481887231484102186,340,1481887231478439140,,0,0,46.5185203552,6.5666513443,2.77602830977e-40,1.0,0.0,0.0,0.0,1.0,0.0,0.0,0.0,1.0,0
1481887231572873336,341,1481887231570269910,,0,0,46.5185127258,6.56665802002,2.77602830977e-40,1.0,0.0,0.0,0.0,1.0,0.0,0.0,0.0,1.0,0
1481887231676035616,342,1481887231673455940,,0,0,46.5185127258,6.56666231155,2.77602830977e-40,1.0,0.0,0.0,0.0,1.0,0.0,0.0,0.0,1.0,0
1481887231779746071,343,1481887231776599471,,0,0,46.5185203552,6.56665754318,2.77602830977e-40,1.0,0.0,0.0,0.0,1.0,0.0,0.0,0.0,1.0,0
1481887231893162209,344,1481887231890478472,,0,0,46.5185165405,6.56665992737,2.77602830977e-40,1.0,0.0,0.0,0.0,1.0,0.0,0.0,0.0,1.0,0
1481887232079321551,345,1481887232076468856,,0,0,46.5185165405,6.56665039062,2.77602830977e-40,1.0,0.0,0.0,0.0,1.0,0.0,0.0,0.0,1.0,0
1481887232172322785,346,1481887232169739047,,0,0,46.5185127258,6.56665849686,2.77602830977e-40,1.0,0.0,0.0,0.0,1.0,0.0,0.0,0.0,1.0,0
1481887232276029907,347,1481887232273388461,,0,0,46.5185165405,6.56665372849,2.77602830977e-40,1.0,0.0,0.0,0.0,1.0,0.0,0.0,0.0,1.0,0
1481887232379593539,348,1481887232375550120,,0,0,46.5185127258,6.56666326523,2.77602830977e-40,1.0,0.0,0.0,0.0,1.0,0.0,0.0,0.0,1.0,0
1481887232491401404,349,1481887232488831104,,0,0,46.5185165405,6.56666088104,2.77602830977e-40,1.0,0.0,0.0,0.0,1.0,0.0,0.0,0.0,1.0,0
1481887232696596387,350,1481887232693514318,,0,0,46.5185127258,6.56666278839,2.77602830977e-40,1.0,0.0,0.0,0.0,1.0,0.0,0.0,0.0,1.0,0
1481887232890218037,351,1481887232887567529,,0,0,46.5185127258,6.56665706635,2.77602830977e-40,1.0,0.0,0.0,0.0,1.0,0.0,0.0,0.0,1.0,0
1481887233084441196,352,1481887233081498814,,0,0,46.5185165405,6.56665563583,2.77602830977e-40,1.0,0.0,0.0,0.0,1.0,0.0,0.0,0.0,1.0,0
1481887233286339058,353,1481887233283104178,,0,0,46.5185165405,6.56666135788,2.77602830977e-40,1.0,0.0,0.0,0.0,1.0,0.0,0.0,0.0,1.0,0
1481887233473133397,354,1481887233469102270,,0,0,46.5185165405,6.56665849686,2.77602830977e-40,1.0,0.0,0.0,0.0,1.0,0.0,0.0,0.0,1.0,0
1481887233575602556,355,1481887233573040901,,0,0,46.5185165405,6.56665706635,2.77602830977e-40,1.0,0.0,0.0,0.0,1.0,0.0,0.0,0.0,1.0,0
1481887233690529990,356,1481887233687774742,,0,0,46.5185203552,6.566655159,2.77602830977e-40,1.0,0.0,0.0,0.0,1.0,0.0,0.0,0.0,1.0,0
1481887233897915691,357,1481887233895087631,,0,0,46.5185203552,6.5666513443,2.77602830977e-40,1.0,0.0,0.0,0.0,1.0,0.0,0.0,0.0,1.0,0
1481887234084265032,358,1481887234081683690,,0,0,46.5185241699,6.56664800644,2.77602830977e-40,1.0,0.0,0.0,0.0,1.0,0.0,0.0,0.0,1.0,0
1481887234292806509,359,1481887234288177937,,0,0,46.5185203552,6.56665039062,2.77602830977e-40,1.0,0.0,0.0,0.0,1.0,0.0,0.0,0.0,1.0,0
1481887234579462779,360,1481887234576488106,,0,0,46.5185165405,6.56665420532,2.77602830977e-40,1.0,0.0,0.0,0.0,1.0,0.0,0.0,0.0,1.0,0
1481887234687198684,361,1481887234684277708,,0,0,46.5185127258,6.56665563583,2.77602830977e-40,1.0,0.0,0.0,0.0,1.0,0.0,0.0,0.0,1.0,0
1481887234870878194,362,1481887234867668313,,0,0,46.5185089111,6.56665706635,2.77602830977e-40,1.0,0.0,0.0,0.0,1.0,0.0,0.0,0.0,1.0,0
1481887234975910569,363,1481887234969681536,,0,0,46.5185089111,6.56665849686,2.77602830977e-40,1.0,0.0,0.0,0.0,1.0,0.0,0.0,0.0,1.0,0
1481887235086471149,364,1481887235080959351,,0,0,46.5185089111,6.56665897369,2.77602830977e-40,1.0,0.0,0.0,0.0,1.0,0.0,0.0,0.0,1.0,0
1481887235187248805,365,1481887235183359760,,0,0,46.5185089111,6.56665849686,2.77602830977e-40,1.0,0.0,0.0,0.0,1.0,0.0,0.0,0.0,1.0,0
1481887235383777473,366,1481887235380207646,,0,0,46.5185089111,6.56665992737,2.77602830977e-40,1.0,0.0,0.0,0.0,1.0,0.0,0.0,0.0,1.0,0
1481887235487832614,367,1481887235483513051,,0,0,46.5185050964,6.56665897369,2.77602830977e-40,1.0,0.0,0.0,0.0,1.0,0.0,0.0,0.0,1.0,0
1481887235684854197,368,1481887235680098594,,0,0,46.5185050964,6.56665897369,2.77602830977e-40,1.0,0.0,0.0,0.0,1.0,0.0,0.0,0.0,1.0,0
1481887235789598501,369,1481887235783803424,,0,0,46.5185050964,6.56665992737,2.77602830977e-40,1.0,0.0,0.0,0.0,1.0,0.0,0.0,0.0,1.0,0
1481887235992480109,370,1481887235988525960,,0,0,46.5185012817,6.56666040421,2.77602830977e-40,1.0,0.0,0.0,0.0,1.0,0.0,0.0,0.0,1.0,0
1481887236187303369,371,1481887236181911206,,0,0,46.5185012817,6.56666231155,2.77602830977e-40,1.0,0.0,0.0,0.0,1.0,0.0,0.0,0.0,1.0,0
1481887236391151222,372,1481887236376836966,,0,0,46.5185012817,6.56666326523,2.77602830977e-40,1.0,0.0,0.0,0.0,1.0,0.0,0.0,0.0,1.0,0
1481887236483195012,373,1481887236479657425,,0,0,46.5185012817,6.56666660309,2.77602830977e-40,1.0,0.0,0.0,0.0,1.0,0.0,0.0,0.0,1.0,0
1481887236585275891,374,1481887236580398518,,0,0,46.5185012817,6.56666707993,2.77602830977e-40,1.0,0.0,0.0,0.0,1.0,0.0,0.0,0.0,1.0,0
1481887236686178859,375,1481887236683261217,,0,0,46.518497467,6.56666707993,2.77602830977e-40,1.0,0.0,0.0,0.0,1.0,0.0,0.0,0.0,1.0,0
1481887236891955453,376,1481887236888796406,,0,0,46.518497467,6.56667041779,2.77602830977e-40,1.0,0.0,0.0,0.0,1.0,0.0,0.0,0.0,1.0,0
1481887237088644486,377,1481887237084126017,,0,0,46.5184936523,6.56667137146,2.77602830977e-40,1.0,0.0,0.0,0.0,1.0,0.0,0.0,0.0,1.0,0
1481887237293623584,378,1481887237290880836,,0,0,46.5184936523,6.56667327881,2.77602830977e-40,1.0,0.0,0.0,0.0,1.0,0.0,0.0,0.0,1.0,0
1481887237491448236,379,1481887237487340182,,0,0,46.5184936523,6.56667518616,2.77602830977e-40,1.0,0.0,0.0,0.0,1.0,0.0,0.0,0.0,1.0,0
1481887237667887884,380,1481887237663316967,,0,0,46.5184936523,6.56667709351,2.77602830977e-40,1.0,0.0,0.0,0.0,1.0,0.0,0.0,0.0,1.0,0
1481887237782269539,381,1481887237777191594,,0,0,46.5184936523,6.56667757034,2.77602830977e-40,1.0,0.0,0.0,0.0,1.0,0.0,0.0,0.0,1.0,0
1481887237902863977,382,1481887237898399519,,0,0,46.5184898376,6.56667852402,2.77602830977e-40,1.0,0.0,0.0,0.0,1.0,0.0,0.0,0.0,1.0,0
1481887238084861099,383,1481887238080173933,,0,0,46.5184898376,6.56668043137,2.77602830977e-40,1.0,0.0,0.0,0.0,1.0,0.0,0.0,0.0,1.0,0
1481887238287807394,384,1481887238283202676,,0,0,46.5184898376,6.56668138504,2.77602830977e-40,1.0,0.0,0.0,0.0,1.0,0.0,0.0,0.0,1.0,0
1481887238492074985,385,1481887238488204899,,0,0,46.5184860229,6.56668424606,2.77602830977e-40,1.0,0.0,0.0,0.0,1.0,0.0,0.0,0.0,1.0,0
1481887238690198698,386,1481887238684797682,,0,0,46.5184860229,6.56668329239,2.77602830977e-40,1.0,0.0,0.0,0.0,1.0,0.0,0.0,0.0,1.0,0
1481887238886259765,387,1481887238879463547,,0,0,46.5184860229,6.56668376923,2.77602830977e-40,1.0,0.0,0.0,0.0,1.0,0.0,0.0,0.0,1.0,0
1481887238985904249,388,1481887238981294791,,0,0,46.5184860229,6.56668424606,2.77602830977e-40,1.0,0.0,0.0,0.0,1.0,0.0,0.0,0.0,1.0,0
1481887239066809237,389,1481887239063218993,,0,0,46.5184860229,6.56668376923,2.77602830977e-40,1.0,0.0,0.0,0.0,1.0,0.0,0.0,0.0,1.0,0
1481887239183532600,390,1481887239177516430,,0,0,46.5184860229,6.56668424606,2.77602830977e-40,1.0,0.0,0.0,0.0,1.0,0.0,0.0,0.0,1.0,0
1481887239287644355,391,1481887239281114750,,0,0,46.5184860229,6.5666847229,2.77602830977e-40,1.0,0.0,0.0,0.0,1.0,0.0,0.0,0.0,1.0,0
1481887239491975487,392,1481887239487167020,,0,0,46.5184860229,6.56668519974,2.77602830977e-40,1.0,0.0,0.0,0.0,1.0,0.0,0.0,0.0,1.0,0
1481887239685927658,393,1481887239681511636,,0,0,46.5184860229,6.56668567657,2.77602830977e-40,1.0,0.0,0.0,0.0,1.0,0.0,0.0,0.0,1.0,0
1481887239905557208,394,1481887239896897040,,0,0,46.5184822083,6.56668663025,2.77602830977e-40,1.0,0.0,0.0,0.0,1.0,0.0,0.0,0.0,1.0,0
1481887240082768831,395,1481887240079609575,,0,0,46.5184822083,6.56668758392,2.77602830977e-40,1.0,0.0,0.0,0.0,1.0,0.0,0.0,0.0,1.0,0
1481887240191921761,396,1481887240180529106,,0,0,46.5184822083,6.56668710709,2.77602830977e-40,1.0,0.0,0.0,0.0,1.0,0.0,0.0,0.0,1.0,0
1481887240287290223,397,1481887240282814515,,0,0,46.5184822083,6.56668901443,2.77602830977e-40,1.0,0.0,0.0,0.0,1.0,0.0,0.0,0.0,1.0,0
1481887240377286940,398,1481887240374380287,,0,0,46.5184822083,6.56668949127,2.77602830977e-40,1.0,0.0,0.0,0.0,1.0,0.0,0.0,0.0,1.0,0
1481887240471293794,399,1481887240468032715,,0,0,46.5184822083,6.56668901443,2.77602830977e-40,1.0,0.0,0.0,0.0,1.0,0.0,0.0,0.0,1.0,0
1481887240573392850,400,1481887240570674738,,0,0,46.5184822083,6.56668996811,2.77602830977e-40,1.0,0.0,0.0,0.0,1.0,0.0,0.0,0.0,1.0,0
1481887240677509657,401,1481887240673796966,,0,0,46.5184822083,6.56669139862,2.77602830977e-40,1.0,0.0,0.0,0.0,1.0,0.0,0.0,0.0,1.0,0
1481887240782357086,402,1481887240775903939,,0,0,46.5184822083,6.56669235229,2.77602830977e-40,1.0,0.0,0.0,0.0,1.0,0.0,0.0,0.0,1.0,0
1481887240881654280,403,1481887240878914084,,0,0,46.5184822083,6.56669330597,2.77602830977e-40,1.0,0.0,0.0,0.0,1.0,0.0,0.0,0.0,1.0,0
1481887240976384412,404,1481887240972816512,,0,0,46.5184783936,6.56669330597,2.77602830977e-40,1.0,0.0,0.0,0.0,1.0,0.0,0.0,0.0,1.0,0
1481887241091420647,405,1481887241088006965,,0,0,46.5184783936,6.56669425964,2.77602830977e-40,1.0,0.0,0.0,0.0,1.0,0.0,0.0,0.0,1.0,0
1481887241288040149,406,1481887241283183713,,0,0,46.5184822083,6.56669139862,2.77602830977e-40,1.0,0.0,0.0,0.0,1.0,0.0,0.0,0.0,1.0,0
1481887241378048844,407,1481887241374636881,,0,0,46.5184860229,6.56669092178,2.77602830977e-40,1.0,0.0,0.0,0.0,1.0,0.0,0.0,0.0,1.0,0
1481887241490534571,408,1481887241487110055,,0,0,46.5184860229,6.56668996811,2.77602830977e-40,1.0,0.0,0.0,0.0,1.0,0.0,0.0,0.0,1.0,0
1481887241684791167,409,1481887241681003736,,0,0,46.5184898376,6.56668710709,2.77602830977e-40,1.0,0.0,0.0,0.0,1.0,0.0,0.0,0.0,1.0,0
1481887241768237914,410,1481887241763495071,,0,0,46.5184898376,6.56668615341,2.77602830977e-40,1.0,0.0,0.0,0.0,1.0,0.0,0.0,0.0,1.0,0
1481887241881623011,411,1481887241876050589,,0,0,46.5184898376,6.56668663025,2.77602830977e-40,1.0,0.0,0.0,0.0,1.0,0.0,0.0,0.0,1.0,0
1481887241990143027,412,1481887241986800230,,0,0,46.5184936523,6.56668710709,2.77602830977e-40,1.0,0.0,0.0,0.0,1.0,0.0,0.0,0.0,1.0,0
1481887242177171739,413,1481887242174361128,,0,0,46.5184936523,6.56668376923,2.77602830977e-40,1.0,0.0,0.0,0.0,1.0,0.0,0.0,0.0,1.0,0
1481887242281258286,414,1481887242277636949,,0,0,46.518497467,6.56668376923,2.77602830977e-40,1.0,0.0,0.0,0.0,1.0,0.0,0.0,0.0,1.0,0
1481887242371768230,415,1481887242369385897,,0,0,46.518497467,6.56668281555,2.77602830977e-40,1.0,0.0,0.0,0.0,1.0,0.0,0.0,0.0,1.0,0
1481887242477521279,416,1481887242473846765,,0,0,46.518497467,6.56668186188,2.77602830977e-40,1.0,0.0,0.0,0.0,1.0,0.0,0.0,0.0,1.0,0
1481887242580030333,417,1481887242577163836,,0,0,46.5184936523,6.56668615341,2.77602830977e-40,1.0,0.0,0.0,0.0,1.0,0.0,0.0,0.0,1.0,0
1481887242672892245,418,1481887242670260226,,0,0,46.518497467,6.56668281555,2.77602830977e-40,1.0,0.0,0.0,0.0,1.0,0.0,0.0,0.0,1.0,0
1481887242778265192,419,1481887242772152512,,0,0,46.5185089111,6.56665706635,2.77602830977e-40,1.0,0.0,0.0,0.0,1.0,0.0,0.0,0.0,1.0,0
1481887242878098321,420,1481887242875010210,,0,0,46.5185470581,6.56662559509,2.77602830977e-40,1.0,0.0,0.0,0.0,1.0,0.0,0.0,0.0,1.0,0
1481887242971928040,421,1481887242968084673,,0,0,46.5185317993,6.56663942337,2.77602830977e-40,1.0,0.0,0.0,0.0,1.0,0.0,0.0,0.0,1.0,0
1481887243072452625,422,1481887243069590346,,0,0,46.5185241699,6.56664514542,2.77602830977e-40,1.0,0.0,0.0,0.0,1.0,0.0,0.0,0.0,1.0,0
1481887243173819601,423,1481887243171024197,,0,0,46.5185394287,6.56664276123,2.77602830977e-40,1.0,0.0,0.0,0.0,1.0,0.0,0.0,0.0,1.0,0
1481887243276720840,424,1481887243274031374,,0,0,46.5185317993,6.56668376923,2.77602830977e-40,1.0,0.0,0.0,0.0,1.0,0.0,0.0,0.0,1.0,0
1481887243388530789,425,1481887243385635021,,0,0,46.5185203552,6.56668901443,2.77602830977e-40,1.0,0.0,0.0,0.0,1.0,0.0,0.0,0.0,1.0,0
1481887243571718530,426,1481887243569397759,,0,0,46.5185127258,6.56666374207,2.77602830977e-40,1.0,0.0,0.0,0.0,1.0,0.0,0.0,0.0,1.0,0
1481887243677270330,427,1481887243672740820,,0,0,46.5185089111,6.56664609909,2.77602830977e-40,1.0,0.0,0.0,0.0,1.0,0.0,0.0,0.0,1.0,0
1481887243777408302,428,1481887243774194150,,0,0,46.5185165405,6.56665372849,2.77602830977e-40,1.0,0.0,0.0,0.0,1.0,0.0,0.0,0.0,1.0,0
1481887243899417057,429,1481887243896701288,,0,0,46.5185432434,6.56661128998,2.77602830977e-40,1.0,0.0,0.0,0.0,1.0,0.0,0.0,0.0,1.0,0
1481887244084726923,430,1481887244082298914,,0,0,46.5185127258,6.56658792496,2.77602830977e-40,1.0,0.0,0.0,0.0,1.0,0.0,0.0,0.0,1.0,0
1481887244281717882,431,1481887244278085138,,0,0,46.5185203552,6.56656885147,2.77602830977e-40,1.0,0.0,0.0,0.0,1.0,0.0,0.0,0.0,1.0,0
1481887244381754135,432,1481887244379557999,,0,0,46.5185241699,6.56659173965,2.77602830977e-40,1.0,0.0,0.0,0.0,1.0,0.0,0.0,0.0,1.0,0
1481887244484761989,433,1481887244480895809,,0,0,46.5185203552,6.56662797928,2.77602830977e-40,1.0,0.0,0.0,0.0,1.0,0.0,0.0,0.0,1.0,0
1481887244576229115,434,1481887244573765012,,0,0,46.5185165405,6.56665086746,2.77602830977e-40,1.0,0.0,0.0,0.0,1.0,0.0,0.0,0.0,1.0,0
1481887244689053590,435,1481887244686510893,,0,0,46.518497467,6.56669378281,2.77602830977e-40,1.0,0.0,0.0,0.0,1.0,0.0,0.0,0.0,1.0,0
1481887244887116835,436,1481887244883774454,,0,0,46.5184936523,6.56671190262,2.77602830977e-40,1.0,0.0,0.0,0.0,1.0,0.0,0.0,0.0,1.0,0
