%time,field.header.seq,field.header.stamp,field.header.frame_id,field.status.status,field.status.service,field.latitude,field.longitude,field.altitude,field.position_covariance0,field.position_covariance1,field.position_covariance2,field.position_covariance3,field.position_covariance4,field.position_covariance5,field.position_covariance6,field.position_covariance7,field.position_covariance8,field.position_covariance_type
1480509256092166828,51,1480509256089442927,,0,0,46.5183906555,6.56670665741,2.77602830977e-40,1.0,0.0,0.0,0.0,1.0,0.0,0.0,0.0,1.0,0
1480509256299293506,52,1480509256297431895,,0,0,46.5183906555,6.56670665741,2.77602830977e-40,1.0,0.0,0.0,0.0,1.0,0.0,0.0,0.0,1.0,0
1480509256504511959,53,1480509256500518789,,0,0,46.5183906555,6.56670665741,2.77602830977e-40,1.0,0.0,0.0,0.0,1.0,0.0,0.0,0.0,1.0,0
1480509256686183113,54,1480509256683458744,,0,0,46.5183906555,6.56670665741,2.77602830977e-40,1.0,0.0,0.0,0.0,1.0,0.0,0.0,0.0,1.0,0
1480509256899576029,55,1480509256896980149,,0,0,46.5183906555,6.56670665741,2.77602830977e-40,1.0,0.0,0.0,0.0,1.0,0.0,0.0,0.0,1.0,0
1480509257103266516,56,1480509257100357615,,0,0,46.5183906555,6.56670665741,2.77602830977e-40,1.0,0.0,0.0,0.0,1.0,0.0,0.0,0.0,1.0,0
1480509257306884607,57,1480509257303987477,,0,0,46.5183906555,6.56670665741,2.77602830977e-40,1.0,0.0,0.0,0.0,1.0,0.0,0.0,0.0,1.0,0
1480509257498046524,58,1480509257495404759,,0,0,46.5183906555,6.56670665741,2.77602830977e-40,1.0,0.0,0.0,0.0,1.0,0.0,0.0,0.0,1.0,0
1480509257710135797,59,1480509257707477625,,0,0,46.5183906555,6.56670665741,2.77602830977e-40,1.0,0.0,0.0,0.0,1.0,0.0,0.0,0.0,1.0,0
1480509257916514247,60,1480509257913768992,,0,0,46.5183906555,6.56670665741,2.77602830977e-40,1.0,0.0,0.0,0.0,1.0,0.0,0.0,0.0,1.0,0
1480509258092707548,61,1480509258084414127,,0,0,46.5183906555,6.56670665741,2.77602830977e-40,1.0,0.0,0.0,0.0,1.0,0.0,0.0,0.0,1.0,0
1480509258313010033,62,1480509258307204263,,0,0,46.5183906555,6.56670665741,2.77602830977e-40,1.0,0.0,0.0,0.0,1.0,0.0,0.0,0.0,1.0,0
1480509258506196895,63,1480509258501029144,,0,0,46.5183906555,6.56670665741,2.77602830977e-40,1.0,0.0,0.0,0.0,1.0,0.0,0.0,0.0,1.0,0
1480509258710253214,64,1480509258706459992,,0,0,46.5183906555,6.56670665741,2.77602830977e-40,1.0,0.0,0.0,0.0,1.0,0.0,0.0,0.0,1.0,0
1480509258904267939,65,1480509258900090238,,0,0,46.5183906555,6.56670665741,2.77602830977e-40,1.0,0.0,0.0,0.0,1.0,0.0,0.0,0.0,1.0,0
1480509259111478314,66,1480509259105610930,,0,0,46.5183906555,6.56670665741,2.77602830977e-40,1.0,0.0,0.0,0.0,1.0,0.0,0.0,0.0,1.0,0
1480509259300926433,67,1480509259298266282,,0,0,46.5183906555,6.56670665741,2.77602830977e-40,1.0,0.0,0.0,0.0,1.0,0.0,0.0,0.0,1.0,0
1480509259485182739,68,1480509259481351236,,0,0,46.5183906555,6.56670665741,2.77602830977e-40,1.0,0.0,0.0,0.0,1.0,0.0,0.0,0.0,1.0,0
1480509259714721613,69,1480509259705434027,,0,0,46.5183906555,6.56670665741,2.77602830977e-40,1.0,0.0,0.0,0.0,1.0,0.0,0.0,0.0,1.0,0
1480509259919728920,70,1480509259917314341,,0,0,46.5183906555,6.56670665741,2.77602830977e-40,1.0,0.0,0.0,0.0,1.0,0.0,0.0,0.0,1.0,0
1480509260101887053,71,1480509260099229558,,0,0,46.5183906555,6.56670665741,2.77602830977e-40,1.0,0.0,0.0,0.0,1.0,0.0,0.0,0.0,1.0,0
1480509260304604885,72,1480509260301663901,,0,0,46.5183906555,6.56670665741,2.77602830977e-40,1.0,0.0,0.0,0.0,1.0,0.0,0.0,0.0,1.0,0
1480509260529480122,73,1480509260527489761,,0,0,46.5183906555,6.56670665741,2.77602830977e-40,1.0,0.0,0.0,0.0,1.0,0.0,0.0,0.0,1.0,0
1480509260730764311,74,1480509260725315572,,0,0,46.5183906555,6.56670665741,2.77602830977e-40,1.0,0.0,0.0,0.0,1.0,0.0,0.0,0.0,1.0,0
1480509260890784258,75,1480509260887473640,,0,0,46.5183906555,6.56670665741,2.77602830977e-40,1.0,0.0,0.0,0.0,1.0,0.0,0.0,0.0,1.0,0
1480509261106222014,76,1480509261101681137,,0,0,46.5183906555,6.56670665741,2.77602830977e-40,1.0,0.0,0.0,0.0,1.0,0.0,0.0,0.0,1.0,0
1480509261308062817,77,1480509261305798498,,0,0,46.5183906555,6.56670665741,2.77602830977e-40,1.0,0.0,0.0,0.0,1.0,0.0,0.0,0.0,1.0,0
1480509261503139622,78,1480509261500688846,,0,0,46.5183906555,6.56670665741,2.77602830977e-40,1.0,0.0,0.0,0.0,1.0,0.0,0.0,0.0,1.0,0
1480509261696669608,79,1480509261694402477,,0,0,46.5183906555,6.56670713425,2.77602830977e-40,1.0,0.0,0.0,0.0,1.0,0.0,0.0,0.0,1.0,0
1480509261903137746,80,1480509261898607442,,0,0,46.5183906555,6.56670713425,2.77602830977e-40,1.0,0.0,0.0,0.0,1.0,0.0,0.0,0.0,1.0,0
1480509262107164013,81,1480509262104441570,,0,0,46.5183906555,6.56670713425,2.77602830977e-40,1.0,0.0,0.0,0.0,1.0,0.0,0.0,0.0,1.0,0
1480509262294428646,82,1480509262288935272,,0,0,46.5183906555,6.56670713425,2.77602830977e-40,1.0,0.0,0.0,0.0,1.0,0.0,0.0,0.0,1.0,0
1480509262510082912,83,1480509262504265371,,0,0,46.5183906555,6.56670713425,2.77602830977e-40,1.0,0.0,0.0,0.0,1.0,0.0,0.0,0.0,1.0,0
1480509262702105140,84,1480509262697563482,,0,0,46.5183906555,6.56670713425,2.77602830977e-40,1.0,0.0,0.0,0.0,1.0,0.0,0.0,0.0,1.0,0
1480509262904331307,85,1480509262901941207,,0,0,46.5183906555,6.56670713425,2.77602830977e-40,1.0,0.0,0.0,0.0,1.0,0.0,0.0,0.0,1.0,0
1480509263108918146,86,1480509263103677948,,0,0,46.5183906555,6.56670713425,2.77602830977e-40,1.0,0.0,0.0,0.0,1.0,0.0,0.0,0.0,1.0,0
1480509263308669422,87,1480509263302300840,,0,0,46.5183906555,6.56670713425,2.77602830977e-40,1.0,0.0,0.0,0.0,1.0,0.0,0.0,0.0,1.0,0
1480509263500138630,88,1480509263496384419,,0,0,46.5183906555,6.56670713425,2.77602830977e-40,1.0,0.0,0.0,0.0,1.0,0.0,0.0,0.0,1.0,0
1480509263705969842,89,1480509263700327822,,0,0,46.5183906555,6.56670713425,2.77602830977e-40,1.0,0.0,0.0,0.0,1.0,0.0,0.0,0.0,1.0,0
1480509263908406269,90,1480509263905412576,,0,0,46.5183906555,6.56670713425,2.77602830977e-40,1.0,0.0,0.0,0.0,1.0,0.0,0.0,0.0,1.0,0
1480509264113519357,91,1480509264108536866,,0,0,46.5183906555,6.56670713425,2.77602830977e-40,1.0,0.0,0.0,0.0,1.0,0.0,0.0,0.0,1.0,0
1480509264308014080,92,1480509264304099557,,0,0,46.5183906555,6.56670665741,2.77602830977e-40,1.0,0.0,0.0,0.0,1.0,0.0,0.0,0.0,1.0,0
1480509264511097068,93,1480509264506353588,,0,0,46.5183906555,6.56670713425,2.77602830977e-40,1.0,0.0,0.0,0.0,1.0,0.0,0.0,0.0,1.0,0
1480509264710643188,94,1480509264708378609,,0,0,46.5183906555,6.56670713425,2.77602830977e-40,1.0,0.0,0.0,0.0,1.0,0.0,0.0,0.0,1.0,0
1480509264903335467,95,1480509264900773493,,0,0,46.5183906555,6.56670713425,2.77602830977e-40,1.0,0.0,0.0,0.0,1.0,0.0,0.0,0.0,1.0,0
1480509265094297854,96,1480509265092216868,,0,0,46.5183906555,6.56670713425,2.77602830977e-40,1.0,0.0,0.0,0.0,1.0,0.0,0.0,0.0,1.0,0
1480509265305885825,97,1480509265303048955,,0,0,46.5183906555,6.56670665741,2.77602830977e-40,1.0,0.0,0.0,0.0,1.0,0.0,0.0,0.0,1.0,0
1480509265499936591,98,1480509265497555189,,0,0,46.5183906555,6.56670665741,2.77602830977e-40,1.0,0.0,0.0,0.0,1.0,0.0,0.0,0.0,1.0,0
1480509265708470089,99,1480509265705653167,,0,0,46.5183906555,6.56670665741,2.77602830977e-40,1.0,0.0,0.0,0.0,1.0,0.0,0.0,0.0,1.0,0
1480509265901149556,100,1480509265898703831,,0,0,46.5183906555,6.56670713425,2.77602830977e-40,1.0,0.0,0.0,0.0,1.0,0.0,0.0,0.0,1.0,0
1480509266106533424,101,1480509266102658484,,0,0,46.5183906555,6.56670665741,2.77602830977e-40,1.0,0.0,0.0,0.0,1.0,0.0,0.0,0.0,1.0,0
1480509266298620236,102,1480509266295823887,,0,0,46.5183906555,6.56670713425,2.77602830977e-40,1.0,0.0,0.0,0.0,1.0,0.0,0.0,0.0,1.0,0
1480509266501375881,103,1480509266498328126,,0,0,46.5183906555,6.56670665741,2.77602830977e-40,1.0,0.0,0.0,0.0,1.0,0.0,0.0,0.0,1.0,0
1480509266708138757,104,1480509266703071319,,0,0,46.5183906555,6.56670665741,2.77602830977e-40,1.0,0.0,0.0,0.0,1.0,0.0,0.0,0.0,1.0,0
1480509266898317239,105,1480509266896464847,,0,0,46.5183906555,6.56670665741,2.77602830977e-40,1.0,0.0,0.0,0.0,1.0,0.0,0.0,0.0,1.0,0
1480509267104701158,106,1480509267102594235,,0,0,46.5183906555,6.56670665741,2.77602830977e-40,1.0,0.0,0.0,0.0,1.0,0.0,0.0,0.0,1.0,0
1480509267298556820,107,1480509267296368752,,0,0,46.5183906555,6.56670665741,2.77602830977e-40,1.0,0.0,0.0,0.0,1.0,0.0,0.0,0.0,1.0,0
1480509267505947508,108,1480509267501680173,,0,0,46.5183906555,6.56670665741,2.77602830977e-40,1.0,0.0,0.0,0.0,1.0,0.0,0.0,0.0,1.0,0
1480509267685838875,109,1480509267681767268,,0,0,46.5183906555,6.56670618057,2.77602830977e-40,1.0,0.0,0.0,0.0,1.0,0.0,0.0,0.0,1.0,0
1480509267919099929,110,1480509267915773060,,0,0,46.5183906555,6.56670618057,2.77602830977e-40,1.0,0.0,0.0,0.0,1.0,0.0,0.0,0.0,1.0,0
1480509268114491317,111,1480509268111090490,,0,0,46.5183906555,6.5667052269,2.77602830977e-40,1.0,0.0,0.0,0.0,1.0,0.0,0.0,0.0,1.0,0
1480509268307551929,112,1480509268304631674,,0,0,46.5183906555,6.56670570374,2.77602830977e-40,1.0,0.0,0.0,0.0,1.0,0.0,0.0,0.0,1.0,0
1480509268509343565,113,1480509268507621225,,0,0,46.5183906555,6.56670331955,2.77602830977e-40,1.0,0.0,0.0,0.0,1.0,0.0,0.0,0.0,1.0,0
1480509268712389053,114,1480509268709644423,,0,0,46.5183906555,6.56670331955,2.77602830977e-40,1.0,0.0,0.0,0.0,1.0,0.0,0.0,0.0,1.0,0
1480509268929049983,115,1480509268922557756,,0,0,46.5183906555,6.56670331955,2.77602830977e-40,1.0,0.0,0.0,0.0,1.0,0.0,0.0,0.0,1.0,0
1480509269097433664,116,1480509269094611117,,0,0,46.5183906555,6.56670284271,2.77602830977e-40,1.0,0.0,0.0,0.0,1.0,0.0,0.0,0.0,1.0,0
1480509269320113592,117,1480509269317815732,,0,0,46.5183944702,6.56671047211,2.77602830977e-40,1.0,0.0,0.0,0.0,1.0,0.0,0.0,0.0,1.0,0
1480509269514435868,118,1480509269512471706,,0,0,46.5183944702,6.56670808792,2.77602830977e-40,1.0,0.0,0.0,0.0,1.0,0.0,0.0,0.0,1.0,0
1480509269719352394,119,1480509269717309794,,0,0,46.5183944702,6.56670665741,2.77602830977e-40,1.0,0.0,0.0,0.0,1.0,0.0,0.0,0.0,1.0,0
1480509269914869408,120,1480509269912648735,,0,0,46.5183906555,6.5667052269,2.77602830977e-40,1.0,0.0,0.0,0.0,1.0,0.0,0.0,0.0,1.0,0
1480509270116840262,121,1480509270114510631,,0,0,46.5183906555,6.56670427322,2.77602830977e-40,1.0,0.0,0.0,0.0,1.0,0.0,0.0,0.0,1.0,0
1480509270299392457,122,1480509270297150065,,0,0,46.5183906555,6.56670188904,2.77602830977e-40,1.0,0.0,0.0,0.0,1.0,0.0,0.0,0.0,1.0,0
1480509270482335953,123,1480509270480115020,,0,0,46.5183906555,6.5666975975,2.77602830977e-40,1.0,0.0,0.0,0.0,1.0,0.0,0.0,0.0,1.0,0
1480509270707800616,124,1480509270704509320,,0,0,46.5183906555,6.56669425964,2.77602830977e-40,1.0,0.0,0.0,0.0,1.0,0.0,0.0,0.0,1.0,0
1480509270926560344,125,1480509270924385036,,0,0,46.5183906555,6.56669044495,2.77602830977e-40,1.0,0.0,0.0,0.0,1.0,0.0,0.0,0.0,1.0,0
1480509271097728082,126,1480509271095708398,,0,0,46.5183944702,6.56668758392,2.77602830977e-40,1.0,0.0,0.0,0.0,1.0,0.0,0.0,0.0,1.0,0
1480509271385472466,127,1480509271382137421,,0,0,46.5183944702,6.56668043137,2.77602830977e-40,1.0,0.0,0.0,0.0,1.0,0.0,0.0,0.0,1.0,0
1480509271759924963,128,1480509271756177783,,0,0,46.5183944702,6.56666898727,2.77602830977e-40,1.0,0.0,0.0,0.0,1.0,0.0,0.0,0.0,1.0,0
1480509272146146238,129,1480509272143371608,,0,0,46.5183944702,6.56665658951,2.77602830977e-40,1.0,0.0,0.0,0.0,1.0,0.0,0.0,0.0,1.0,0
1480509272828523288,130,1480509272825876314,,0,0,46.5183982849,6.5666384697,2.77602830977e-40,1.0,0.0,0.0,0.0,1.0,0.0,0.0,0.0,1.0,0
1480509273551216404,131,1480509273548842711,,0,0,46.5184020996,6.56659936905,2.77602830977e-40,1.0,0.0,0.0,0.0,1.0,0.0,0.0,0.0,1.0,0
1480509274384084045,132,1480509274381040718,,0,0,46.5184059143,6.56655168533,2.77602830977e-40,1.0,0.0,0.0,0.0,1.0,0.0,0.0,0.0,1.0,0
1480509275283439003,133,1480509275280531301,,0,0,46.5184059143,6.56648683548,2.77602830977e-40,1.0,0.0,0.0,0.0,1.0,0.0,0.0,0.0,1.0,0
1480509276035369146,134,1480509276032751599,,0,0,46.5184020996,6.56642055511,2.77602830977e-40,1.0,0.0,0.0,0.0,1.0,0.0,0.0,0.0,1.0,0
1480509276489879142,135,1480509276485345349,,0,0,46.5183982849,6.56636953354,2.77602830977e-40,1.0,0.0,0.0,0.0,1.0,0.0,0.0,0.0,1.0,0
1480509276941362425,136,1480509276937870661,,0,0,46.5183944702,6.56633281708,2.77602830977e-40,1.0,0.0,0.0,0.0,1.0,0.0,0.0,0.0,1.0,0
1480509277370110023,137,1480509277366067583,,0,0,46.5183906555,6.56630325317,2.77602830977e-40,1.0,0.0,0.0,0.0,1.0,0.0,0.0,0.0,1.0,0
1480509277986127828,138,1480509277982515387,,0,0,46.5179977417,6.56709098816,2.77602830977e-40,1.0,0.0,0.0,0.0,1.0,0.0,0.0,0.0,1.0,0
1480509278472318699,139,1480509278469248861,,0,0,46.5184593201,6.56602668762,2.77602830977e-40,1.0,0.0,0.0,0.0,1.0,0.0,0.0,0.0,1.0,0
1480509278984815561,140,1480509278982732648,,0,0,46.5185127258,6.56617879868,2.77602830977e-40,1.0,0.0,0.0,0.0,1.0,0.0,0.0,0.0,1.0,0
1480509279396041943,141,1480509279392323617,,0,0,46.5184860229,6.56615018845,2.77602830977e-40,1.0,0.0,0.0,0.0,1.0,0.0,0.0,0.0,1.0,0
1480509279729381916,142,1480509279726915462,,0,0,46.5184669495,6.5661444664,2.77602830977e-40,1.0,0.0,0.0,0.0,1.0,0.0,0.0,0.0,1.0,0
1480509280077907431,143,1480509280075472072,,0,0,46.5184555054,6.56614637375,2.77602830977e-40,1.0,0.0,0.0,0.0,1.0,0.0,0.0,0.0,1.0,0
1480509280502915349,144,1480509280500843322,,0,0,46.5184402466,6.56615257263,2.77602830977e-40,1.0,0.0,0.0,0.0,1.0,0.0,0.0,0.0,1.0,0
1480509280899609469,145,1480509280897133224,,0,0,46.5184249878,6.56616449356,2.77602830977e-40,1.0,0.0,0.0,0.0,1.0,0.0,0.0,0.0,1.0,0
1480509281350778429,146,1480509281348333955,,0,0,46.5184135437,6.56617975235,2.77602830977e-40,1.0,0.0,0.0,0.0,1.0,0.0,0.0,0.0,1.0,0
1480509281574935178,147,1480509281572434766,,0,0,46.5184059143,6.56620359421,2.77602830977e-40,1.0,0.0,0.0,0.0,1.0,0.0,0.0,0.0,1.0,0
1480509281787476168,148,1480509281785161850,,0,0,46.5184020996,6.56622076035,2.77602830977e-40,1.0,0.0,0.0,0.0,1.0,0.0,0.0,0.0,1.0,0
1480509282060871050,149,1480509282058447669,,0,0,46.5184020996,6.56623220444,2.77602830977e-40,1.0,0.0,0.0,0.0,1.0,0.0,0.0,0.0,1.0,0
1480509282254339890,150,1480509282250841616,,0,0,46.5184020996,6.56624364853,2.77602830977e-40,1.0,0.0,0.0,0.0,1.0,0.0,0.0,0.0,1.0,0
1480509282395502687,151,1480509282392203891,,0,0,46.5184059143,6.56625890732,2.77602830977e-40,1.0,0.0,0.0,0.0,1.0,0.0,0.0,0.0,1.0,0
1480509282647836411,152,1480509282646319592,,0,0,46.518409729,6.56627368927,2.77602830977e-40,1.0,0.0,0.0,0.0,1.0,0.0,0.0,0.0,1.0,0
1480509282821126437,153,1480509282818212172,,0,0,46.5184135437,6.56628751755,2.77602830977e-40,1.0,0.0,0.0,0.0,1.0,0.0,0.0,0.0,1.0,0
1480509283032729356,154,1480509283030565089,,0,0,46.5184173584,6.56629943848,2.77602830977e-40,1.0,0.0,0.0,0.0,1.0,0.0,0.0,0.0,1.0,0
1480509283236487551,155,1480509283233071047,,0,0,46.5184211731,6.56630992889,2.77602830977e-40,1.0,0.0,0.0,0.0,1.0,0.0,0.0,0.0,1.0,0
1480509283459215605,156,1480509283456893786,,0,0,46.5184249878,6.56632041931,2.77602830977e-40,1.0,0.0,0.0,0.0,1.0,0.0,0.0,0.0,1.0,0
1480509283657523758,157,1480509283655543866,,0,0,46.5184326172,6.56632804871,2.77602830977e-40,1.0,0.0,0.0,0.0,1.0,0.0,0.0,0.0,1.0,0
1480509283878893585,158,1480509283876340257,,0,0,46.5184402466,6.56633806229,2.77602830977e-40,1.0,0.0,0.0,0.0,1.0,0.0,0.0,0.0,1.0,0
1480509284200363112,159,1480509284196800619,,0,0,46.5184516907,6.56635046005,2.77602830977e-40,1.0,0.0,0.0,0.0,1.0,0.0,0.0,0.0,1.0,0
1480509284401327667,160,1480509284398775640,,0,0,46.5184631348,6.56635808945,2.77602830977e-40,1.0,0.0,0.0,0.0,1.0,0.0,0.0,0.0,1.0,0
1480509284616098913,161,1480509284613188710,,0,0,46.5184745789,6.56636285782,2.77602830977e-40,1.0,0.0,0.0,0.0,1.0,0.0,0.0,0.0,1.0,0
1480509284796023040,162,1480509284794136690,,0,0,46.5184822083,6.56636333466,2.77602830977e-40,1.0,0.0,0.0,0.0,1.0,0.0,0.0,0.0,1.0,0
1480509285000435921,163,1480509284997810458,,0,0,46.5184936523,6.56636333466,2.77602830977e-40,1.0,0.0,0.0,0.0,1.0,0.0,0.0,0.0,1.0,0
1480509285205470468,164,1480509285200614644,,0,0,46.5185012817,6.56636190414,2.77602830977e-40,1.0,0.0,0.0,0.0,1.0,0.0,0.0,0.0,1.0,0
1480509285406680647,165,1480509285401960396,,0,0,46.5185089111,6.56636047363,2.77602830977e-40,1.0,0.0,0.0,0.0,1.0,0.0,0.0,0.0,1.0,0
1480509285606321923,166,1480509285602227452,,0,0,46.5185165405,6.5663599968,2.77602830977e-40,1.0,0.0,0.0,0.0,1.0,0.0,0.0,0.0,1.0,0
1480509285798176964,167,1480509285795019418,,0,0,46.5185279846,6.56636095047,2.77602830977e-40,1.0,0.0,0.0,0.0,1.0,0.0,0.0,0.0,1.0,0
1480509286009428269,168,1480509286007560877,,0,0,46.518535614,6.56636142731,2.77602830977e-40,1.0,0.0,0.0,0.0,1.0,0.0,0.0,0.0,1.0,0
1480509286204079711,169,1480509286198948419,,0,0,46.5185432434,6.56636190414,2.77602830977e-40,1.0,0.0,0.0,0.0,1.0,0.0,0.0,0.0,1.0,0
1480509286407497802,170,1480509286403726976,,0,0,46.5185508728,6.56636333466,2.77602830977e-40,1.0,0.0,0.0,0.0,1.0,0.0,0.0,0.0,1.0,0
1480509286627566799,171,1480509286623888681,,0,0,46.5185585022,6.56636476517,2.77602830977e-40,1.0,0.0,0.0,0.0,1.0,0.0,0.0,0.0,1.0,0
1480509286806788115,172,1480509286804095412,,0,0,46.5185699463,6.56636571884,2.77602830977e-40,1.0,0.0,0.0,0.0,1.0,0.0,0.0,0.0,1.0,0
1480509286998609041,173,1480509286996232744,,0,0,46.5185775757,6.56636857986,2.77602830977e-40,1.0,0.0,0.0,0.0,1.0,0.0,0.0,0.0,1.0,0
1480509287222408134,174,1480509287219710640,,0,0,46.5185890198,6.56637001038,2.77602830977e-40,1.0,0.0,0.0,0.0,1.0,0.0,0.0,0.0,1.0,0
1480509287413816197,175,1480509287411290108,,0,0,46.5185966492,6.56637191772,2.77602830977e-40,1.0,0.0,0.0,0.0,1.0,0.0,0.0,0.0,1.0,0
1480509287623172194,176,1480509287619791784,,0,0,46.5186042786,6.56637334824,2.77602830977e-40,1.0,0.0,0.0,0.0,1.0,0.0,0.0,0.0,1.0,0
1480509287824068207,177,1480509287820605245,,0,0,46.5186157227,6.56637430191,2.77602830977e-40,1.0,0.0,0.0,0.0,1.0,0.0,0.0,0.0,1.0,0
1480509288025805416,178,1480509288022808964,,0,0,46.5186233521,6.56637430191,2.77602830977e-40,1.0,0.0,0.0,0.0,1.0,0.0,0.0,0.0,1.0,0
1480509288217221031,179,1480509288215379212,,0,0,46.5186309814,6.5663728714,2.77602830977e-40,1.0,0.0,0.0,0.0,1.0,0.0,0.0,0.0,1.0,0
1480509288535775980,180,1480509288533818797,,0,0,46.5186424255,6.56636857986,2.77602830977e-40,1.0,0.0,0.0,0.0,1.0,0.0,0.0,0.0,1.0,0
1480509289448345705,181,1480509289445851439,,0,0,46.5186538696,6.56635808945,2.77602830977e-40,1.0,0.0,0.0,0.0,1.0,0.0,0.0,0.0,1.0,0
1480509290305734755,182,1480509290301641482,,0,0,46.5186729431,6.56630849838,2.77602830977e-40,1.0,0.0,0.0,0.0,1.0,0.0,0.0,0.0,1.0,0
1480509291099817837,183,1480509291097483414,,0,0,46.5186767578,6.5662484169,2.77602830977e-40,1.0,0.0,0.0,0.0,1.0,0.0,0.0,0.0,1.0,0
1480509291755397855,184,1480509291752312497,,0,0,46.5186576843,6.56620121002,2.77602830977e-40,1.0,0.0,0.0,0.0,1.0,0.0,0.0,0.0,1.0,0
1480509292414744429,185,1480509292410961520,,0,0,46.5186347961,6.56617593765,2.77602830977e-40,1.0,0.0,0.0,0.0,1.0,0.0,0.0,0.0,1.0,0
1480509292959299666,186,1480509292956926233,,0,0,46.5186004639,6.56616306305,2.77602830977e-40,1.0,0.0,0.0,0.0,1.0,0.0,0.0,0.0,1.0,0
1480509293419705379,187,1480509293416961582,,0,0,46.5185775757,6.56616544724,2.77602830977e-40,1.0,0.0,0.0,0.0,1.0,0.0,0.0,0.0,1.0,0
1480509293912642643,188,1480509293909191348,,0,0,46.5185585022,6.56617832184,2.77602830977e-40,1.0,0.0,0.0,0.0,1.0,0.0,0.0,0.0,1.0,0
1480509294434348341,189,1480509294430875639,,0,0,46.5185394287,6.5662021637,2.77602830977e-40,1.0,0.0,0.0,0.0,1.0,0.0,0.0,0.0,1.0,0
1480509294933861478,190,1480509294930176797,,0,0,46.5185317993,6.56623220444,2.77602830977e-40,1.0,0.0,0.0,0.0,1.0,0.0,0.0,0.0,1.0,0
1480509295394671305,191,1480509295391587040,,0,0,46.5185317993,6.56626415253,2.77602830977e-40,1.0,0.0,0.0,0.0,1.0,0.0,0.0,0.0,1.0,0
1480509295796482966,192,1480509295790964071,,0,0,46.5185432434,6.56629323959,2.77602830977e-40,1.0,0.0,0.0,0.0,1.0,0.0,0.0,0.0,1.0,0
1480509296192569795,193,1480509296189265948,,0,0,46.5185546875,6.5663151741,2.77602830977e-40,1.0,0.0,0.0,0.0,1.0,0.0,0.0,0.0,1.0,0
1480509296669993965,194,1480509296666836784,,0,0,46.5185623169,6.56633710861,2.77602830977e-40,1.0,0.0,0.0,0.0,1.0,0.0,0.0,0.0,1.0,0
1480509297296299406,195,1480509297289554888,,0,0,46.5185699463,6.56636714935,2.77602830977e-40,1.0,0.0,0.0,0.0,1.0,0.0,0.0,0.0,1.0,0
1480509297941116998,196,1480509297938922471,,0,0,46.5185661316,6.56640481949,2.77602830977e-40,1.0,0.0,0.0,0.0,1.0,0.0,0.0,0.0,1.0,0
1480509298095006280,197,1480509298089872748,,0,0,46.5185546875,6.56643915176,2.77602830977e-40,1.0,0.0,0.0,0.0,1.0,0.0,0.0,0.0,1.0,0
1480509298315495275,198,1480509298310430389,,0,0,46.5185508728,6.56644916534,2.77602830977e-40,1.0,0.0,0.0,0.0,1.0,0.0,0.0,0.0,1.0,0
1480509298530925114,199,1480509298528447671,,0,0,46.5185432434,6.56645774841,2.77602830977e-40,1.0,0.0,0.0,0.0,1.0,0.0,0.0,0.0,1.0,0
1480509298713228143,200,1480509298710682523,,0,0,46.518535614,6.56646585464,2.77602830977e-40,1.0,0.0,0.0,0.0,1.0,0.0,0.0,0.0,1.0,0
1480509298915400976,201,1480509298911570359,,0,0,46.5185279846,6.56647205353,2.77602830977e-40,1.0,0.0,0.0,0.0,1.0,0.0,0.0,0.0,1.0,0
1480509299176672913,202,1480509299174504167,,0,0,46.5185203552,6.56647729874,2.77602830977e-40,1.0,0.0,0.0,0.0,1.0,0.0,0.0,0.0,1.0,0
1480509299512246631,203,1480509299508927887,,0,0,46.5185050964,6.56648159027,2.77602830977e-40,1.0,0.0,0.0,0.0,1.0,0.0,0.0,0.0,1.0,0
1480509300056405201,204,1480509300052691042,,0,0,46.5184936523,6.56648302078,2.77602830977e-40,1.0,0.0,0.0,0.0,1.0,0.0,0.0,0.0,1.0,0
1480509300740335425,205,1480509300737735482,,0,0,46.5184707642,6.56647872925,2.77602830977e-40,1.0,0.0,0.0,0.0,1.0,0.0,0.0,0.0,1.0,0
1480509301281766396,206,1480509301279202860,,0,0,46.5184402466,6.56647062302,2.77602830977e-40,1.0,0.0,0.0,0.0,1.0,0.0,0.0,0.0,1.0,0
1480509302049873382,207,1480509302047813438,,0,0,46.5183486938,6.56649923325,2.77602830977e-40,1.0,0.0,0.0,0.0,1.0,0.0,0.0,0.0,1.0,0
1480509302796568483,208,1480509302793654687,,0,0,46.518321991,6.56647253036,2.77602830977e-40,1.0,0.0,0.0,0.0,1.0,0.0,0.0,0.0,1.0,0
1480509303580908094,209,1480509303578471380,,0,0,46.5182991028,6.56644392014,2.77602830977e-40,1.0,0.0,0.0,0.0,1.0,0.0,0.0,0.0,1.0,0
1480509304470429634,210,1480509304465538967,,0,0,46.5183067322,6.56636857986,2.77602830977e-40,1.0,0.0,0.0,0.0,1.0,0.0,0.0,0.0,1.0,0
1480509305392370902,211,1480509305389442939,,0,0,46.5183029175,6.56631660461,2.77602830977e-40,1.0,0.0,0.0,0.0,1.0,0.0,0.0,0.0,1.0,0
1480509306250256150,212,1480509306248210061,,0,0,46.5183563232,6.56624889374,2.77602830977e-40,1.0,0.0,0.0,0.0,1.0,0.0,0.0,0.0,1.0,0
1480509306637817683,213,1480509306635403678,,0,0,46.5183792114,6.56625366211,2.77602830977e-40,1.0,0.0,0.0,0.0,1.0,0.0,0.0,0.0,1.0,0
1480509306900042899,214,1480509306897258842,,0,0,46.5183982849,6.56625747681,2.77602830977e-40,1.0,0.0,0.0,0.0,1.0,0.0,0.0,0.0,1.0,0
1480509307219478211,215,1480509307215197439,,0,0,46.518409729,6.56626319885,2.77602830977e-40,1.0,0.0,0.0,0.0,1.0,0.0,0.0,0.0,1.0,0
1480509307517318722,216,1480509307515217685,,0,0,46.5184211731,6.56626272202,2.77602830977e-40,1.0,0.0,0.0,0.0,1.0,0.0,0.0,0.0,1.0,0
1480509307763272980,217,1480509307759667467,,0,0,46.5184440613,6.5662612915,2.77602830977e-40,1.0,0.0,0.0,0.0,1.0,0.0,0.0,0.0,1.0,0
1480509308031757142,218,1480509308017604826,,0,0,46.5184745789,6.5662522316,2.77602830977e-40,1.0,0.0,0.0,0.0,1.0,0.0,0.0,0.0,1.0,0
1480509308233891747,219,1480509308229892952,,0,0,46.5184745789,6.56625699997,2.77602830977e-40,1.0,0.0,0.0,0.0,1.0,0.0,0.0,0.0,1.0,0
1480509308457624017,220,1480509308455757302,,0,0,46.5185089111,6.56623983383,2.77602830977e-40,1.0,0.0,0.0,0.0,1.0,0.0,0.0,0.0,1.0,0
1480509308826539962,221,1480509308824110591,,0,0,46.5184936523,6.56624507904,2.77602830977e-40,1.0,0.0,0.0,0.0,1.0,0.0,0.0,0.0,1.0,0
1480509309167503565,222,1480509309164141697,,0,0,46.5184898376,6.56626749039,2.77602830977e-40,1.0,0.0,0.0,0.0,1.0,0.0,0.0,0.0,1.0,0
1480509309752624503,223,1480509309748201908,,0,0,46.5185089111,6.5662856102,2.77602830977e-40,1.0,0.0,0.0,0.0,1.0,0.0,0.0,0.0,1.0,0
1480509310178225128,224,1480509310175239041,,0,0,46.5185508728,6.56629562378,2.77602830977e-40,1.0,0.0,0.0,0.0,1.0,0.0,0.0,0.0,1.0,0
1480509310588213753,225,1480509310585239123,,0,0,46.5185394287,6.56632232666,2.77602830977e-40,1.0,0.0,0.0,0.0,1.0,0.0,0.0,0.0,1.0,0
1480509311004321220,226,1480509310998587846,,0,0,46.5185089111,6.56635522842,2.77602830977e-40,1.0,0.0,0.0,0.0,1.0,0.0,0.0,0.0,1.0,0
1480509311415336978,227,1480509311411674225,,0,0,46.5185470581,6.56637954712,2.77602830977e-40,1.0,0.0,0.0,0.0,1.0,0.0,0.0,0.0,1.0,0
1480509311730394434,228,1480509311727220794,,0,0,46.5185241699,6.56641197205,2.77602830977e-40,1.0,0.0,0.0,0.0,1.0,0.0,0.0,0.0,1.0,0
1480509311872267229,229,1480509311868558955,,0,0,46.5185203552,6.56642580032,2.77602830977e-40,1.0,0.0,0.0,0.0,1.0,0.0,0.0,0.0,1.0,0
1480509312166742226,230,1480509312163333118,,0,0,46.5185089111,6.56643199921,2.77602830977e-40,1.0,0.0,0.0,0.0,1.0,0.0,0.0,0.0,1.0,0
1480509312400415414,231,1480509312398303700,,0,0,46.518497467,6.56644582748,2.77602830977e-40,1.0,0.0,0.0,0.0,1.0,0.0,0.0,0.0,1.0,0
1480509312595563626,232,1480509312592702902,,0,0,46.5184860229,6.5664601326,2.77602830977e-40,1.0,0.0,0.0,0.0,1.0,0.0,0.0,0.0,1.0,0
1480509312792292147,233,1480509312788090124,,0,0,46.5184822083,6.5664563179,2.77602830977e-40,1.0,0.0,0.0,0.0,1.0,0.0,0.0,0.0,1.0,0
1480509313181901176,234,1480509313179450139,,0,0,46.5184822083,6.56644821167,2.77602830977e-40,1.0,0.0,0.0,0.0,1.0,0.0,0.0,0.0,1.0,0
1480509313659391908,235,1480509313657111861,,0,0,46.5184631348,6.5664525032,2.77602830977e-40,1.0,0.0,0.0,0.0,1.0,0.0,0.0,0.0,1.0,0
1480509314277784708,236,1480509314274102528,,0,0,46.5184364319,6.5664358139,2.77602830977e-40,1.0,0.0,0.0,0.0,1.0,0.0,0.0,0.0,1.0,0
1480509314844803390,237,1480509314842132979,,0,0,46.5184249878,6.56640148163,2.77602830977e-40,1.0,0.0,0.0,0.0,1.0,0.0,0.0,0.0,1.0,0
1480509315264061528,238,1480509315262384500,,0,0,46.518409729,6.56635665894,2.77602830977e-40,1.0,0.0,0.0,0.0,1.0,0.0,0.0,0.0,1.0,0
1480509315839198058,239,1480509315833843485,,0,0,46.5184020996,6.56633615494,2.77602830977e-40,1.0,0.0,0.0,0.0,1.0,0.0,0.0,0.0,1.0,0
1480509316445492965,240,1480509316441877399,,0,0,46.5184135437,6.56630563736,2.77602830977e-40,1.0,0.0,0.0,0.0,1.0,0.0,0.0,0.0,1.0,0
1480509316772807168,241,1480509316769946288,,0,0,46.5184211731,6.5662612915,2.77602830977e-40,1.0,0.0,0.0,0.0,1.0,0.0,0.0,0.0,1.0,0
1480509317100411579,242,1480509317097638199,,0,0,46.5183753967,6.56627178192,2.77602830977e-40,1.0,0.0,0.0,0.0,1.0,0.0,0.0,0.0,1.0,0
1480509317386050760,243,1480509317382939151,,0,0,46.5183906555,6.56622123718,2.77602830977e-40,1.0,0.0,0.0,0.0,1.0,0.0,0.0,0.0,1.0,0
1480509317728100611,244,1480509317724921294,,0,0,46.5183792114,6.56620931625,2.77602830977e-40,1.0,0.0,0.0,0.0,1.0,0.0,0.0,0.0,1.0,0
1480509318037829432,245,1480509318033943762,,0,0,46.5183601379,6.56620836258,2.77602830977e-40,1.0,0.0,0.0,0.0,1.0,0.0,0.0,0.0,1.0,0
1480509318198835158,246,1480509318195687039,,0,0,46.5183601379,6.5661945343,2.77602830977e-40,1.0,0.0,0.0,0.0,1.0,0.0,0.0,0.0,1.0,0
1480509318393838214,247,1480509318391095876,,0,0,46.5183486938,6.56619882584,2.77602830977e-40,1.0,0.0,0.0,0.0,1.0,0.0,0.0,0.0,1.0,0
1480509318587857678,248,1480509318585078100,,0,0,46.5183410645,6.56621217728,2.77602830977e-40,1.0,0.0,0.0,0.0,1.0,0.0,0.0,0.0,1.0,0
1480509318779095012,249,1480509318777011943,,0,0,46.5183372498,6.56619501114,2.77602830977e-40,1.0,0.0,0.0,0.0,1.0,0.0,0.0,0.0,1.0,0
1480509318994465007,250,1480509318992154387,,0,0,46.5183334351,6.56622934341,2.77602830977e-40,1.0,0.0,0.0,0.0,1.0,0.0,0.0,0.0,1.0,0
1480509319188915825,251,1480509319185913643,,0,0,46.5183181763,6.56623125076,2.77602830977e-40,1.0,0.0,0.0,0.0,1.0,0.0,0.0,0.0,1.0,0
1480509319388868246,252,1480509319382923414,,0,0,46.5183105469,6.56623125076,2.77602830977e-40,1.0,0.0,0.0,0.0,1.0,0.0,0.0,0.0,1.0,0
1480509319663055886,253,1480509319659832663,,0,0,46.5183258057,6.56626033783,2.77602830977e-40,1.0,0.0,0.0,0.0,1.0,0.0,0.0,0.0,1.0,0
1480509320004285999,254,1480509320002010483,,0,0,46.5183258057,6.56626796722,2.77602830977e-40,1.0,0.0,0.0,0.0,1.0,0.0,0.0,0.0,1.0,0
1480509320409162134,255,1480509320405930005,,0,0,46.5183143616,6.56627035141,2.77602830977e-40,1.0,0.0,0.0,0.0,1.0,0.0,0.0,0.0,1.0,0
1480509320897951802,256,1480509320895455505,,0,0,46.5183296204,6.56630897522,2.77602830977e-40,1.0,0.0,0.0,0.0,1.0,0.0,0.0,0.0,1.0,0
1480509321485463100,257,1480509321482786699,,0,0,46.5183181763,6.56632518768,2.77602830977e-40,1.0,0.0,0.0,0.0,1.0,0.0,0.0,0.0,1.0,0
1480509322064365300,258,1480509322059532341,,0,0,46.5183334351,6.56635379791,2.77602830977e-40,1.0,0.0,0.0,0.0,1.0,0.0,0.0,0.0,1.0,0
1480509322733182325,259,1480509322730345455,,0,0,46.5183639526,6.56636619568,2.77602830977e-40,1.0,0.0,0.0,0.0,1.0,0.0,0.0,0.0,1.0,0
1480509323339976241,260,1480509323336503644,,0,0,46.5184059143,6.56638813019,2.77602830977e-40,1.0,0.0,0.0,0.0,1.0,0.0,0.0,0.0,1.0,0
1480509323832941214,261,1480509323829589293,,0,0,46.5184173584,6.56636142731,2.77602830977e-40,1.0,0.0,0.0,0.0,1.0,0.0,0.0,0.0,1.0,0
1480509324221527380,262,1480509324216061401,,0,0,46.5184288025,6.56633615494,2.77602830977e-40,1.0,0.0,0.0,0.0,1.0,0.0,0.0,0.0,1.0,0
1480509324716351984,263,1480509324710320590,,0,0,46.5184516907,6.56631946564,2.77602830977e-40,1.0,0.0,0.0,0.0,1.0,0.0,0.0,0.0,1.0,0
1480509325127421961,264,1480509325125043320,,0,0,46.5184669495,6.56628274918,2.77602830977e-40,1.0,0.0,0.0,0.0,1.0,0.0,0.0,0.0,1.0,0
1480509325469220198,265,1480509325464051927,,0,0,46.5184707642,6.56627893448,2.77602830977e-40,1.0,0.0,0.0,0.0,1.0,0.0,0.0,0.0,1.0,0
1480509325904409399,266,1480509325900221282,,0,0,46.5184822083,6.5662560463,2.77602830977e-40,1.0,0.0,0.0,0.0,1.0,0.0,0.0,0.0,1.0,0
1480509326415545794,267,1480509326413646996,,0,0,46.5184822083,6.56623744965,2.77602830977e-40,1.0,0.0,0.0,0.0,1.0,0.0,0.0,0.0,1.0,0
1480509326622291952,268,1480509326619605447,,0,0,46.5185089111,6.56620740891,2.77602830977e-40,1.0,0.0,0.0,0.0,1.0,0.0,0.0,0.0,1.0,0
1480509326797620098,269,1480509326795282915,,0,0,46.5185012817,6.56620073318,2.77602830977e-40,1.0,0.0,0.0,0.0,1.0,0.0,0.0,0.0,1.0,0
1480509326985563428,270,1480509326981686925,,0,0,46.5184898376,6.56621646881,2.77602830977e-40,1.0,0.0,0.0,0.0,1.0,0.0,0.0,0.0,1.0,0
1480509327209449240,271,1480509327206088205,,0,0,46.5185317993,6.56620407104,2.77602830977e-40,1.0,0.0,0.0,0.0,1.0,0.0,0.0,0.0,1.0,0
1480509327401010115,272,1480509327398868557,,0,0,46.5185508728,6.56618213654,2.77602830977e-40,1.0,0.0,0.0,0.0,1.0,0.0,0.0,0.0,1.0,0
1480509327615572351,273,1480509327613211158,,0,0,46.5185470581,6.56617879868,2.77602830977e-40,1.0,0.0,0.0,0.0,1.0,0.0,0.0,0.0,1.0,0
1480509327799268867,274,1480509327797161423,,0,0,46.5185661316,6.56619405746,2.77602830977e-40,1.0,0.0,0.0,0.0,1.0,0.0,0.0,0.0,1.0,0
1480509328193017575,275,1480509328190871954,,0,0,46.5185661316,6.5661907196,2.77602830977e-40,1.0,0.0,0.0,0.0,1.0,0.0,0.0,0.0,1.0,0
1480509328766634734,276,1480509328764523279,,0,0,46.5186004639,6.56619215012,2.77602830977e-40,1.0,0.0,0.0,0.0,1.0,0.0,0.0,0.0,1.0,0
1480509329476631521,277,1480509329475122566,,0,0,46.5186309814,6.56621217728,2.77602830977e-40,1.0,0.0,0.0,0.0,1.0,0.0,0.0,0.0,1.0,0
1480509329981432356,278,1480509329979273089,,0,0,46.5186424255,6.56624984741,2.77602830977e-40,1.0,0.0,0.0,0.0,1.0,0.0,0.0,0.0,1.0,0
1480509330516386152,279,1480509330513591679,,0,0,46.5186500549,6.56628131866,2.77602830977e-40,1.0,0.0,0.0,0.0,1.0,0.0,0.0,0.0,1.0,0
1480509330994171623,280,1480509330991129911,,0,0,46.5186386108,6.5663228035,2.77602830977e-40,1.0,0.0,0.0,0.0,1.0,0.0,0.0,0.0,1.0,0
1480509331547788509,281,1480509331544937264,,0,0,46.5186233521,6.56634473801,2.77602830977e-40,1.0,0.0,0.0,0.0,1.0,0.0,0.0,0.0,1.0,0
1480509332269206003,282,1480509332266908195,,0,0,46.5186386108,6.56631612778,2.77602830977e-40,1.0,0.0,0.0,0.0,1.0,0.0,0.0,0.0,1.0,0
1480509332634827370,283,1480509332631342013,,0,0,46.5186004639,6.56635570526,2.77602830977e-40,1.0,0.0,0.0,0.0,1.0,0.0,0.0,0.0,1.0,0
1480509332940223700,284,1480509332937104539,,0,0,46.5185699463,6.56640052795,2.77602830977e-40,1.0,0.0,0.0,0.0,1.0,0.0,0.0,0.0,1.0,0
1480509333267601913,285,1480509333265473219,,0,0,46.5185508728,6.56638622284,2.77602830977e-40,1.0,0.0,0.0,0.0,1.0,0.0,0.0,0.0,1.0,0
1480509333673334296,286,1480509333669892688,,0,0,46.5185394287,6.5663561821,2.77602830977e-40,1.0,0.0,0.0,0.0,1.0,0.0,0.0,0.0,1.0,0
1480509334157338557,287,1480509334152655077,,0,0,46.5185279846,6.56638145447,2.77602830977e-40,1.0,0.0,0.0,0.0,1.0,0.0,0.0,0.0,1.0,0
1480509334538620519,288,1480509334534819537,,0,0,46.5185203552,6.56634521484,2.77602830977e-40,1.0,0.0,0.0,0.0,1.0,0.0,0.0,0.0,1.0,0
1480509334991473018,289,1480509334988728180,,0,0,46.5185012817,6.56630420685,2.77602830977e-40,1.0,0.0,0.0,0.0,1.0,0.0,0.0,0.0,1.0,0
1480509335467092243,290,1480509335461006109,,0,0,46.5184822083,6.56628608704,2.77602830977e-40,1.0,0.0,0.0,0.0,1.0,0.0,0.0,0.0,1.0,0
1480509335891283861,291,1480509335889117407,,0,0,46.5184745789,6.56626653671,2.77602830977e-40,1.0,0.0,0.0,0.0,1.0,0.0,0.0,0.0,1.0,0
1480509336188736664,292,1480509336184248444,,0,0,46.5184669495,6.5662355423,2.77602830977e-40,1.0,0.0,0.0,0.0,1.0,0.0,0.0,0.0,1.0,0
1480509336514606912,293,1480509336510230358,,0,0,46.5184631348,6.56620740891,2.77602830977e-40,1.0,0.0,0.0,0.0,1.0,0.0,0.0,0.0,1.0,0
1480509336671079939,294,1480509336664432608,,0,0,46.5184783936,6.5661907196,2.77602830977e-40,1.0,0.0,0.0,0.0,1.0,0.0,0.0,0.0,1.0,0
1480509336881244892,295,1480509336878661355,,0,0,46.5184555054,6.5661854744,2.77602830977e-40,1.0,0.0,0.0,0.0,1.0,0.0,0.0,0.0,1.0,0
1480509337077972996,296,1480509337074923107,,0,0,46.5184211731,6.56617927551,2.77602830977e-40,1.0,0.0,0.0,0.0,1.0,0.0,0.0,0.0,1.0,0
1480509337283538167,297,1480509337280637704,,0,0,46.5184020996,6.56617879868,2.77602830977e-40,1.0,0.0,0.0,0.0,1.0,0.0,0.0,0.0,1.0,0
1480509337487804121,298,1480509337484677148,,0,0,46.5183906555,6.56616449356,2.77602830977e-40,1.0,0.0,0.0,0.0,1.0,0.0,0.0,0.0,1.0,0
1480509337688601280,299,1480509337678076041,,0,0,46.5184364319,6.56616163254,2.77602830977e-40,1.0,0.0,0.0,0.0,1.0,0.0,0.0,0.0,1.0,0
1480509338027061972,300,1480509338024355467,,0,0,46.5183982849,6.56615972519,2.77602830977e-40,1.0,0.0,0.0,0.0,1.0,0.0,0.0,0.0,1.0,0
1480509338316626457,301,1480509338311429436,,0,0,46.5183792114,6.5661649704,2.77602830977e-40,1.0,0.0,0.0,0.0,1.0,0.0,0.0,0.0,1.0,0
1480509338697037275,302,1480509338693387699,,0,0,46.5183639526,6.56617164612,2.77602830977e-40,1.0,0.0,0.0,0.0,1.0,0.0,0.0,0.0,1.0,0
1480509339226560405,303,1480509339222653330,,0,0,46.5183601379,6.56619548798,2.77602830977e-40,1.0,0.0,0.0,0.0,1.0,0.0,0.0,0.0,1.0,0
1480509339694839489,304,1480509339692629649,,0,0,46.5183372498,6.56622695923,2.77602830977e-40,1.0,0.0,0.0,0.0,1.0,0.0,0.0,0.0,1.0,0
1480509340134897742,305,1480509340132691132,,0,0,46.518321991,6.56625509262,2.77602830977e-40,1.0,0.0,0.0,0.0,1.0,0.0,0.0,0.0,1.0,0
1480509340474024995,306,1480509340472132967,,0,0,46.5183296204,6.56628274918,2.77602830977e-40,1.0,0.0,0.0,0.0,1.0,0.0,0.0,0.0,1.0,0
1480509340974782296,307,1480509340972456207,,0,0,46.5183296204,6.56630754471,2.77602830977e-40,1.0,0.0,0.0,0.0,1.0,0.0,0.0,0.0,1.0,0
1480509341307051646,308,1480509341304519411,,0,0,46.5183296204,6.5663356781,2.77602830977e-40,1.0,0.0,0.0,0.0,1.0,0.0,0.0,0.0,1.0,0
1480509341541610041,309,1480509341538894317,,0,0,46.5183601379,6.56629180908,2.77602830977e-40,1.0,0.0,0.0,0.0,1.0,0.0,0.0,0.0,1.0,0
1480509341812661437,310,1480509341808645456,,0,0,46.5183410645,6.56637096405,2.77602830977e-40,1.0,0.0,0.0,0.0,1.0,0.0,0.0,0.0,1.0,0
1480509342151290358,311,1480509342149155518,,0,0,46.5183448792,6.56635570526,2.77602830977e-40,1.0,0.0,0.0,0.0,1.0,0.0,0.0,0.0,1.0,0
1480509342490707141,312,1480509342488580843,,0,0,46.5183906555,6.56639575958,2.77602830977e-40,1.0,0.0,0.0,0.0,1.0,0.0,0.0,0.0,1.0,0
1480509342810271412,313,1480509342807001887,,0,0,46.5183830261,6.56637716293,2.77602830977e-40,1.0,0.0,0.0,0.0,1.0,0.0,0.0,0.0,1.0,0
1480509343105300834,314,1480509343101419488,,0,0,46.5183944702,6.5664024353,2.77602830977e-40,1.0,0.0,0.0,0.0,1.0,0.0,0.0,0.0,1.0,0
1480509343419040689,315,1480509343416969339,,0,0,46.5183906555,6.56639909744,2.77602830977e-40,1.0,0.0,0.0,0.0,1.0,0.0,0.0,0.0,1.0,0
1480509343691011771,316,1480509343680804499,,0,0,46.5184173584,6.56636714935,2.77602830977e-40,1.0,0.0,0.0,0.0,1.0,0.0,0.0,0.0,1.0,0
1480509344013662910,317,1480509344010697135,,0,0,46.518447876,6.56639385223,2.77602830977e-40,1.0,0.0,0.0,0.0,1.0,0.0,0.0,0.0,1.0,0
1480509344279459057,318,1480509344276524115,,0,0,46.518447876,6.56638717651,2.77602830977e-40,1.0,0.0,0.0,0.0,1.0,0.0,0.0,0.0,1.0,0
1480509344594441201,319,1480509344591575425,,0,0,46.5184364319,6.56638145447,2.77602830977e-40,1.0,0.0,0.0,0.0,1.0,0.0,0.0,0.0,1.0,0
1480509344900918882,320,1480509344898953157,,0,0,46.5184326172,6.5663485527,2.77602830977e-40,1.0,0.0,0.0,0.0,1.0,0.0,0.0,0.0,1.0,0
1480509345240937644,321,1480509345238641398,,0,0,46.518447876,6.56632709503,2.77602830977e-40,1.0,0.0,0.0,0.0,1.0,0.0,0.0,0.0,1.0,0
1480509345667742016,322,1480509345662458173,,0,0,46.518447876,6.56629514694,2.77602830977e-40,1.0,0.0,0.0,0.0,1.0,0.0,0.0,0.0,1.0,0
1480509346207655126,323,1480509346205858359,,0,0,46.5184440613,6.56627178192,2.77602830977e-40,1.0,0.0,0.0,0.0,1.0,0.0,0.0,0.0,1.0,0
1480509346604503881,324,1480509346600953836,,0,0,46.5184822083,6.56625509262,2.77602830977e-40,1.0,0.0,0.0,0.0,1.0,0.0,0.0,0.0,1.0,0
1480509347125369268,325,1480509347123320053,,0,0,46.5184822083,6.56622076035,2.77602830977e-40,1.0,0.0,0.0,0.0,1.0,0.0,0.0,0.0,1.0,0
1480509347534690706,326,1480509347531877222,,0,0,46.5185050964,6.56618928909,2.77602830977e-40,1.0,0.0,0.0,0.0,1.0,0.0,0.0,0.0,1.0,0
1480509347813160005,327,1480509347810298396,,0,0,46.5185203552,6.56618738174,2.77602830977e-40,1.0,0.0,0.0,0.0,1.0,0.0,0.0,0.0,1.0,0
1480509348211348444,328,1480509348209097198,,0,0,46.518535614,6.56617498398,2.77602830977e-40,1.0,0.0,0.0,0.0,1.0,0.0,0.0,0.0,1.0,0
1480509348535820205,329,1480509348533232137,,0,0,46.5185546875,6.56617259979,2.77602830977e-40,1.0,0.0,0.0,0.0,1.0,0.0,0.0,0.0,1.0,0
1480509348837486020,330,1480509348834762484,,0,0,46.5185813904,6.56618785858,2.77602830977e-40,1.0,0.0,0.0,0.0,1.0,0.0,0.0,0.0,1.0,0
1480509349128496492,331,1480509349124312699,,0,0,46.5185928345,6.56619310379,2.77602830977e-40,1.0,0.0,0.0,0.0,1.0,0.0,0.0,0.0,1.0,0
1480509349474497742,332,1480509349472269518,,0,0,46.5186080933,6.56620407104,2.77602830977e-40,1.0,0.0,0.0,0.0,1.0,0.0,0.0,0.0,1.0,0
1480509349870990352,333,1480509349867687858,,0,0,46.5186233521,6.56621694565,2.77602830977e-40,1.0,0.0,0.0,0.0,1.0,0.0,0.0,0.0,1.0,0
1480509350235785575,334,1480509350231354386,,0,0,46.5186347961,6.56623601913,2.77602830977e-40,1.0,0.0,0.0,0.0,1.0,0.0,0.0,0.0,1.0,0
1480509350473066256,335,1480509350469186681,,0,0,46.5186347961,6.56625795364,2.77602830977e-40,1.0,0.0,0.0,0.0,1.0,0.0,0.0,0.0,1.0,0
1480509350678177886,336,1480509350674234352,,0,0,46.5186386108,6.56627893448,2.77602830977e-40,1.0,0.0,0.0,0.0,1.0,0.0,0.0,0.0,1.0,0
1480509350884419774,337,1480509350880392074,,0,0,46.5186347961,6.56629228592,2.77602830977e-40,1.0,0.0,0.0,0.0,1.0,0.0,0.0,0.0,1.0,0
1480509351091717910,338,1480509351086803180,,0,0,46.5186309814,6.56630373001,2.77602830977e-40,1.0,0.0,0.0,0.0,1.0,0.0,0.0,0.0,1.0,0
1480509351294423972,339,1480509351292220903,,0,0,46.5186271667,6.56631755829,2.77602830977e-40,1.0,0.0,0.0,0.0,1.0,0.0,0.0,0.0,1.0,0
1480509351496843263,340,1480509351494475663,,0,0,46.5186271667,6.56633043289,2.77602830977e-40,1.0,0.0,0.0,0.0,1.0,0.0,0.0,0.0,1.0,0
1480509351690716738,341,1480509351688352315,,0,0,46.5186233521,6.56634187698,2.77602830977e-40,1.0,0.0,0.0,0.0,1.0,0.0,0.0,0.0,1.0,0
1480509351886047710,342,1480509351880880428,,0,0,46.5186157227,6.56635475159,2.77602830977e-40,1.0,0.0,0.0,0.0,1.0,0.0,0.0,0.0,1.0,0
1480509352224015902,343,1480509352219963306,,0,0,46.518611908,6.56636476517,2.77602830977e-40,1.0,0.0,0.0,0.0,1.0,0.0,0.0,0.0,1.0,0
1480509352541038719,344,1480509352538352422,,0,0,46.5186004639,6.56638050079,2.77602830977e-40,1.0,0.0,0.0,0.0,1.0,0.0,0.0,0.0,1.0,0
1480509352849037231,345,1480509352846371351,,0,0,46.5185852051,6.56639003754,2.77602830977e-40,1.0,0.0,0.0,0.0,1.0,0.0,0.0,0.0,1.0,0
1480509353278456494,346,1480509353275774937,,0,0,46.5185661316,6.56640386581,2.77602830977e-40,1.0,0.0,0.0,0.0,1.0,0.0,0.0,0.0,1.0,0
1480509353705790971,347,1480509353701255823,,0,0,46.5185508728,6.56641626358,2.77602830977e-40,1.0,0.0,0.0,0.0,1.0,0.0,0.0,0.0,1.0,0
1480509354169734750,348,1480509354163910386,,0,0,46.5185317993,6.5664305687,2.77602830977e-40,1.0,0.0,0.0,0.0,1.0,0.0,0.0,0.0,1.0,0
1480509354675998394,349,1480509354672760797,,0,0,46.5185089111,6.56644487381,2.77602830977e-40,1.0,0.0,0.0,0.0,1.0,0.0,0.0,0.0,1.0,0
1480509354793181030,350,1480509354790467024,,0,0,46.5184936523,6.5664601326,2.77602830977e-40,1.0,0.0,0.0,0.0,1.0,0.0,0.0,0.0,1.0,0
1480509354996104070,351,1480509354993584023,,0,0,46.5184860229,6.56646776199,2.77602830977e-40,1.0,0.0,0.0,0.0,1.0,0.0,0.0,0.0,1.0,0
1480509355198669923,352,1480509355196445188,,0,0,46.5184745789,6.56647396088,2.77602830977e-40,1.0,0.0,0.0,0.0,1.0,0.0,0.0,0.0,1.0,0
1480509355401607182,353,1480509355397785523,,0,0,46.5184669495,6.56648111343,2.77602830977e-40,1.0,0.0,0.0,0.0,1.0,0.0,0.0,0.0,1.0,0
1480509355614315776,354,1480509355609718754,,0,0,46.5184555054,6.56648731232,2.77602830977e-40,1.0,0.0,0.0,0.0,1.0,0.0,0.0,0.0,1.0,0
1480509355797574532,355,1480509355795310526,,0,0,46.518447876,6.56649637222,2.77602830977e-40,1.0,0.0,0.0,0.0,1.0,0.0,0.0,0.0,1.0,0
1480509355984970363,356,1480509355979412406,,0,0,46.5184402466,6.56650543213,2.77602830977e-40,1.0,0.0,0.0,0.0,1.0,0.0,0.0,0.0,1.0,0
1480509356209915704,357,1480509356197920832,,0,0,46.5184326172,6.5665140152,2.77602830977e-40,1.0,0.0,0.0,0.0,1.0,0.0,0.0,0.0,1.0,0
1480509356396842839,358,1480509356393420762,,0,0,46.5184249878,6.56652212143,2.77602830977e-40,1.0,0.0,0.0,0.0,1.0,0.0,0.0,0.0,1.0,0
1480509356613515487,359,1480509356610520285,,0,0,46.5184173584,6.56652927399,2.77602830977e-40,1.0,0.0,0.0,0.0,1.0,0.0,0.0,0.0,1.0,0
1480509356797060493,360,1480509356794374560,,0,0,46.518409729,6.56653690338,2.77602830977e-40,1.0,0.0,0.0,0.0,1.0,0.0,0.0,0.0,1.0,0
1480509357001752644,361,1480509356999487440,,0,0,46.5184020996,6.5665435791,2.77602830977e-40,1.0,0.0,0.0,0.0,1.0,0.0,0.0,0.0,1.0,0
1480509357197253303,362,1480509357195029245,,0,0,46.5183944702,6.56655216217,2.77602830977e-40,1.0,0.0,0.0,0.0,1.0,0.0,0.0,0.0,1.0,0
1480509357372602699,363,1480509357370176142,,0,0,46.5183830261,6.56655788422,2.77602830977e-40,1.0,0.0,0.0,0.0,1.0,0.0,0.0,0.0,1.0,0
1480509357680259076,364,1480509357676565282,,0,0,46.5183753967,6.56656312943,2.77602830977e-40,1.0,0.0,0.0,0.0,1.0,0.0,0.0,0.0,1.0,0
1480509358020000703,365,1480509358017677739,,0,0,46.5183601379,6.56656837463,2.77602830977e-40,1.0,0.0,0.0,0.0,1.0,0.0,0.0,0.0,1.0,0
1480509358559399179,366,1480509358556399289,,0,0,46.5183486938,6.56657028198,2.77602830977e-40,1.0,0.0,0.0,0.0,1.0,0.0,0.0,0.0,1.0,0
1480509359373670606,367,1480509359371205819,,0,0,46.518321991,6.56656646729,2.77602830977e-40,1.0,0.0,0.0,0.0,1.0,0.0,0.0,0.0,1.0,0
1480509360057050049,368,1480509360054531773,,0,0,46.518283844,6.56653642654,2.77602830977e-40,1.0,0.0,0.0,0.0,1.0,0.0,0.0,0.0,1.0,0
1480509360376196768,369,1480509360373536357,,0,0,46.5182647705,6.56650829315,2.77602830977e-40,1.0,0.0,0.0,0.0,1.0,0.0,0.0,0.0,1.0,0
1480509360724093900,370,1480509360719734585,,0,0,46.5182533264,6.56648302078,2.77602830977e-40,1.0,0.0,0.0,0.0,1.0,0.0,0.0,0.0,1.0,0
1480509360929739070,371,1480509360925792828,,0,0,46.5182304382,6.5664691925,2.77602830977e-40,1.0,0.0,0.0,0.0,1.0,0.0,0.0,0.0,1.0,0
1480509361152369416,372,1480509361149360619,,0,0,46.5182304382,6.56645488739,2.77602830977e-40,1.0,0.0,0.0,0.0,1.0,0.0,0.0,0.0,1.0,0
1480509361420178058,373,1480509361417777542,,0,0,46.5182304382,6.56643152237,2.77602830977e-40,1.0,0.0,0.0,0.0,1.0,0.0,0.0,0.0,1.0,0
1480509361617780484,374,1480509361615120906,,0,0,46.5182228088,6.56642055511,2.77602830977e-40,1.0,0.0,0.0,0.0,1.0,0.0,0.0,0.0,1.0,0
1480509361835514849,375,1480509361829212362,,0,0,46.5181732178,6.56642055511,2.77602830977e-40,1.0,0.0,0.0,0.0,1.0,0.0,0.0,0.0,1.0,0
1480509361992678656,376,1480509361989981474,,0,0,46.5182533264,6.56638002396,2.77602830977e-40,1.0,0.0,0.0,0.0,1.0,0.0,0.0,0.0,1.0,0
1480509362254453508,377,1480509362250879609,,0,0,46.5182533264,6.56636381149,2.77602830977e-40,1.0,0.0,0.0,0.0,1.0,0.0,0.0,0.0,1.0,0
1480509362505857391,378,1480509362502448388,,0,0,46.5182418823,6.5663485527,2.77602830977e-40,1.0,0.0,0.0,0.0,1.0,0.0,0.0,0.0,1.0,0
1480509362800269419,379,1480509362797192186,,0,0,46.518245697,6.56633472443,2.77602830977e-40,1.0,0.0,0.0,0.0,1.0,0.0,0.0,0.0,1.0,0
1480509363097148474,380,1480509363094502489,,0,0,46.5182647705,6.56631088257,2.77602830977e-40,1.0,0.0,0.0,0.0,1.0,0.0,0.0,0.0,1.0,0
1480509363415412903,381,1480509363413218115,,0,0,46.5182418823,6.56628894806,2.77602830977e-40,1.0,0.0,0.0,0.0,1.0,0.0,0.0,0.0,1.0,0
1480509363979932527,382,1480509363977576698,,0,0,46.5182495117,6.56627988815,2.77602830977e-40,1.0,0.0,0.0,0.0,1.0,0.0,0.0,0.0,1.0,0
1480509364886095232,383,1480509364880069255,,0,0,46.5182876587,6.5662317276,2.77602830977e-40,1.0,0.0,0.0,0.0,1.0,0.0,0.0,0.0,1.0,0
1480509365371694699,384,1480509365369454078,,0,0,46.5183105469,6.56620502472,2.77602830977e-40,1.0,0.0,0.0,0.0,1.0,0.0,0.0,0.0,1.0,0
1480509365913633638,385,1480509365910951039,,0,0,46.5183143616,6.56619548798,2.77602830977e-40,1.0,0.0,0.0,0.0,1.0,0.0,0.0,0.0,1.0,0
1480509366477870190,386,1480509366475216653,,0,0,46.5183296204,6.56617450714,2.77602830977e-40,1.0,0.0,0.0,0.0,1.0,0.0,0.0,0.0,1.0,0
1480509367061671130,387,1480509367058803115,,0,0,46.5183830261,6.5661740303,2.77602830977e-40,1.0,0.0,0.0,0.0,1.0,0.0,0.0,0.0,1.0,0
1480509367619759413,388,1480509367617734573,,0,0,46.518409729,6.56618881226,2.77602830977e-40,1.0,0.0,0.0,0.0,1.0,0.0,0.0,0.0,1.0,0
1480509367793945374,389,1480509367791336160,,0,0,46.5184288025,6.56617212296,2.77602830977e-40,1.0,0.0,0.0,0.0,1.0,0.0,0.0,0.0,1.0,0
1480509367999892210,390,1480509367997499351,,0,0,46.5184402466,6.56618261337,2.77602830977e-40,1.0,0.0,0.0,0.0,1.0,0.0,0.0,0.0,1.0,0
1480509368197864896,391,1480509368194870266,,0,0,46.5184555054,6.56618499756,2.77602830977e-40,1.0,0.0,0.0,0.0,1.0,0.0,0.0,0.0,1.0,0
1480509368390924674,392,1480509368387348796,,0,0,46.5184516907,6.56617975235,2.77602830977e-40,1.0,0.0,0.0,0.0,1.0,0.0,0.0,0.0,1.0,0
1480509368595040837,393,1480509368591397928,,0,0,46.5184707642,6.56619405746,2.77602830977e-40,1.0,0.0,0.0,0.0,1.0,0.0,0.0,0.0,1.0,0
1480509368787980512,394,1480509368784975361,,0,0,46.5184822083,6.56620454788,2.77602830977e-40,1.0,0.0,0.0,0.0,1.0,0.0,0.0,0.0,1.0,0
1480509368991282562,395,1480509368986043509,,0,0,46.5184860229,6.56621646881,2.77602830977e-40,1.0,0.0,0.0,0.0,1.0,0.0,0.0,0.0,1.0,0
1480509369203651365,396,1480509369200078820,,0,0,46.5184936523,6.56622266769,2.77602830977e-40,1.0,0.0,0.0,0.0,1.0,0.0,0.0,0.0,1.0,0
1480509369723836857,397,1480509369721072748,,0,0,46.518497467,6.56622266769,2.77602830977e-40,1.0,0.0,0.0,0.0,1.0,0.0,0.0,0.0,1.0,0
1480509370204600343,398,1480509370202363837,,0,0,46.5185127258,6.56625032425,2.77602830977e-40,1.0,0.0,0.0,0.0,1.0,0.0,0.0,0.0,1.0,0
1480509370810941396,399,1480509370806404738,,0,0,46.5185203552,6.56629943848,2.77602830977e-40,1.0,0.0,0.0,0.0,1.0,0.0,0.0,0.0,1.0,0
1480509371497507239,400,1480509371495376462,,0,0,46.5185165405,6.56633281708,2.77602830977e-40,1.0,0.0,0.0,0.0,1.0,0.0,0.0,0.0,1.0,0
1480509372204074867,401,1480509372201119612,,0,0,46.5184936523,6.56637001038,2.77602830977e-40,1.0,0.0,0.0,0.0,1.0,0.0,0.0,0.0,1.0,0
1480509372836827639,402,1480509372831990252,,0,0,46.5184669495,6.56639385223,2.77602830977e-40,1.0,0.0,0.0,0.0,1.0,0.0,0.0,0.0,1.0,0
1480509373371723310,403,1480509373368514150,,0,0,46.5184364319,6.56639671326,2.77602830977e-40,1.0,0.0,0.0,0.0,1.0,0.0,0.0,0.0,1.0,0
1480509374079945205,404,1480509374075173756,,0,0,46.5183906555,6.56637859344,2.77602830977e-40,1.0,0.0,0.0,0.0,1.0,0.0,0.0,0.0,1.0,0
1480509374730857056,405,1480509374728998310,,0,0,46.5184059143,6.56633329391,2.77602830977e-40,1.0,0.0,0.0,0.0,1.0,0.0,0.0,0.0,1.0,0
1480509375481031421,406,1480509375478913717,,0,0,46.518371582,6.56629037857,2.77602830977e-40,1.0,0.0,0.0,0.0,1.0,0.0,0.0,0.0,1.0,0
1480509376257276673,407,1480509376255268760,,0,0,46.5183906555,6.56623125076,2.77602830977e-40,1.0,0.0,0.0,0.0,1.0,0.0,0.0,0.0,1.0,0
1480509376820641560,408,1480509376818541980,,0,0,46.5183868408,6.56618690491,2.77602830977e-40,1.0,0.0,0.0,0.0,1.0,0.0,0.0,0.0,1.0,0
1480509377313438303,409,1480509377311203047,,0,0,46.5184288025,6.56616687775,2.77602830977e-40,1.0,0.0,0.0,0.0,1.0,0.0,0.0,0.0,1.0,0
1480509377810788319,410,1480509377808765355,,0,0,46.518447876,6.56615543365,2.77602830977e-40,1.0,0.0,0.0,0.0,1.0,0.0,0.0,0.0,1.0,0
1480509377996340508,411,1480509377993804524,,0,0,46.5184860229,6.56616449356,2.77602830977e-40,1.0,0.0,0.0,0.0,1.0,0.0,0.0,0.0,1.0,0
1480509378181198167,412,1480509378178516245,,0,0,46.5184860229,6.56616258621,2.77602830977e-40,1.0,0.0,0.0,0.0,1.0,0.0,0.0,0.0,1.0,0
1480509378397260505,413,1480509378394234052,,0,0,46.5185012817,6.56617355347,2.77602830977e-40,1.0,0.0,0.0,0.0,1.0,0.0,0.0,0.0,1.0,0
1480509378592419602,414,1480509378590453668,,0,0,46.5185089111,6.56618022919,2.77602830977e-40,1.0,0.0,0.0,0.0,1.0,0.0,0.0,0.0,1.0,0
1480509378798228314,415,1480509378795196028,,0,0,46.5185127258,6.56618833542,2.77602830977e-40,1.0,0.0,0.0,0.0,1.0,0.0,0.0,0.0,1.0,0
1480509379245526969,416,1480509379241912810,,0,0,46.5185127258,6.566198349,2.77602830977e-40,1.0,0.0,0.0,0.0,1.0,0.0,0.0,0.0,1.0,0
1480509379832162644,417,1480509379829794367,,0,0,46.5185241699,6.56622648239,2.77602830977e-40,1.0,0.0,0.0,0.0,1.0,0.0,0.0,0.0,1.0,0
1480509380487357247,418,1480509380483789181,,0,0,46.5185241699,6.56626844406,2.77602830977e-40,1.0,0.0,0.0,0.0,1.0,0.0,0.0,0.0,1.0,0
1480509381100965004,419,1480509381097100481,,0,0,46.518497467,6.56630706787,2.77602830977e-40,1.0,0.0,0.0,0.0,1.0,0.0,0.0,0.0,1.0,0
1480509381635517135,420,1480509381633166827,,0,0,46.5184745789,6.56632995605,2.77602830977e-40,1.0,0.0,0.0,0.0,1.0,0.0,0.0,0.0,1.0,0
1480509381994943411,421,1480509381991508053,,0,0,46.5184288025,6.56634521484,2.77602830977e-40,1.0,0.0,0.0,0.0,1.0,0.0,0.0,0.0,1.0,0
1480509382415768629,422,1480509382411939365,,0,0,46.518409729,6.56633663177,2.77602830977e-40,1.0,0.0,0.0,0.0,1.0,0.0,0.0,0.0,1.0,0
1480509382845718360,423,1480509382841313316,,0,0,46.5184326172,6.56630897522,2.77602830977e-40,1.0,0.0,0.0,0.0,1.0,0.0,0.0,0.0,1.0,0
1480509383172646470,424,1480509383170056267,,0,0,46.5183982849,6.56628036499,2.77602830977e-40,1.0,0.0,0.0,0.0,1.0,0.0,0.0,0.0,1.0,0
1480509384034284471,425,1480509384031895465,,0,0,46.5183792114,6.56626844406,2.77602830977e-40,1.0,0.0,0.0,0.0,1.0,0.0,0.0,0.0,1.0,0
1480509384489641861,426,1480509384487085981,,0,0,46.5183525085,6.56629085541,2.77602830977e-40,1.0,0.0,0.0,0.0,1.0,0.0,0.0,0.0,1.0,0
1480509384902119126,427,1480509384900362047,,0,0,46.5183067322,6.56629514694,2.77602830977e-40,1.0,0.0,0.0,0.0,1.0,0.0,0.0,0.0,1.0,0
1480509385283595671,428,1480509385278854066,,0,0,46.5183334351,6.56630945206,2.77602830977e-40,1.0,0.0,0.0,0.0,1.0,0.0,0.0,0.0,1.0,0
1480509385498530615,429,1480509385495810412,,0,0,46.5183067322,6.56636142731,2.77602830977e-40,1.0,0.0,0.0,0.0,1.0,0.0,0.0,0.0,1.0,0
1480509385998508960,430,1480509385995984590,,0,0,46.5183029175,6.566365242,2.77602830977e-40,1.0,0.0,0.0,0.0,1.0,0.0,0.0,0.0,1.0,0
1480509386592083735,431,1480509386588516815,,0,0,46.5183067322,6.56638240814,2.77602830977e-40,1.0,0.0,0.0,0.0,1.0,0.0,0.0,0.0,1.0,0
1480509387053637728,432,1480509387050104662,,0,0,46.5183258057,6.5664358139,2.77602830977e-40,1.0,0.0,0.0,0.0,1.0,0.0,0.0,0.0,1.0,0
1480509387195811304,433,1480509387192218915,,0,0,46.5183486938,6.56646203995,2.77602830977e-40,1.0,0.0,0.0,0.0,1.0,0.0,0.0,0.0,1.0,0
1480509387403014075,434,1480509387399219239,,0,0,46.5183563232,6.56644487381,2.77602830977e-40,1.0,0.0,0.0,0.0,1.0,0.0,0.0,0.0,1.0,0
1480509387606193052,435,1480509387603318214,,0,0,46.5183639526,6.56646490097,2.77602830977e-40,1.0,0.0,0.0,0.0,1.0,0.0,0.0,0.0,1.0,0
1480509387778705944,436,1480509387775964960,,0,0,46.518371582,6.56647396088,2.77602830977e-40,1.0,0.0,0.0,0.0,1.0,0.0,0.0,0.0,1.0,0
1480509388002836651,437,1480509387997437547,,0,0,46.5183944702,6.56649065018,2.77602830977e-40,1.0,0.0,0.0,0.0,1.0,0.0,0.0,0.0,1.0,0
1480509388263680307,438,1480509388260851198,,0,0,46.5183830261,6.56648492813,2.77602830977e-40,1.0,0.0,0.0,0.0,1.0,0.0,0.0,0.0,1.0,0
1480509388894994696,439,1480509388891126110,,0,0,46.518409729,6.56647634506,2.77602830977e-40,1.0,0.0,0.0,0.0,1.0,0.0,0.0,0.0,1.0,0
1480509389720944903,440,1480509389718211054,,0,0,46.5184364319,6.56646633148,2.77602830977e-40,1.0,0.0,0.0,0.0,1.0,0.0,0.0,0.0,1.0,0
1480509390799952061,441,1480509390798030555,,0,0,46.5184516907,6.56642818451,2.77602830977e-40,1.0,0.0,0.0,0.0,1.0,0.0,0.0,0.0,1.0,0
1480509391934839944,442,1480509391931656305,,0,0,46.5184822083,6.56635761261,2.77602830977e-40,1.0,0.0,0.0,0.0,1.0,0.0,0.0,0.0,1.0,0
1480509393047429641,443,1480509393042671682,,0,0,46.5184783936,6.56627607346,2.77602830977e-40,1.0,0.0,0.0,0.0,1.0,0.0,0.0,0.0,1.0,0
1480509393688270366,444,1480509393684334749,,0,0,46.5184402466,6.56621265411,2.77602830977e-40,1.0,0.0,0.0,0.0,1.0,0.0,0.0,0.0,1.0,0
1480509394383865619,445,1480509394380144012,,0,0,46.5184059143,6.56619501114,2.77602830977e-40,1.0,0.0,0.0,0.0,1.0,0.0,0.0,0.0,1.0,0
1480509395000390663,446,1480509394996761503,,0,0,46.518371582,6.56619548798,2.77602830977e-40,1.0,0.0,0.0,0.0,1.0,0.0,0.0,0.0,1.0,0
1480509395749640133,447,1480509395745853683,,0,0,46.5183448792,6.56621313095,2.77602830977e-40,1.0,0.0,0.0,0.0,1.0,0.0,0.0,0.0,1.0,0
1480509396423082565,448,1480509396418416845,,0,0,46.5183181763,6.56624937057,2.77602830977e-40,1.0,0.0,0.0,0.0,1.0,0.0,0.0,0.0,1.0,0
1480509397124087704,449,1480509397120298857,,0,0,46.5183029175,6.56629371643,2.77602830977e-40,1.0,0.0,0.0,0.0,1.0,0.0,0.0,0.0,1.0,0
1480509397804203508,450,1480509397800406171,,0,0,46.5182991028,6.56634283066,2.77602830977e-40,1.0,0.0,0.0,0.0,1.0,0.0,0.0,0.0,1.0,0
1480509398533203956,451,1480509398530478076,,0,0,46.5182991028,6.56639194489,2.77602830977e-40,1.0,0.0,0.0,0.0,1.0,0.0,0.0,0.0,1.0,0
1480509399054914862,452,1480509399051170338,,0,0,46.5183143616,6.56643629074,2.77602830977e-40,1.0,0.0,0.0,0.0,1.0,0.0,0.0,0.0,1.0,0
1480509399267321633,453,1480509399265407679,,0,0,46.5183258057,6.56645965576,2.77602830977e-40,1.0,0.0,0.0,0.0,1.0,0.0,0.0,0.0,1.0,0
1480509399497145298,454,1480509399494510980,,0,0,46.5183372498,6.5664730072,2.77602830977e-40,1.0,0.0,0.0,0.0,1.0,0.0,0.0,0.0,1.0,0
1480509399702567084,455,1480509399698798289,,0,0,46.5183448792,6.56648111343,2.77602830977e-40,1.0,0.0,0.0,0.0,1.0,0.0,0.0,0.0,1.0,0
1480509399907226110,456,1480509399904524449,,0,0,46.5183525085,6.56648492813,2.77602830977e-40,1.0,0.0,0.0,0.0,1.0,0.0,0.0,0.0,1.0,0
1480509400106129315,457,1480509400098548913,,0,0,46.5183639526,6.56649065018,2.77602830977e-40,1.0,0.0,0.0,0.0,1.0,0.0,0.0,0.0,1.0,0
1480509400294547904,458,1480509400290808745,,0,0,46.518371582,6.56649398804,2.77602830977e-40,1.0,0.0,0.0,0.0,1.0,0.0,0.0,0.0,1.0,0
1480509400497599330,459,1480509400494215222,,0,0,46.5183830261,6.56649923325,2.77602830977e-40,1.0,0.0,0.0,0.0,1.0,0.0,0.0,0.0,1.0,0
1480509400706806628,460,1480509400703447416,,0,0,46.5183906555,6.56650161743,2.77602830977e-40,1.0,0.0,0.0,0.0,1.0,0.0,0.0,0.0,1.0,0
1480509400904562908,461,1480509400898382087,,0,0,46.5184020996,6.56650543213,2.77602830977e-40,1.0,0.0,0.0,0.0,1.0,0.0,0.0,0.0,1.0,0
1480509401108911102,462,1480509401101957730,,0,0,46.518409729,6.56650924683,2.77602830977e-40,1.0,0.0,0.0,0.0,1.0,0.0,0.0,0.0,1.0,0
1480509401308634252,463,1480509401306272226,,0,0,46.5184173584,6.56651258469,2.77602830977e-40,1.0,0.0,0.0,0.0,1.0,0.0,0.0,0.0,1.0,0
1480509401502463613,464,1480509401498504350,,0,0,46.5184288025,6.56651687622,2.77602830977e-40,1.0,0.0,0.0,0.0,1.0,0.0,0.0,0.0,1.0,0
1480509401706435818,465,1480509401703894364,,0,0,46.5184364319,6.56652164459,2.77602830977e-40,1.0,0.0,0.0,0.0,1.0,0.0,0.0,0.0,1.0,0
1480509401907392768,466,1480509401905680115,,0,0,46.5184440613,6.5665268898,2.77602830977e-40,1.0,0.0,0.0,0.0,1.0,0.0,0.0,0.0,1.0,0
1480509402112860907,467,1480509402109380237,,0,0,46.5184516907,6.56653213501,2.77602830977e-40,1.0,0.0,0.0,0.0,1.0,0.0,0.0,0.0,1.0,0
1480509402307790682,468,1480509402303846836,,0,0,46.5184593201,6.56653642654,2.77602830977e-40,1.0,0.0,0.0,0.0,1.0,0.0,0.0,0.0,1.0,0
1480509402513504238,469,1480509402511029763,,0,0,46.5184669495,6.56654024124,2.77602830977e-40,1.0,0.0,0.0,0.0,1.0,0.0,0.0,0.0,1.0,0
1480509402710431092,470,1480509402706676412,,0,0,46.5184745789,6.56654644012,2.77602830977e-40,1.0,0.0,0.0,0.0,1.0,0.0,0.0,0.0,1.0,0
1480509402892463027,471,1480509402890850010,,0,0,46.5184783936,6.56654930115,2.77602830977e-40,1.0,0.0,0.0,0.0,1.0,0.0,0.0,0.0,1.0,0
1480509403107909168,472,1480509403105174955,,0,0,46.5184860229,6.56655216217,2.77602830977e-40,1.0,0.0,0.0,0.0,1.0,0.0,0.0,0.0,1.0,0
1480509403314505587,473,1480509403311150802,,0,0,46.5184898376,6.56655454636,2.77602830977e-40,1.0,0.0,0.0,0.0,1.0,0.0,0.0,0.0,1.0,0
1480509403505307088,474,1480509403502866833,,0,0,46.518497467,6.5665564537,2.77602830977e-40,1.0,0.0,0.0,0.0,1.0,0.0,0.0,0.0,1.0,0
1480509403781315037,475,1480509403778021138,,0,0,46.5185050964,6.56655740738,2.77602830977e-40,1.0,0.0,0.0,0.0,1.0,0.0,0.0,0.0,1.0,0
1480509404090969536,476,1480509404086136368,,0,0,46.5185127258,6.56656074524,2.77602830977e-40,1.0,0.0,0.0,0.0,1.0,0.0,0.0,0.0,1.0,0
1480509404428991009,477,1480509404425710964,,0,0,46.5185203552,6.56656360626,2.77602830977e-40,1.0,0.0,0.0,0.0,1.0,0.0,0.0,0.0,1.0,0
1480509404730078232,478,1480509404726563969,,0,0,46.5185279846,6.56656932831,2.77602830977e-40,1.0,0.0,0.0,0.0,1.0,0.0,0.0,0.0,1.0,0
1480509405114267793,479,1480509405111112903,,0,0,46.5185279846,6.56657028198,2.77602830977e-40,1.0,0.0,0.0,0.0,1.0,0.0,0.0,0.0,1.0,0
1480509405626761738,480,1480509405621691904,,0,0,46.5185279846,6.56656265259,2.77602830977e-40,1.0,0.0,0.0,0.0,1.0,0.0,0.0,0.0,1.0,0
1480509405982330000,481,1480509405979546047,,0,0,46.5184936523,6.56654071808,2.77602830977e-40,1.0,0.0,0.0,0.0,1.0,0.0,0.0,0.0,1.0,0
1480509406280112698,482,1480509406277712859,,0,0,46.5185241699,6.56657218933,2.77602830977e-40,1.0,0.0,0.0,0.0,1.0,0.0,0.0,0.0,1.0,0
1480509406494784362,483,1480509406492421033,,0,0,46.5185165405,6.56656980515,2.77602830977e-40,1.0,0.0,0.0,0.0,1.0,0.0,0.0,0.0,1.0,0
1480509406687080027,484,1480509406685061385,,0,0,46.5185241699,6.566593647,2.77602830977e-40,1.0,0.0,0.0,0.0,1.0,0.0,0.0,0.0,1.0,0
1480509406891357283,485,1480509406889059163,,0,0,46.5185241699,6.56661224365,2.77602830977e-40,1.0,0.0,0.0,0.0,1.0,0.0,0.0,0.0,1.0,0
1480509407070400527,486,1480509407064742986,,0,0,46.5185279846,6.56659841537,2.77602830977e-40,1.0,0.0,0.0,0.0,1.0,0.0,0.0,0.0,1.0,0
1480509407281571311,487,1480509407278209547,,0,0,46.5185203552,6.56658363342,2.77602830977e-40,1.0,0.0,0.0,0.0,1.0,0.0,0.0,0.0,1.0,0
1480509407467915009,488,1480509407465509545,,0,0,46.5185127258,6.56659221649,2.77602830977e-40,1.0,0.0,0.0,0.0,1.0,0.0,0.0,0.0,1.0,0
1480509407672368255,489,1480509407669771020,,0,0,46.5185127258,6.56657361984,2.77602830977e-40,1.0,0.0,0.0,0.0,1.0,0.0,0.0,0.0,1.0,0
1480509408007498953,490,1480509407999592197,,0,0,46.5185432434,6.56656885147,2.77602830977e-40,1.0,0.0,0.0,0.0,1.0,0.0,0.0,0.0,1.0,0
1480509408297893801,491,1480509408294562193,,0,0,46.5185470581,6.56661128998,2.77602830977e-40,1.0,0.0,0.0,0.0,1.0,0.0,0.0,0.0,1.0,0
1480509408520968677,492,1480509408518725556,,0,0,46.5185623169,6.56661367416,2.77602830977e-40,1.0,0.0,0.0,0.0,1.0,0.0,0.0,0.0,1.0,0
1480509408796225274,493,1480509408793250488,,0,0,46.5185432434,6.56660890579,2.77602830977e-40,1.0,0.0,0.0,0.0,1.0,0.0,0.0,0.0,1.0,0
1480509409089009700,494,1480509409086232466,,0,0,46.5185394287,6.56661176682,2.77602830977e-40,1.0,0.0,0.0,0.0,1.0,0.0,0.0,0.0,1.0,0
1480509409468811874,495,1480509409466635159,,0,0,46.5185394287,6.56660985947,2.77602830977e-40,1.0,0.0,0.0,0.0,1.0,0.0,0.0,0.0,1.0,0
1480509409831598195,496,1480509409829645855,,0,0,46.5185203552,6.5666384697,2.77602830977e-40,1.0,0.0,0.0,0.0,1.0,0.0,0.0,0.0,1.0,0
1480509410053076772,497,1480509410050213288,,0,0,46.5185508728,6.566655159,2.77602830977e-40,1.0,0.0,0.0,0.0,1.0,0.0,0.0,0.0,1.0,0
1480509410358578518,498,1480509410355957325,,0,0,46.5185470581,6.56665706635,2.77602830977e-40,1.0,0.0,0.0,0.0,1.0,0.0,0.0,0.0,1.0,0
1480509410664385054,499,1480509410660745739,,0,0,46.5185394287,6.56666040421,2.77602830977e-40,1.0,0.0,0.0,0.0,1.0,0.0,0.0,0.0,1.0,0
1480509410940039359,500,1480509410937624572,,0,0,46.5185546875,6.5666475296,2.77602830977e-40,1.0,0.0,0.0,0.0,1.0,0.0,0.0,0.0,1.0,0
1480509411134850748,501,1480509411132111014,,0,0,46.5185699463,6.56663322449,2.77602830977e-40,1.0,0.0,0.0,0.0,1.0,0.0,0.0,0.0,1.0,0
1480509411324466679,502,1480509411319615438,,0,0,46.5185585022,6.56665897369,2.77602830977e-40,1.0,0.0,0.0,0.0,1.0,0.0,0.0,0.0,1.0,0
1480509411549593842,503,1480509411544907550,,0,0,46.5185699463,6.56666660309,2.77602830977e-40,1.0,0.0,0.0,0.0,1.0,0.0,0.0,0.0,1.0,0
1480509411752685580,504,1480509411749760013,,0,0,46.518573761,6.56665086746,2.77602830977e-40,1.0,0.0,0.0,0.0,1.0,0.0,0.0,0.0,1.0,0
1480509412003704620,505,1480509412001513479,,0,0,46.5185508728,6.56664705276,2.77602830977e-40,1.0,0.0,0.0,0.0,1.0,0.0,0.0,0.0,1.0,0
1480509412207619221,506,1480509412205509694,,0,0,46.5185394287,6.56666946411,2.77602830977e-40,1.0,0.0,0.0,0.0,1.0,0.0,0.0,0.0,1.0,0
1480509412411426166,507,1480509412408656848,,0,0,46.5185279846,6.56670093536,2.77602830977e-40,1.0,0.0,0.0,0.0,1.0,0.0,0.0,0.0,1.0,0
1480509412604932246,508,1480509412601494961,,0,0,46.5185394287,6.56668043137,2.77602830977e-40,1.0,0.0,0.0,0.0,1.0,0.0,0.0,0.0,1.0,0
1480509412815579958,509,1480509412805587426,,0,0,46.5185661316,6.5666642189,2.77602830977e-40,1.0,0.0,0.0,0.0,1.0,0.0,0.0,0.0,1.0,0
1480509413128012576,510,1480509413125379716,,0,0,46.5185432434,6.56666851044,2.77602830977e-40,1.0,0.0,0.0,0.0,1.0,0.0,0.0,0.0,1.0,0
1480509413392101746,511,1480509413387432641,,0,0,46.5185279846,6.56670856476,2.77602830977e-40,1.0,0.0,0.0,0.0,1.0,0.0,0.0,0.0,1.0,0
1480509413700194633,512,1480509413697452659,,0,0,46.5185203552,6.56670475006,2.77602830977e-40,1.0,0.0,0.0,0.0,1.0,0.0,0.0,0.0,1.0,0
1480509414133119619,513,1480509414127655567,,0,0,46.5184936523,6.56671047211,2.77602830977e-40,1.0,0.0,0.0,0.0,1.0,0.0,0.0,0.0,1.0,0
1480509414532677899,514,1480509414529159521,,0,0,46.5185279846,6.56666231155,2.77602830977e-40,1.0,0.0,0.0,0.0,1.0,0.0,0.0,0.0,1.0,0
1480509415108779845,515,1480509415104177145,,0,0,46.5185241699,6.56667518616,2.77602830977e-40,1.0,0.0,0.0,0.0,1.0,0.0,0.0,0.0,1.0,0
1480509415624902949,516,1480509415621511549,,0,0,46.5185470581,6.56665802002,2.77602830977e-40,1.0,0.0,0.0,0.0,1.0,0.0,0.0,0.0,1.0,0
1480509416073885351,517,1480509416070881711,,0,0,46.5185317993,6.56665945053,2.77602830977e-40,1.0,0.0,0.0,0.0,1.0,0.0,0.0,0.0,1.0,0
1480509416683815616,518,1480509416678105315,,0,0,46.5185241699,6.56667613983,2.77602830977e-40,1.0,0.0,0.0,0.0,1.0,0.0,0.0,0.0,1.0,0
1480509417273274827,519,1480509417269077335,,0,0,46.5185317993,6.56667900085,2.77602830977e-40,1.0,0.0,0.0,0.0,1.0,0.0,0.0,0.0,1.0,0
1480509418020309406,520,1480509418018058421,,0,0,46.5185165405,6.56667852402,2.77602830977e-40,1.0,0.0,0.0,0.0,1.0,0.0,0.0,0.0,1.0,0
1480509418728666978,521,1480509418724824642,,0,0,46.5185050964,6.56668329239,2.77602830977e-40,1.0,0.0,0.0,0.0,1.0,0.0,0.0,0.0,1.0,0
1480509419332950535,522,1480509419327453254,,0,0,46.5185089111,6.56666278839,2.77602830977e-40,1.0,0.0,0.0,0.0,1.0,0.0,0.0,0.0,1.0,0
1480509419894361832,523,1480509419888762415,,0,0,46.5185165405,6.56667470932,2.77602830977e-40,1.0,0.0,0.0,0.0,1.0,0.0,0.0,0.0,1.0,0
1480509420532756467,524,1480509420530360795,,0,0,46.5185127258,6.56666326523,2.77602830977e-40,1.0,0.0,0.0,0.0,1.0,0.0,0.0,0.0,1.0,0
1480509421130908526,525,1480509421127965979,,0,0,46.5185127258,6.56667041779,2.77602830977e-40,1.0,0.0,0.0,0.0,1.0,0.0,0.0,0.0,1.0,0
1480509421308459793,526,1480509421304902508,,0,0,46.5185089111,6.56666660309,2.77602830977e-40,1.0,0.0,0.0,0.0,1.0,0.0,0.0,0.0,1.0,0
1480509421505535293,527,1480509421502958995,,0,0,46.5185089111,6.56666707993,2.77602830977e-40,1.0,0.0,0.0,0.0,1.0,0.0,0.0,0.0,1.0,0
1480509421713709104,528,1480509421710323069,,0,0,46.5185089111,6.56666707993,2.77602830977e-40,1.0,0.0,0.0,0.0,1.0,0.0,0.0,0.0,1.0,0
1480509421906756434,529,1480509421904157846,,0,0,46.5185089111,6.56666612625,2.77602830977e-40,1.0,0.0,0.0,0.0,1.0,0.0,0.0,0.0,1.0,0
1480509422104195423,530,1480509422101581678,,0,0,46.5185089111,6.56666564941,2.77602830977e-40,1.0,0.0,0.0,0.0,1.0,0.0,0.0,0.0,1.0,0
1480509422289277196,531,1480509422286837669,,0,0,46.5185089111,6.56666612625,2.77602830977e-40,1.0,0.0,0.0,0.0,1.0,0.0,0.0,0.0,1.0,0
1480509422526796679,532,1480509422524175382,,0,0,46.5185089111,6.56666707993,2.77602830977e-40,1.0,0.0,0.0,0.0,1.0,0.0,0.0,0.0,1.0,0
1480509422700828786,533,1480509422697517907,,0,0,46.5185127258,6.56666612625,2.77602830977e-40,1.0,0.0,0.0,0.0,1.0,0.0,0.0,0.0,1.0,0
1480509422909590878,534,1480509422901076519,,0,0,46.5185089111,6.56666755676,2.77602830977e-40,1.0,0.0,0.0,0.0,1.0,0.0,0.0,0.0,1.0,0
1480509423113120167,535,1480509423108581009,,0,0,46.5185127258,6.56666612625,2.77602830977e-40,1.0,0.0,0.0,0.0,1.0,0.0,0.0,0.0,1.0,0
1480509423308126920,536,1480509423305431822,,0,0,46.5185089111,6.56666564941,2.77602830977e-40,1.0,0.0,0.0,0.0,1.0,0.0,0.0,0.0,1.0,0
1480509423513718914,537,1480509423511535168,,0,0,46.5185089111,6.56666564941,2.77602830977e-40,1.0,0.0,0.0,0.0,1.0,0.0,0.0,0.0,1.0,0
1480509423690357266,538,1480509423688460238,,0,0,46.5185089111,6.56666564941,2.77602830977e-40,1.0,0.0,0.0,0.0,1.0,0.0,0.0,0.0,1.0,0
1480509423917476926,539,1480509423913983182,,0,0,46.5185089111,6.56666612625,2.77602830977e-40,1.0,0.0,0.0,0.0,1.0,0.0,0.0,0.0,1.0,0
1480509424112705346,540,1480509424107099107,,0,0,46.5185089111,6.56666612625,2.77602830977e-40,1.0,0.0,0.0,0.0,1.0,0.0,0.0,0.0,1.0,0
1480509424313887712,541,1480509424312375632,,0,0,46.5185089111,6.56666707993,2.77602830977e-40,1.0,0.0,0.0,0.0,1.0,0.0,0.0,0.0,1.0,0
1480509424511518263,542,1480509424506033430,,0,0,46.5185089111,6.56666755676,2.77602830977e-40,1.0,0.0,0.0,0.0,1.0,0.0,0.0,0.0,1.0,0
1480509424713574742,543,1480509424709547979,,0,0,46.5185089111,6.56666994095,2.77602830977e-40,1.0,0.0,0.0,0.0,1.0,0.0,0.0,0.0,1.0,0
1480509424906579990,544,1480509424904302182,,0,0,46.5185089111,6.56666946411,2.77602830977e-40,1.0,0.0,0.0,0.0,1.0,0.0,0.0,0.0,1.0,0
1480509425095034829,545,1480509425092908687,,0,0,46.5185089111,6.56666946411,2.77602830977e-40,1.0,0.0,0.0,0.0,1.0,0.0,0.0,0.0,1.0,0
1480509425313212579,546,1480509425311182271,,0,0,46.5185089111,6.56666755676,2.77602830977e-40,1.0,0.0,0.0,0.0,1.0,0.0,0.0,0.0,1.0,0
1480509425511540055,547,1480509425509436205,,0,0,46.5185089111,6.56666755676,2.77602830977e-40,1.0,0.0,0.0,0.0,1.0,0.0,0.0,0.0,1.0,0
1480509425725869584,548,1480509425722627246,,0,0,46.5186386108,6.56671190262,2.77602830977e-40,1.0,0.0,0.0,0.0,1.0,0.0,0.0,0.0,1.0,0
1480509425939253593,549,1480509425936916150,,0,0,46.5186424255,6.56672859192,2.77602830977e-40,1.0,0.0,0.0,0.0,1.0,0.0,0.0,0.0,1.0,0
1480509426124009742,550,1480509426121291518,,0,0,46.5186386108,6.56672859192,2.77602830977e-40,1.0,0.0,0.0,0.0,1.0,0.0,0.0,0.0,1.0,0
1480509426315543430,551,1480509426313139476,,0,0,46.5186386108,6.56672859192,2.77602830977e-40,1.0,0.0,0.0,0.0,1.0,0.0,0.0,0.0,1.0,0
1480509426509658935,552,1480509426507211075,,0,0,46.5186386108,6.56672859192,2.77602830977e-40,1.0,0.0,0.0,0.0,1.0,0.0,0.0,0.0,1.0,0
1480509426726022522,553,1480509426721980759,,0,0,46.5186386108,6.56672811508,2.77602830977e-40,1.0,0.0,0.0,0.0,1.0,0.0,0.0,0.0,1.0,0
1480509426927057076,554,1480509426924091718,,0,0,46.5186386108,6.56672763824,2.77602830977e-40,1.0,0.0,0.0,0.0,1.0,0.0,0.0,0.0,1.0,0
1480509427123022318,555,1480509427119463210,,0,0,46.5186386108,6.56672763824,2.77602830977e-40,1.0,0.0,0.0,0.0,1.0,0.0,0.0,0.0,1.0,0
1480509427325592338,556,1480509427322902447,,0,0,46.5186347961,6.56672763824,2.77602830977e-40,1.0,0.0,0.0,0.0,1.0,0.0,0.0,0.0,1.0,0
1480509427518557012,557,1480509427516705818,,0,0,46.5186347961,6.56672716141,2.77602830977e-40,1.0,0.0,0.0,0.0,1.0,0.0,0.0,0.0,1.0,0
1480509427712608455,558,1480509427710624814,,0,0,46.5186347961,6.56672716141,2.77602830977e-40,1.0,0.0,0.0,0.0,1.0,0.0,0.0,0.0,1.0,0
1480509427907301043,559,1480509427903108343,,0,0,46.5186347961,6.56672716141,2.77602830977e-40,1.0,0.0,0.0,0.0,1.0,0.0,0.0,0.0,1.0,0
1480509428116999070,560,1480509428113855951,,0,0,46.5186347961,6.56672716141,2.77602830977e-40,1.0,0.0,0.0,0.0,1.0,0.0,0.0,0.0,1.0,0
1480509428320681224,561,1480509428318487217,,0,0,46.5186347961,6.56672668457,2.77602830977e-40,1.0,0.0,0.0,0.0,1.0,0.0,0.0,0.0,1.0,0
1480509428547863800,562,1480509428545926876,,0,0,46.5186347961,6.56672668457,2.77602830977e-40,1.0,0.0,0.0,0.0,1.0,0.0,0.0,0.0,1.0,0
1480509428723624393,563,1480509428717446020,,0,0,46.5186309814,6.56672668457,2.77602830977e-40,1.0,0.0,0.0,0.0,1.0,0.0,0.0,0.0,1.0,0
1480509428915424747,564,1480509428910919183,,0,0,46.5186309814,6.56672668457,2.77602830977e-40,1.0,0.0,0.0,0.0,1.0,0.0,0.0,0.0,1.0,0
1480509429134677078,565,1480509429132384479,,0,0,46.5186309814,6.56672620773,2.77602830977e-40,1.0,0.0,0.0,0.0,1.0,0.0,0.0,0.0,1.0,0
1480509429308932518,566,1480509429305207057,,0,0,46.5186309814,6.56672620773,2.77602830977e-40,1.0,0.0,0.0,0.0,1.0,0.0,0.0,0.0,1.0,0
1480509429512186287,567,1480509429507915150,,0,0,46.5186309814,6.56672620773,2.77602830977e-40,1.0,0.0,0.0,0.0,1.0,0.0,0.0,0.0,1.0,0
1480509429713032613,568,1480509429710687045,,0,0,46.5186309814,6.56672620773,2.77602830977e-40,1.0,0.0,0.0,0.0,1.0,0.0,0.0,0.0,1.0,0
1480509429914729406,569,1480509429912255296,,0,0,46.5186309814,6.5667257309,2.77602830977e-40,1.0,0.0,0.0,0.0,1.0,0.0,0.0,0.0,1.0,0
1480509430119818431,570,1480509430116582656,,0,0,46.5186309814,6.5667257309,2.77602830977e-40,1.0,0.0,0.0,0.0,1.0,0.0,0.0,0.0,1.0,0
1480509430322113139,571,1480509430319255280,,0,0,46.5186309814,6.56672525406,2.77602830977e-40,1.0,0.0,0.0,0.0,1.0,0.0,0.0,0.0,1.0,0
1480509430505654238,572,1480509430503464555,,0,0,46.5186271667,6.56672525406,2.77602830977e-40,1.0,0.0,0.0,0.0,1.0,0.0,0.0,0.0,1.0,0
1480509430708004780,573,1480509430704910880,,0,0,46.5186271667,6.56672525406,2.77602830977e-40,1.0,0.0,0.0,0.0,1.0,0.0,0.0,0.0,1.0,0
1480509430920750145,574,1480509430917896557,,0,0,46.5186271667,6.56672525406,2.77602830977e-40,1.0,0.0,0.0,0.0,1.0,0.0,0.0,0.0,1.0,0
1480509431125494223,575,1480509431121736053,,0,0,46.5186271667,6.56672477722,2.77602830977e-40,1.0,0.0,0.0,0.0,1.0,0.0,0.0,0.0,1.0,0
