%time,field.header.seq,field.header.stamp,field.header.frame_id,field.status.status,field.status.service,field.latitude,field.longitude,field.altitude,field.position_covariance0,field.position_covariance1,field.position_covariance2,field.position_covariance3,field.position_covariance4,field.position_covariance5,field.position_covariance6,field.position_covariance7,field.position_covariance8,field.position_covariance_type
1481901666516573696,54,1481901666513975474,,0,0,46.5184898376,6.56666231155,2.77602830977e-40,1.0,0.0,0.0,0.0,1.0,0.0,0.0,0.0,1.0,0
1481901666734471637,55,1481901666731642061,,0,0,46.5184898376,6.56666231155,2.77602830977e-40,1.0,0.0,0.0,0.0,1.0,0.0,0.0,0.0,1.0,0
1481901666917245031,56,1481901666914733475,,0,0,46.5184860229,6.56666183472,2.77602830977e-40,1.0,0.0,0.0,0.0,1.0,0.0,0.0,0.0,1.0,0
1481901667114498128,57,1481901667110972772,,0,0,46.5184898376,6.56665802002,2.77602830977e-40,1.0,0.0,0.0,0.0,1.0,0.0,0.0,0.0,1.0,0
1481901667318820999,58,1481901667315919860,,0,0,46.5184936523,6.56666469574,2.77602830977e-40,1.0,0.0,0.0,0.0,1.0,0.0,0.0,0.0,1.0,0
1481901667532905512,59,1481901667529757864,,0,0,46.5184822083,6.56666946411,2.77602830977e-40,1.0,0.0,0.0,0.0,1.0,0.0,0.0,0.0,1.0,0
1481901667715813645,60,1481901667712376831,,0,0,46.5184936523,6.56667089462,2.77602830977e-40,1.0,0.0,0.0,0.0,1.0,0.0,0.0,0.0,1.0,0
1481901667938295272,61,1481901667936582724,,0,0,46.5184822083,6.56666374207,2.77602830977e-40,1.0,0.0,0.0,0.0,1.0,0.0,0.0,0.0,1.0,0
1481901668122944911,62,1481901668119248723,,0,0,46.5184783936,6.56666088104,2.77602830977e-40,1.0,0.0,0.0,0.0,1.0,0.0,0.0,0.0,1.0,0
1481901668308031633,63,1481901668305138150,,0,0,46.5184783936,6.56666469574,2.77602830977e-40,1.0,0.0,0.0,0.0,1.0,0.0,0.0,0.0,1.0,0
1481901668525869001,64,1481901668523379320,,0,0,46.5184822083,6.56666326523,2.77602830977e-40,1.0,0.0,0.0,0.0,1.0,0.0,0.0,0.0,1.0,0
1481901668723396160,65,1481901668720314501,,0,0,46.5184860229,6.56665992737,2.77602830977e-40,1.0,0.0,0.0,0.0,1.0,0.0,0.0,0.0,1.0,0
1481901668917533379,66,1481901668914169325,,0,0,46.5184783936,6.56665468216,2.77602830977e-40,1.0,0.0,0.0,0.0,1.0,0.0,0.0,0.0,1.0,0
1481901669120045577,67,1481901669117062720,,0,0,46.5184898376,6.56665372849,2.77602830977e-40,1.0,0.0,0.0,0.0,1.0,0.0,0.0,0.0,1.0,0
1481901669314953472,68,1481901669310953899,,0,0,46.5184783936,6.5666475296,2.77602830977e-40,1.0,0.0,0.0,0.0,1.0,0.0,0.0,0.0,1.0,0
1481901669536950204,69,1481901669534665366,,0,0,46.5184860229,6.56665086746,2.77602830977e-40,1.0,0.0,0.0,0.0,1.0,0.0,0.0,0.0,1.0,0
1481901669715176787,70,1481901669709528624,,0,0,46.5184860229,6.56665658951,2.77602830977e-40,1.0,0.0,0.0,0.0,1.0,0.0,0.0,0.0,1.0,0
1481901669917946328,71,1481901669915135137,,0,0,46.5184898376,6.56666707993,2.77602830977e-40,1.0,0.0,0.0,0.0,1.0,0.0,0.0,0.0,1.0,0
1481901670124922109,72,1481901670121840398,,0,0,46.5184898376,6.56666469574,2.77602830977e-40,1.0,0.0,0.0,0.0,1.0,0.0,0.0,0.0,1.0,0
1481901670320677814,73,1481901670317355375,,0,0,46.5184860229,6.56666278839,2.77602830977e-40,1.0,0.0,0.0,0.0,1.0,0.0,0.0,0.0,1.0,0
1481901670519627990,74,1481901670514630607,,0,0,46.5184860229,6.56666326523,2.77602830977e-40,1.0,0.0,0.0,0.0,1.0,0.0,0.0,0.0,1.0,0
1481901670736374684,75,1481901670729497878,,0,0,46.5184745789,6.56666088104,2.77602830977e-40,1.0,0.0,0.0,0.0,1.0,0.0,0.0,0.0,1.0,0
1481901670925955404,76,1481901670922276716,,0,0,46.5184707642,6.56666040421,2.77602830977e-40,1.0,0.0,0.0,0.0,1.0,0.0,0.0,0.0,1.0,0
1481901671108087862,77,1481901671104051102,,0,0,46.5184745789,6.56666088104,2.77602830977e-40,1.0,0.0,0.0,0.0,1.0,0.0,0.0,0.0,1.0,0
1481901671323948412,78,1481901671319098841,,0,0,46.5184669495,6.56665849686,2.77602830977e-40,1.0,0.0,0.0,0.0,1.0,0.0,0.0,0.0,1.0,0
1481901671534998662,79,1481901671530714350,,0,0,46.5184707642,6.56665992737,2.77602830977e-40,1.0,0.0,0.0,0.0,1.0,0.0,0.0,0.0,1.0,0
1481901671719233198,80,1481901671715774405,,0,0,46.5184669495,6.56665897369,2.77602830977e-40,1.0,0.0,0.0,0.0,1.0,0.0,0.0,0.0,1.0,0
1481901671926181792,81,1481901671922490238,,0,0,46.5184745789,6.56666231155,2.77602830977e-40,1.0,0.0,0.0,0.0,1.0,0.0,0.0,0.0,1.0,0
1481901672134310747,82,1481901672129771591,,0,0,46.5184783936,6.56666517258,2.77602830977e-40,1.0,0.0,0.0,0.0,1.0,0.0,0.0,0.0,1.0,0
1481901672327222605,83,1481901672320652673,,0,0,46.5184783936,6.56666517258,2.77602830977e-40,1.0,0.0,0.0,0.0,1.0,0.0,0.0,0.0,1.0,0
1481901672509671312,84,1481901672505024761,,0,0,46.5184745789,6.56666278839,2.77602830977e-40,1.0,0.0,0.0,0.0,1.0,0.0,0.0,0.0,1.0,0
1481901672722986556,85,1481901672718640629,,0,0,46.5184745789,6.56666231155,2.77602830977e-40,1.0,0.0,0.0,0.0,1.0,0.0,0.0,0.0,1.0,0
1481901672914635761,86,1481901672912016080,,0,0,46.5184783936,6.56666278839,2.77602830977e-40,1.0,0.0,0.0,0.0,1.0,0.0,0.0,0.0,1.0,0
1481901673102697475,87,1481901673098749360,,0,0,46.5184783936,6.56666278839,2.77602830977e-40,1.0,0.0,0.0,0.0,1.0,0.0,0.0,0.0,1.0,0
1481901673297226360,88,1481901673293415901,,0,0,46.5184822083,6.56666374207,2.77602830977e-40,1.0,0.0,0.0,0.0,1.0,0.0,0.0,0.0,1.0,0
1481901673512729046,89,1481901673509317076,,0,0,46.5184783936,6.56666278839,2.77602830977e-40,1.0,0.0,0.0,0.0,1.0,0.0,0.0,0.0,1.0,0
1481901673690685890,90,1481901673685730069,,0,0,46.5184783936,6.56666374207,2.77602830977e-40,1.0,0.0,0.0,0.0,1.0,0.0,0.0,0.0,1.0,0
1481901673884962432,91,1481901673881835669,,0,0,46.5184860229,6.56666088104,2.77602830977e-40,1.0,0.0,0.0,0.0,1.0,0.0,0.0,0.0,1.0,0
1481901674118109761,92,1481901674114467583,,0,0,46.5184898376,6.56666517258,2.77602830977e-40,1.0,0.0,0.0,0.0,1.0,0.0,0.0,0.0,1.0,0
1481901674315128692,93,1481901674309073343,,0,0,46.5184860229,6.5666642189,2.77602830977e-40,1.0,0.0,0.0,0.0,1.0,0.0,0.0,0.0,1.0,0
1481901674529107789,94,1481901674523270824,,0,0,46.5184783936,6.56666231155,2.77602830977e-40,1.0,0.0,0.0,0.0,1.0,0.0,0.0,0.0,1.0,0
1481901674719480590,95,1481901674716671431,,0,0,46.5184707642,6.56665086746,2.77602830977e-40,1.0,0.0,0.0,0.0,1.0,0.0,0.0,0.0,1.0,0
1481901674916192699,96,1481901674912532760,,0,0,46.5184745789,6.56664466858,2.77602830977e-40,1.0,0.0,0.0,0.0,1.0,0.0,0.0,0.0,1.0,0
1481901675113825066,97,1481901675109812732,,0,0,46.5184707642,6.56663942337,2.77602830977e-40,1.0,0.0,0.0,0.0,1.0,0.0,0.0,0.0,1.0,0
1481901675299432047,98,1481901675296653304,,0,0,46.5184707642,6.56664180756,2.77602830977e-40,1.0,0.0,0.0,0.0,1.0,0.0,0.0,0.0,1.0,0
1481901675538292695,99,1481901675534740725,,0,0,46.5184707642,6.56665992737,2.77602830977e-40,1.0,0.0,0.0,0.0,1.0,0.0,0.0,0.0,1.0,0
1481901675714336210,100,1481901675710808563,,0,0,46.5184783936,6.56665897369,2.77602830977e-40,1.0,0.0,0.0,0.0,1.0,0.0,0.0,0.0,1.0,0
1481901675918477519,101,1481901675914848465,,0,0,46.5184860229,6.566655159,2.77602830977e-40,1.0,0.0,0.0,0.0,1.0,0.0,0.0,0.0,1.0,0
1481901676120797947,102,1481901676117370612,,0,0,46.518497467,6.56664419174,2.77602830977e-40,1.0,0.0,0.0,0.0,1.0,0.0,0.0,0.0,1.0,0
1481901676322868532,103,1481901676317752972,,0,0,46.5184860229,6.56664419174,2.77602830977e-40,1.0,0.0,0.0,0.0,1.0,0.0,0.0,0.0,1.0,0
1481901676521494750,104,1481901676518270800,,0,0,46.5184898376,6.5666384697,2.77602830977e-40,1.0,0.0,0.0,0.0,1.0,0.0,0.0,0.0,1.0,0
1481901676697089256,105,1481901676694584262,,0,0,46.5184860229,6.5666475296,2.77602830977e-40,1.0,0.0,0.0,0.0,1.0,0.0,0.0,0.0,1.0,0
1481901676914485792,106,1481901676910986113,,0,0,46.5184707642,6.56663799286,2.77602830977e-40,1.0,0.0,0.0,0.0,1.0,0.0,0.0,0.0,1.0,0
1481901677110373528,107,1481901677107806815,,0,0,46.5184783936,6.56664848328,2.77602830977e-40,1.0,0.0,0.0,0.0,1.0,0.0,0.0,0.0,1.0,0
1481901677319737896,108,1481901677316112280,,0,0,46.5184783936,6.56666612625,2.77602830977e-40,1.0,0.0,0.0,0.0,1.0,0.0,0.0,0.0,1.0,0
1481901677534599751,109,1481901677531626685,,0,0,46.5184822083,6.56665802002,2.77602830977e-40,1.0,0.0,0.0,0.0,1.0,0.0,0.0,0.0,1.0,0
1481901677726450153,110,1481901677723625317,,0,0,46.5184898376,6.56664466858,2.77602830977e-40,1.0,0.0,0.0,0.0,1.0,0.0,0.0,0.0,1.0,0
1481901677921402631,111,1481901677917969723,,0,0,46.5184783936,6.56664800644,2.77602830977e-40,1.0,0.0,0.0,0.0,1.0,0.0,0.0,0.0,1.0,0
1481901678173506996,112,1481901678166516857,,0,0,46.5184783936,6.56663513184,2.77602830977e-40,1.0,0.0,0.0,0.0,1.0,0.0,0.0,0.0,1.0,0
1481901678446514746,113,1481901678443927617,,0,0,46.5184669495,6.56664323807,2.77602830977e-40,1.0,0.0,0.0,0.0,1.0,0.0,0.0,0.0,1.0,0
1481901678993050922,114,1481901678990669053,,0,0,46.5184745789,6.56661176682,2.77602830977e-40,1.0,0.0,0.0,0.0,1.0,0.0,0.0,0.0,1.0,0
1481901679691634944,115,1481901679686270426,,0,0,46.5184745789,6.56660890579,2.77602830977e-40,1.0,0.0,0.0,0.0,1.0,0.0,0.0,0.0,1.0,0
1481901680321848825,116,1481901680311536560,,0,0,46.5184860229,6.56653785706,2.77602830977e-40,1.0,0.0,0.0,0.0,1.0,0.0,0.0,0.0,1.0,0
1481901680851208013,117,1481901680844890633,,0,0,46.5185012817,6.56650018692,2.77602830977e-40,1.0,0.0,0.0,0.0,1.0,0.0,0.0,0.0,1.0,0
1481901681396041120,118,1481901681394175239,,0,0,46.5185050964,6.5664563179,2.77602830977e-40,1.0,0.0,0.0,0.0,1.0,0.0,0.0,0.0,1.0,0
1481901681898457511,119,1481901681895670643,,0,0,46.5185279846,6.56645107269,2.77602830977e-40,1.0,0.0,0.0,0.0,1.0,0.0,0.0,0.0,1.0,0
1481901682477750167,120,1481901682475375277,,0,0,46.5185394287,6.5664358139,2.77602830977e-40,1.0,0.0,0.0,0.0,1.0,0.0,0.0,0.0,1.0,0
1481901683033653558,121,1481901683031160648,,0,0,46.5185813904,6.56640577316,2.77602830977e-40,1.0,0.0,0.0,0.0,1.0,0.0,0.0,0.0,1.0,0
1481901683564020504,122,1481901683560689940,,0,0,46.5185852051,6.56638145447,2.77602830977e-40,1.0,0.0,0.0,0.0,1.0,0.0,0.0,0.0,1.0,0
1481901684110524909,123,1481901684108044915,,0,0,46.5185890198,6.56634044647,2.77602830977e-40,1.0,0.0,0.0,0.0,1.0,0.0,0.0,0.0,1.0,0
1481901684719976916,124,1481901684717143694,,0,0,46.5185775757,6.56632947922,2.77602830977e-40,1.0,0.0,0.0,0.0,1.0,0.0,0.0,0.0,1.0,0
1481901685373249489,125,1481901685368710386,,0,0,46.5185623169,6.5662946701,2.77602830977e-40,1.0,0.0,0.0,0.0,1.0,0.0,0.0,0.0,1.0,0
1481901686011976214,126,1481901686008337682,,0,0,46.5185432434,6.56624937057,2.77602830977e-40,1.0,0.0,0.0,0.0,1.0,0.0,0.0,0.0,1.0,0
1481901686673069758,127,1481901686670384816,,0,0,46.5185317993,6.56623983383,2.77602830977e-40,1.0,0.0,0.0,0.0,1.0,0.0,0.0,0.0,1.0,0
1481901687293119081,128,1481901687288005449,,0,0,46.5185089111,6.56621074677,2.77602830977e-40,1.0,0.0,0.0,0.0,1.0,0.0,0.0,0.0,1.0,0
1481901687899845835,129,1481901687897452924,,0,0,46.5184936523,6.56617450714,2.77602830977e-40,1.0,0.0,0.0,0.0,1.0,0.0,0.0,0.0,1.0,0
1481901688426807789,130,1481901688424305504,,0,0,46.5184745789,6.56615161896,2.77602830977e-40,1.0,0.0,0.0,0.0,1.0,0.0,0.0,0.0,1.0,0
1481901688870000996,131,1481901688866248141,,0,0,46.5184516907,6.56614351273,2.77602830977e-40,1.0,0.0,0.0,0.0,1.0,0.0,0.0,0.0,1.0,0
1481901689293025139,132,1481901689290770821,,0,0,46.5184440613,6.56614160538,2.77602830977e-40,1.0,0.0,0.0,0.0,1.0,0.0,0.0,0.0,1.0,0
1481901689911627956,133,1481901689909488117,,0,0,46.5184173584,6.56616067886,2.77602830977e-40,1.0,0.0,0.0,0.0,1.0,0.0,0.0,0.0,1.0,0
1481901690481404854,134,1481901690479207256,,0,0,46.5183944702,6.56618118286,2.77602830977e-40,1.0,0.0,0.0,0.0,1.0,0.0,0.0,0.0,1.0,0
1481901691018447825,135,1481901691015651738,,0,0,46.5183753967,6.56621170044,2.77602830977e-40,1.0,0.0,0.0,0.0,1.0,0.0,0.0,0.0,1.0,0
1481901691530403358,136,1481901691528748102,,0,0,46.5183677673,6.56623888016,2.77602830977e-40,1.0,0.0,0.0,0.0,1.0,0.0,0.0,0.0,1.0,0
1481901691937751707,137,1481901691933982394,,0,0,46.5183563232,6.56627464294,2.77602830977e-40,1.0,0.0,0.0,0.0,1.0,0.0,0.0,0.0,1.0,0
1481901692420502627,138,1481901692417422739,,0,0,46.5183525085,6.56630373001,2.77602830977e-40,1.0,0.0,0.0,0.0,1.0,0.0,0.0,0.0,1.0,0
1481901692925781615,139,1481901692923308340,,0,0,46.5183525085,6.56633853912,2.77602830977e-40,1.0,0.0,0.0,0.0,1.0,0.0,0.0,0.0,1.0,0
1481901693390589715,140,1481901693386826183,,0,0,46.5183601379,6.56636619568,2.77602830977e-40,1.0,0.0,0.0,0.0,1.0,0.0,0.0,0.0,1.0,0
1481901693974983817,141,1481901693971186274,,0,0,46.5183677673,6.56640148163,2.77602830977e-40,1.0,0.0,0.0,0.0,1.0,0.0,0.0,0.0,1.0,0
1481901694443829875,142,1481901694440732748,,0,0,46.5183868408,6.56642341614,2.77602830977e-40,1.0,0.0,0.0,0.0,1.0,0.0,0.0,0.0,1.0,0
1481901694814354307,143,1481901694810423588,,0,0,46.5183982849,6.56645011902,2.77602830977e-40,1.0,0.0,0.0,0.0,1.0,0.0,0.0,0.0,1.0,0
1481901695253160493,144,1481901695248775557,,0,0,46.5184135437,6.56646490097,2.77602830977e-40,1.0,0.0,0.0,0.0,1.0,0.0,0.0,0.0,1.0,0
1481901695731660799,145,1481901695729142472,,0,0,46.5184288025,6.56647968292,2.77602830977e-40,1.0,0.0,0.0,0.0,1.0,0.0,0.0,0.0,1.0,0
1481901696250689596,146,1481901696247557573,,0,0,46.5184440613,6.56648731232,2.77602830977e-40,1.0,0.0,0.0,0.0,1.0,0.0,0.0,0.0,1.0,0
1481901696711799633,147,1481901696709867033,,0,0,46.5184669495,6.56649303436,2.77602830977e-40,1.0,0.0,0.0,0.0,1.0,0.0,0.0,0.0,1.0,0
1481901697158050436,148,1481901697156316898,,0,0,46.5185012817,6.56649971008,2.77602830977e-40,1.0,0.0,0.0,0.0,1.0,0.0,0.0,0.0,1.0,0
1481901697598853336,149,1481901697596687092,,0,0,46.5185089111,6.56648778915,2.77602830977e-40,1.0,0.0,0.0,0.0,1.0,0.0,0.0,0.0,1.0,0
1481901698271641746,150,1481901698269176804,,0,0,46.5185279846,6.56647157669,2.77602830977e-40,1.0,0.0,0.0,0.0,1.0,0.0,0.0,0.0,1.0,0
1481901698680118165,151,1481901698677680255,,0,0,46.5185546875,6.56644868851,2.77602830977e-40,1.0,0.0,0.0,0.0,1.0,0.0,0.0,0.0,1.0,0
1481901698904008330,152,1481901698902115471,,0,0,46.5185661316,6.56642150879,2.77602830977e-40,1.0,0.0,0.0,0.0,1.0,0.0,0.0,0.0,1.0,0
1481901699097681280,153,1481901699094871912,,0,0,46.518573761,6.5664100647,2.77602830977e-40,1.0,0.0,0.0,0.0,1.0,0.0,0.0,0.0,1.0,0
1481901699294172556,154,1481901699292315425,,0,0,46.518573761,6.56639575958,2.77602830977e-40,1.0,0.0,0.0,0.0,1.0,0.0,0.0,0.0,1.0,0
1481901699504534526,155,1481901699502012345,,0,0,46.5185852051,6.56638813019,2.77602830977e-40,1.0,0.0,0.0,0.0,1.0,0.0,0.0,0.0,1.0,0
1481901699701730592,156,1481901699699226536,,0,0,46.5186004639,6.56638288498,2.77602830977e-40,1.0,0.0,0.0,0.0,1.0,0.0,0.0,0.0,1.0,0
1481901699907036898,157,1481901699905097528,,0,0,46.518611908,6.56637763977,2.77602830977e-40,1.0,0.0,0.0,0.0,1.0,0.0,0.0,0.0,1.0,0
1481901700097886730,158,1481901700093230388,,0,0,46.518611908,6.56636428833,2.77602830977e-40,1.0,0.0,0.0,0.0,1.0,0.0,0.0,0.0,1.0,0
1481901700302483298,159,1481901700298731641,,0,0,46.518611908,6.56634998322,2.77602830977e-40,1.0,0.0,0.0,0.0,1.0,0.0,0.0,0.0,1.0,0
1481901700499439521,160,1481901700493858441,,0,0,46.5186157227,6.56633710861,2.77602830977e-40,1.0,0.0,0.0,0.0,1.0,0.0,0.0,0.0,1.0,0
1481901700703815621,161,1481901700699380007,,0,0,46.5186157227,6.56632184982,2.77602830977e-40,1.0,0.0,0.0,0.0,1.0,0.0,0.0,0.0,1.0,0
1481901700905696675,162,1481901700901734133,,0,0,46.5186195374,6.56630849838,2.77602830977e-40,1.0,0.0,0.0,0.0,1.0,0.0,0.0,0.0,1.0,0
1481901701109850119,163,1481901701099784363,,0,0,46.5186233521,6.56629753113,2.77602830977e-40,1.0,0.0,0.0,0.0,1.0,0.0,0.0,0.0,1.0,0
1481901701465714640,164,1481901701461926160,,0,0,46.5186233521,6.56628274918,2.77602830977e-40,1.0,0.0,0.0,0.0,1.0,0.0,0.0,0.0,1.0,0
1481901701755868492,165,1481901701752742458,,0,0,46.5186233521,6.56626224518,2.77602830977e-40,1.0,0.0,0.0,0.0,1.0,0.0,0.0,0.0,1.0,0
1481901702172102756,166,1481901702167998600,,0,0,46.5186195374,6.56624221802,2.77602830977e-40,1.0,0.0,0.0,0.0,1.0,0.0,0.0,0.0,1.0,0
1481901702716195917,167,1481901702711841658,,0,0,46.5186157227,6.56621646881,2.77602830977e-40,1.0,0.0,0.0,0.0,1.0,0.0,0.0,0.0,1.0,0
1481901703149540920,168,1481901703145618221,,0,0,46.5185966492,6.56618356705,2.77602830977e-40,1.0,0.0,0.0,0.0,1.0,0.0,0.0,0.0,1.0,0
1481901703715793400,169,1481901703711431796,,0,0,46.5185852051,6.56616830826,2.77602830977e-40,1.0,0.0,0.0,0.0,1.0,0.0,0.0,0.0,1.0,0
1481901704335946370,170,1481901704333081481,,0,0,46.5185546875,6.56615495682,2.77602830977e-40,1.0,0.0,0.0,0.0,1.0,0.0,0.0,0.0,1.0,0
1481901704805320604,171,1481901704802047331,,0,0,46.5185279846,6.56615304947,2.77602830977e-40,1.0,0.0,0.0,0.0,1.0,0.0,0.0,0.0,1.0,0
1481901705154425246,172,1481901705149128592,,0,0,46.5185089111,6.56616020203,2.77602830977e-40,1.0,0.0,0.0,0.0,1.0,0.0,0.0,0.0,1.0,0
1481901706034597769,173,1481901706030799653,,0,0,46.5185394287,6.56619739532,2.77602830977e-40,1.0,0.0,0.0,0.0,1.0,0.0,0.0,0.0,1.0,0
1481901706405593449,174,1481901706401781636,,0,0,46.5184936523,6.56620550156,2.77602830977e-40,1.0,0.0,0.0,0.0,1.0,0.0,0.0,0.0,1.0,0
1481901706792941067,175,1481901706786065408,,0,0,46.5184669495,6.5662446022,2.77602830977e-40,1.0,0.0,0.0,0.0,1.0,0.0,0.0,0.0,1.0,0
1481901707172128967,176,1481901707167600540,,0,0,46.5184326172,6.56627321243,2.77602830977e-40,1.0,0.0,0.0,0.0,1.0,0.0,0.0,0.0,1.0,0
1481901707585284697,177,1481901707582192778,,0,0,46.5184516907,6.56630373001,2.77602830977e-40,1.0,0.0,0.0,0.0,1.0,0.0,0.0,0.0,1.0,0
1481901708025766713,178,1481901708023187448,,0,0,46.5184783936,6.56630325317,2.77602830977e-40,1.0,0.0,0.0,0.0,1.0,0.0,0.0,0.0,1.0,0
1481901708345478460,179,1481901708342174822,,0,0,46.5184669495,6.56633996964,2.77602830977e-40,1.0,0.0,0.0,0.0,1.0,0.0,0.0,0.0,1.0,0
1481901708656511426,180,1481901708652981852,,0,0,46.5184783936,6.56636619568,2.77602830977e-40,1.0,0.0,0.0,0.0,1.0,0.0,0.0,0.0,1.0,0
1481901708941288574,181,1481901708938967590,,0,0,46.5184898376,6.5663819313,2.77602830977e-40,1.0,0.0,0.0,0.0,1.0,0.0,0.0,0.0,1.0,0
1481901709269723111,182,1481901709267272232,,0,0,46.5184745789,6.56639909744,2.77602830977e-40,1.0,0.0,0.0,0.0,1.0,0.0,0.0,0.0,1.0,0
1481901709566397312,183,1481901709563682892,,0,0,46.5184783936,6.56638145447,2.77602830977e-40,1.0,0.0,0.0,0.0,1.0,0.0,0.0,0.0,1.0,0
1481901709697165628,184,1481901709694775166,,0,0,46.5185089111,6.56641578674,2.77602830977e-40,1.0,0.0,0.0,0.0,1.0,0.0,0.0,0.0,1.0,0
1481901709925576564,185,1481901709923090737,,0,0,46.5185127258,6.56642627716,2.77602830977e-40,1.0,0.0,0.0,0.0,1.0,0.0,0.0,0.0,1.0,0
1481901710095661812,186,1481901710092745361,,0,0,46.5185661316,6.56636333466,2.77602830977e-40,1.0,0.0,0.0,0.0,1.0,0.0,0.0,0.0,1.0,0
1481901710312242777,187,1481901710304186079,,0,0,46.5185623169,6.56639862061,2.77602830977e-40,1.0,0.0,0.0,0.0,1.0,0.0,0.0,0.0,1.0,0
1481901710513334823,188,1481901710510462434,,0,0,46.518535614,6.5664100647,2.77602830977e-40,1.0,0.0,0.0,0.0,1.0,0.0,0.0,0.0,1.0,0
1481901710712595207,189,1481901710706041421,,0,0,46.518535614,6.56641387939,2.77602830977e-40,1.0,0.0,0.0,0.0,1.0,0.0,0.0,0.0,1.0,0
1481901710914272042,190,1481901710910805697,,0,0,46.5185585022,6.56639957428,2.77602830977e-40,1.0,0.0,0.0,0.0,1.0,0.0,0.0,0.0,1.0,0
1481901711096390334,191,1481901711093632997,,0,0,46.5185699463,6.56640768051,2.77602830977e-40,1.0,0.0,0.0,0.0,1.0,0.0,0.0,0.0,1.0,0
1481901711306837668,192,1481901711304812257,,0,0,46.518573761,6.5664024353,2.77602830977e-40,1.0,0.0,0.0,0.0,1.0,0.0,0.0,0.0,1.0,0
1481901711513002149,193,1481901711509718668,,0,0,46.5185775757,6.56640338898,2.77602830977e-40,1.0,0.0,0.0,0.0,1.0,0.0,0.0,0.0,1.0,0
1481901711708041137,194,1481901711705563904,,0,0,46.5185775757,6.56640863419,2.77602830977e-40,1.0,0.0,0.0,0.0,1.0,0.0,0.0,0.0,1.0,0
1481901711904447465,195,1481901711901424244,,0,0,46.5185775757,6.56639719009,2.77602830977e-40,1.0,0.0,0.0,0.0,1.0,0.0,0.0,0.0,1.0,0
1481901712099956504,196,1481901712097341251,,0,0,46.5185928345,6.56638145447,2.77602830977e-40,1.0,0.0,0.0,0.0,1.0,0.0,0.0,0.0,1.0,0
1481901712365901876,197,1481901712362197511,,0,0,46.5185928345,6.56637763977,2.77602830977e-40,1.0,0.0,0.0,0.0,1.0,0.0,0.0,0.0,1.0,0
1481901712643004460,198,1481901712636113592,,0,0,46.5185928345,6.56637382507,2.77602830977e-40,1.0,0.0,0.0,0.0,1.0,0.0,0.0,0.0,1.0,0
1481901713022941784,199,1481901713020799498,,0,0,46.5185966492,6.56635665894,2.77602830977e-40,1.0,0.0,0.0,0.0,1.0,0.0,0.0,0.0,1.0,0
1481901713550667695,200,1481901713549140198,,0,0,46.5186042786,6.56632614136,2.77602830977e-40,1.0,0.0,0.0,0.0,1.0,0.0,0.0,0.0,1.0,0
1481901714056993659,201,1481901714054115906,,0,0,46.5186042786,6.56629419327,2.77602830977e-40,1.0,0.0,0.0,0.0,1.0,0.0,0.0,0.0,1.0,0
1481901714638425632,202,1481901714633836998,,0,0,46.5186042786,6.5662560463,2.77602830977e-40,1.0,0.0,0.0,0.0,1.0,0.0,0.0,0.0,1.0,0
1481901715274750124,203,1481901715272556483,,0,0,46.5185966492,6.56620979309,2.77602830977e-40,1.0,0.0,0.0,0.0,1.0,0.0,0.0,0.0,1.0,0
1481901715826771077,204,1481901715822027704,,0,0,46.5185928345,6.56617116928,2.77602830977e-40,1.0,0.0,0.0,0.0,1.0,0.0,0.0,0.0,1.0,0
1481901716213183073,205,1481901716207657983,,0,0,46.5185623169,6.56614685059,2.77602830977e-40,1.0,0.0,0.0,0.0,1.0,0.0,0.0,0.0,1.0,0
1481901716639182260,206,1481901716636615756,,0,0,46.5185470581,6.56614112854,2.77602830977e-40,1.0,0.0,0.0,0.0,1.0,0.0,0.0,0.0,1.0,0
1481901716971467934,207,1481901716964629149,,0,0,46.5185623169,6.56613826752,2.77602830977e-40,1.0,0.0,0.0,0.0,1.0,0.0,0.0,0.0,1.0,0
1481901717440463940,208,1481901717438692643,,0,0,46.5185546875,6.56614494324,2.77602830977e-40,1.0,0.0,0.0,0.0,1.0,0.0,0.0,0.0,1.0,0
1481901717884288760,209,1481901717881140799,,0,0,46.5184555054,6.56615972519,2.77602830977e-40,1.0,0.0,0.0,0.0,1.0,0.0,0.0,0.0,1.0,0
1481901718270296226,210,1481901718268103939,,0,0,46.5184707642,6.566177845,2.77602830977e-40,1.0,0.0,0.0,0.0,1.0,0.0,0.0,0.0,1.0,0
1481901718778788018,211,1481901718774878496,,0,0,46.5184059143,6.56620121002,2.77602830977e-40,1.0,0.0,0.0,0.0,1.0,0.0,0.0,0.0,1.0,0
1481901719262778309,212,1481901719259998316,,0,0,46.5184135437,6.56622266769,2.77602830977e-40,1.0,0.0,0.0,0.0,1.0,0.0,0.0,0.0,1.0,0
1481901719630176499,213,1481901719627716870,,0,0,46.5184173584,6.56623601913,2.77602830977e-40,1.0,0.0,0.0,0.0,1.0,0.0,0.0,0.0,1.0,0
1481901719975623910,214,1481901719973590373,,0,0,46.5183982849,6.56628084183,2.77602830977e-40,1.0,0.0,0.0,0.0,1.0,0.0,0.0,0.0,1.0,0
1481901720340004138,215,1481901720336541491,,0,0,46.5184211731,6.56629753113,2.77602830977e-40,1.0,0.0,0.0,0.0,1.0,0.0,0.0,0.0,1.0,0
1481901720678095683,216,1481901720674468192,,0,0,46.5184364319,6.56631326675,2.77602830977e-40,1.0,0.0,0.0,0.0,1.0,0.0,0.0,0.0,1.0,0
1481901721069647092,217,1481901721066737985,,0,0,46.5184364319,6.56633758545,2.77602830977e-40,1.0,0.0,0.0,0.0,1.0,0.0,0.0,0.0,1.0,0
1481901721191665118,218,1481901721188963250,,0,0,46.5184288025,6.56636667252,2.77602830977e-40,1.0,0.0,0.0,0.0,1.0,0.0,0.0,0.0,1.0,0
1481901721386407388,219,1481901721382631096,,0,0,46.518409729,6.56638336182,2.77602830977e-40,1.0,0.0,0.0,0.0,1.0,0.0,0.0,0.0,1.0,0
1481901721598945343,220,1481901721596327172,,0,0,46.5184059143,6.56640625,2.77602830977e-40,1.0,0.0,0.0,0.0,1.0,0.0,0.0,0.0,1.0,0
1481901721793679852,221,1481901721791543399,,0,0,46.5184364319,6.566385746,2.77602830977e-40,1.0,0.0,0.0,0.0,1.0,0.0,0.0,0.0,1.0,0
1481901721992232946,222,1481901721989414776,,0,0,46.5184364319,6.56641101837,2.77602830977e-40,1.0,0.0,0.0,0.0,1.0,0.0,0.0,0.0,1.0,0
1481901722189958854,223,1481901722185737198,,0,0,46.5184326172,6.56643438339,2.77602830977e-40,1.0,0.0,0.0,0.0,1.0,0.0,0.0,0.0,1.0,0
1481901722398919891,224,1481901722395724013,,0,0,46.5184516907,6.56643486023,2.77602830977e-40,1.0,0.0,0.0,0.0,1.0,0.0,0.0,0.0,1.0,0
1481901722600074749,225,1481901722589863212,,0,0,46.5184555054,6.56643676758,2.77602830977e-40,1.0,0.0,0.0,0.0,1.0,0.0,0.0,0.0,1.0,0
1481901722900439513,226,1481901722897059469,,0,0,46.5184631348,6.56643724442,2.77602830977e-40,1.0,0.0,0.0,0.0,1.0,0.0,0.0,0.0,1.0,0
1481901723243236306,227,1481901723241246467,,0,0,46.5184440613,6.56646203995,2.77602830977e-40,1.0,0.0,0.0,0.0,1.0,0.0,0.0,0.0,1.0,0
1481901723558993323,228,1481901723557176349,,0,0,46.5184326172,6.56648206711,2.77602830977e-40,1.0,0.0,0.0,0.0,1.0,0.0,0.0,0.0,1.0,0
1481901724013863584,229,1481901724010668592,,0,0,46.5184249878,6.56649494171,2.77602830977e-40,1.0,0.0,0.0,0.0,1.0,0.0,0.0,0.0,1.0,0
1481901724656399987,230,1481901724653272495,,0,0,46.5184211731,6.56651353836,2.77602830977e-40,1.0,0.0,0.0,0.0,1.0,0.0,0.0,0.0,1.0,0
1481901725185793758,231,1481901725183393139,,0,0,46.5183906555,6.56654548645,2.77602830977e-40,1.0,0.0,0.0,0.0,1.0,0.0,0.0,0.0,1.0,0
1481901725852860098,232,1481901725849650471,,0,0,46.518371582,6.56655025482,2.77602830977e-40,1.0,0.0,0.0,0.0,1.0,0.0,0.0,0.0,1.0,0
1481901726331613997,233,1481901726329828429,,0,0,46.5183525085,6.56654834747,2.77602830977e-40,1.0,0.0,0.0,0.0,1.0,0.0,0.0,0.0,1.0,0
1481901727428491235,234,1481901727423751455,,0,0,46.5183296204,6.56652879715,2.77602830977e-40,1.0,0.0,0.0,0.0,1.0,0.0,0.0,0.0,1.0,0
1481901728084713645,235,1481901728082174797,,0,0,46.518283844,6.56648397446,2.77602830977e-40,1.0,0.0,0.0,0.0,1.0,0.0,0.0,0.0,1.0,0
1481901728599649119,236,1481901728597859644,,0,0,46.5182571411,6.56644916534,2.77602830977e-40,1.0,0.0,0.0,0.0,1.0,0.0,0.0,0.0,1.0,0
1481901729097220470,237,1481901729092905585,,0,0,46.5182762146,6.56641197205,2.77602830977e-40,1.0,0.0,0.0,0.0,1.0,0.0,0.0,0.0,1.0,0
1481901729417625184,238,1481901729413856756,,0,0,46.5182685852,6.5663895607,2.77602830977e-40,1.0,0.0,0.0,0.0,1.0,0.0,0.0,0.0,1.0,0
1481901729663004201,239,1481901729659944938,,0,0,46.5183143616,6.56643819809,2.77602830977e-40,1.0,0.0,0.0,0.0,1.0,0.0,0.0,0.0,1.0,0
1481901729814836996,240,1481901729810472580,,0,0,46.5182342529,6.56649875641,2.77602830977e-40,1.0,0.0,0.0,0.0,1.0,0.0,0.0,0.0,1.0,0
1481901730057403416,241,1481901730054851287,,0,0,46.5182914734,6.56638431549,2.77602830977e-40,1.0,0.0,0.0,0.0,1.0,0.0,0.0,0.0,1.0,0
1481901730282879411,242,1481901730279688429,,0,0,46.5182533264,6.56642866135,2.77602830977e-40,1.0,0.0,0.0,0.0,1.0,0.0,0.0,0.0,1.0,0
1481901730593030036,243,1481901730589083015,,0,0,46.518283844,6.56635332108,2.77602830977e-40,1.0,0.0,0.0,0.0,1.0,0.0,0.0,0.0,1.0,0
1481901730860580456,244,1481901730856721976,,0,0,46.5183143616,6.56633138657,2.77602830977e-40,1.0,0.0,0.0,0.0,1.0,0.0,0.0,0.0,1.0,0
1481901731128247073,245,1481901731125630570,,0,0,46.5183296204,6.56632137299,2.77602830977e-40,1.0,0.0,0.0,0.0,1.0,0.0,0.0,0.0,1.0,0
1481901731501612904,246,1481901731499973429,,0,0,46.5182914734,6.56637477875,2.77602830977e-40,1.0,0.0,0.0,0.0,1.0,0.0,0.0,0.0,1.0,0
1481901731840219343,247,1481901731837123622,,0,0,46.5183601379,6.56629514694,2.77602830977e-40,1.0,0.0,0.0,0.0,1.0,0.0,0.0,0.0,1.0,0
1481901732194372930,248,1481901732192526945,,0,0,46.5183639526,6.56628370285,2.77602830977e-40,1.0,0.0,0.0,0.0,1.0,0.0,0.0,0.0,1.0,0
1481901732441705432,249,1481901732437916796,,0,0,46.5183868408,6.56627655029,2.77602830977e-40,1.0,0.0,0.0,0.0,1.0,0.0,0.0,0.0,1.0,0
1481901732650433969,250,1481901732645326847,,0,0,46.5184135437,6.56626415253,2.77602830977e-40,1.0,0.0,0.0,0.0,1.0,0.0,0.0,0.0,1.0,0
1481901732857089386,251,1481901732852948095,,0,0,46.5184249878,6.56624507904,2.77602830977e-40,1.0,0.0,0.0,0.0,1.0,0.0,0.0,0.0,1.0,0
1481901733116827222,252,1481901733112919002,,0,0,46.5184364319,6.56625938416,2.77602830977e-40,1.0,0.0,0.0,0.0,1.0,0.0,0.0,0.0,1.0,0
1481901733350463248,253,1481901733346543622,,0,0,46.5184631348,6.56629085541,2.77602830977e-40,1.0,0.0,0.0,0.0,1.0,0.0,0.0,0.0,1.0,0
1481901733591862796,254,1481901733589897541,,0,0,46.5184669495,6.56623935699,2.77602830977e-40,1.0,0.0,0.0,0.0,1.0,0.0,0.0,0.0,1.0,0
1481901733958903226,255,1481901733956197295,,0,0,46.5184783936,6.56624555588,2.77602830977e-40,1.0,0.0,0.0,0.0,1.0,0.0,0.0,0.0,1.0,0
1481901734126046503,256,1481901734123292760,,0,0,46.5184822083,6.56624364853,2.77602830977e-40,1.0,0.0,0.0,0.0,1.0,0.0,0.0,0.0,1.0,0
1481901734281285904,257,1481901734276956852,,0,0,46.5184898376,6.56625318527,2.77602830977e-40,1.0,0.0,0.0,0.0,1.0,0.0,0.0,0.0,1.0,0
1481901734498491503,258,1481901734495695572,,0,0,46.5184555054,6.5663022995,2.77602830977e-40,1.0,0.0,0.0,0.0,1.0,0.0,0.0,0.0,1.0,0
1481901734695815797,259,1481901734691628100,,0,0,46.5184745789,6.56630945206,2.77602830977e-40,1.0,0.0,0.0,0.0,1.0,0.0,0.0,0.0,1.0,0
1481901734893237904,260,1481901734887905574,,0,0,46.5185089111,6.56628704071,2.77602830977e-40,1.0,0.0,0.0,0.0,1.0,0.0,0.0,0.0,1.0,0
1481901735144781906,261,1481901735142334985,,0,0,46.5185203552,6.56629419327,2.77602830977e-40,1.0,0.0,0.0,0.0,1.0,0.0,0.0,0.0,1.0,0
1481901735388819260,262,1481901735386402808,,0,0,46.5185279846,6.56629562378,2.77602830977e-40,1.0,0.0,0.0,0.0,1.0,0.0,0.0,0.0,1.0,0
1481901735692402194,263,1481901735686834135,,0,0,46.5185432434,6.56628370285,2.77602830977e-40,1.0,0.0,0.0,0.0,1.0,0.0,0.0,0.0,1.0,0
1481901735874181163,264,1481901735871260650,,0,0,46.5185432434,6.56628990173,2.77602830977e-40,1.0,0.0,0.0,0.0,1.0,0.0,0.0,0.0,1.0,0
1481901735956429914,265,1481901735953810754,,0,0,46.5185470581,6.56628751755,2.77602830977e-40,1.0,0.0,0.0,0.0,1.0,0.0,0.0,0.0,1.0,0
1481901736059878508,266,1481901736057353254,,0,0,46.5185508728,6.56628417969,2.77602830977e-40,1.0,0.0,0.0,0.0,1.0,0.0,0.0,0.0,1.0,0
1481901736212569738,267,1481901736208004854,,0,0,46.5185585022,6.56627559662,2.77602830977e-40,1.0,0.0,0.0,0.0,1.0,0.0,0.0,0.0,1.0,0
1481901736393252981,268,1481901736388924190,,0,0,46.5185585022,6.56626939774,2.77602830977e-40,1.0,0.0,0.0,0.0,1.0,0.0,0.0,0.0,1.0,0
1481901736613868519,269,1481901736609973581,,0,0,46.5185585022,6.5662727356,2.77602830977e-40,1.0,0.0,0.0,0.0,1.0,0.0,0.0,0.0,1.0,0
1481901736795878946,270,1481901736793058016,,0,0,46.5185394287,6.56628656387,2.77602830977e-40,1.0,0.0,0.0,0.0,1.0,0.0,0.0,0.0,1.0,0
1481901736999029164,271,1481901736996564430,,0,0,46.5185661316,6.56624412537,2.77602830977e-40,1.0,0.0,0.0,0.0,1.0,0.0,0.0,0.0,1.0,0
1481901737335449775,272,1481901737332554678,,0,0,46.5185623169,6.56623077393,2.77602830977e-40,1.0,0.0,0.0,0.0,1.0,0.0,0.0,0.0,1.0,0
1481901737653930744,273,1481901737651406167,,0,0,46.518573761,6.56620931625,2.77602830977e-40,1.0,0.0,0.0,0.0,1.0,0.0,0.0,0.0,1.0,0
1481901738041782371,274,1481901738039370867,,0,0,46.5185813904,6.56617641449,2.77602830977e-40,1.0,0.0,0.0,0.0,1.0,0.0,0.0,0.0,1.0,0
1481901738454206436,275,1481901738445199480,,0,0,46.5185623169,6.56615543365,2.77602830977e-40,1.0,0.0,0.0,0.0,1.0,0.0,0.0,0.0,1.0,0
1481901738886891336,276,1481901738884499467,,0,0,46.5185432434,6.56616640091,2.77602830977e-40,1.0,0.0,0.0,0.0,1.0,0.0,0.0,0.0,1.0,0
1481901739443215092,277,1481901739440565932,,0,0,46.5185165405,6.56614398956,2.77602830977e-40,1.0,0.0,0.0,0.0,1.0,0.0,0.0,0.0,1.0,0
1481901740004594042,278,1481901740001486863,,0,0,46.5185012817,6.56613254547,2.77602830977e-40,1.0,0.0,0.0,0.0,1.0,0.0,0.0,0.0,1.0,0
1481901740602615557,279,1481901740599981762,,0,0,46.5184631348,6.56613826752,2.77602830977e-40,1.0,0.0,0.0,0.0,1.0,0.0,0.0,0.0,1.0,0
1481901741186859763,280,1481901741183538886,,0,0,46.5184402466,6.56615161896,2.77602830977e-40,1.0,0.0,0.0,0.0,1.0,0.0,0.0,0.0,1.0,0
1481901741693605362,281,1481901741691191253,,0,0,46.5183906555,6.566198349,2.77602830977e-40,1.0,0.0,0.0,0.0,1.0,0.0,0.0,0.0,1.0,0
1481901742204305482,282,1481901742201763457,,0,0,46.5183982849,6.56621408463,2.77602830977e-40,1.0,0.0,0.0,0.0,1.0,0.0,0.0,0.0,1.0,0
1481901742619828915,283,1481901742616986005,,0,0,46.5184020996,6.56624603271,2.77602830977e-40,1.0,0.0,0.0,0.0,1.0,0.0,0.0,0.0,1.0,0
1481901743014531306,284,1481901743011814073,,0,0,46.5183868408,6.56627464294,2.77602830977e-40,1.0,0.0,0.0,0.0,1.0,0.0,0.0,0.0,1.0,0
1481901743493510100,285,1481901743491920104,,0,0,46.5184173584,6.56628131866,2.77602830977e-40,1.0,0.0,0.0,0.0,1.0,0.0,0.0,0.0,1.0,0
1481901743914454613,286,1481901743910079467,,0,0,46.5183982849,6.56633663177,2.77602830977e-40,1.0,0.0,0.0,0.0,1.0,0.0,0.0,0.0,1.0,0
1481901744352315177,287,1481901744348605550,,0,0,46.5184249878,6.56634426117,2.77602830977e-40,1.0,0.0,0.0,0.0,1.0,0.0,0.0,0.0,1.0,0
1481901744779045352,288,1481901744772775680,,0,0,46.5184326172,6.56636953354,2.77602830977e-40,1.0,0.0,0.0,0.0,1.0,0.0,0.0,0.0,1.0,0
1481901745254888789,289,1481901745246308081,,0,0,46.518447876,6.56639099121,2.77602830977e-40,1.0,0.0,0.0,0.0,1.0,0.0,0.0,0.0,1.0,0
1481901745677134913,290,1481901745674338774,,0,0,46.5184516907,6.56641578674,2.77602830977e-40,1.0,0.0,0.0,0.0,1.0,0.0,0.0,0.0,1.0,0
1481901746136055528,291,1481901746130431271,,0,0,46.5184745789,6.56644296646,2.77602830977e-40,1.0,0.0,0.0,0.0,1.0,0.0,0.0,0.0,1.0,0
1481901746494110460,292,1481901746491137394,,0,0,46.5184860229,6.56645584106,2.77602830977e-40,1.0,0.0,0.0,0.0,1.0,0.0,0.0,0.0,1.0,0
1481901746876309810,293,1481901746873772941,,0,0,46.5185012817,6.56646585464,2.77602830977e-40,1.0,0.0,0.0,0.0,1.0,0.0,0.0,0.0,1.0,0
1481901747294118185,294,1481901747292091054,,0,0,46.5185127258,6.56647634506,2.77602830977e-40,1.0,0.0,0.0,0.0,1.0,0.0,0.0,0.0,1.0,0
1481901747672211607,295,1481901747668690627,,0,0,46.5185241699,6.56649065018,2.77602830977e-40,1.0,0.0,0.0,0.0,1.0,0.0,0.0,0.0,1.0,0
1481901747855110470,296,1481901747853530734,,0,0,46.5185470581,6.56647396088,2.77602830977e-40,1.0,0.0,0.0,0.0,1.0,0.0,0.0,0.0,1.0,0
1481901748053575491,297,1481901748050931487,,0,0,46.5185699463,6.56645393372,2.77602830977e-40,1.0,0.0,0.0,0.0,1.0,0.0,0.0,0.0,1.0,0
1481901748207727655,298,1481901748205021828,,0,0,46.518573761,6.5664525032,2.77602830977e-40,1.0,0.0,0.0,0.0,1.0,0.0,0.0,0.0,1.0,0
1481901748396406659,299,1481901748389578343,,0,0,46.5185699463,6.56645822525,2.77602830977e-40,1.0,0.0,0.0,0.0,1.0,0.0,0.0,0.0,1.0,0
1481901748617469696,300,1481901748613109290,,0,0,46.5185852051,6.56644773483,2.77602830977e-40,1.0,0.0,0.0,0.0,1.0,0.0,0.0,0.0,1.0,0
1481901748816237893,301,1481901748811345822,,0,0,46.5185966492,6.56643247604,2.77602830977e-40,1.0,0.0,0.0,0.0,1.0,0.0,0.0,0.0,1.0,0
1481901749007419964,302,1481901749001908571,,0,0,46.5186042786,6.56643247604,2.77602830977e-40,1.0,0.0,0.0,0.0,1.0,0.0,0.0,0.0,1.0,0
1481901749206439462,303,1481901749203950094,,0,0,46.5186195374,6.56641340256,2.77602830977e-40,1.0,0.0,0.0,0.0,1.0,0.0,0.0,0.0,1.0,0
1481901749401250066,304,1481901749396946535,,0,0,46.5186157227,6.5664100647,2.77602830977e-40,1.0,0.0,0.0,0.0,1.0,0.0,0.0,0.0,1.0,0
1481901749604219815,305,1481901749601540655,,0,0,46.5186195374,6.56638860703,2.77602830977e-40,1.0,0.0,0.0,0.0,1.0,0.0,0.0,0.0,1.0,0
1481901749788307424,306,1481901749785535348,,0,0,46.5186233521,6.56637954712,2.77602830977e-40,1.0,0.0,0.0,0.0,1.0,0.0,0.0,0.0,1.0,0
1481901750016669193,307,1481901750013331389,,0,0,46.5186195374,6.56636571884,2.77602830977e-40,1.0,0.0,0.0,0.0,1.0,0.0,0.0,0.0,1.0,0
1481901750439618648,308,1481901750436526625,,0,0,46.5186195374,6.56636095047,2.77602830977e-40,1.0,0.0,0.0,0.0,1.0,0.0,0.0,0.0,1.0,0
1481901750896673487,309,1481901750895140678,,0,0,46.5186271667,6.56633520126,2.77602830977e-40,1.0,0.0,0.0,0.0,1.0,0.0,0.0,0.0,1.0,0
1481901751515415470,310,1481901751511925792,,0,0,46.5186233521,6.56629705429,2.77602830977e-40,1.0,0.0,0.0,0.0,1.0,0.0,0.0,0.0,1.0,0
1481901752095831925,311,1481901752094143180,,0,0,46.5186042786,6.56625366211,2.77602830977e-40,1.0,0.0,0.0,0.0,1.0,0.0,0.0,0.0,1.0,0
1481901752687753560,312,1481901752684554714,,0,0,46.5185813904,6.56623744965,2.77602830977e-40,1.0,0.0,0.0,0.0,1.0,0.0,0.0,0.0,1.0,0
1481901753187421103,313,1481901753184899964,,0,0,46.5185432434,6.56623983383,2.77602830977e-40,1.0,0.0,0.0,0.0,1.0,0.0,0.0,0.0,1.0,0
1481901753714471912,314,1481901753709768798,,0,0,46.5185241699,6.56624794006,2.77602830977e-40,1.0,0.0,0.0,0.0,1.0,0.0,0.0,0.0,1.0,0
1481901754053650849,315,1481901754050345962,,0,0,46.5184936523,6.56628036499,2.77602830977e-40,1.0,0.0,0.0,0.0,1.0,0.0,0.0,0.0,1.0,0
1481901754453870935,316,1481901754450800161,,0,0,46.5185317993,6.56628847122,2.77602830977e-40,1.0,0.0,0.0,0.0,1.0,0.0,0.0,0.0,1.0,0
1481901754830320612,317,1481901754827030047,,0,0,46.5184745789,6.56631565094,2.77602830977e-40,1.0,0.0,0.0,0.0,1.0,0.0,0.0,0.0,1.0,0
1481901755212663659,318,1481901755210137676,,0,0,46.5184516907,6.56633424759,2.77602830977e-40,1.0,0.0,0.0,0.0,1.0,0.0,0.0,0.0,1.0,0
1481901755597487378,319,1481901755595159519,,0,0,46.5184440613,6.56635665894,2.77602830977e-40,1.0,0.0,0.0,0.0,1.0,0.0,0.0,0.0,1.0,0
1481901755946945612,320,1481901755943923016,,0,0,46.5184288025,6.56638288498,2.77602830977e-40,1.0,0.0,0.0,0.0,1.0,0.0,0.0,0.0,1.0,0
1481901756281712425,321,1481901756277582175,,0,0,46.5184249878,6.56641149521,2.77602830977e-40,1.0,0.0,0.0,0.0,1.0,0.0,0.0,0.0,1.0,0
1481901756720618716,322,1481901756719081845,,0,0,46.5184364319,6.56641578674,2.77602830977e-40,1.0,0.0,0.0,0.0,1.0,0.0,0.0,0.0,1.0,0
1481901757142726768,323,1481901757139557296,,0,0,46.5184211731,6.56644439697,2.77602830977e-40,1.0,0.0,0.0,0.0,1.0,0.0,0.0,0.0,1.0,0
1481901757504402575,324,1481901757502624715,,0,0,46.5183944702,6.56645011902,2.77602830977e-40,1.0,0.0,0.0,0.0,1.0,0.0,0.0,0.0,1.0,0
1481901757912126601,325,1481901757909643899,,0,0,46.5183868408,6.56645965576,2.77602830977e-40,1.0,0.0,0.0,0.0,1.0,0.0,0.0,0.0,1.0,0
1481901758357393865,326,1481901758355773921,,0,0,46.5183601379,6.56645584106,2.77602830977e-40,1.0,0.0,0.0,0.0,1.0,0.0,0.0,0.0,1.0,0
1481901758701004927,327,1481901758698369777,,0,0,46.5183448792,6.56644916534,2.77602830977e-40,1.0,0.0,0.0,0.0,1.0,0.0,0.0,0.0,1.0,0
1481901759097949916,328,1481901759092582274,,0,0,46.5183143616,6.56644248962,2.77602830977e-40,1.0,0.0,0.0,0.0,1.0,0.0,0.0,0.0,1.0,0
1481901759476209276,329,1481901759472308192,,0,0,46.5183029175,6.56642627716,2.77602830977e-40,1.0,0.0,0.0,0.0,1.0,0.0,0.0,0.0,1.0,0
1481901759819187892,330,1481901759816479513,,0,0,46.5182991028,6.56640768051,2.77602830977e-40,1.0,0.0,0.0,0.0,1.0,0.0,0.0,0.0,1.0,0
1481901760128121124,331,1481901760124908372,,0,0,46.5182991028,6.56637334824,2.77602830977e-40,1.0,0.0,0.0,0.0,1.0,0.0,0.0,0.0,1.0,0
1481901760422260696,332,1481901760419714765,,0,0,46.518283844,6.56636190414,2.77602830977e-40,1.0,0.0,0.0,0.0,1.0,0.0,0.0,0.0,1.0,0
1481901760838554648,333,1481901760835358979,,0,0,46.5182800293,6.56634378433,2.77602830977e-40,1.0,0.0,0.0,0.0,1.0,0.0,0.0,0.0,1.0,0
1481901761052450880,334,1481901761049379794,,0,0,46.5182762146,6.56632423401,2.77602830977e-40,1.0,0.0,0.0,0.0,1.0,0.0,0.0,0.0,1.0,0
1481901761205928983,335,1481901761202934147,,0,0,46.5182723999,6.56630992889,2.77602830977e-40,1.0,0.0,0.0,0.0,1.0,0.0,0.0,0.0,1.0,0
1481901761398633654,336,1481901761395479703,,0,0,46.5182647705,6.5663022995,2.77602830977e-40,1.0,0.0,0.0,0.0,1.0,0.0,0.0,0.0,1.0,0
1481901761603065274,337,1481901761600092105,,0,0,46.5182800293,6.56628036499,2.77602830977e-40,1.0,0.0,0.0,0.0,1.0,0.0,0.0,0.0,1.0,0
1481901761797220515,338,1481901761794295001,,0,0,46.5182762146,6.56627321243,2.77602830977e-40,1.0,0.0,0.0,0.0,1.0,0.0,0.0,0.0,1.0,0
1481901762003619109,339,1481901762000495263,,0,0,46.5182800293,6.56626319885,2.77602830977e-40,1.0,0.0,0.0,0.0,1.0,0.0,0.0,0.0,1.0,0
1481901762189490985,340,1481901762187021460,,0,0,46.518283844,6.56624507904,2.77602830977e-40,1.0,0.0,0.0,0.0,1.0,0.0,0.0,0.0,1.0,0
1481901762408406736,341,1481901762403790185,,0,0,46.5182914734,6.56623649597,2.77602830977e-40,1.0,0.0,0.0,0.0,1.0,0.0,0.0,0.0,1.0,0
1481901762603143277,342,1481901762601015521,,0,0,46.5182952881,6.56623077393,2.77602830977e-40,1.0,0.0,0.0,0.0,1.0,0.0,0.0,0.0,1.0,0
1481901762806245369,343,1481901762804811362,,0,0,46.5182991028,6.56622838974,2.77602830977e-40,1.0,0.0,0.0,0.0,1.0,0.0,0.0,0.0,1.0,0
1481901763000931546,344,1481901762998194678,,0,0,46.5183067322,6.56621837616,2.77602830977e-40,1.0,0.0,0.0,0.0,1.0,0.0,0.0,0.0,1.0,0
1481901763197314124,345,1481901763190585235,,0,0,46.5183143616,6.56621599197,2.77602830977e-40,1.0,0.0,0.0,0.0,1.0,0.0,0.0,0.0,1.0,0
1481901763509926305,346,1481901763506188190,,0,0,46.5183334351,6.56620168686,2.77602830977e-40,1.0,0.0,0.0,0.0,1.0,0.0,0.0,0.0,1.0,0
1481901763913801903,347,1481901763910096704,,0,0,46.5183372498,6.56620311737,2.77602830977e-40,1.0,0.0,0.0,0.0,1.0,0.0,0.0,0.0,1.0,0
1481901764421187292,348,1481901764418775319,,0,0,46.5183563232,6.56620836258,2.77602830977e-40,1.0,0.0,0.0,0.0,1.0,0.0,0.0,0.0,1.0,0
1481901764806437259,349,1481901764803831536,,0,0,46.5183753967,6.56622362137,2.77602830977e-40,1.0,0.0,0.0,0.0,1.0,0.0,0.0,0.0,1.0,0
1481901765204506205,350,1481901765201363973,,0,0,46.5183868408,6.56624221802,2.77602830977e-40,1.0,0.0,0.0,0.0,1.0,0.0,0.0,0.0,1.0,0
1481901765545011805,351,1481901765542342385,,0,0,46.5183982849,6.5662612915,2.77602830977e-40,1.0,0.0,0.0,0.0,1.0,0.0,0.0,0.0,1.0,0
1481901765836065291,352,1481901765832692852,,0,0,46.5183944702,6.56628704071,2.77602830977e-40,1.0,0.0,0.0,0.0,1.0,0.0,0.0,0.0,1.0,0
1481901766233045646,353,1481901766231312785,,0,0,46.5184020996,6.56630373001,2.77602830977e-40,1.0,0.0,0.0,0.0,1.0,0.0,0.0,0.0,1.0,0
1481901766612084066,354,1481901766605566062,,0,0,46.5184211731,6.56631135941,2.77602830977e-40,1.0,0.0,0.0,0.0,1.0,0.0,0.0,0.0,1.0,0
1481901767031743165,355,1481901767029502598,,0,0,46.5184326172,6.56633281708,2.77602830977e-40,1.0,0.0,0.0,0.0,1.0,0.0,0.0,0.0,1.0,0
1481901767381598951,356,1481901767379344321,,0,0,46.5184631348,6.56632947922,2.77602830977e-40,1.0,0.0,0.0,0.0,1.0,0.0,0.0,0.0,1.0,0
1481901767751636248,357,1481901767748462037,,0,0,46.5184707642,6.56635665894,2.77602830977e-40,1.0,0.0,0.0,0.0,1.0,0.0,0.0,0.0,1.0,0
1481901768077356730,358,1481901768074462414,,0,0,46.5184707642,6.56637716293,2.77602830977e-40,1.0,0.0,0.0,0.0,1.0,0.0,0.0,0.0,1.0,0
1481901768330469165,359,1481901768326809748,,0,0,46.5184936523,6.56638002396,2.77602830977e-40,1.0,0.0,0.0,0.0,1.0,0.0,0.0,0.0,1.0,0
1481901768519540721,360,1481901768518030308,,0,0,46.5185050964,6.56637525558,2.77602830977e-40,1.0,0.0,0.0,0.0,1.0,0.0,0.0,0.0,1.0,0
1481901768743715052,361,1481901768740650580,,0,0,46.5185089111,6.56638336182,2.77602830977e-40,1.0,0.0,0.0,0.0,1.0,0.0,0.0,0.0,1.0,0
1481901768897591435,362,1481901768894608318,,0,0,46.5185127258,6.56637239456,2.77602830977e-40,1.0,0.0,0.0,0.0,1.0,0.0,0.0,0.0,1.0,0
1481901769081602795,363,1481901769077369628,,0,0,46.5185203552,6.56636381149,2.77602830977e-40,1.0,0.0,0.0,0.0,1.0,0.0,0.0,0.0,1.0,0
1481901769297826052,364,1481901769294865539,,0,0,46.5185317993,6.56634521484,2.77602830977e-40,1.0,0.0,0.0,0.0,1.0,0.0,0.0,0.0,1.0,0
1481901769493703996,365,1481901769491238221,,0,0,46.518535614,6.56635379791,2.77602830977e-40,1.0,0.0,0.0,0.0,1.0,0.0,0.0,0.0,1.0,0
1481901769696521454,366,1481901769694310366,,0,0,46.5185394287,6.56636381149,2.77602830977e-40,1.0,0.0,0.0,0.0,1.0,0.0,0.0,0.0,1.0,0
1481901769900387556,367,1481901769897784333,,0,0,46.5185317993,6.56634664536,2.77602830977e-40,1.0,0.0,0.0,0.0,1.0,0.0,0.0,0.0,1.0,0
1481901770095656335,368,1481901770092632124,,0,0,46.5185470581,6.56635427475,2.77602830977e-40,1.0,0.0,0.0,0.0,1.0,0.0,0.0,0.0,1.0,0
1481901770297445462,369,1481901770294988801,,0,0,46.5185546875,6.56633853912,2.77602830977e-40,1.0,0.0,0.0,0.0,1.0,0.0,0.0,0.0,1.0,0
1481901770493521218,370,1481901770488757168,,0,0,46.5185546875,6.56634473801,2.77602830977e-40,1.0,0.0,0.0,0.0,1.0,0.0,0.0,0.0,1.0,0
1481901770740290961,371,1481901770737845238,,0,0,46.518573761,6.56633520126,2.77602830977e-40,1.0,0.0,0.0,0.0,1.0,0.0,0.0,0.0,1.0,0
1481901770886069865,372,1481901770883148570,,0,0,46.5185813904,6.5663318634,2.77602830977e-40,1.0,0.0,0.0,0.0,1.0,0.0,0.0,0.0,1.0,0
1481901771092821428,373,1481901771089376072,,0,0,46.5185966492,6.56631278992,2.77602830977e-40,1.0,0.0,0.0,0.0,1.0,0.0,0.0,0.0,1.0,0
1481901771300277936,374,1481901771297071799,,0,0,46.5186080933,6.56631088257,2.77602830977e-40,1.0,0.0,0.0,0.0,1.0,0.0,0.0,0.0,1.0,0
1481901771502800031,375,1481901771500253058,,0,0,46.518611908,6.56629753113,2.77602830977e-40,1.0,0.0,0.0,0.0,1.0,0.0,0.0,0.0,1.0,0
1481901771741215888,376,1481901771738907978,,0,0,46.5186157227,6.56627321243,2.77602830977e-40,1.0,0.0,0.0,0.0,1.0,0.0,0.0,0.0,1.0,0
1481901771878742782,377,1481901771877263046,,0,0,46.5186157227,6.56626987457,2.77602830977e-40,1.0,0.0,0.0,0.0,1.0,0.0,0.0,0.0,1.0,0
1481901772157645256,378,1481901772154851097,,0,0,46.5186233521,6.56626844406,2.77602830977e-40,1.0,0.0,0.0,0.0,1.0,0.0,0.0,0.0,1.0,0
1481901772352561953,379,1481901772350637010,,0,0,46.5186233521,6.56625795364,2.77602830977e-40,1.0,0.0,0.0,0.0,1.0,0.0,0.0,0.0,1.0,0
1481901772600716588,380,1481901772598640344,,0,0,46.5186157227,6.56624603271,2.77602830977e-40,1.0,0.0,0.0,0.0,1.0,0.0,0.0,0.0,1.0,0
1481901772915872670,381,1481901772912283616,,0,0,46.5186233521,6.56623649597,2.77602830977e-40,1.0,0.0,0.0,0.0,1.0,0.0,0.0,0.0,1.0,0
1481901773252283750,382,1481901773248622457,,0,0,46.5186195374,6.56619930267,2.77602830977e-40,1.0,0.0,0.0,0.0,1.0,0.0,0.0,0.0,1.0,0
1481901773626716505,383,1481901773623405003,,0,0,46.518611908,6.5661816597,2.77602830977e-40,1.0,0.0,0.0,0.0,1.0,0.0,0.0,0.0,1.0,0
1481901774071353145,384,1481901774069591014,,0,0,46.5186042786,6.5661649704,2.77602830977e-40,1.0,0.0,0.0,0.0,1.0,0.0,0.0,0.0,1.0,0
1481901774465148872,385,1481901774462633566,,0,0,46.5185890198,6.5661482811,2.77602830977e-40,1.0,0.0,0.0,0.0,1.0,0.0,0.0,0.0,1.0,0
1481901774849719675,386,1481901774843779377,,0,0,46.5185699463,6.56613445282,2.77602830977e-40,1.0,0.0,0.0,0.0,1.0,0.0,0.0,0.0,1.0,0
1481901775262113271,387,1481901775260087756,,0,0,46.5185508728,6.56613969803,2.77602830977e-40,1.0,0.0,0.0,0.0,1.0,0.0,0.0,0.0,1.0,0
1481901775634614313,388,1481901775629434534,,0,0,46.5185317993,6.56611585617,2.77602830977e-40,1.0,0.0,0.0,0.0,1.0,0.0,0.0,0.0,1.0,0
1481901776005739836,389,1481901776001877711,,0,0,46.5185165405,6.56611537933,2.77602830977e-40,1.0,0.0,0.0,0.0,1.0,0.0,0.0,0.0,1.0,0
1481901776406175442,390,1481901776403971021,,0,0,46.5184326172,6.56612634659,2.77602830977e-40,1.0,0.0,0.0,0.0,1.0,0.0,0.0,0.0,1.0,0
1481901776876664153,391,1481901776873761817,,0,0,46.5184135437,6.56613445282,2.77602830977e-40,1.0,0.0,0.0,0.0,1.0,0.0,0.0,0.0,1.0,0
1481901777233683827,392,1481901777230823418,,0,0,46.518447876,6.56616306305,2.77602830977e-40,1.0,0.0,0.0,0.0,1.0,0.0,0.0,0.0,1.0,0
1481901777604332060,393,1481901777601275818,,0,0,46.5184211731,6.56619787216,2.77602830977e-40,1.0,0.0,0.0,0.0,1.0,0.0,0.0,0.0,1.0,0
1481901777838682147,394,1481901777835576426,,0,0,46.5184059143,6.56620454788,2.77602830977e-40,1.0,0.0,0.0,0.0,1.0,0.0,0.0,0.0,1.0,0
1481901778078368940,395,1481901778075175823,,0,0,46.5184249878,6.56622838974,2.77602830977e-40,1.0,0.0,0.0,0.0,1.0,0.0,0.0,0.0,1.0,0
1481901778476497364,396,1481901778472721905,,0,0,46.5184516907,6.56622028351,2.77602830977e-40,1.0,0.0,0.0,0.0,1.0,0.0,0.0,0.0,1.0,0
1481901778819515667,397,1481901778816936142,,0,0,46.5184249878,6.56628513336,2.77602830977e-40,1.0,0.0,0.0,0.0,1.0,0.0,0.0,0.0,1.0,0
1481901779230659475,398,1481901779227612920,,0,0,46.5184059143,6.56633758545,2.77602830977e-40,1.0,0.0,0.0,0.0,1.0,0.0,0.0,0.0,1.0,0
1481901779609713885,399,1481901779608062431,,0,0,46.5184364319,6.56631469727,2.77602830977e-40,1.0,0.0,0.0,0.0,1.0,0.0,0.0,0.0,1.0,0
1481901780044893050,400,1481901780042063682,,0,0,46.5184516907,6.56634807587,2.77602830977e-40,1.0,0.0,0.0,0.0,1.0,0.0,0.0,0.0,1.0,0
1481901780404002822,401,1481901780400172624,,0,0,46.5184669495,6.56634759903,2.77602830977e-40,1.0,0.0,0.0,0.0,1.0,0.0,0.0,0.0,1.0,0
1481901780789017113,402,1481901780787118524,,0,0,46.5184555054,6.56640100479,2.77602830977e-40,1.0,0.0,0.0,0.0,1.0,0.0,0.0,0.0,1.0,0
1481901781037449040,403,1481901781035031441,,0,0,46.5184516907,6.56643533707,2.77602830977e-40,1.0,0.0,0.0,0.0,1.0,0.0,0.0,0.0,1.0,0
1481901781182229717,404,1481901781179595765,,0,0,46.5184555054,6.56643867493,2.77602830977e-40,1.0,0.0,0.0,0.0,1.0,0.0,0.0,0.0,1.0,0
1481901781400399271,405,1481901781398511620,,0,0,46.5184631348,6.56643676758,2.77602830977e-40,1.0,0.0,0.0,0.0,1.0,0.0,0.0,0.0,1.0,0
1481901781577106430,406,1481901781574441541,,0,0,46.5184669495,6.56642627716,2.77602830977e-40,1.0,0.0,0.0,0.0,1.0,0.0,0.0,0.0,1.0,0
1481901781691532757,407,1481901781687828808,,0,0,46.5184593201,6.56643342972,2.77602830977e-40,1.0,0.0,0.0,0.0,1.0,0.0,0.0,0.0,1.0,0
1481901781892396626,408,1481901781890850067,,0,0,46.5184402466,6.56646442413,2.77602830977e-40,1.0,0.0,0.0,0.0,1.0,0.0,0.0,0.0,1.0,0
1481901782096971163,409,1481901782094353409,,0,0,46.5184326172,6.56647539139,2.77602830977e-40,1.0,0.0,0.0,0.0,1.0,0.0,0.0,0.0,1.0,0
1481901782312428224,410,1481901782308897660,,0,0,46.5184326172,6.56648445129,2.77602830977e-40,1.0,0.0,0.0,0.0,1.0,0.0,0.0,0.0,1.0,0
1481901782517373490,411,1481901782515509223,,0,0,46.5184211731,6.56650590897,2.77602830977e-40,1.0,0.0,0.0,0.0,1.0,0.0,0.0,0.0,1.0,0
1481901782705239996,412,1481901782701143808,,0,0,46.5184173584,6.56650543213,2.77602830977e-40,1.0,0.0,0.0,0.0,1.0,0.0,0.0,0.0,1.0,0
1481901782889556146,413,1481901782884237097,,0,0,46.518409729,6.56651306152,2.77602830977e-40,1.0,0.0,0.0,0.0,1.0,0.0,0.0,0.0,1.0,0
1481901783094294641,414,1481901783091625950,,0,0,46.5184059143,6.56651830673,2.77602830977e-40,1.0,0.0,0.0,0.0,1.0,0.0,0.0,0.0,1.0,0
1481901783299478968,415,1481901783297837357,,0,0,46.5183830261,6.56655073166,2.77602830977e-40,1.0,0.0,0.0,0.0,1.0,0.0,0.0,0.0,1.0,0
1481901783515198320,416,1481901783512383328,,0,0,46.5183868408,6.56654167175,2.77602830977e-40,1.0,0.0,0.0,0.0,1.0,0.0,0.0,0.0,1.0,0
1481901783708307313,417,1481901783703317430,,0,0,46.5183792114,6.56655216217,2.77602830977e-40,1.0,0.0,0.0,0.0,1.0,0.0,0.0,0.0,1.0,0
1481901783908836652,418,1481901783905877389,,0,0,46.5183639526,6.56656217575,2.77602830977e-40,1.0,0.0,0.0,0.0,1.0,0.0,0.0,0.0,1.0,0
1481901784096210659,419,1481901784092065253,,0,0,46.5183563232,6.56657218933,2.77602830977e-40,1.0,0.0,0.0,0.0,1.0,0.0,0.0,0.0,1.0,0
1481901784300177750,420,1481901784296416041,,0,0,46.5183448792,6.56659317017,2.77602830977e-40,1.0,0.0,0.0,0.0,1.0,0.0,0.0,0.0,1.0,0
1481901784510148940,421,1481901784503856299,,0,0,46.5183372498,6.56658840179,2.77602830977e-40,1.0,0.0,0.0,0.0,1.0,0.0,0.0,0.0,1.0,0
1481901784764630122,422,1481901784762089607,,0,0,46.5183296204,6.56657838821,2.77602830977e-40,1.0,0.0,0.0,0.0,1.0,0.0,0.0,0.0,1.0,0
1481901784911171784,423,1481901784906504035,,0,0,46.518321991,6.56657361984,2.77602830977e-40,1.0,0.0,0.0,0.0,1.0,0.0,0.0,0.0,1.0,0
1481901785104544995,424,1481901785102170626,,0,0,46.5183143616,6.56657886505,2.77602830977e-40,1.0,0.0,0.0,0.0,1.0,0.0,0.0,0.0,1.0,0
1481901785297227322,425,1481901785294920297,,0,0,46.5183067322,6.56656265259,2.77602830977e-40,1.0,0.0,0.0,0.0,1.0,0.0,0.0,0.0,1.0,0
1481901785511575689,426,1481901785508647415,,0,0,46.5182991028,6.56657648087,2.77602830977e-40,1.0,0.0,0.0,0.0,1.0,0.0,0.0,0.0,1.0,0
1481901785683116923,427,1481901785680465784,,0,0,46.5182914734,6.56658411026,2.77602830977e-40,1.0,0.0,0.0,0.0,1.0,0.0,0.0,0.0,1.0,0
1481901785897196332,428,1481901785894208527,,0,0,46.5182800293,6.56659460068,2.77602830977e-40,1.0,0.0,0.0,0.0,1.0,0.0,0.0,0.0,1.0,0
1481901786104949142,429,1481901786101336183,,0,0,46.5182762146,6.56661462784,2.77602830977e-40,1.0,0.0,0.0,0.0,1.0,0.0,0.0,0.0,1.0,0
1481901786300106047,430,1481901786297218658,,0,0,46.5182685852,6.5666217804,2.77602830977e-40,1.0,0.0,0.0,0.0,1.0,0.0,0.0,0.0,1.0,0
1481901786509899685,431,1481901786505667977,,0,0,46.5182609558,6.56662225723,2.77602830977e-40,1.0,0.0,0.0,0.0,1.0,0.0,0.0,0.0,1.0,0
1481901786705731067,432,1481901786703089667,,0,0,46.5182571411,6.5666270256,2.77602830977e-40,1.0,0.0,0.0,0.0,1.0,0.0,0.0,0.0,1.0,0
1481901786955768822,433,1481901786951832687,,0,0,46.5182533264,6.56663227081,2.77602830977e-40,1.0,0.0,0.0,0.0,1.0,0.0,0.0,0.0,1.0,0
1481901787308780121,434,1481901787306291377,,0,0,46.5182533264,6.56663513184,2.77602830977e-40,1.0,0.0,0.0,0.0,1.0,0.0,0.0,0.0,1.0,0
1481901787781837836,435,1481901787778748364,,0,0,46.5182571411,6.56665182114,2.77602830977e-40,1.0,0.0,0.0,0.0,1.0,0.0,0.0,0.0,1.0,0
1481901787901935190,436,1481901787899551966,,0,0,46.5182533264,6.56666135788,2.77602830977e-40,1.0,0.0,0.0,0.0,1.0,0.0,0.0,0.0,1.0,0
1481901788378005605,437,1481901788375393945,,0,0,46.5182533264,6.56666088104,2.77602830977e-40,1.0,0.0,0.0,0.0,1.0,0.0,0.0,0.0,1.0,0
1481901788992973432,438,1481901788990406459,,0,0,46.5182495117,6.56664514542,2.77602830977e-40,1.0,0.0,0.0,0.0,1.0,0.0,0.0,0.0,1.0,0
1481901789376033925,439,1481901789373646223,,0,0,46.5182495117,6.56664085388,2.77602830977e-40,1.0,0.0,0.0,0.0,1.0,0.0,0.0,0.0,1.0,0
1481901789727754498,440,1481901789724548881,,0,0,46.5182609558,6.56664800644,2.77602830977e-40,1.0,0.0,0.0,0.0,1.0,0.0,0.0,0.0,1.0,0
1481901790112243738,441,1481901790109780671,,0,0,46.5182647705,6.56665039062,2.77602830977e-40,1.0,0.0,0.0,0.0,1.0,0.0,0.0,0.0,1.0,0
1481901790523154474,442,1481901790520791876,,0,0,46.5182723999,6.56665229797,2.77602830977e-40,1.0,0.0,0.0,0.0,1.0,0.0,0.0,0.0,1.0,0
1481901791052675484,443,1481901791049740960,,0,0,46.518283844,6.56664800644,2.77602830977e-40,1.0,0.0,0.0,0.0,1.0,0.0,0.0,0.0,1.0,0
1481901791401538928,444,1481901791398841852,,0,0,46.5182991028,6.56664276123,2.77602830977e-40,1.0,0.0,0.0,0.0,1.0,0.0,0.0,0.0,1.0,0
1481901791764902753,445,1481901791761715626,,0,0,46.5182952881,6.56665039062,2.77602830977e-40,1.0,0.0,0.0,0.0,1.0,0.0,0.0,0.0,1.0,0
1481901792136933587,446,1481901792133999584,,0,0,46.5182609558,6.56664991379,2.77602830977e-40,1.0,0.0,0.0,0.0,1.0,0.0,0.0,0.0,1.0,0
1481901792441723861,447,1481901792438115380,,0,0,46.5182762146,6.56663560867,2.77602830977e-40,1.0,0.0,0.0,0.0,1.0,0.0,0.0,0.0,1.0,0
1481901792687502096,448,1481901792684679499,,0,0,46.5182800293,6.56665039062,2.77602830977e-40,1.0,0.0,0.0,0.0,1.0,0.0,0.0,0.0,1.0,0
1481901793032980289,449,1481901793029633422,,0,0,46.5182800293,6.56665229797,2.77602830977e-40,1.0,0.0,0.0,0.0,1.0,0.0,0.0,0.0,1.0,0
1481901793306948297,450,1481901793304893250,,0,0,46.518283844,6.56663894653,2.77602830977e-40,1.0,0.0,0.0,0.0,1.0,0.0,0.0,0.0,1.0,0
1481901793618489491,451,1481901793616777100,,0,0,46.5182762146,6.56664896011,2.77602830977e-40,1.0,0.0,0.0,0.0,1.0,0.0,0.0,0.0,1.0,0
1481901793896496447,452,1481901793895037128,,0,0,46.5182533264,6.56664848328,2.77602830977e-40,1.0,0.0,0.0,0.0,1.0,0.0,0.0,0.0,1.0,0
1481901794222186304,453,1481901794219665738,,0,0,46.5182418823,6.56665611267,2.77602830977e-40,1.0,0.0,0.0,0.0,1.0,0.0,0.0,0.0,1.0,0
1481901794598127024,454,1481901794595201042,,0,0,46.5182495117,6.56666278839,2.77602830977e-40,1.0,0.0,0.0,0.0,1.0,0.0,0.0,0.0,1.0,0
1481901794961830848,455,1481901794957098307,,0,0,46.5182533264,6.56665754318,2.77602830977e-40,1.0,0.0,0.0,0.0,1.0,0.0,0.0,0.0,1.0,0
1481901795250693766,456,1481901795246240756,,0,0,46.518245697,6.56666278839,2.77602830977e-40,1.0,0.0,0.0,0.0,1.0,0.0,0.0,0.0,1.0,0
1481901795557124869,457,1481901795553761753,,0,0,46.5182495117,6.56665706635,2.77602830977e-40,1.0,0.0,0.0,0.0,1.0,0.0,0.0,0.0,1.0,0
1481901795855912190,458,1481901795849672987,,0,0,46.518245697,6.56666088104,2.77602830977e-40,1.0,0.0,0.0,0.0,1.0,0.0,0.0,0.0,1.0,0
1481901796158518980,459,1481901796155305498,,0,0,46.5182266235,6.56666564941,2.77602830977e-40,1.0,0.0,0.0,0.0,1.0,0.0,0.0,0.0,1.0,0
1481901796456238647,460,1481901796450378557,,0,0,46.5182151794,6.56666517258,2.77602830977e-40,1.0,0.0,0.0,0.0,1.0,0.0,0.0,0.0,1.0,0
1481901796732355035,461,1481901796729639573,,0,0,46.5182189941,6.56666660309,2.77602830977e-40,1.0,0.0,0.0,0.0,1.0,0.0,0.0,0.0,1.0,0
1481901797050948295,462,1481901797048508197,,0,0,46.5182189941,6.56666898727,2.77602830977e-40,1.0,0.0,0.0,0.0,1.0,0.0,0.0,0.0,1.0,0
1481901797362642302,463,1481901797358921790,,0,0,46.5182304382,6.56666564941,2.77602830977e-40,1.0,0.0,0.0,0.0,1.0,0.0,0.0,0.0,1.0,0
1481901797658126297,464,1481901797654772555,,0,0,46.5182151794,6.56666660309,2.77602830977e-40,1.0,0.0,0.0,0.0,1.0,0.0,0.0,0.0,1.0,0
1481901797952629774,465,1481901797948660565,,0,0,46.5182037354,6.5666680336,2.77602830977e-40,1.0,0.0,0.0,0.0,1.0,0.0,0.0,0.0,1.0,0
1481901798241589307,466,1481901798239163584,,0,0,46.5181999207,6.5666680336,2.77602830977e-40,1.0,0.0,0.0,0.0,1.0,0.0,0.0,0.0,1.0,0
1481901798570098167,467,1481901798567585830,,0,0,46.5182228088,6.56666517258,2.77602830977e-40,1.0,0.0,0.0,0.0,1.0,0.0,0.0,0.0,1.0,0
1481901798799255350,468,1481901798795516662,,0,0,46.5182151794,6.56666946411,2.77602830977e-40,1.0,0.0,0.0,0.0,1.0,0.0,0.0,0.0,1.0,0
1481901799149223636,469,1481901799145689478,,0,0,46.5182418823,6.56666994095,2.77602830977e-40,1.0,0.0,0.0,0.0,1.0,0.0,0.0,0.0,1.0,0
1481901799340475341,470,1481901799336722018,,0,0,46.5182380676,6.56667280197,2.77602830977e-40,1.0,0.0,0.0,0.0,1.0,0.0,0.0,0.0,1.0,0
1481901799544233422,471,1481901799540515515,,0,0,46.5182418823,6.56667375565,2.77602830977e-40,1.0,0.0,0.0,0.0,1.0,0.0,0.0,0.0,1.0,0
1481901799750391965,472,1481901799742531100,,0,0,46.5182571411,6.56667041779,2.77602830977e-40,1.0,0.0,0.0,0.0,1.0,0.0,0.0,0.0,1.0,0
1481901799899978099,473,1481901799896085244,,0,0,46.5182609558,6.56666946411,2.77602830977e-40,1.0,0.0,0.0,0.0,1.0,0.0,0.0,0.0,1.0,0
1481901800101707799,474,1481901800098887494,,0,0,46.5182571411,6.56666135788,2.77602830977e-40,1.0,0.0,0.0,0.0,1.0,0.0,0.0,0.0,1.0,0
1481901800312744507,475,1481901800306164784,,0,0,46.5182495117,6.56666183472,2.77602830977e-40,1.0,0.0,0.0,0.0,1.0,0.0,0.0,0.0,1.0,0
1481901800482010904,476,1481901800479548879,,0,0,46.518245697,6.56666517258,2.77602830977e-40,1.0,0.0,0.0,0.0,1.0,0.0,0.0,0.0,1.0,0
1481901800689772360,477,1481901800686191484,,0,0,46.5182418823,6.56666135788,2.77602830977e-40,1.0,0.0,0.0,0.0,1.0,0.0,0.0,0.0,1.0,0
1481901800883146561,478,1481901800880877504,,0,0,46.5182342529,6.56665992737,2.77602830977e-40,1.0,0.0,0.0,0.0,1.0,0.0,0.0,0.0,1.0,0
1481901801120458359,479,1481901801115779256,,0,0,46.5182228088,6.56665420532,2.77602830977e-40,1.0,0.0,0.0,0.0,1.0,0.0,0.0,0.0,1.0,0
1481901801300837175,480,1481901801297059581,,0,0,46.51820755,6.56667757034,2.77602830977e-40,1.0,0.0,0.0,0.0,1.0,0.0,0.0,0.0,1.0,0
1481901801515385697,481,1481901801513171953,,0,0,46.5182151794,6.56665897369,2.77602830977e-40,1.0,0.0,0.0,0.0,1.0,0.0,0.0,0.0,1.0,0
1481901801703042308,482,1481901801700096066,,0,0,46.5182380676,6.56665086746,2.77602830977e-40,1.0,0.0,0.0,0.0,1.0,0.0,0.0,0.0,1.0,0
1481901801898312858,483,1481901801895752500,,0,0,46.5182380676,6.5666642189,2.77602830977e-40,1.0,0.0,0.0,0.0,1.0,0.0,0.0,0.0,1.0,0
1481901802096976629,484,1481901802093342159,,0,0,46.5182228088,6.56665802002,2.77602830977e-40,1.0,0.0,0.0,0.0,1.0,0.0,0.0,0.0,1.0,0
1481901802282374912,485,1481901802277170967,,0,0,46.5182189941,6.56665945053,2.77602830977e-40,1.0,0.0,0.0,0.0,1.0,0.0,0.0,0.0,1.0,0
1481901802415983846,486,1481901802411860159,,0,0,46.5182228088,6.56665420532,2.77602830977e-40,1.0,0.0,0.0,0.0,1.0,0.0,0.0,0.0,1.0,0
1481901802598331616,487,1481901802596324434,,0,0,46.5182342529,6.566655159,2.77602830977e-40,1.0,0.0,0.0,0.0,1.0,0.0,0.0,0.0,1.0,0
1481901802801322355,488,1481901802796995335,,0,0,46.5182380676,6.56664228439,2.77602830977e-40,1.0,0.0,0.0,0.0,1.0,0.0,0.0,0.0,1.0,0
1481901803004411166,489,1481901803001040706,,0,0,46.5182533264,6.56663036346,2.77602830977e-40,1.0,0.0,0.0,0.0,1.0,0.0,0.0,0.0,1.0,0
1481901803212121424,490,1481901803204771755,,0,0,46.518245697,6.56665849686,2.77602830977e-40,1.0,0.0,0.0,0.0,1.0,0.0,0.0,0.0,1.0,0
1481901803401512875,491,1481901803399828816,,0,0,46.5182533264,6.56666278839,2.77602830977e-40,1.0,0.0,0.0,0.0,1.0,0.0,0.0,0.0,1.0,0
1481901803589907244,492,1481901803584703611,,0,0,46.5182647705,6.56666088104,2.77602830977e-40,1.0,0.0,0.0,0.0,1.0,0.0,0.0,0.0,1.0,0
1481901803796972295,493,1481901803793363398,,0,0,46.5182723999,6.56667566299,2.77602830977e-40,1.0,0.0,0.0,0.0,1.0,0.0,0.0,0.0,1.0,0
1481901804001978706,494,1481901803999052099,,0,0,46.5182571411,6.56667852402,2.77602830977e-40,1.0,0.0,0.0,0.0,1.0,0.0,0.0,0.0,1.0,0
1481901804197008371,495,1481901804194070722,,0,0,46.518283844,6.56665706635,2.77602830977e-40,1.0,0.0,0.0,0.0,1.0,0.0,0.0,0.0,1.0,0
1481901804392330327,496,1481901804388550545,,0,0,46.5182685852,6.5666809082,2.77602830977e-40,1.0,0.0,0.0,0.0,1.0,0.0,0.0,0.0,1.0,0
1481901804593329092,497,1481901804591726127,,0,0,46.5182914734,6.56664800644,2.77602830977e-40,1.0,0.0,0.0,0.0,1.0,0.0,0.0,0.0,1.0,0
1481901804797971962,498,1481901804794875720,,0,0,46.5183067322,6.56664991379,2.77602830977e-40,1.0,0.0,0.0,0.0,1.0,0.0,0.0,0.0,1.0,0
1481901804980288742,499,1481901804976502242,,0,0,46.518283844,6.56668424606,2.77602830977e-40,1.0,0.0,0.0,0.0,1.0,0.0,0.0,0.0,1.0,0
1481901805206446767,500,1481901805204341772,,0,0,46.5182914734,6.56668710709,2.77602830977e-40,1.0,0.0,0.0,0.0,1.0,0.0,0.0,0.0,1.0,0
1481901805412637237,501,1481901805409762505,,0,0,46.5182876587,6.56664514542,2.77602830977e-40,1.0,0.0,0.0,0.0,1.0,0.0,0.0,0.0,1.0,0
1481901805617527502,502,1481901805615733444,,0,0,46.5182952881,6.5666179657,2.77602830977e-40,1.0,0.0,0.0,0.0,1.0,0.0,0.0,0.0,1.0,0
1481901805814549141,503,1481901805811616857,,0,0,46.5183181763,6.56661176682,2.77602830977e-40,1.0,0.0,0.0,0.0,1.0,0.0,0.0,0.0,1.0,0
1481901806013000673,504,1481901806006777147,,0,0,46.5183029175,6.56662034988,2.77602830977e-40,1.0,0.0,0.0,0.0,1.0,0.0,0.0,0.0,1.0,0
1481901806213279960,505,1481901806209771844,,0,0,46.5183067322,6.5666270256,2.77602830977e-40,1.0,0.0,0.0,0.0,1.0,0.0,0.0,0.0,1.0,0
1481901806393397684,506,1481901806390908836,,0,0,46.5182952881,6.56663942337,2.77602830977e-40,1.0,0.0,0.0,0.0,1.0,0.0,0.0,0.0,1.0,0
1481901806606298293,507,1481901806604525954,,0,0,46.5183105469,6.56665420532,2.77602830977e-40,1.0,0.0,0.0,0.0,1.0,0.0,0.0,0.0,1.0,0
1481901806816039796,508,1481901806811524287,,0,0,46.5183296204,6.56664705276,2.77602830977e-40,1.0,0.0,0.0,0.0,1.0,0.0,0.0,0.0,1.0,0
1481901807011470919,509,1481901807006331505,,0,0,46.5183143616,6.56665802002,2.77602830977e-40,1.0,0.0,0.0,0.0,1.0,0.0,0.0,0.0,1.0,0
1481901807206553396,510,1481901807204584860,,0,0,46.5183029175,6.56663799286,2.77602830977e-40,1.0,0.0,0.0,0.0,1.0,0.0,0.0,0.0,1.0,0
1481901807402584361,511,1481901807399599004,,0,0,46.5183334351,6.56664085388,2.77602830977e-40,1.0,0.0,0.0,0.0,1.0,0.0,0.0,0.0,1.0,0
1481901807608166968,512,1481901807605175517,,0,0,46.5183296204,6.56664133072,2.77602830977e-40,1.0,0.0,0.0,0.0,1.0,0.0,0.0,0.0,1.0,0
1481901807791063122,513,1481901807786687039,,0,0,46.5183486938,6.56666135788,2.77602830977e-40,1.0,0.0,0.0,0.0,1.0,0.0,0.0,0.0,1.0,0
1481901808011975326,514,1481901808010406736,,0,0,46.5183677673,6.56665897369,2.77602830977e-40,1.0,0.0,0.0,0.0,1.0,0.0,0.0,0.0,1.0,0
1481901808214641170,515,1481901808211456959,,0,0,46.5183525085,6.56663560867,2.77602830977e-40,1.0,0.0,0.0,0.0,1.0,0.0,0.0,0.0,1.0,0
1481901808405967146,516,1481901808402895540,,0,0,46.5183639526,6.56665182114,2.77602830977e-40,1.0,0.0,0.0,0.0,1.0,0.0,0.0,0.0,1.0,0
1481901808613296676,517,1481901808609381374,,0,0,46.5183639526,6.56664848328,2.77602830977e-40,1.0,0.0,0.0,0.0,1.0,0.0,0.0,0.0,1.0,0
1481901808808620195,518,1481901808805819421,,0,0,46.5183830261,6.56666517258,2.77602830977e-40,1.0,0.0,0.0,0.0,1.0,0.0,0.0,0.0,1.0,0
1481901809017273263,519,1481901809014952123,,0,0,46.5184173584,6.56664705276,2.77602830977e-40,1.0,0.0,0.0,0.0,1.0,0.0,0.0,0.0,1.0,0
1481901809201237800,520,1481901809198895983,,0,0,46.5183868408,6.56662607193,2.77602830977e-40,1.0,0.0,0.0,0.0,1.0,0.0,0.0,0.0,1.0,0
1481901809412309195,521,1481901809406732126,,0,0,46.5183639526,6.56662893295,2.77602830977e-40,1.0,0.0,0.0,0.0,1.0,0.0,0.0,0.0,1.0,0
1481901809614857279,522,1481901809612580722,,0,0,46.5183525085,6.56662368774,2.77602830977e-40,1.0,0.0,0.0,0.0,1.0,0.0,0.0,0.0,1.0,0
1481901809818644995,523,1481901809816179376,,0,0,46.5183563232,6.56661176682,2.77602830977e-40,1.0,0.0,0.0,0.0,1.0,0.0,0.0,0.0,1.0,0
1481901810021758494,524,1481901810019346938,,0,0,46.5183601379,6.56661891937,2.77602830977e-40,1.0,0.0,0.0,0.0,1.0,0.0,0.0,0.0,1.0,0
1481901810208147348,525,1481901810205696937,,0,0,46.5183830261,6.56660604477,2.77602830977e-40,1.0,0.0,0.0,0.0,1.0,0.0,0.0,0.0,1.0,0
1481901810403994146,526,1481901810400746915,,0,0,46.5184173584,6.56661367416,2.77602830977e-40,1.0,0.0,0.0,0.0,1.0,0.0,0.0,0.0,1.0,0
1481901810592206432,527,1481901810589985969,,0,0,46.5183982849,6.56663799286,2.77602830977e-40,1.0,0.0,0.0,0.0,1.0,0.0,0.0,0.0,1.0,0
1481901810807115110,528,1481901810804281002,,0,0,46.5183982849,6.5666217804,2.77602830977e-40,1.0,0.0,0.0,0.0,1.0,0.0,0.0,0.0,1.0,0
1481901811011805167,529,1481901811010053141,,0,0,46.5183906555,6.56662464142,2.77602830977e-40,1.0,0.0,0.0,0.0,1.0,0.0,0.0,0.0,1.0,0
1481901811195269445,530,1481901811190720811,,0,0,46.518409729,6.5666217804,2.77602830977e-40,1.0,0.0,0.0,0.0,1.0,0.0,0.0,0.0,1.0,0
1481901811408056878,531,1481901811403669493,,0,0,46.518409729,6.56662082672,2.77602830977e-40,1.0,0.0,0.0,0.0,1.0,0.0,0.0,0.0,1.0,0
1481901811612990841,532,1481901811604016280,,0,0,46.518409729,6.56661319733,2.77602830977e-40,1.0,0.0,0.0,0.0,1.0,0.0,0.0,0.0,1.0,0
1481901811803093175,533,1481901811799010997,,0,0,46.5184211731,6.56663703918,2.77602830977e-40,1.0,0.0,0.0,0.0,1.0,0.0,0.0,0.0,1.0,0
1481901812004816156,534,1481901812001867414,,0,0,46.5184288025,6.56664848328,2.77602830977e-40,1.0,0.0,0.0,0.0,1.0,0.0,0.0,0.0,1.0,0
1481901812211467563,535,1481901812207858457,,0,0,46.5184440613,6.56666612625,2.77602830977e-40,1.0,0.0,0.0,0.0,1.0,0.0,0.0,0.0,1.0,0
1481901812410931383,536,1481901812406416239,,0,0,46.518447876,6.5666680336,2.77602830977e-40,1.0,0.0,0.0,0.0,1.0,0.0,0.0,0.0,1.0,0
1481901812616265814,537,1481901812612958323,,0,0,46.5184364319,6.56665039062,2.77602830977e-40,1.0,0.0,0.0,0.0,1.0,0.0,0.0,0.0,1.0,0
1481901812812204175,538,1481901812809378349,,0,0,46.5184440613,6.56666755676,2.77602830977e-40,1.0,0.0,0.0,0.0,1.0,0.0,0.0,0.0,1.0,0
1481901813016230119,539,1481901813012688305,,0,0,46.518447876,6.56665563583,2.77602830977e-40,1.0,0.0,0.0,0.0,1.0,0.0,0.0,0.0,1.0,0
1481901813210733900,540,1481901813205185216,,0,0,46.5184516907,6.56663131714,2.77602830977e-40,1.0,0.0,0.0,0.0,1.0,0.0,0.0,0.0,1.0,0
1481901813411648603,541,1481901813408060226,,0,0,46.5184364319,6.56663179398,2.77602830977e-40,1.0,0.0,0.0,0.0,1.0,0.0,0.0,0.0,1.0,0
1481901813604159368,542,1481901813602230727,,0,0,46.5184402466,6.56664085388,2.77602830977e-40,1.0,0.0,0.0,0.0,1.0,0.0,0.0,0.0,1.0,0
1481901813852075462,543,1481901813848405576,,0,0,46.5184402466,6.56663417816,2.77602830977e-40,1.0,0.0,0.0,0.0,1.0,0.0,0.0,0.0,1.0,0
1481901814013281827,544,1481901814007738143,,0,0,46.518447876,6.56666040421,2.77602830977e-40,1.0,0.0,0.0,0.0,1.0,0.0,0.0,0.0,1.0,0
1481901814208882949,545,1481901814204920251,,0,0,46.5184516907,6.56665992737,2.77602830977e-40,1.0,0.0,0.0,0.0,1.0,0.0,0.0,0.0,1.0,0
1481901814415163003,546,1481901814409267445,,0,0,46.5184555054,6.56664657593,2.77602830977e-40,1.0,0.0,0.0,0.0,1.0,0.0,0.0,0.0,1.0,0
1481901814604628307,547,1481901814601764512,,0,0,46.5184516907,6.56667423248,2.77602830977e-40,1.0,0.0,0.0,0.0,1.0,0.0,0.0,0.0,1.0,0
1481901814796637667,548,1481901814793367936,,0,0,46.5184707642,6.56664991379,2.77602830977e-40,1.0,0.0,0.0,0.0,1.0,0.0,0.0,0.0,1.0,0
1481901815013092226,549,1481901815006811825,,0,0,46.5184631348,6.56664037704,2.77602830977e-40,1.0,0.0,0.0,0.0,1.0,0.0,0.0,0.0,1.0,0
1481901815215826038,550,1481901815209960845,,0,0,46.5184822083,6.56663036346,2.77602830977e-40,1.0,0.0,0.0,0.0,1.0,0.0,0.0,0.0,1.0,0
1481901815405228634,551,1481901815402544579,,0,0,46.5184860229,6.56662034988,2.77602830977e-40,1.0,0.0,0.0,0.0,1.0,0.0,0.0,0.0,1.0,0
1481901815603758291,552,1481901815599730280,,0,0,46.5184860229,6.56660032272,2.77602830977e-40,1.0,0.0,0.0,0.0,1.0,0.0,0.0,0.0,1.0,0
1481901815817095514,553,1481901815814229583,,0,0,46.5185127258,6.56661653519,2.77602830977e-40,1.0,0.0,0.0,0.0,1.0,0.0,0.0,0.0,1.0,0
1481901816000965936,554,1481901815998361568,,0,0,46.5185050964,6.5666270256,2.77602830977e-40,1.0,0.0,0.0,0.0,1.0,0.0,0.0,0.0,1.0,0
1481901816219640385,555,1481901816216483570,,0,0,46.5185317993,6.56662654877,2.77602830977e-40,1.0,0.0,0.0,0.0,1.0,0.0,0.0,0.0,1.0,0
1481901816404073150,556,1481901816399921598,,0,0,46.5185394287,6.56663274765,2.77602830977e-40,1.0,0.0,0.0,0.0,1.0,0.0,0.0,0.0,1.0,0
1481901816608830239,557,1481901816604374729,,0,0,46.5185279846,6.56664133072,2.77602830977e-40,1.0,0.0,0.0,0.0,1.0,0.0,0.0,0.0,1.0,0
1481901816789866606,558,1481901816786746926,,0,0,46.5185432434,6.56661319733,2.77602830977e-40,1.0,0.0,0.0,0.0,1.0,0.0,0.0,0.0,1.0,0
1481901816995403171,559,1481901816993206302,,0,0,46.5185394287,6.56660604477,2.77602830977e-40,1.0,0.0,0.0,0.0,1.0,0.0,0.0,0.0,1.0,0
1481901817180559580,560,1481901817178898386,,0,0,46.5185050964,6.56662464142,2.77602830977e-40,1.0,0.0,0.0,0.0,1.0,0.0,0.0,0.0,1.0,0
1481901817379536631,561,1481901817376623670,,0,0,46.5184936523,6.56663513184,2.77602830977e-40,1.0,0.0,0.0,0.0,1.0,0.0,0.0,0.0,1.0,0
1481901817605808822,562,1481901817603275078,,0,0,46.5184745789,6.56664657593,2.77602830977e-40,1.0,0.0,0.0,0.0,1.0,0.0,0.0,0.0,1.0,0
1481901817811212523,563,1481901817806609201,,0,0,46.5185012817,6.56663894653,2.77602830977e-40,1.0,0.0,0.0,0.0,1.0,0.0,0.0,0.0,1.0,0
1481901818002349177,564,1481901817999876110,,0,0,46.518497467,6.56665086746,2.77602830977e-40,1.0,0.0,0.0,0.0,1.0,0.0,0.0,0.0,1.0,0
1481901818209122146,565,1481901818205756425,,0,0,46.5184860229,6.5666680336,2.77602830977e-40,1.0,0.0,0.0,0.0,1.0,0.0,0.0,0.0,1.0,0
1481901818402858481,566,1481901818399800832,,0,0,46.5185012817,6.56665277481,2.77602830977e-40,1.0,0.0,0.0,0.0,1.0,0.0,0.0,0.0,1.0,0
1481901818594381176,567,1481901818592814305,,0,0,46.5185050964,6.56665754318,2.77602830977e-40,1.0,0.0,0.0,0.0,1.0,0.0,0.0,0.0,1.0,0
1481901818778202692,568,1481901818775272856,,0,0,46.5184936523,6.56664466858,2.77602830977e-40,1.0,0.0,0.0,0.0,1.0,0.0,0.0,0.0,1.0,0
1481901819004867694,569,1481901819002040201,,0,0,46.5184707642,6.56664276123,2.77602830977e-40,1.0,0.0,0.0,0.0,1.0,0.0,0.0,0.0,1.0,0
1481901819198620019,570,1481901819195806015,,0,0,46.5184593201,6.56665945053,2.77602830977e-40,1.0,0.0,0.0,0.0,1.0,0.0,0.0,0.0,1.0,0
1481901819404271115,571,1481901819401346956,,0,0,46.5184593201,6.56666707993,2.77602830977e-40,1.0,0.0,0.0,0.0,1.0,0.0,0.0,0.0,1.0,0
1481901819608186383,572,1481901819606648574,,0,0,46.5184898376,6.56663608551,2.77602830977e-40,1.0,0.0,0.0,0.0,1.0,0.0,0.0,0.0,1.0,0
1481901819813081648,573,1481901819811301028,,0,0,46.5185012817,6.56662273407,2.77602830977e-40,1.0,0.0,0.0,0.0,1.0,0.0,0.0,0.0,1.0,0
1481901820016809052,574,1481901820014942546,,0,0,46.5184898376,6.56662273407,2.77602830977e-40,1.0,0.0,0.0,0.0,1.0,0.0,0.0,0.0,1.0,0
1481901820198298803,575,1481901820195215530,,0,0,46.5184745789,6.566634655,2.77602830977e-40,1.0,0.0,0.0,0.0,1.0,0.0,0.0,0.0,1.0,0
1481901820424849378,576,1481901820421437043,,0,0,46.5184631348,6.5666384697,2.77602830977e-40,1.0,0.0,0.0,0.0,1.0,0.0,0.0,0.0,1.0,0
1481901820618970556,577,1481901820615432805,,0,0,46.5184822083,6.56663513184,2.77602830977e-40,1.0,0.0,0.0,0.0,1.0,0.0,0.0,0.0,1.0,0
1481901820825594255,578,1481901820821062704,,0,0,46.5185089111,6.56662893295,2.77602830977e-40,1.0,0.0,0.0,0.0,1.0,0.0,0.0,0.0,1.0,0
1481901821019715693,579,1481901821016630388,,0,0,46.5184898376,6.56664085388,2.77602830977e-40,1.0,0.0,0.0,0.0,1.0,0.0,0.0,0.0,1.0,0
1481901821217719465,580,1481901821215061138,,0,0,46.5184898376,6.5666270256,2.77602830977e-40,1.0,0.0,0.0,0.0,1.0,0.0,0.0,0.0,1.0,0
1481901821415049749,581,1481901821409222681,,0,0,46.5184822083,6.56662797928,2.77602830977e-40,1.0,0.0,0.0,0.0,1.0,0.0,0.0,0.0,1.0,0
1481901821597678456,582,1481901821594744922,,0,0,46.5184707642,6.56664180756,2.77602830977e-40,1.0,0.0,0.0,0.0,1.0,0.0,0.0,0.0,1.0,0
1481901821823141117,583,1481901821820753936,,0,0,46.5184707642,6.56664514542,2.77602830977e-40,1.0,0.0,0.0,0.0,1.0,0.0,0.0,0.0,1.0,0
1481901822018545729,584,1481901822016071934,,0,0,46.5184860229,6.56663799286,2.77602830977e-40,1.0,0.0,0.0,0.0,1.0,0.0,0.0,0.0,1.0,0
1481901822222993340,585,1481901822220294596,,0,0,46.5184783936,6.56664705276,2.77602830977e-40,1.0,0.0,0.0,0.0,1.0,0.0,0.0,0.0,1.0,0
1481901822417696964,586,1481901822414922596,,0,0,46.5184783936,6.56664133072,2.77602830977e-40,1.0,0.0,0.0,0.0,1.0,0.0,0.0,0.0,1.0,0
1481901822616817139,587,1481901822611605590,,0,0,46.5184898376,6.56663942337,2.77602830977e-40,1.0,0.0,0.0,0.0,1.0,0.0,0.0,0.0,1.0,0
1481901822812755084,588,1481901822808189001,,0,0,46.5184860229,6.56663656235,2.77602830977e-40,1.0,0.0,0.0,0.0,1.0,0.0,0.0,0.0,1.0,0
1481901822998663313,589,1481901822995615404,,0,0,46.5184822083,6.56665372849,2.77602830977e-40,1.0,0.0,0.0,0.0,1.0,0.0,0.0,0.0,1.0,0
1481901823213928032,590,1481901823209702469,,0,0,46.5185012817,6.56664466858,2.77602830977e-40,1.0,0.0,0.0,0.0,1.0,0.0,0.0,0.0,1.0,0
1481901823415686013,591,1481901823411755554,,0,0,46.518497467,6.56664419174,2.77602830977e-40,1.0,0.0,0.0,0.0,1.0,0.0,0.0,0.0,1.0,0
1481901823621118933,592,1481901823616568997,,0,0,46.5185012817,6.56663894653,2.77602830977e-40,1.0,0.0,0.0,0.0,1.0,0.0,0.0,0.0,1.0,0
1481901823813695896,593,1481901823810012520,,0,0,46.5184898376,6.56663799286,2.77602830977e-40,1.0,0.0,0.0,0.0,1.0,0.0,0.0,0.0,1.0,0
1481901824012858155,594,1481901824010969931,,0,0,46.5184898376,6.56664180756,2.77602830977e-40,1.0,0.0,0.0,0.0,1.0,0.0,0.0,0.0,1.0,0
1481901824215434832,595,1481901824206611365,,0,0,46.5184936523,6.56664228439,2.77602830977e-40,1.0,0.0,0.0,0.0,1.0,0.0,0.0,0.0,1.0,0
1481901824394533548,596,1481901824392613865,,0,0,46.5185050964,6.56664085388,2.77602830977e-40,1.0,0.0,0.0,0.0,1.0,0.0,0.0,0.0,1.0,0
1481901824611150034,597,1481901824607458949,,0,0,46.5184898376,6.56664228439,2.77602830977e-40,1.0,0.0,0.0,0.0,1.0,0.0,0.0,0.0,1.0,0
1481901824816619256,598,1481901824815021812,,0,0,46.5184860229,6.56664228439,2.77602830977e-40,1.0,0.0,0.0,0.0,1.0,0.0,0.0,0.0,1.0,0
1481901825010946371,599,1481901825008626272,,0,0,46.5184822083,6.56664991379,2.77602830977e-40,1.0,0.0,0.0,0.0,1.0,0.0,0.0,0.0,1.0,0
1481901825218837045,600,1481901825214279140,,0,0,46.5184898376,6.56664085388,2.77602830977e-40,1.0,0.0,0.0,0.0,1.0,0.0,0.0,0.0,1.0,0
1481901825419941538,601,1481901825416336027,,0,0,46.5184860229,6.56665039062,2.77602830977e-40,1.0,0.0,0.0,0.0,1.0,0.0,0.0,0.0,1.0,0
1481901825609794602,602,1481901825606967005,,0,0,46.5184898376,6.56665420532,2.77602830977e-40,1.0,0.0,0.0,0.0,1.0,0.0,0.0,0.0,1.0,0
1481901825804066456,603,1481901825801257401,,0,0,46.518497467,6.56664466858,2.77602830977e-40,1.0,0.0,0.0,0.0,1.0,0.0,0.0,0.0,1.0,0
1481901826017379044,604,1481901826015052279,,0,0,46.5184936523,6.56664609909,2.77602830977e-40,1.0,0.0,0.0,0.0,1.0,0.0,0.0,0.0,1.0,0
1481901826213920945,605,1481901826211359597,,0,0,46.5184898376,6.56664562225,2.77602830977e-40,1.0,0.0,0.0,0.0,1.0,0.0,0.0,0.0,1.0,0
1481901826407949050,606,1481901826405071505,,0,0,46.5184936523,6.56663799286,2.77602830977e-40,1.0,0.0,0.0,0.0,1.0,0.0,0.0,0.0,1.0,0
1481901826615237382,607,1481901826612326661,,0,0,46.5184936523,6.56663703918,2.77602830977e-40,1.0,0.0,0.0,0.0,1.0,0.0,0.0,0.0,1.0,0
1481901826813147301,608,1481901826807581638,,0,0,46.5184860229,6.56663656235,2.77602830977e-40,1.0,0.0,0.0,0.0,1.0,0.0,0.0,0.0,1.0,0
1481901827003617394,609,1481901827000901984,,0,0,46.5184898376,6.56663656235,2.77602830977e-40,1.0,0.0,0.0,0.0,1.0,0.0,0.0,0.0,1.0,0
1481901827215418111,610,1481901827212720617,,0,0,46.5184898376,6.56663894653,2.77602830977e-40,1.0,0.0,0.0,0.0,1.0,0.0,0.0,0.0,1.0,0
1481901827418179006,611,1481901827415594221,,0,0,46.5184898376,6.56663751602,2.77602830977e-40,1.0,0.0,0.0,0.0,1.0,0.0,0.0,0.0,1.0,0
1481901827620027248,612,1481901827617038662,,0,0,46.5184898376,6.56663990021,2.77602830977e-40,1.0,0.0,0.0,0.0,1.0,0.0,0.0,0.0,1.0,0
1481901827824906003,613,1481901827822669550,,0,0,46.5184898376,6.56664133072,2.77602830977e-40,1.0,0.0,0.0,0.0,1.0,0.0,0.0,0.0,1.0,0
1481901828019840356,614,1481901828017892340,,0,0,46.5184860229,6.56664514542,2.77602830977e-40,1.0,0.0,0.0,0.0,1.0,0.0,0.0,0.0,1.0,0
1481901828216736995,615,1481901828213696690,,0,0,46.5184860229,6.5666437149,2.77602830977e-40,1.0,0.0,0.0,0.0,1.0,0.0,0.0,0.0,1.0,0
1481901828409455364,616,1481901828406106101,,0,0,46.5184898376,6.56664514542,2.77602830977e-40,1.0,0.0,0.0,0.0,1.0,0.0,0.0,0.0,1.0,0
1481901828621875298,617,1481901828619228638,,0,0,46.5184860229,6.56664657593,2.77602830977e-40,1.0,0.0,0.0,0.0,1.0,0.0,0.0,0.0,1.0,0
1481901828816591005,618,1481901828814149813,,0,0,46.5184898376,6.56664705276,2.77602830977e-40,1.0,0.0,0.0,0.0,1.0,0.0,0.0,0.0,1.0,0
1481901829011405306,619,1481901829009511821,,0,0,46.5184898376,6.56664609909,2.77602830977e-40,1.0,0.0,0.0,0.0,1.0,0.0,0.0,0.0,1.0,0
1481901829198714418,620,1481901829195642707,,0,0,46.5184860229,6.56664609909,2.77602830977e-40,1.0,0.0,0.0,0.0,1.0,0.0,0.0,0.0,1.0,0
