%time,field.header.seq,field.header.stamp,field.header.frame_id,field.temperature,field.variance
1463563509630972781,521,1463563509427821354,,1529.0,0.119999997318
1463563509631398566,522,1463563509467106504,,1529.0,-0.0
1463563509631444608,523,1463563509493828014,,1529.0,-0.0
1463563509631537056,524,1463563509525263259,,1530.0,-0.0
1463563509631730079,525,1463563509550628561,,1530.0,0.119999997318
1463563509635209325,526,1463563509578742947,,1530.0,0.119999997318
1463563509635327190,527,1463563509593874107,,1529.0,0.119999997318
1463563509635445837,528,1463563509617431946,,1529.0,0.119999997318
1463563509656943348,529,1463563509643629859,,1529.0,0.119999997318
1463563509665373206,530,1463563509662765737,,1530.0,0.119999997318
1463563509685063203,531,1463563509679512482,,1529.0,-0.0
1463563509704458042,532,1463563509697232933,,1529.0,-0.0
1463563509715638754,533,1463563509713925251,,1529.0,-0.0
1463563509734424056,534,1463563509728375884,,1528.0,-0.119999997318
1463563509744685386,535,1463563509739832380,,1528.0,-0.119999997318
1463563509754471140,536,1463563509750338816,,1529.0,-0.0
1463563509764650021,537,1463563509759924880,,1529.0,-0.0
1463563509774515619,538,1463563509770250013,,1529.0,-0.0
1463563509788604322,539,1463563509782730839,,1529.0,-0.0
1463563509806240502,540,1463563509797293453,,1531.0,0.119999997318
1463563509821641872,541,1463563509817053138,,1531.0,0.119999997318
1463563509911387311,542,1463563509837159180,,1529.0,0.119999997318
1463563509911801012,543,1463563509856253548,,1529.0,0.119999997318
1463563509912100025,544,1463563509880809573,,1529.0,0.119999997318
1463563509912635394,545,1463563509891078611,,1530.0,0.119999997318
1463563509913457640,546,1463563509899188414,,1529.0,-0.0
1463563510100790871,547,1463563509907209466,,1529.0,-0.0
1463563510101267020,548,1463563509915934794,,1529.0,-0.0
1463563510101815097,549,1463563509928342495,,1529.0,-0.0
1463563510102274893,550,1463563509947095610,,1529.0,-0.0
1463563510102638541,551,1463563509987745042,,1529.0,0.119999997318
1463563510102928179,552,1463563509996934176,,1529.0,-0.0
1463563510103208754,553,1463563510022004996,,1530.0,0.119999997318
1463563510103512090,554,1463563510035731353,,1530.0,0.119999997318
1463563510103809592,555,1463563510048562651,,1530.0,0.119999997318
1463563510108302544,556,1463563510064469285,,1530.0,0.119999997318
1463563510108823277,557,1463563510076422087,,1530.0,0.119999997318
1463563510109236301,558,1463563510092599349,,1530.0,0.119999997318
1463563510224611107,559,1463563510102704115,,1530.0,0.119999997318
1463563510225055798,560,1463563510111285536,,1530.0,0.119999997318
1463563510228809160,561,1463563510125683461,,1530.0,0.119999997318
1463563510229575573,562,1463563510137564074,,1529.0,-0.0
1463563510229901513,563,1463563510148955048,,1529.0,-0.0
1463563510230154952,564,1463563510164686056,,1530.0,0.119999997318
1463563510230406360,565,1463563510179034449,,1529.0,-0.0
1463563510230659800,566,1463563510195368014,,1529.0,-0.0
1463563510231508713,567,1463563510204360272,,1530.0,0.119999997318
1463563510232133822,568,1463563510211378347,,1530.0,0.119999997318
1463563510232925078,569,1463563510222368433,,1530.0,0.119999997318
1463563510664994279,570,1463563510235343638,,1529.0,-0.0
1463563510665918401,571,1463563510258502204,,1530.0,0.119999997318
1463563510666213091,572,1463563510278580694,,1530.0,0.119999997318
1463563510666483926,573,1463563510308532646,,1530.0,0.119999997318
1463563510668048887,574,1463563510332359030,,1529.0,-0.0
1463563510668094512,575,1463563510355016238,,1529.0,-0.0
1463563510668762017,576,1463563510377087087,,1530.0,0.119999997318
1463563510669043373,577,1463563510400852741,,1529.0,-0.0
1463563510675194203,578,1463563510425021367,,1530.0,0.119999997318
1463563510675503163,579,1463563510446423565,,1529.0,-0.0
1463563510675872489,580,1463563510474803943,,1530.0,0.119999997318
1463563510675932854,581,1463563510501552484,,1530.0,0.119999997318
1463563510676231659,582,1463563510525542255,,1529.0,0.119999997318
1463563510678447353,583,1463563510546647888,,1530.0,0.119999997318
1463563510678742824,584,1463563510567946231,,1530.0,-0.0
1463563510679096889,585,1463563510587927481,,1530.0,0.119999997318
1463563510679146942,586,1463563510611409747,,1529.0,0.119999997318
1463563510687351850,587,1463563510630992816,,1530.0,0.119999997318
1463563510688776913,588,1463563510646162987,,1530.0,0.119999997318
1463563510688851288,589,1463563510657093645,,1530.0,0.119999997318
1463563510688904414,590,1463563510670082704,,1529.0,-0.0
1463563510839873351,591,1463563510705008602,,1529.0,-0.0
1463563510840223041,592,1463563510764508701,,1530.0,-0.0
1463563510840614763,593,1463563510822985407,,1530.0,0.119999997318
1463563510896033268,594,1463563510886475850,,1529.0,-0.0
1463563510978905997,595,1463563510948962587,,1529.0,0.119999997318
1463563510999649024,596,1463563510995154353,,1530.0,0.119999997318
1463563511028811386,597,1463563511006377462,,1529.0,-0.0
1463563511029248577,598,1463563511017882864,,1530.0,0.119999997318
1463563511089754466,599,1463563511045901780,,1530.0,0.119999997318
1463563511090166917,600,1463563511054277210,,1530.0,0.119999997318
1463563511090430981,601,1463563511062980194,,1529.0,0.119999997318
1463563511090714369,602,1463563511082547639,,1529.0,0.119999997318
1463563511130444158,603,1463563511106430794,,1530.0,-0.0
1463563511143941763,604,1463563511131389738,,1529.0,0.119999997318
1463563511173127511,605,1463563511159829647,,1529.0,0.119999997318
1463563511191221402,606,1463563511179246934,,1530.0,0.119999997318
1463563511203696187,607,1463563511198168592,,1530.0,0.119999997318
1463563511238590834,608,1463563511228595079,,1530.0,0.119999997318
1463563511291009524,609,1463563511261991694,,1530.0,0.119999997318
1463563511291487497,610,1463563511285428387,,1530.0,-0.0
1463563511369197842,611,1463563511308091376,,1530.0,0.119999997318
1463563511369242478,612,1463563511332890788,,1530.0,0.119999997318
1463563511371846040,613,1463563511355864717,,1529.0,-0.0
1463563511424767598,614,1463563511378739791,,1529.0,-0.0
1463563511425182705,615,1463563511408055593,,1530.0,0.119999997318
1463563511466555580,616,1463563511436205656,,1529.0,-0.0
1463563511467018761,617,1463563511459164637,,1529.0,0.119999997318
1463563511532030778,618,1463563511485765105,,1530.0,0.119999997318
1463563511533619228,619,1463563511506075940,,1530.0,0.119999997318
1463563511535268980,620,1463563511526508443,,1529.0,-0.0
1463563511588456374,621,1463563511549609925,,1529.0,-0.0
1463563511588952003,622,1463563511572655938,,1530.0,0.119999997318
1463563511712160047,623,1463563511600570844,,1529.0,-0.0
1463563511713528391,624,1463563511629223046,,1530.0,0.119999997318
1463563511714258761,625,1463563511666415263,,1529.0,-0.0
1463563511715370176,626,1463563511704468424,,1530.0,0.119999997318
1463563511759188226,627,1463563511740411621,,1529.0,0.119999997318
1463563511795267882,628,1463563511771838741,,1529.0,0.119999997318
1463563511840348911,629,1463563511803692219,,1529.0,-0.0
1463563511844035242,630,1463563511830404458,,1530.0,0.119999997318
1463563511876782216,631,1463563511853853287,,1530.0,-0.0
1463563511923837791,632,1463563511877576597,,1530.0,0.119999997318
1463563511925096863,633,1463563511903991230,,1534.0,0.119999997318
1463563511957163571,634,1463563511931066857,,1541.0,-0.0
1463563511959108743,635,1463563511953410313,,1547.0,0.119999997318
1463563512049585386,636,1463563511976896225,,1580.0,-0.0
1463563512051362118,637,1463563512003874196,,1580.0,0.119999997318
1463563512051829674,638,1463563512029039236,,1580.0,0.119999997318
1463563512090981125,639,1463563512051654256,,1580.0,0.119999997318
1463563512091428576,640,1463563512073937919,,1580.0,-0.0
1463563512132238686,641,1463563512097190809,,1580.0,0.119999997318
1463563512133592603,642,1463563512123594504,,1580.0,-0.0
1463563512161210735,643,1463563512146392859,,1580.0,0.119999997318
1463563512176430176,644,1463563512171672171,,1580.0,0.119999997318
1463563512212057069,645,1463563512194698131,,1580.0,0.119999997318
1463563512239978224,646,1463563512218611912,,1580.0,0.119999997318
1463563512298962069,647,1463563512245265713,,1580.0,0.119999997318
1463563512301985947,648,1463563512267877608,,1580.0,0.119999997318
1463563512305182326,649,1463563512294600108,,1580.0,0.119999997318
1463563512373839372,650,1463563512323133508,,1580.0,-0.0
1463563512374171405,651,1463563512354687504,,1580.0,-0.0
1463563512389949445,652,1463563512383625542,,1580.0,0.119999997318
1463563512420184264,653,1463563512411586958,,1580.0,0.119999997318
1463563512457483461,654,1463563512439820094,,1580.0,0.119999997318
1463563512478737741,655,1463563512468376827,,1580.0,0.119999997318
1463563512509017613,656,1463563512491820500,,1580.0,2.16000008583
1463563512515305579,657,1463563512510882211,,1580.0,0.119999997318
1463563512569016674,658,1463563512521666618,,1580.0,-0.0
1463563512569052821,659,1463563512532643839,,1580.0,-0.0
1463563512569086571,660,1463563512542440634,,1580.0,-0.0
1463563512569123967,661,1463563512551701748,,1580.0,0.119999997318
1463563513071586373,662,1463563512568560369,,1580.0,0.119999997318
1463563513071847782,663,1463563512590251215,,1580.0,1.32000005245
1463563513072092836,664,1463563512617129341,,1580.0,0.119999997318
1463563513072334608,665,1463563512640275667,,1580.0,-0.0
1463563513072585027,666,1463563512659335087,,1580.0,0.119999997318
1463563513072834300,667,1463563512685488676,,1580.0,0.360000014305
1463563513073098937,668,1463563512703389909,,1580.0,0.119999997318
1463563513073371752,669,1463563512731412003,,1580.0,0.119999997318
1463563513073621858,670,1463563512765223256,,1580.0,-0.0
1463563513076165003,671,1463563512799203208,,1580.0,-0.0
1463563513076588131,672,1463563512828096819,,1580.0,0.119999997318
1463563513082515365,673,1463563512854155720,,1580.0,0.119999997318
1463563513082794586,674,1463563512882875892,,1580.0,0.239999994636
1463563513083052817,675,1463563512912258829,,1580.0,0.119999997318
1463563513083321100,676,1463563512939098570,,1580.0,0.119999997318
1463563513083632978,677,1463563512964573091,,1580.0,-0.0
1463563513084404703,678,1463563512994693066,,1580.0,0.119999997318
1463563513088415880,679,1463563513018902734,,1580.0,-0.0
1463563513088773487,680,1463563513048882342,,1580.0,0.600000023842
1463563513089196354,681,1463563513076188388,,1580.0,0.239999994636
1463563513223394171,682,1463563513097021207,,1580.0,0.119999997318
1463563513223463912,683,1463563513125628618,,1580.0,0.119999997318
1463563513223520162,684,1463563513146027006,,1580.0,-0.360000014305
1463563513223583027,685,1463563513173334042,,1580.0,0.119999997318
1463563513223677767,686,1463563513199727529,,1580.0,0.119999997318
1463563513687477112,687,1463563513237721419,,1580.0,0.119999997318
1463563513687763781,688,1463563513268572388,,1580.0,-0.0
1463563513689034312,689,1463563513300083259,,1580.0,0.119999997318
1463563513689318897,690,1463563513329849533,,1580.0,0.119999997318
1463563513689772495,691,1463563513357547249,,1580.0,7.32000017166
1463563513690589584,692,1463563513382981249,,1580.0,7.32000017166
1463563513691216048,693,1463563513413502945,,1580.0,27.8400001526
1463563513691602873,694,1463563513442204575,,1580.0,27.9599990845
1463563513695338528,695,1463563513469277390,,1580.0,27.9599990845
1463563513695738166,696,1463563513497470527,,1580.0,27.8400001526
1463563513696018429,697,1463563513525188035,,1580.0,27.8400001526
1463563513696304160,698,1463563513554292428,,1580.0,28.0799999237
1463563513696594006,699,1463563513579223977,,1580.0,27.8400001526
1463563513697929121,700,1463563513602570617,,1580.0,27.9599990845
1463563513698219800,701,1463563513631550895,,1580.0,27.9599990845
1463563513698731939,702,1463563513654391698,,1580.0,27.8400001526
1463563513699103192,703,1463563513682462906,,1580.0,27.9599990845
1463563513867467786,704,1463563513710977972,,1580.0,16.2000007629
1463563513867765341,705,1463563513733289553,,1580.0,16.2000007629
1463563513868032113,706,1463563513762863325,,1580.0,27.8400001526
1463563513868302428,707,1463563513789341917,,1580.0,27.9599990845
1463563513868832641,708,1463563513817337916,,1580.0,27.2399997711
1463563513869250665,709,1463563513845713658,,1580.0,27.8400001526
1463563514285326825,710,1463563513872267876,,1580.0,27.9599990845
1463563514285671827,711,1463563513893540958,,1580.0,27.9599990845
1463563514286707773,712,1463563513919721735,,1580.0,27.8400001526
1463563514287230798,713,1463563513943014104,,1580.0,27.9599990845
1463563514291053901,714,1463563513964716409,,1580.0,27.9599990845
1463563514291446768,715,1463563513990331088,,1580.0,26.5200004578
1463563514291758698,716,1463563514011634691,,1580.0,26.5200004578
1463563514292047346,717,1463563514034267055,,1580.0,27.9599990845
1463563514292312452,718,1463563514057922917,,1580.0,27.3600006104
1463563514292561829,719,1463563514077585778,,1580.0,2.03999996185
1463563514292850686,720,1463563514101432162,,1580.0,12.3599996567
1463563514293113136,721,1463563514125700997,,1580.0,-2.75999999046
1463563514293364387,722,1463563514153206159,,1580.0,3.48000001907
1463563514293605535,723,1463563514177143950,,1580.0,2.03999996185
1463563514293864600,724,1463563514199232924,,1580.0,2.03999996185
1463563514294119185,725,1463563514227956117,,1580.0,0.72000002861
1463563514294665439,726,1463563514251200465,,1580.0,0.119999997318
1463563514295036901,727,1463563514276158732,,1580.0,0.119999997318
1463563514367666373,728,1463563514298136664,,1580.0,0.119999997318
1463563514371996250,729,1463563514316814518,,1580.0,0.119999997318
1463563514372285003,730,1463563514340670590,,1580.0,0.119999997318
1463563514372691673,731,1463563514363302589,,1580.0,-0.0
1463563514568430594,732,1463563514384123532,,1580.0,0.119999997318
1463563514569570395,733,1463563514405978026,,1580.0,-0.0
1463563514570170712,734,1463563514431900624,,1580.0,0.119999997318
1463563514572690263,735,1463563514453973660,,1580.0,0.119999997318
1463563514573037349,736,1463563514476305397,,1580.0,-0.119999997318
1463563514573319174,737,1463563514506090681,,1580.0,0.119999997318
1463563514573877408,738,1463563514532834952,,1580.0,0.119999997318
1463563514574302255,739,1463563514559258127,,1580.0,-0.0
1463563514610475141,740,1463563514579075938,,1580.0,-0.0
1463563514616185758,741,1463563514605357497,,1580.0,-0.0
1463563515001171103,742,1463563514633665947,,1580.0,-12.0
1463563515001457251,743,1463563514662949717,,1580.0,-12.0
1463563515007166827,744,1463563514687695170,,1580.0,-0.0
1463563515007513496,745,1463563514710785923,,1580.0,0.119999997318
1463563515007801571,746,1463563514735899087,,1580.0,0.119999997318
1463563515008064594,747,1463563514763257373,,1580.0,0.119999997318
1463563515008307773,748,1463563514789060179,,1580.0,0.119999997318
1463563515008532463,749,1463563514815416374,,1580.0,-0.0
1463563515008574182,750,1463563514841110741,,1580.0,-1.32000005245
1463563515008822777,751,1463563514864854103,,1580.0,-0.0
1463563515009074186,752,1463563514891869209,,1580.0,0.119999997318
1463563515017721284,753,1463563514915487206,,1580.0,0.119999997318
1463563515018048006,754,1463563514942604761,,1580.0,0.119999997318
1463563515018606552,755,1463563514965857859,,1580.0,-0.0
1463563515018903377,756,1463563514992699006,,1580.0,0.119999997318
1463563515019309265,757,1463563515014722875,,1580.0,-0.0
1463563515163524817,758,1463563515039756196,,1580.0,0.119999997318
1463563515163826902,759,1463563515064586077,,1580.0,0.119999997318
1463563515164151072,760,1463563515088426940,,1580.0,0.119999997318
1463563515164416230,761,1463563515114497247,,1580.0,-0.0
1463563515164869410,762,1463563515142528351,,1580.0,0.119999997318
1463563516107601760,763,1463563515163268513,,1580.0,-0.0
1463563516107867074,764,1463563515187079584,,1580.0,-0.0
1463563516108132337,765,1463563515211599931,,1580.0,-0.0
1463563516108376193,766,1463563515233898855,,1580.0,0.119999997318
1463563516108633486,767,1463563515259176552,,1580.0,-1.44000005722
1463563516108934635,768,1463563515285344204,,1580.0,0.119999997318
1463563516109198126,769,1463563515308869023,,1580.0,0.119999997318
1463563516109769693,770,1463563515335707044,,1580.0,0.119999997318
1463563516110062352,771,1463563515359355718,,1580.0,0.119999997318
1463563516110334281,772,1463563515388117922,,1580.0,0.119999997318
1463563516110617252,773,1463563515413578172,,1580.0,-0.0
1463563516110884025,774,1463563515442996735,,1580.0,0.119999997318
1463563516111146110,775,1463563515469556057,,1580.0,0.119999997318
1463563516111484238,776,1463563515492438943,,1580.0,-0.0
1463563516111531999,777,1463563515521450003,,1580.0,-0.0
1463563516111785334,778,1463563515546767336,,1580.0,-0.0
1463563516112072888,779,1463563515572116387,,1580.0,-0.0
1463563516112331849,780,1463563515598208882,,1580.0,0.119999997318
1463563516113969570,781,1463563515622902096,,1580.0,0.119999997318
1463563516114301864,782,1463563515648909173,,1580.0,0.119999997318
1463563516114577335,783,1463563515672348314,,1580.0,0.119999997318
1463563516114857702,784,1463563515695780216,,1580.0,0.119999997318
1463563516115117339,785,1463563515722471309,,1580.0,-0.0
1463563516115374476,786,1463563515750615435,,1580.0,0.119999997318
1463563516115657187,787,1463563515774317599,,1580.0,0.479999989271
1463563516115941564,788,1463563515802828759,,1580.0,2.88000011444
1463563516116231098,789,1463563515829071932,,1580.0,2.88000011444
1463563516116560111,790,1463563515854154732,,1580.0,2.88000011444
1463563516116604278,791,1463563515883329074,,1580.0,15.0
1463563516116887040,792,1463563515903194333,,1580.0,20.7600002289
1463563516117184959,793,1463563515932457426,,1580.0,27.8400001526
1463563516117477357,794,1463563515955053904,,1580.0,27.8400001526
1463563516117743714,795,1463563515983224384,,1580.0,27.8400001526
1463563516118004393,796,1463563516006570660,,1580.0,27.9599990845
1463563516118273197,797,1463563516034323168,,1580.0,28.7999992371
1463563516120312171,798,1463563516057514911,,1580.0,27.9599990845
1463563516120813633,799,1463563516085524608,,1580.0,27.9599990845
1463563516121225303,800,1463563516111863251,,1580.0,27.9599990845
1463563516215964375,801,1463563516136857769,,1580.0,27.9599990845
1463563516216511619,802,1463563516164590173,,1580.0,27.9599990845
1463563516216908653,803,1463563516188340774,,1580.0,27.9599990845
1463563516418700904,804,1463563516215592654,,1580.0,27.9599990845
1463563516418997573,805,1463563516229765629,,1580.0,27.8400001526
1463563516419261429,806,1463563516256345992,,1580.0,27.8400001526
1463563516419664921,807,1463563516273892535,,1580.0,27.9599990845
1463563516419940549,808,1463563516293950764,,1580.0,28.4400005341
1463563516420195082,809,1463563516327895873,,1580.0,27.9599990845
1463563516420602793,810,1463563516376847765,,1580.0,27.8400001526
1463563516433385914,811,1463563516422474266,,1580.0,27.8400001526
1463563516471480065,812,1463563516469378122,,1580.0,27.1200008392
1463563516496431562,813,1463563516494069251,,1580.0,27.9599990845
1463563516547019196,814,1463563516515245510,,1580.0,27.8400001526
1463563516547247791,815,1463563516538225064,,1580.0,27.8400001526
1463563516640287527,816,1463563516553907739,,1580.0,29.6399993896
1463563516640632738,817,1463563516576014161,,1580.0,27.9599990845
1463563516643031663,818,1463563516600572894,,1580.0,27.9599990845
1463563516650486929,819,1463563516607853732,,1580.0,27.9599990845
1463563516650551617,820,1463563516619971014,,1580.0,27.9599990845
1463563516650778598,821,1463563516633453255,,1580.0,27.9599990845
1463563516679377623,822,1463563516652970699,,1580.0,27.8400001526
1463563516696159889,823,1463563516672502570,,1580.0,27.8400001526
1463563516696195254,824,1463563516685581786,,1580.0,27.8400001526
1463563516715335299,825,1463563516693428670,,1580.0,27.3600006104
1463563516739545696,826,1463563516708466860,,1580.0,27.3600006104
1463563516741034198,827,1463563516717214845,,1580.0,27.3600006104
1463563516741095240,828,1463563516727427008,,1580.0,27.8400001526
1463563516741590452,829,1463563516738596054,,1580.0,27.8400001526
1463563516872629963,830,1463563516750623179,,1580.0,27.9599990845
1463563516873278510,831,1463563516757445055,,1580.0,27.9599990845
1463563516873579970,832,1463563516771240527,,1580.0,27.9599990845
1463563516873890650,833,1463563516780243878,,1580.0,27.9599990845
1463563516873941067,834,1463563516788702642,,1580.0,27.9599990845
1463563516873981119,835,1463563516796428588,,1580.0,27.9599990845
1463563516877139529,836,1463563516804442504,,1580.0,27.9599990845
1463563516877429792,837,1463563516812105950,,1580.0,27.9599990845
1463563516877706565,838,1463563516831457350,,1580.0,27.9599990845
1463563516878111516,839,1463563516863643851,,1580.0,27.9599990845
1463563516945823607,840,1463563516884015729,,1580.0,27.9599990845
1463563516946212880,841,1463563516891674070,,1580.0,27.9599990845
1463563516946756739,842,1463563516910574321,,1580.0,27.9599990845
1463563516947203982,843,1463563516934435966,,1580.0,27.9599990845
1463563517000738253,844,1463563516954673936,,1580.0,27.9599990845
1463563517000848983,845,1463563516975464515,,1580.0,27.8400001526
1463563517002716081,846,1463563516997266872,,1580.0,27.9599990845
1463563517207547730,847,1463563517018257244,,1580.0,27.9599990845
1463563517207853462,848,1463563517038710320,,1580.0,27.9599990845
1463563517207894764,849,1463563517045022349,,1580.0,27.9599990845
1463563517208141328,850,1463563517058085315,,1580.0,27.9599990845
1463563517208384143,851,1463563517069362278,,1580.0,27.9599990845
1463563517208634718,852,1463563517078517193,,1580.0,27.9599990845
1463563517208878001,853,1463563517087960444,,1580.0,27.9599990845
1463563517209124513,854,1463563517104937920,,1580.0,27.9599990845
1463563517209375557,855,1463563517118949748,,1580.0,27.9599990845
1463563517209788373,856,1463563517127904453,,1580.0,27.9599990845
1463563517210080458,857,1463563517133925802,,1580.0,27.9599990845
1463563517210373429,858,1463563517150038428,,1580.0,27.8400001526
1463563517210874214,859,1463563517160424915,,1580.0,27.8400001526
1463563517211279686,860,1463563517194665546,,1580.0,27.8400001526
1463563517524539160,861,1463563517216016234,,1580.0,27.8400001526
1463563517524836506,862,1463563517254450492,,1580.0,27.8400001526
1463563517525102445,863,1463563517285017969,,1580.0,27.8400001526
1463563517525337760,864,1463563517307760490,,1580.0,27.9599990845
1463563517525592137,865,1463563517332511829,,1580.0,27.9599990845
1463563517525867399,866,1463563517352832300,,1580.0,27.9599990845
1463563517526107609,867,1463563517375704666,,1580.0,27.9599990845
1463563517527674444,868,1463563517397655462,,1580.0,27.8400001526
1463563517528050385,869,1463563517419882875,,1580.0,27.9599990845
1463563517530669259,870,1463563517445762712,,1580.0,27.9599990845
1463563517535430078,871,1463563517467619549,,1580.0,27.9599990845
1463563517535928103,872,1463563517491378849,,1580.0,27.9599990845
1463563517536324772,873,1463563517517753325,,1580.0,27.8400001526
1463563517733473913,874,1463563517541098351,,1580.0,27.0
1463563517733522403,875,1463563517566610165,,1580.0,27.8400001526
1463563517733761103,876,1463563517589836596,,1580.0,27.8400001526
1463563517733819958,877,1463563517615336794,,1580.0,27.8400001526
1463563517739197031,878,1463563517641756219,,1580.0,27.8400001526
1463563517739252813,879,1463563517646885530,,1580.0,27.8400001526
1463563517739290625,880,1463563517653633708,,1580.0,27.8400001526
1463563517739378595,881,1463563517663028104,,1580.0,27.9599990845
1463563517739664066,882,1463563517677268215,,1580.0,27.9599990845
1463563517739713024,883,1463563517687543399,,1580.0,27.9599990845
1463563517739749483,884,1463563517700209019,,1580.0,27.9599990845
1463563517740599490,885,1463563517716481698,,1580.0,27.9599990845
1463563517824213735,886,1463563517753884177,,1580.0,27.9599990845
1463563517824344622,887,1463563517806693130,,1580.0,27.8400001526
1463563517846952923,888,1463563517816811438,,1580.0,27.8400001526
1463563517854304439,889,1463563517838997288,,1580.0,27.8400001526
1463563517919841981,890,1463563517858775776,,1580.0,27.9599990845
1463563517920228025,891,1463563517868669811,,1580.0,27.9599990845
1463563517922065384,892,1463563517896951229,,1580.0,27.8400001526
1463563517922844660,893,1463563517908452569,,1580.0,27.9599990845
1463563518003167474,894,1463563517918455980,,1580.0,27.9599990845
1463563518003457268,895,1463563517928538299,,1580.0,27.9599990845
1463563518003505081,896,1463563517948943614,,1580.0,26.6399993896
1463563518004577433,897,1463563517964341442,,1580.0,26.6399993896
1463563518004820247,898,1463563517990912379,,1580.0,27.8400001526
1463563518039114577,899,1463563518002723460,,1580.0,27.9599990845
1463563518045794473,900,1463563518018448062,,1580.0,27.9599990845
1463563518046011506,901,1463563518032794840,,1580.0,27.9599990845
1463563518068713245,902,1463563518058305091,,1580.0,27.8400001526
1463563518129142310,903,1463563518077838890,,1580.0,27.9599990845
1463563518129712315,904,1463563518085837962,,1580.0,27.9599990845
1463563518130034869,905,1463563518098666135,,1580.0,27.9599990845
1463563518130459925,906,1463563518111318786,,1580.0,28.9200000763
1463563518130881178,907,1463563518121066570,,1580.0,28.9200000763
1463563518169084080,908,1463563518164296230,,1580.0,27.8400001526
1463563518207297711,909,1463563518190115286,,1580.0,28.2000007629
1463563518239730933,910,1463563518236065279,,1580.0,27.9599990845
1463563518263111011,911,1463563518256419448,,1580.0,27.9599990845
1463563518288796003,912,1463563518276438771,,1580.0,27.9599990845
1463563518359041602,913,1463563518311350085,,1580.0,27.8400001526
1463563518359620930,914,1463563518332664574,,1580.0,27.9599990845
1463563518370332055,915,1463563518356291269,,1580.0,26.5200004578
1463563518463091268,916,1463563518392949888,,1580.0,27.9599990845
1463563518463550021,917,1463563518421450058,,1580.0,27.8400001526
1463563518464411018,918,1463563518444050130,,1547.0,26.2800006866
1463563518490016478,919,1463563518459606657,,1547.0,26.2800006866
1463563518503736064,920,1463563518489387202,,1546.0,27.9599990845
1463563518520617393,921,1463563518516186994,,1580.0,27.9599990845
1463563518559828897,922,1463563518547240205,,1546.0,27.8400001526
1463563518586956713,923,1463563518577628931,,1530.0,27.8400001526
1463563518628216149,924,1463563518606167800,,1535.0,29.3999996185
1463563518656964237,925,1463563518634464010,,1518.0,27.9599990845
1463563518680167387,926,1463563518669156207,,1408.0,27.9599990845
1463563518709007247,927,1463563518701416667,,1408.0,27.9599990845
1463563518739241285,928,1463563518730733042,,1407.0,27.9599990845
1463563518766144672,929,1463563518759485245,,1391.0,29.3999996185
1463563518791793622,930,1463563518786247902,,1373.0,27.8400001526
1463563518819924883,931,1463563518812851234,,1374.0,27.9599990845
1463563518851065646,932,1463563518841639635,,1374.0,27.9599990845
1463563518884293041,933,1463563518867365930,,1374.0,27.9599990845
1463563518911586222,934,1463563518896183550,,1385.0,27.9599990845
1463563518939752484,935,1463563518923219021,,1384.0,27.8400001526
1463563518967184468,936,1463563518951383772,,1437.0,27.9599990845
1463563518990199648,937,1463563518976382248,,1437.0,27.8400001526
1463563519025290286,938,1463563519004944398,,1486.0,27.9599990845
1463563519047091810,939,1463563519033250817,,1487.0,27.9599990845
1463563519074158636,940,1463563519058915860,,1486.0,27.9599990845
1463563519104642363,941,1463563519086719619,,1486.0,27.8400001526
1463563519140439204,942,1463563519115727605,,1529.0,27.8400001526
1463563519160334047,943,1463563519144553716,,1530.0,27.9599990845
1463563519188826821,944,1463563519172331953,,1530.0,27.9599990845
1463563519214427542,945,1463563519198561324,,1530.0,27.8400001526
1463563519238282675,946,1463563519225667942,,1530.0,27.9599990845
1463563519274826346,947,1463563519254415405,,1530.0,27.9599990845
1463563519295375673,948,1463563519278522416,,1512.0,27.1200008392
1463563519315272390,949,1463563519307143473,,1530.0,27.9599990845
1463563519348975570,950,1463563519335980989,,1530.0,27.8400001526
1463563519373177946,951,1463563519364318241,,1529.0,27.8400001526
1463563519396065937,952,1463563519388817755,,1530.0,27.9599990845
1463563519429701147,953,1463563519417459958,,1530.0,27.9599990845
1463563519458293870,954,1463563519443486671,,1530.0,27.9599990845
1463563519487406961,955,1463563519472433980,,1530.0,27.9599990845
1463563519519171271,956,1463563519499532577,,1530.0,26.8799991608
1463563519541723478,957,1463563519525189756,,1529.0,27.8400001526
1463563519567116228,958,1463563519554949988,,1529.0,27.8400001526
1463563519599470439,959,1463563519583365418,,1530.0,28.2000007629
1463563519628515092,960,1463563519612815543,,1530.0,27.9599990845
1463563519666351846,961,1463563519644657510,,1530.0,27.9599990845
1463563519685939394,962,1463563519673577423,,1530.0,27.9599990845
1463563519708376028,963,1463563519700874563,,1529.0,27.9599990845
1463563519739987836,964,1463563519728128473,,1530.0,27.9599990845
1463563519762849942,965,1463563519755494155,,1530.0,27.9599990845
1463563519794196749,966,1463563519782387594,,1544.0,28.5599994659
1463563519827912011,967,1463563519811331830,,1530.0,27.9599990845
1463563519849088218,968,1463563519839916220,,1531.0,27.9599990845
1463563519876645777,969,1463563519865800484,,1530.0,27.9599990845
1463563519904156304,970,1463563519896263898,,1530.0,27.9599990845
1463563519937248958,971,1463563519922342071,,1531.0,27.9599990845
1463563519960249293,972,1463563519951171827,,1530.0,27.9599990845
1463563519989552855,973,1463563519977510938,,1530.0,27.8400001526
1463563520024646410,974,1463563520004071770,,1530.0,27.9599990845
1463563520042319620,975,1463563520032440637,,1530.0,27.8400001526
1463563520074572841,976,1463563520058629123,,1529.0,27.8400001526
1463563520123091917,977,1463563520085977357,,1529.0,27.8400001526
1463563520123155771,978,1463563520114870863,,1521.0,26.6399993896
1463563520162183159,979,1463563520143359575,,1529.0,27.8400001526
1463563520190774476,980,1463563520167863724,,1529.0,27.9599990845
1463563520220829658,981,1463563520195914411,,1529.0,27.9599990845
1463563520250618484,982,1463563520223482491,,1536.0,28.4400005341
1463563520257243067,983,1463563520249809884,,1530.0,27.8400001526
1463563520295722273,984,1463563520276267121,,1530.0,27.8400001526
1463563520323000663,985,1463563520304708749,,1530.0,27.9599990845
1463563520343359155,986,1463563520331842086,,1580.0,27.1200008392
1463563520369178471,987,1463563520358177864,,1530.0,27.9599990845
1463563520403356341,988,1463563520386859806,,1529.0,27.9599990845
1463563520434878983,989,1463563520413017198,,1530.0,27.9599990845
1463563520466507979,990,1463563520439107870,,1530.0,27.9599990845
1463563520531331974,991,1463563520467930959,,1534.0,27.8400001526
1463563520532886726,992,1463563520497027592,,1535.0,27.9599990845
1463563520534987159,993,1463563520522381227,,1535.0,27.9599990845
1463563520666777040,994,1463563520548258669,,1535.0,27.9599990845
1463563520667087772,995,1463563520576143782,,1534.0,27.8400001526
1463563520667605068,996,1463563520600192615,,1535.0,27.9599990845
1463563520667938612,997,1463563520627086366,,1534.0,27.9599990845
1463563520668259031,998,1463563520647810122,,1580.0,27.9599990845
1463563520668813098,999,1463563520657917336,,1580.0,28.2000007629
1463563520820566521,1000,1463563520667872518,,1580.0,28.2000007629
1463563520820626625,1001,1463563520682078826,,1580.0,27.9599990845
1463563520820683292,1002,1463563520692074998,,1580.0,27.9599990845
1463563520820733136,1003,1463563520712913598,,1580.0,27.8400001526
1463563520820786366,1004,1463563520739981569,,1580.0,27.9599990845
1463563520820840794,1005,1463563520767841057,,1580.0,27.9599990845
1463563520821168088,1006,1463563520780398812,,1580.0,27.9599990845
1463563520822953466,1007,1463563520799606826,,1580.0,29.6399993896
1463563520824125663,1008,1463563520817121494,,1580.0,29.6399993896
1463563520877918947,1009,1463563520848745751,,1580.0,27.9599990845
1463563520888834657,1010,1463563520881550590,,1580.0,27.9599990845
1463563520938517180,1011,1463563520910541597,,1580.0,27.8400001526
1463563520941613558,1012,1463563520937653527,,1580.0,26.8799991608
1463563520977935404,1013,1463563520968965282,,1580.0,27.8400001526
1463563521011449936,1014,1463563521000113649,,1580.0,27.8400001526
1463563521058136654,1015,1463563521024365974,,1580.0,27.9599990845
1463563521058296343,1016,1463563521044309202,,1580.0,27.9599990845
1463563521097454617,1017,1463563521053163438,,1580.0,27.8400001526
1463563521097653576,1018,1463563521061629285,,1580.0,27.8400001526
1463563521097808317,1019,1463563521076786278,,1580.0,27.9599990845
1463563521119874635,1020,1463563521097974360,,1580.0,27.9599990845
1463563521143407371,1021,1463563521131694831,,1580.0,27.9599990845
1463563521143805395,1022,1463563521137810348,,1580.0,27.8400001526
1463563521203350807,1023,1463563521154131413,,1580.0,27.6000003815
1463563521203617371,1024,1463563521161443449,,1580.0,27.6000003815
1463563521203897634,1025,1463563521176594192,,1580.0,27.9599990845
1463563521204333262,1026,1463563521193272082,,1580.0,27.8400001526
1463563521267165783,1027,1463563521207828185,,1580.0,27.8400001526
1463563521267450108,1028,1463563521222010588,,1580.0,27.9599990845
1463563521267968342,1029,1463563521239018585,,1580.0,27.9599990845
1463563521268399230,1030,1463563521260067186,,1580.0,27.8400001526
1463563521320435365,1031,1463563521282348818,,1580.0,27.9599990845
1463563521320898233,1032,1463563521304932171,,1580.0,27.8400001526
1463563521333539061,1033,1463563521327820892,,1580.0,27.9599990845
1463563521384120341,1034,1463563521353418174,,1580.0,27.9599990845
1463563521384465812,1035,1463563521377019504,,1580.0,27.8400001526
1463563521408194539,1036,1463563521400626407,,1580.0,27.9599990845
1463563521440597031,1037,1463563521422846632,,1580.0,27.9599990845
1463563521962180212,1038,1463563521444952586,,1580.0,27.8400001526
1463563521962219170,1039,1463563521464377842,,1580.0,12.6000003815
1463563521969251465,1040,1463563521483610648,,1580.0,12.6000003815
1463563521969695739,1041,1463563521504579926,,1580.0,12.4799995422
1463563521973135870,1042,1463563521524625030,,1580.0,12.4799995422
1463563521978625757,1043,1463563521545119461,,1580.0,-0.72000002861
1463563521978721695,1044,1463563521565880143,,1580.0,-0.72000002861
1463563521978831956,1045,1463563521587539947,,1580.0,0.119999997318
1463563522009675269,1046,1463563521610512470,,1580.0,0.119999997318
1463563522009919698,1047,1463563521633637703,,1580.0,0.119999997318
1463563522009963345,1048,1463563521653412492,,1580.0,0.119999997318
1463563522012260498,1049,1463563521674026038,,1580.0,0.119999997318
1463563522012300655,1050,1463563521695461101,,1580.0,0.119999997318
1463563522012334561,1051,1463563521716740903,,1580.0,0.119999997318
1463563522012371957,1052,1463563521738159090,,1580.0,0.119999997318
1463563522012404510,1053,1463563521760383118,,1580.0,0.119999997318
1463563522012437635,1054,1463563521781626877,,1580.0,0.119999997318
1463563522012474406,1055,1463563521806543009,,1580.0,0.119999997318
1463563522012509823,1056,1463563521828243074,,1580.0,0.119999997318
1463563522012543625,1057,1463563521847898956,,1580.0,0.119999997318
1463563522012578521,1058,1463563521869295581,,1580.0,0.119999997318
1463563522012621178,1059,1463563521889919232,,1580.0,-0.0
1463563522013703790,1060,1463563521911914143,,1580.0,-0.0
1463563522014688434,1061,1463563521933966190,,1580.0,-0.119999997318
1463563522016942253,1062,1463563521957688302,,1580.0,0.119999997318
1463563522021868333,1063,1463563521979244355,,1580.0,0.119999997318
1463563522104461529,1064,1463563521999855610,,1580.0,0.119999997318
1463563522105099190,1065,1463563522022095002,,1580.0,0.119999997318
1463563522105488673,1066,1463563522045108827,,1580.0,0.119999997318
1463563522105996697,1067,1463563522070910539,,1580.0,-0.0
1463563522106420920,1068,1463563522094445045,,1580.0,0.119999997318
1463563522601081286,1069,1463563522118022729,,1580.0,0.119999997318
1463563522601370090,1070,1463563522143570063,,1580.0,1.91999995708
1463563522601636967,1071,1463563522163754439,,1580.0,0.119999997318
1463563522601904522,1072,1463563522186452429,,1580.0,0.119999997318
1463563522602156972,1073,1463563522212210390,,1580.0,-0.0
1463563522602463016,1074,1463563522235630521,,1580.0,-0.0
1463563522602775362,1075,1463563522257045219,,1580.0,-0.0
1463563522603048958,1076,1463563522282489011,,1580.0,0.119999997318
1463563522603314220,1077,1463563522305606326,,1580.0,0.119999997318
1463563522603587087,1078,1463563522333768265,,1580.0,0.119999997318
1463563522603843235,1079,1463563522357737149,,1580.0,0.119999997318
1463563522604110633,1080,1463563522382349321,,1580.0,0.119999997318
1463563522604365478,1081,1463563522405970442,,1580.0,0.119999997318
1463563522604636366,1082,1463563522428576504,,1580.0,0.119999997318
1463563522604906733,1083,1463563522454338059,,1580.0,-0.0
1463563522605216787,1084,1463563522475916144,,1580.0,0.119999997318
1463563522605521685,1085,1463563522497821419,,1580.0,0.119999997318
1463563522605778406,1086,1463563522520395293,,1580.0,5.63999986649
1463563522606063877,1087,1463563522548098165,,1580.0,10.6800003052
1463563522606324087,1088,1463563522571495847,,1580.0,16.6800003052
1463563522606831070,1089,1463563522585585124,,1580.0,17.3999996185
1463563522607209355,1090,1463563522597217871,,1580.0,17.3999996185
1463563522655843848,1091,1463563522615692337,,1580.0,17.2800006866
1463563522656030881,1092,1463563522632611949,,1580.0,16.4400005341
1463563522742332648,1093,1463563522665057462,,1580.0,16.7999992371
1463563522742917756,1094,1463563522687505814,,1580.0,27.8400001526
1463563522743405833,1095,1463563522716419321,,1580.0,27.8400001526
1463563522777147711,1096,1463563522745277098,,1580.0,27.8400001526
1463563522777624694,1097,1463563522763335572,,1580.0,27.8400001526
1463563522817122554,1098,1463563522788030296,,1580.0,27.9599990845
1463563522817181096,1099,1463563522801869310,,1580.0,27.9599990845
1463563522880835967,1100,1463563522827264039,,1580.0,27.9599990845
1463563522880967843,1101,1463563522856136816,,1580.0,27.9599990845
1463563523167496275,1102,1463563522883251246,,1580.0,27.9599990845
1463563523167541848,1103,1463563522913467315,,1580.0,27.9599990845
1463563523167578827,1104,1463563522941120916,,1580.0,27.9599990845
1463563523167614661,1105,1463563522968224304,,1580.0,27.9599990845
1463563523167653463,1106,1463563522997868338,,1580.0,27.9599990845
1463563523167689922,1107,1463563523025213551,,1580.0,28.0799999237
1463563523167729349,1108,1463563523052668504,,1580.0,27.9599990845
1463563523167768620,1109,1463563523078259381,,1580.0,27.9599990845
1463563523167809506,1110,1463563523104564534,,1580.0,27.9599990845
1463563523167845548,1111,1463563523131623547,,1580.0,28.5599994659
1463563523167882996,1112,1463563523154923833,,1580.0,28.2000007629
1463563524009373879,1113,1463563523183887704,,1580.0,27.9599990845
1463563524009746278,1114,1463563523210424526,,1580.0,27.9599990845
1463563524010036176,1115,1463563523240145539,,1580.0,27.9599990845
1463563524010322636,1116,1463563523265743915,,1580.0,27.8400001526
1463563524010568003,1117,1463563523290977758,,1580.0,27.9599990845
1463563524010822224,1118,1463563523316859470,,1580.0,27.8400001526
1463563524011070559,1119,1463563523344505363,,1580.0,27.9599990845
1463563524011381707,1120,1463563523370530670,,1580.0,28.0799999237
1463563524011650199,1121,1463563523396193161,,1580.0,27.8400001526
1463563524012075515,1122,1463563523421745236,,1580.0,27.9599990845
1463563524012768749,1123,1463563523446755587,,1580.0,27.9599990845
1463563524013683184,1124,1463563523473064750,,1580.0,27.9599990845
1463563524014095635,1125,1463563523502469980,,1580.0,27.9599990845
1463563524014378554,1126,1463563523527694603,,1580.0,28.0799999237
1463563524014680118,1127,1463563523553381835,,1580.0,27.9599990845
1463563524017288889,1128,1463563523578984430,,1580.0,27.9599990845
1463563524017647433,1129,1463563523606028183,,1580.0,28.0799999237
1463563524017920404,1130,1463563523633516887,,1580.0,27.9599990845
1463563524018181656,1131,1463563523674349497,,1580.0,29.1599998474
1463563524018439939,1132,1463563523702327110,,1580.0,27.8400001526
1463563524018725827,1133,1463563523730620352,,1580.0,27.1200008392
1463563524019031923,1134,1463563523755706641,,1580.0,27.1200008392
1463563524019364217,1135,1463563523786045419,,1580.0,27.0
1463563524019791252,1136,1463563523815324398,,1580.0,25.6800003052
1463563524020145473,1137,1463563523844005246,,1580.0,25.6800003052
1463563524020441049,1138,1463563523873267453,,1580.0,-2.03999996185
1463563524020845479,1139,1463563523902995185,,1580.0,-2.16000008583
1463563524021149075,1140,1463563523931470043,,1580.0,-2.03999996185
1463563524021576005,1141,1463563523956964877,,1580.0,-2.03999996185
1463563524022150072,1142,1463563523988392830,,1580.0,-2.03999996185
1463563524024049618,1143,1463563524015532052,,1580.0,-2.03999996185
1463563524130851493,1144,1463563524043363311,,1580.0,-0.0
1463563524131218527,1145,1463563524072698487,,1580.0,-0.0
1463563524132154367,1146,1463563524102153821,,1580.0,0.119999997318
1463563524438678163,1147,1463563524131256340,,1580.0,-0.0
1463563524439054729,1148,1463563524161012717,,1580.0,-0.0
1463563524439371137,1149,1463563524190406124,,1580.0,0.119999997318
1463563524440050778,1150,1463563524218949107,,1580.0,0.479999989271
1463563524440369479,1151,1463563524244655869,,1580.0,0.119999997318
1463563524440680002,1152,1463563524270668104,,1580.0,-0.0
1463563524440999692,1153,1463563524297214144,,1580.0,0.119999997318
1463563524441357351,1154,1463563524325743950,,1580.0,0.119999997318
1463563524441674801,1155,1463563524351946914,,1580.0,0.119999997318
1463563524442336369,1156,1463563524378574153,,1580.0,-0.0
1463563524442730018,1157,1463563524407625213,,1580.0,0.119999997318
1463563524443089396,1158,1463563524436039288,,1580.0,-0.0
1463563524545604518,1159,1463563524461351048,,1580.0,-0.0
1463563524545902957,1160,1463563524488381936,,1580.0,0.119999997318
1463563524546305981,1161,1463563524514785579,,1580.0,-0.0
1463563524791541331,1162,1463563524544847741,,1580.0,0.119999997318
1463563524791915500,1163,1463563524573795206,,1580.0,0.119999997318
1463563524792565714,1164,1463563524601904488,,1580.0,0.119999997318
1463563524792926758,1165,1463563524631924357,,1580.0,0.119999997318
1463563524794031610,1166,1463563524666496085,,1580.0,-0.0
1463563524794380936,1167,1463563524695624385,,1580.0,0.119999997318
1463563524794688126,1168,1463563524724891384,,1580.0,0.119999997318
1463563524794962034,1169,1463563524754360989,,1580.0,0.119999997318
1463563524796422462,1170,1463563524782452874,,1580.0,0.119999997318
1463563524932429877,1171,1463563524811182057,,1580.0,0.119999997318
1463563524932712223,1172,1463563524838173673,,1580.0,-0.600000023842
1463563524932970246,1173,1463563524867086034,,1580.0,0.119999997318
1463563524933260873,1174,1463563524895661986,,1580.0,0.119999997318
1463563524933686710,1175,1463563524907088325,,1580.0,-0.0
1463563524961466353,1176,1463563524940260980,,1580.0,-0.0
1463563524983273502,1177,1463563524972226802,,1580.0,0.119999997318
1463563525010917989,1178,1463563525007323846,,1580.0,-0.0
1463563525028685888,1179,1463563525025341487,,1580.0,0.119999997318
1463563525046686705,1180,1463563525035482086,,1580.0,0.119999997318
1463563525093034410,1181,1463563525055544743,,1580.0,-0.0
1463563525093410559,1182,1463563525064280801,,1580.0,-0.0
1463563525093852594,1183,1463563525082514380,,1580.0,0.119999997318
1463563525202386617,1184,1463563525101859479,,1580.0,0.119999997318
1463563525202717349,1185,1463563525118688308,,1580.0,0.119999997318
1463563525203018497,1186,1463563525140746657,,1580.0,-0.0
1463563525203390635,1187,1463563525159854202,,1580.0,0.119999997318
1463563525210899183,1188,1463563525201647392,,1580.0,0.119999997318
1463563525259248675,1189,1463563525251247102,,1580.0,-0.479999989271
1463563525311504863,1190,1463563525304402152,,1580.0,0.119999997318
1463563525355906303,1191,1463563525350636418,,1580.0,-0.0
1463563525424132564,1192,1463563525408031449,,1580.0,0.119999997318
1463563525436714277,1193,1463563525416136408,,1580.0,-0.72000002861
1463563525437206468,1194,1463563525428594526,,1580.0,-0.0
1463563525482449217,1195,1463563525461872077,,1580.0,-0.0
1463563525502507602,1196,1463563525479130649,,1580.0,-0.0
1463563525513171696,1197,1463563525499079138,,1580.0,0.119999997318
1463563525527132794,1198,1463563525511780643,,1580.0,0.119999997318
1463563525572257156,1199,1463563525525807471,,1580.0,-0.0
1463563525572307313,1200,1463563525534253318,,1580.0,-0.0
1463563525573216487,1201,1463563525553574250,,1580.0,0.119999997318
1463563525682500568,1202,1463563525570650738,,1580.0,0.119999997318
1463563525682535776,1203,1463563525588320198,,1580.0,0.119999997318
1463563525682569735,1204,1463563525607839100,,1580.0,0.119999997318
1463563525682603902,1205,1463563525617413446,,1580.0,0.360000014305
1463563525682637288,1206,1463563525628847233,,1580.0,0.360000014305
1463563525682669996,1207,1463563525646901488,,1580.0,0.119999997318
1463563525682703017,1208,1463563525667052687,,1580.0,-0.0
1463563525914288573,1209,1463563525692150591,,1580.0,0.119999997318
1463563525914563887,1210,1463563525714358681,,1580.0,0.119999997318
1463563525914817952,1211,1463563525744492457,,1580.0,-0.119999997318
1463563525920022107,1212,1463563525755976297,,1580.0,0.119999997318
1463563525920335807,1213,1463563525770878288,,1580.0,0.119999997318
1463563525920601955,1214,1463563525785654289,,1580.0,0.119999997318
1463563525920862739,1215,1463563525797027867,,1580.0,0.119999997318
1463563525921136126,1216,1463563525804895480,,1580.0,0.119999997318
1463563525921397691,1217,1463563525809367286,,1580.0,0.119999997318
1463563525921684255,1218,1463563525825889706,,1580.0,0.119999997318
1463563525921936445,1219,1463563525844721885,,1580.0,-0.0
1463563525922222905,1220,1463563525868985980,,1580.0,0.119999997318
1463563525922701399,1221,1463563525888448059,,1580.0,0.119999997318
1463563525922745774,1222,1463563525900647946,,1580.0,0.119999997318
1463563525982377593,1223,1463563525921385607,,1580.0,0.119999997318
1463563525982676137,1224,1463563525935621604,,1580.0,0.119999997318
1463563525983128276,1225,1463563525951299538,,1580.0,1.08000004292
1463563525983499477,1226,1463563525972123451,,1580.0,1.08000004292
1463563526122121964,1227,1463563525988724986,,1580.0,3.83999991417
1463563526122181443,1228,1463563526004604798,,1580.0,4.92000007629
1463563526122249829,1229,1463563526018515427,,1580.0,4.92000007629
1463563526122287017,1230,1463563526038900013,,1580.0,4.80000019073
1463563526122323944,1231,1463563526051733863,,1580.0,4.80000019073
1463563526122362903,1232,1463563526076703276,,1580.0,22.6800003052
1463563526128932069,1233,1463563526113764242,,1580.0,27.3600006104
1463563526182365037,1234,1463563526174419403,,1580.0,27.3600006104
1463563526232164801,1235,1463563526225096516,,1580.0,27.4799995422
1463563526268105393,1236,1463563526263041552,,1580.0,27.4799995422
1463563526315131958,1237,1463563526303297803,,1580.0,27.3600006104
1463563526328408207,1238,1463563526324200154,,1580.0,27.8400001526
1463563526359554908,1239,1463563526338796934,,1580.0,27.7199993134
1463563526375431334,1240,1463563526368203465,,1580.0,27.8400001526
1463563526414329242,1241,1463563526403023476,,1580.0,27.9599990845
1463563526456360194,1242,1463563526449699674,,1580.0,28.0799999237
1463563526483228945,1243,1463563526479351051,,1580.0,27.9599990845
1463563526509880768,1244,1463563526505365368,,1580.0,27.8400001526
1463563526558960317,1245,1463563526527956013,,1580.0,27.8400001526
1463563526631163432,1246,1463563526561394815,,1580.0,26.6399993896
1463563526631205307,1247,1463563526582087424,,1580.0,26.6399993896
1463563526631242547,1248,1463563526603613269,,1580.0,27.9599990845
1463563526631290881,1249,1463563526625996360,,1580.0,27.9599990845
1463563526694232726,1250,1463563526648880445,,1580.0,27.9599990845
1463563526694397675,1251,1463563526676115501,,1580.0,27.9599990845
1463563526724694161,1252,1463563526717162436,,1580.0,27.9599990845
1463563526792875786,1253,1463563526759203753,,1580.0,27.9599990845
1463563526906347765,1254,1463563526796440866,,1580.0,27.9599990845
1463563526912907035,1255,1463563526829039662,,1580.0,27.9599990845
1463563526914879706,1256,1463563526861396008,,1580.0,27.8400001526
1463563526915297105,1257,1463563526900367614,,1580.0,27.9599990845
1463563527119252133,1258,1463563526928494396,,1580.0,27.9599990845
1463563527119603229,1259,1463563526960894700,,1580.0,27.9599990845
1463563527125842028,1260,1463563526991090769,,1580.0,27.9599990845
1463563527127003131,1261,1463563527020309226,,1580.0,27.9599990845
1463563527128291266,1262,1463563527045628538,,1580.0,27.8400001526
1463563527128856270,1263,1463563527072653644,,1580.0,27.8400001526
1463563527129139241,1264,1463563527094248657,,1580.0,27.8400001526
1463563527129867788,1265,1463563527116452423,,1580.0,29.2800006866
1463563527344307481,1266,1463563527142080540,,1580.0,29.2800006866
1463563527344346752,1267,1463563527164031336,,1580.0,27.9599990845
1463563527344380711,1268,1463563527184134670,,1580.0,27.9599990845
1463563527344422326,1269,1463563527205580149,,1580.0,28.0799999237
1463563527344458315,1270,1463563527233116093,,1580.0,27.9599990845
1463563527344494462,1271,1463563527256239815,,1580.0,27.8400001526
1463563527344528993,1272,1463563527282771480,,1580.0,27.8400001526
1463563527344568837,1273,1463563527307395891,,1580.0,27.9599990845
1463563527344603473,1274,1463563527335134232,,1580.0,27.9599990845
1463563527375728090,1275,1463563527358862646,,1580.0,28.7999992371
1463563527425165142,1276,1463563527386460257,,1580.0,27.9599990845
1463563527425612333,1277,1463563527412165302,,1580.0,27.9599990845
1463563527468613434,1278,1463563527438916656,,1580.0,27.9599990845
1463563527478067109,1279,1463563527466308094,,1580.0,27.9599990845
1463563527496239353,1280,1463563527492802652,,1580.0,27.9599990845
1463563527567205000,1281,1463563527519314746,,1580.0,25.3199996948
1463563527589843988,1282,1463563527546965373,,1580.0,27.9599990845
1463563527592513035,1283,1463563527568380826,,1580.0,27.9599990845
1463563527620190224,1284,1463563527599023364,,1580.0,27.9599990845
1463563527682453574,1285,1463563527627295758,,1580.0,27.9599990845
1463563527682858780,1286,1463563527653355820,,1580.0,27.8400001526
1463563527694729964,1287,1463563527680804729,,1580.0,27.6000003815
1463563527717357494,1288,1463563527708751761,,1580.0,27.6000003815
1463563527757398937,1289,1463563527733833339,,1580.0,27.4799995422
1463563527768056794,1290,1463563527761687871,,1580.0,28.4400005341
1463563527792998894,1291,1463563527790096619,,1580.0,27.1200008392
1463563527815359759,1292,1463563527811197959,,1580.0,27.1200008392
1463563527841941329,1293,1463563527837000627,,1580.0,25.4400005341
1463563527878702321,1294,1463563527866214839,,1580.0,17.3999996185
1463563527897750444,1295,1463563527892084642,,1580.0,0.119999997318
1463563527933990814,1296,1463563527916734661,,1580.0,-0.119999997318
1463563527947470062,1297,1463563527943604407,,1580.0,0.119999997318
1463563527974896732,1298,1463563527969987228,,1580.0,-0.0
1463563528006572232,1299,1463563527993247254,,1580.0,0.119999997318
1463563528027780915,1300,1463563528024335153,,1580.0,-0.0
1463563528075145755,1301,1463563528049151890,,1580.0,0.119999997318
1463563528170367098,1302,1463563528076139343,,1580.0,0.119999997318
1463563528170404493,1303,1463563528099260932,,1580.0,0.119999997318
1463563528170449441,1304,1463563528121907421,,1580.0,0.119999997318
1463563528170483295,1305,1463563528145733433,,1580.0,0.119999997318
1463563528202543897,1306,1463563528173599632,,1580.0,0.119999997318
1463563528203045613,1307,1463563528195820497,,1580.0,0.119999997318
1463563528277040095,1308,1463563528216576214,,1580.0,0.119999997318
1463563528277096449,1309,1463563528255995421,,1580.0,0.119999997318
1463563528325668157,1310,1463563528290382625,,1580.0,0.119999997318
1463563528341447287,1311,1463563528320112198,,1580.0,-0.119999997318
1463563528395639745,1312,1463563528354254403,,1580.0,-0.0
1463563528395677453,1313,1463563528381520136,,1580.0,0.119999997318
1463563528462807911,1314,1463563528411398615,,1580.0,0.119999997318
1463563528471385884,1315,1463563528442057715,,1580.0,-0.0
1463563528578392005,1316,1463563528467542989,,1580.0,-1.20000004768
1463563528582230369,1317,1463563528493450344,,1580.0,0.119999997318
1463563528587037946,1318,1463563528523909497,,1580.0,0.119999997318
1463563528587122737,1319,1463563528550644504,,1580.0,-0.119999997318
1463563528588262471,1320,1463563528581445634,,1580.0,-0.0
1463563529333331640,1321,1463563528610491982,,1580.0,-0.72000002861
1463563529333656013,1322,1463563528640820250,,1580.0,-1.44000005722
1463563529333708617,1323,1463563528670569823,,1580.0,-4.80000019073
1463563529333754502,1324,1463563528696746135,,1580.0,-10.5600004196
1463563529333810960,1325,1463563528725824879,,1580.0,-15.2399997711
1463563529333859606,1326,1463563528756395437,,1580.0,-22.9200000763
1463563529333897001,1327,1463563528786314541,,1580.0,-27.8400001526
1463563529333942053,1328,1463563528813848658,,1580.0,-29.7600002289
1463563529333978824,1329,1463563528843916823,,1580.0,-29.7600002289
1463563529334013720,1330,1463563528873775406,,1580.0,-30.2399997711
1463563529334049605,1331,1463563528902341861,,1580.0,-29.7600002289
1463563529334132104,1332,1463563528932821118,,1580.0,-29.7600002289
1463563529334183250,1333,1463563528962773659,,1580.0,-29.7600002289
1463563529334219552,1334,1463563528988447369,,1580.0,-29.7600002289
1463563529334267051,1335,1463563529017204865,,1580.0,-28.9200000763
1463563529334302364,1336,1463563529044821377,,1580.0,-29.7600002289
1463563529334336061,1337,1463563529073981423,,1580.0,-29.6399993896
1463563529334383926,1338,1463563529100544399,,1580.0,-29.7600002289
1463563529351806641,1339,1463563529129966526,,1580.0,-29.6399993896
1463563529351996796,1340,1463563529166486114,,1580.0,-29.7600002289
1463563529352532731,1341,1463563529204675432,,1580.0,-29.7600002289
1463563529352752886,1342,1463563529231937155,,1580.0,-30.9599990845
1463563529352797052,1343,1463563529260640744,,1580.0,-29.7600002289
1463563529352833718,1344,1463563529290632868,,1580.0,-29.0400009155
1463563529353111477,1345,1463563529320629732,,1580.0,-27.7199993134
1463563529376087599,1346,1463563529346317869,,1580.0,-27.0
1463563529376289837,1347,1463563529372421265,,1580.0,-26.8799991608
1463563529495014070,1348,1463563529398105236,,1580.0,-26.7600002289
1463563529495071517,1349,1463563529423181867,,1580.0,-24.9599990845
1463563529495108444,1350,1463563529452706025,,1580.0,-24.9599990845
1463563529496019950,1351,1463563529484930845,,1580.0,-24.8400001526
1463563529523955106,1352,1463563529513929381,,1580.0,-24.3600006104
1463563529555369774,1353,1463563529542730678,,1580.0,-22.9200000763
1463563529578266365,1354,1463563529569693132,,1580.0,-10.4399995804
1463563529607073391,1355,1463563529598228493,,1580.0,-10.4399995804
1463563529706405284,1356,1463563529625353654,,1580.0,-10.4399995804
1463563529706905386,1357,1463563529655171716,,1580.0,-0.0
1463563529706955906,1358,1463563529682448647,,1580.0,0.119999997318
1463563529746304072,1359,1463563529706416586,,1554.0,1.79999995232
1463563529746775579,1360,1463563529735605538,,1541.0,-0.0
1463563529793945524,1361,1463563529762343045,,1542.0,-0.0
1463563529835242377,1362,1463563529790777261,,1535.0,0.119999997318
1463563529835746124,1363,1463563529815266186,,1529.0,-0.0
1463563530085692852,1364,1463563529845723933,,1530.0,0.119999997318
1463563530085769258,1365,1463563529872005036,,1530.0,0.119999997318
1463563530085813268,1366,1463563529897344686,,1529.0,0.119999997318
1463563530085855820,1367,1463563529926242129,,1530.0,0.119999997318
1463563530085894570,1368,1463563529954191191,,1532.0,0.839999973774
1463563530085961288,1369,1463563529982802490,,1530.0,0.119999997318
1463563530086036340,1370,1463563530007542455,,1502.0,1.55999994278
1463563530086078683,1371,1463563530034624335,,1502.0,2.16000008583
1463563530086164881,1372,1463563530062355326,,1489.0,2.16000008583
1463563530218060706,1373,1463563530090318607,,1488.0,2.03999996185
1463563530218122581,1374,1463563530108739702,,1512.0,3.48000001907
1463563530218160549,1375,1463563530134735130,,1501.0,2.40000009537
1463563530218197424,1376,1463563530160493892,,1503.0,2.51999998093
1463563530218231799,1377,1463563530190583464,,1517.0,2.40000009537
1463563530232327085,1378,1463563530222631045,,1529.0,2.40000009537
1463563530253644309,1379,1463563530249818341,,1531.0,2.51999998093
1463563530288806561,1380,1463563530265084245,,1530.0,2.40000009537
1463563530309165353,1381,1463563530294819808,,1529.0,2.03999996185
1463563530335462342,1382,1463563530321072735,,1530.0,1.44000005722
1463563530335837600,1383,1463563530325458491,,1529.0,0.600000023842
1463563530370715582,1384,1463563530342747822,,1530.0,0.119999997318
1463563530428458593,1385,1463563530368646635,,1530.0,0.119999997318
1463563530429920355,1386,1463563530396218721,,1530.0,-0.0
1463563530430325770,1387,1463563530423032477,,1535.0,0.959999978542
1463563530481751368,1388,1463563530451946274,,1530.0,-0.0
1463563530521637707,1389,1463563530479114872,,1530.0,-1.32000005245
1463563530528935740,1390,1463563530506927946,,1530.0,-1.91999995708
1463563530570515299,1391,1463563530534021805,,1530.0,-1.79999995232
1463563530570998890,1392,1463563530561098633,,1531.0,-2.75999999046
1463563530600083467,1393,1463563530596259374,,1530.0,-3.0
1463563530645596129,1394,1463563530624962495,,1530.0,-3.3599998951
1463563530674976798,1395,1463563530655350866,,1530.0,-3.24000000954
1463563530690538691,1396,1463563530681920093,,1535.0,-3.24000000954
1463563530724015483,1397,1463563530720109567,,1534.0,-3.3599998951
1463563530766298736,1398,1463563530752212825,,1534.0,-3.24000000954
1463563530788303769,1399,1463563530783863482,,1535.0,-3.24000000954
1463563530802944573,1400,1463563530798827929,,1534.0,-3.24000000954
1463563530842856589,1401,1463563530822460505,,1534.0,-3.3599998951
1463563530852253828,1402,1463563530834804343,,1507.0,-4.44000005722
1463563530864903237,1403,1463563530858749105,,1534.0,-3.3599998951
1463563530886715771,1404,1463563530877659155,,1535.0,-3.48000001907
1463563530896631497,1405,1463563530890390126,,1535.0,-3.48000001907
1463563530970255982,1406,1463563530903419115,,1531.0,-3.72000002861
1463563530970577542,1407,1463563530925874875,,1531.0,-3.72000002861
1463563530971119310,1408,1463563530938909907,,1530.0,-4.19999980927
1463563530971522172,1409,1463563530957578917,,1530.0,-4.19999980927
1463563530994822198,1410,1463563530990466181,,1530.0,-4.19999980927
1463563531025762130,1411,1463563531022787771,,1530.0,-5.63999986649
1463563531062525935,1412,1463563531054155617,,1529.0,-5.63999986649
1463563531089195838,1413,1463563531083984877,,1530.0,-5.63999986649
1463563531126917762,1414,1463563531123386532,,1530.0,-6.23999977112
1463563531168968204,1415,1463563531160401794,,1530.0,-6.59999990463
1463563531206171382,1416,1463563531194261396,,1530.0,-6.59999990463
1463563531239914006,1417,1463563531225522420,,1534.0,-6.84000015259
1463563531261886070,1418,1463563531256208967,,1534.0,-7.07999992371
1463563531311894124,1419,1463563531286001300,,1534.0,-7.07999992371
1463563531345884195,1420,1463563531322261254,,1534.0,-7.19999980927
1463563531374684503,1421,1463563531353799619,,1564.0,-8.39999961853
1463563531392756797,1422,1463563531384571583,,1564.0,-8.39999961853
1463563531419841490,1423,1463563531415016465,,1553.0,-10.3199996948
1463563531454306818,1424,1463563531448976014,,1565.0,-8.88000011444
1463563531492127596,1425,1463563531484079308,,1559.0,-9.0
1463563531525075902,1426,1463563531517356153,,1558.0,-9.0
1463563531563528031,1427,1463563531555386670,,1559.0,-9.0
1463563531594682023,1428,1463563531588577526,,1559.0,-9.0
1463563531622034110,1429,1463563531618911159,,1558.0,-9.11999988556
1463563531666025635,1430,1463563531651149364,,1580.0,-9.35999965668
1463563531688018533,1431,1463563531683437985,,1580.0,-9.72000026703
1463563531716720508,1432,1463563531698806181,,1580.0,-9.72000026703
1463563531739540745,1433,1463563531708112900,,1580.0,-9.96000003815
1463563531739978347,1434,1463563531716552227,,1580.0,-9.96000003815
1463563531859913510,1435,1463563531746801121,,1580.0,-9.96000003815
1463563531867161230,1436,1463563531762510669,,1580.0,-10.0799999237
1463563531867198677,1437,1463563531773637117,,1580.0,-9.96000003815
1463563531867271073,1438,1463563531785881319,,1580.0,-9.96000003815
1463563531867740497,1439,1463563531797338547,,1580.0,-9.96000003815
1463563531912827068,1440,1463563531819373059,,1580.0,-9.96000003815
1463563531913135920,1441,1463563531839186594,,1580.0,-9.96000003815
1463563531913184254,1442,1463563531865175876,,1580.0,-10.0799999237
1463563531913221858,1443,1463563531887277367,,1580.0,-10.0799999237
1463563531956884686,1444,1463563531908555321,,1580.0,-10.4399995804
1463563531957175883,1445,1463563531927297977,,1580.0,-9.96000003815
1463563532062766126,1446,1463563531952561325,,1580.0,-10.4399995804
1463563532062818521,1447,1463563531977851288,,1580.0,-10.5600004196
1463563532063121905,1448,1463563532004043798,,1580.0,-10.4399995804
1463563532063256644,1449,1463563532037474288,,1580.0,-10.0799999237
1463563532089369363,1450,1463563532075636627,,1580.0,-10.4399995804
1463563532115384113,1451,1463563532102378405,,1580.0,-10.4399995804
1463563532151409224,1452,1463563532116458430,,1580.0,-10.4399995804
1463563532151802608,1453,1463563532129192213,,1580.0,-11.0399999619
1463563532179741931,1454,1463563532141075532,,1580.0,-10.4399995804
1463563532188671568,1455,1463563532157324868,,1580.0,-10.4399995804
1463563532189126357,1456,1463563532180866560,,1580.0,-10.5600004196
1463563532482683883,1457,1463563532202671282,,1580.0,-10.4399995804
1463563532483013725,1458,1463563532222809294,,1580.0,-10.9200000763
1463563532483280078,1459,1463563532245106513,,1580.0,-10.9200000763
1463563532483533827,1460,1463563532272120685,,1580.0,-11.0399999619
1463563532483780700,1461,1463563532297500647,,1535.0,-11.1599998474
1463563532483971012,1462,1463563532325888301,,1535.0,-11.0399999619
1463563532484273197,1463,1463563532346903548,,1535.0,-10.5600004196
1463563532484523873,1464,1463563532369075247,,1534.0,-11.3999996185
1463563532484758247,1465,1463563532396167961,,1534.0,-11.1599998474
1463563532485024027,1466,1463563532421113134,,1534.0,-11.5200004578
1463563532485517774,1467,1463563532450111045,,1534.0,-11.3999996185
1463563532485942199,1468,1463563532478430938,,1534.0,-11.3999996185
1463563532562605103,1469,1463563532503560069,,1534.0,-11.3999996185
1463563532563092080,1470,1463563532531235487,,1535.0,-11.7600002289
1463563532563446245,1471,1463563532556922843,,1532.0,-11.8800001144
1463563532820730640,1472,1463563532582998896,,1534.0,-12.0
1463563532821000014,1473,1463563532609315728,,1533.0,-12.0
1463563532821274387,1474,1463563532639379362,,1535.0,-11.8800001144
1463563532823188543,1475,1463563532662957511,,1534.0,-12.0
1463563532824463223,1476,1463563532691012459,,1535.0,-12.0
1463563532824833794,1477,1463563532713558635,,1580.0,-12.0
1463563532825133011,1478,1463563532738793702,,1580.0,-12.0
1463563532825396968,1479,1463563532763412627,,1580.0,-12.0
1463563532825667227,1480,1463563532788588997,,1580.0,-12.0
1463563532826043735,1481,1463563532812665633,,1580.0,-11.8800001144
1463563532870474425,1482,1463563532840674487,,1580.0,-12.0
1463563532870926037,1483,1463563532864521645,,1580.0,-11.8800001144
1463563532999197872,1484,1463563532891598004,,1580.0,-11.8800001144
1463563532999829847,1485,1463563532913161998,,1580.0,-12.0
1463563533000174793,1486,1463563532937457540,,1580.0,-12.0
1463563533000462031,1487,1463563532943061102,,1580.0,-12.0
1463563533000722134,1488,1463563532946857279,,1580.0,-12.0
1463563533000985049,1489,1463563532965460456,,1580.0,-12.0
1463563533012499672,1490,1463563532997720224,,1580.0,-11.8800001144
1463563533180184725,1491,1463563533024421793,,1580.0,-11.0399999619
1463563533180320349,1492,1463563533035513502,,1580.0,-7.55999994278
1463563533180813107,1493,1463563533049565924,,1580.0,-7.55999994278
1463563533180917742,1494,1463563533062143145,,1580.0,-7.67999982834
1463563533181018783,1495,1463563533067187492,,1580.0,-7.67999982834
1463563533181377062,1496,1463563533080520334,,1580.0,-2.75999999046
1463563533181543936,1497,1463563533087636075,,1580.0,-2.75999999046
1463563533182087683,1498,1463563533097579926,,1580.0,-2.27999997139
1463563533184567253,1499,1463563533107740599,,1580.0,-2.27999997139
1463563533186581929,1500,1463563533126205860,,1580.0,-2.40000009537
1463563533186653855,1501,1463563533146480017,,1580.0,-2.40000009537
1463563533186707709,1502,1463563533166923549,,1580.0,-2.27999997139
1463563533322651689,1503,1463563533204530110,,1580.0,13.9200000763
1463563533322700908,1504,1463563533242541251,,1580.0,18.7199993134
1463563533323001062,1505,1463563533274202845,,1580.0,22.5599994659
1463563533323495539,1506,1463563533304670488,,1580.0,24.4799995422
1463563533354654323,1507,1463563533335671825,,1580.0,25.0799999237
1463563533373570259,1508,1463563533363943854,,1580.0,24.4799995422
1463563533418634330,1509,1463563533395655969,,1580.0,23.0400009155
1463563533428567608,1510,1463563533424992680,,1580.0,20.8799991608
1463563533489858203,1511,1463563533453719134,,1580.0,20.0400009155
1463563533490488772,1512,1463563533483410218,,1580.0,20.1599998474
1463563533535353990,1513,1463563533512792918,,1580.0,-1.79999995232
1463563533605782919,1514,1463563533533946446,,1580.0,0.119999997318
1463563533605835888,1515,1463563533555069244,,1580.0,0.119999997318
1463563533606325625,1516,1463563533567379853,,1580.0,-0.0
1463563533606379479,1517,1463563533587444897,,1580.0,0.119999997318
1463563533606936663,1518,1463563533604352354,,1580.0,0.119999997318
1463563534052075998,1519,1463563533617018742,,1580.0,0.119999997318
1463563534052343080,1520,1463563533622875376,,1580.0,0.119999997318
1463563534052601256,1521,1463563533637523419,,1580.0,-0.0
1463563534052898129,1522,1463563533653013072,,1580.0,-0.0
1463563534053179742,1523,1463563533667034140,,1580.0,0.119999997318
1463563534053506511,1524,1463563533681787234,,1580.0,0.119999997318
1463563534053803853,1525,1463563533689255057,,1580.0,0.119999997318
1463563534054091508,1526,1463563533699315522,,1580.0,0.119999997318
1463563534054382339,1527,1463563533709729370,,1580.0,0.119999997318
1463563534054676452,1528,1463563533719339212,,1580.0,-0.0
1463563534055011919,1529,1463563533737119321,,1580.0,-0.0
1463563534055384730,1530,1463563533760561950,,1580.0,0.119999997318
1463563534055681186,1531,1463563533783660571,,1580.0,-0.0
1463563534055957904,1532,1463563533808227361,,1580.0,-0.0
1463563534056227642,1533,1463563533835589708,,1580.0,-1.55999994278
1463563534056514098,1534,1463563533859710615,,1580.0,0.119999997318
1463563534056791128,1535,1463563533884055427,,1580.0,0.119999997318
1463563534057065606,1536,1463563533903691046,,1580.0,-1.79999995232
1463563534057325396,1537,1463563533925180041,,1580.0,-5.51999998093
1463563534057576228,1538,1463563533952909677,,1580.0,-6.96000003815
1463563534057836747,1539,1463563533975692779,,1580.0,-8.27999973297
1463563534058098673,1540,1463563533994089760,,1580.0,-9.0
1463563534070920007,1541,1463563534016274219,,1580.0,-9.0
1463563534071413182,1542,1463563534036800823,,1580.0,-8.64000034332
1463563534071760992,1543,1463563534060984386,,1580.0,-6.84000015259
1463563534121059050,1544,1463563534078942671,,1580.0,-4.92000007629
1463563534122645448,1545,1463563534100126303,,1580.0,0.119999997318
1463563534123061226,1546,1463563534117104801,,1580.0,0.119999997318
1463563534271427585,1547,1463563534138262496,,1580.0,-0.0
1463563534271724094,1548,1463563534156888017,,1580.0,-0.0
1463563534272012634,1549,1463563534180346375,,1580.0,0.119999997318
1463563534273206012,1550,1463563534204666031,,1580.0,0.119999997318
1463563534273505021,1551,1463563534225929662,,1580.0,-0.0
1463563534273943248,1552,1463563534248234589,,1580.0,0.119999997318
1463563534274335225,1553,1463563534268993588,,1580.0,0.119999997318
1463563534374248677,1554,1463563534291800544,,1580.0,-0.0
1463563534389835777,1555,1463563534317825190,,1580.0,0.119999997318
1463563534390500096,1556,1463563534345637795,,1580.0,-0.119999997318
1463563534390957646,1557,1463563534374114094,,1580.0,0.119999997318
1463563534466396443,1558,1463563534402823257,,1580.0,-0.0
1463563534466894149,1559,1463563534432789808,,1580.0,0.119999997318
1463563534469764810,1560,1463563534459277941,,1580.0,0.119999997318
1463563534512439467,1561,1463563534486298780,,1580.0,2.75999999046
1463563534530276659,1562,1463563534517916780,,1580.0,7.07999992371
1463563534572808296,1563,1463563534549110773,,1580.0,12.720000267
1463563534599575803,1564,1463563534582177515,,1580.0,19.3199996948
1463563534618877778,1565,1463563534611401101,,1580.0,27.2399997711
1463563534662995865,1566,1463563534639833703,,1580.0,28.0799999237
1463563534678094739,1567,1463563534666631157,,1580.0,27.9599990845
1463563534716409733,1568,1463563534693248925,,1580.0,27.9599990845
1463563534744616138,1569,1463563534715347343,,1580.0,27.9599990845
1463563534745083479,1570,1463563534742029694,,1580.0,27.9599990845
1463563534795250647,1571,1463563534763584209,,1580.0,27.9599990845
1463563534795691530,1572,1463563534785607263,,1580.0,27.9599990845
1463563534844670267,1573,1463563534807302975,,1580.0,27.9599990845
1463563534845127139,1574,1463563534835023758,,1580.0,27.9599990845
1463563534906093100,1575,1463563534857217592,,1580.0,28.3199996948
1463563534906581066,1576,1463563534883779163,,1580.0,28.3199996948
1463563534935959861,1577,1463563534908486160,,1580.0,27.9599990845
1463563534940267857,1578,1463563534935643196,,1580.0,27.6000003815
1463563534963629862,1579,1463563534959638426,,1580.0,27.9599990845
1463563534994241097,1580,1463563534986174267,,1580.0,27.9599990845
1463563535020461159,1581,1463563535010637985,,1580.0,27.9599990845
1463563535061372128,1582,1463563535037245649,,1580.0,27.9599990845
1463563535091509252,1583,1463563535060200156,,1580.0,27.9599990845
1463563535091976957,1584,1463563535084905903,,1580.0,27.9599990845
1463563535136987904,1585,1463563535108038899,,1580.0,27.9599990845
1463563535137377225,1586,1463563535132211837,,1580.0,27.9599990845
1463563535196432728,1587,1463563535157911693,,1580.0,27.8400001526
1463563535196919600,1588,1463563535182207495,,1580.0,27.8400001526
1463563535228574215,1589,1463563535207181418,,1580.0,28.9200000763
1463563535267484987,1590,1463563535229323534,,1580.0,27.9599990845
1463563535271851577,1591,1463563535256902129,,1580.0,27.9599990845
1463563535317077887,1592,1463563535279689919,,1580.0,27.9599990845
1463563535317522780,1593,1463563535302853019,,1580.0,27.9599990845
1463563535364567257,1594,1463563535329713441,,1580.0,29.0400009155
1463563535364974598,1595,1463563535356761519,,1580.0,28.0799999237
1463563535489282966,1596,1463563535385970523,,1580.0,26.3999996185
1463563535489708120,1597,1463563535413032507,,1580.0,18.0
1463563535490397908,1598,1463563535437686380,,1580.0,17.7600002289
1463563535490504886,1599,1463563535458619908,,1580.0,-3.3599998951
1463563535490551397,1600,1463563535486548242,,1580.0,0.119999997318
1463563535548947789,1601,1463563535514921417,,1580.0,-0.0
1463563535548991695,1602,1463563535542181629,,1535.0,0.119999997318
1463563535568699606,1603,1463563535565898319,,1534.0,0.119999997318
1463563535600550209,1604,1463563535593500092,,1534.0,-0.0
1463563535635647148,1605,1463563535615295752,,1534.0,-0.0
1463563535657989888,1606,1463563535640815140,,1534.0,-0.0
1463563535666625465,1607,1463563535659715816,,1534.0,-0.0
1463563535708706167,1608,1463563535687829148,,1535.0,1.32000005245
1463563535708759136,1609,1463563535705126447,,1534.0,-0.0
1463563535762843364,1610,1463563535718683559,,1534.0,-0.0
1463563535763111540,1611,1463563535739293027,,1529.0,-0.0
1463563535763749193,1612,1463563535750142810,,1530.0,0.119999997318
1463563535763797578,1613,1463563535761845089,,1530.0,0.119999997318
1463563535964724893,1614,1463563535769623379,,1530.0,0.119999997318
1463563535964987756,1615,1463563535780853837,,1530.0,0.119999997318
1463563535965246765,1616,1463563535786553857,,1530.0,-0.0
1463563535965533378,1617,1463563535801524242,,1530.0,-0.0
1463563535965809366,1618,1463563535818308940,,1530.0,0.119999997318
1463563535966103999,1619,1463563535828257686,,1530.0,-0.0
1463563535966403946,1620,1463563535840834491,,1530.0,-0.0
1463563535966750819,1621,1463563535861057659,,1506.0,-0.0
1463563535966819100,1622,1463563535885331795,,1455.0,0.360000014305
1463563535967082275,1623,1463563535904018617,,1455.0,0.360000014305
1463563535967609720,1624,1463563535921116230,,1454.0,-0.0
1463563535968161592,1625,1463563535930973467,,1422.0,0.119999997318
1463563535970660641,1626,1463563535938763006,,1422.0,0.119999997318
1463563536006303775,1627,1463563535970906212,,1421.0,-0.119999997318
1463563536189887332,1628,1463563536013234986,,1361.0,-0.0
1463563536198269004,1629,1463563536049842698,,1326.0,0.119999997318
1463563536198622335,1630,1463563536077552647,,1315.0,-0.0
1463563536198924677,1631,1463563536104129791,,1315.0,-0.0
1463563536199591653,1632,1463563536138397412,,1296.0,-0.119999997318
1463563536199650975,1633,1463563536172686699,,1294.0,0.119999997318
1463563536200134150,1634,1463563536182035032,,1294.0,0.119999997318
1463563536200636282,1635,1463563536190883420,,1294.0,0.119999997318
1463563536352056842,1636,1463563536209660763,,1294.0,0.119999997318
1463563536352299810,1637,1463563536222345276,,1293.0,-0.0
1463563536352344705,1638,1463563536240101062,,1294.0,0.119999997318
1463563536352568506,1639,1463563536246875295,,1294.0,-0.0
1463563536352610329,1640,1463563536256424096,,1294.0,-0.0
1463563536353104180,1641,1463563536264067022,,1294.0,-0.0
1463563536353448137,1642,1463563536272876139,,1294.0,-0.0
1463563536353729854,1643,1463563536281598642,,1296.0,0.119999997318
1463563536353999540,1644,1463563536289279537,,1296.0,0.119999997318
1463563536354819744,1645,1463563536296985588,,1296.0,0.119999997318
1463563536355322501,1646,1463563536311141238,,1293.0,-0.0
1463563536356103799,1647,1463563536326967764,,1294.0,0.119999997318
1463563536679242618,1648,1463563536356346298,,1293.0,0.119999997318
1463563536679290066,1649,1463563536390824647,,1293.0,-0.0
1463563536683100409,1650,1463563536424026440,,1294.0,0.119999997318
1463563536683453428,1651,1463563536448662396,,1294.0,0.119999997318
1463563536683496188,1652,1463563536471895704,,1294.0,0.119999997318
1463563536683540459,1653,1463563536487137546,,1293.0,-0.0
1463563536683819415,1654,1463563536502359440,,1294.0,-0.0
1463563536683903478,1655,1463563536528356326,,1294.0,-0.0
1463563536683952488,1656,1463563536558800947,,1294.0,-0.0
1463563536685976851,1657,1463563536579879788,,1294.0,0.119999997318
1463563536686148465,1658,1463563536606300682,,1293.0,-0.0
1463563536692040099,1659,1463563536623207515,,1293.0,-0.0
1463563536692099421,1660,1463563536644155054,,1293.0,-0.0
1463563536692139525,1661,1463563536665915766,,1294.0,0.119999997318
1463563536783540681,1662,1463563536692428482,,1278.0,0.119999997318
1463563536784018751,1663,1463563536715403249,,1277.0,-0.0
1463563536784946819,1664,1463563536730043115,,1278.0,0.119999997318
1463563536786020771,1665,1463563536742454661,,1278.0,0.119999997318
1463563536790633350,1666,1463563536748774052,,1278.0,-0.0
1463563536791096316,1667,1463563536761785438,,1278.0,-0.0
1463563536791150378,1668,1463563536784180886,,1279.0,0.119999997318
1463563537047071969,1669,1463563536797813935,,1278.0,0.119999997318
1463563537047120562,1670,1463563536815154567,,1278.0,0.119999997318
1463563537047399519,1671,1463563536828608294,,1278.0,-0.0
1463563537047733684,1672,1463563536842410925,,1278.0,-0.0
1463563537047781131,1673,1463563536855431686,,1278.0,-0.0
1463563537047983266,1674,1463563536875373032,,1277.0,-0.0
1463563537048366597,1675,1463563536900902942,,1278.0,-0.0
1463563537048412638,1676,1463563536908636753,,1278.0,-0.0
1463563537048572846,1677,1463563536930936368,,1278.0,-0.0
1463563537053566047,1678,1463563536944950352,,1279.0,-0.0
1463563537053612557,1679,1463563536963451342,,1278.0,-0.0
1463563537053648130,1680,1463563536975235547,,1278.0,-0.0
1463563537053680421,1681,1463563536990237026,,1278.0,-0.0
1463563537053715369,1682,1463563537002372271,,1262.0,-0.0
1463563537053748077,1683,1463563537014674077,,1262.0,-0.0
1463563537053853389,1684,1463563537025625526,,1262.0,-0.0
1463563537055667598,1685,1463563537036597131,,1262.0,-0.0
1463563537120187081,1686,1463563537056467333,,1262.0,-0.0
1463563537121933894,1687,1463563537110402865,,1182.0,-1.44000005722
1463563537157201822,1688,1463563537150906336,,1181.0,-0.0
1463563537210095381,1689,1463563537166829841,,1182.0,-0.0
1463563537210435952,1690,1463563537177656031,,1182.0,-0.0
1463563537210814335,1691,1463563537194644165,,1182.0,-0.0
1463563537326955509,1692,1463563537213996348,,1182.0,0.119999997318
1463563537327299413,1693,1463563537225893990,,1182.0,0.119999997318
1463563537327348996,1694,1463563537237547258,,1182.0,0.119999997318
1463563537328101023,1695,1463563537248376417,,1182.0,-0.0
1463563537328153679,1696,1463563537259932238,,1182.0,0.119999997318
1463563537328184096,1697,1463563537274782884,,1182.0,0.119999997318
1463563537328441282,1698,1463563537284293039,,1182.0,0.119999997318
1463563537328598573,1699,1463563537295539226,,1182.0,-0.0
1463563537328832321,1700,1463563537322855844,,1182.0,0.119999997318
1463563537375428467,1701,1463563537367920332,,1182.0,0.119999997318
1463563537417457763,1702,1463563537400161662,,1170.0,-0.0
1463563537440804873,1703,1463563537426578077,,1166.0,-0.0
1463563537467937794,1704,1463563537436430209,,1166.0,-0.0
1463563537491525787,1705,1463563537477352429,,1166.0,-0.0
1463563537535102262,1706,1463563537528567351,,1166.0,-0.0
1463563537648271838,1707,1463563537578478895,,1167.0,0.119999997318
1463563537649857402,1708,1463563537629168924,,1166.0,-0.0
1463563537759699028,1709,1463563537688245521,,1176.0,-0.0
1463563537760058974,1710,1463563537738441074,,1182.0,0.119999997318
1463563537790979478,1711,1463563537784769461,,1182.0,-0.0
1463563537832963462,1712,1463563537823262006,,1182.0,0.119999997318
1463563537857011349,1713,1463563537853448400,,1194.0,-0.0
1463563537886735818,1714,1463563537882877402,,1214.0,-0.0
1463563537919855633,1715,1463563537914183737,,1257.0,-0.0
1463563537947939903,1716,1463563537944909816,,1356.0,-0.0
1463563537978350566,1717,1463563537974594025,,1373.0,-0.119999997318
1463563538007773631,1718,1463563538005045886,,1389.0,-0.0
1463563538042341355,1719,1463563538036095817,,1390.0,0.119999997318
1463563538074254301,1720,1463563538066292106,,1406.0,0.119999997318
1463563538102969141,1721,1463563538097395474,,1420.0,0.119999997318
1463563538135979373,1722,1463563538132410070,,1529.0,-0.0
1463563538168963824,1723,1463563538162126987,,1530.0,-0.0
1463563538298286122,1724,1463563538191157971,,1530.0,-0.0
1463563538298613777,1725,1463563538217318866,,1529.0,-0.0
1463563538299836270,1726,1463563538243634761,,1530.0,-0.0
1463563538300568349,1727,1463563538274955940,,1530.0,-0.0
1463563538382164455,1728,1463563538301786936,,1530.0,-0.0
1463563538382490912,1729,1463563538330559588,,1530.0,-0.0
1463563538382906535,1730,1463563538358200058,,1530.0,0.119999997318
1463563538436705557,1731,1463563538384638556,,1529.0,-0.0
1463563538436743577,1732,1463563538411407938,,1530.0,-0.0
1463563538442404119,1733,1463563538438337423,,1530.0,0.119999997318
1463563538486841839,1734,1463563538466273725,,1531.0,0.119999997318
1463563538506655843,1735,1463563538496364807,,1530.0,-0.0
1463563538543434440,1736,1463563538526415889,,1530.0,-0.0
1463563538565162026,1737,1463563538556732490,,1529.0,-0.0
1463563538591822763,1738,1463563538586878468,,1530.0,-0.0
1463563538651005557,1739,1463563538619670889,,1531.0,0.119999997318
1463563538668069108,1740,1463563538657966925,,1530.0,-0.0
1463563538691452883,1741,1463563538686558379,,1530.0,0.119999997318
1463563538717628674,1742,1463563538711484698,,1530.0,-0.0
1463563538738773140,1743,1463563538722097972,,1530.0,0.119999997318
1463563538739187356,1744,1463563538731798231,,1529.0,-0.0
1463563538807783327,1745,1463563538740865784,,1529.0,-0.0
1463563538808034628,1746,1463563538750105993,,1530.0,-0.0
1463563538808464261,1747,1463563538762470351,,1530.0,-0.0
1463563538808751446,1748,1463563538771371551,,1530.0,-0.0
1463563538809020872,1749,1463563538781979825,,1529.0,-0.0
1463563538809769305,1750,1463563538790225248,,1529.0,-0.0
1463563538819662063,1751,1463563538801390967,,1529.0,-0.0
1463563538820221018,1752,1463563538809718785,,1529.0,-0.0
1463563538943464548,1753,1463563538820533047,,1529.0,-0.0
1463563538943713557,1754,1463563538828600085,,1529.0,-0.0
1463563538943966055,1755,1463563538837789305,,1529.0,-0.0
1463563538944238293,1756,1463563538843374690,,1529.0,-0.0
1463563538944478032,1757,1463563538870842193,,1530.0,-0.0
1463563538944722978,1758,1463563538884961541,,1529.0,-0.0
1463563538944984070,1759,1463563538896125385,,1530.0,-0.0
1463563538945437505,1760,1463563538915416892,,1530.0,-0.0
1463563538945812035,1761,1463563538937265416,,1530.0,-0.0
1463563538991558758,1762,1463563538952728246,,1531.0,0.119999997318
1463563538991814642,1763,1463563538961410333,,1530.0,0.119999997318
1463563538992199640,1764,1463563538967902432,,1530.0,0.119999997318
1463563539005854928,1765,1463563538992916511,,1530.0,-0.0
1463563539046523711,1766,1463563539011292190,,1530.0,0.119999997318
1463563539046811314,1767,1463563539019372509,,1530.0,0.119999997318
1463563539047104698,1768,1463563539024558105,,1530.0,0.119999997318
1463563539047561935,1769,1463563539036684443,,1530.0,-0.0
1463563539089627064,1770,1463563539054890175,,1530.0,-0.0
1463563539090003156,1771,1463563539062358727,,1530.0,-0.0
1463563539090470705,1772,1463563539076508908,,1529.0,-0.0
1463563539122003446,1773,1463563539093919384,,1529.0,-0.0
1463563539122346673,1774,1463563539101817413,,1530.0,-0.0
1463563539122781358,1775,1463563539113481410,,1530.0,-0.0
1463563539140163396,1776,1463563539124106924,,1529.0,-0.0
1463563539153594780,1777,1463563539142480519,,1530.0,-0.0
1463563539168475738,1778,1463563539161602547,,1530.0,-0.0
1463563539188824583,1779,1463563539173119254,,1529.0,-0.0
1463563539189236872,1780,1463563539179090106,,1529.0,-0.0
1463563539230631120,1781,1463563539187733703,,1529.0,-0.0
1463563539230961899,1782,1463563539194349083,,1530.0,0.119999997318
1463563539231254137,1783,1463563539200264206,,1530.0,0.119999997318
1463563539231667833,1784,1463563539223261526,,1530.0,0.119999997318
1463563539257629719,1785,1463563539230643151,,1529.0,-0.0
1463563539273366037,1786,1463563539254463278,,1529.0,-0.0
1463563539282314112,1787,1463563539267266853,,1530.0,0.119999997318
1463563539293751861,1788,1463563539280033240,,1530.0,0.119999997318
1463563539326419699,1789,1463563539298709490,,1529.0,-0.0
1463563539335871678,1790,1463563539321009521,,1530.0,-0.0
1463563539345054960,1791,1463563539336462976,,1529.0,-0.0
1463563539373111209,1792,1463563539347510988,,1530.0,0.119999997318
1463563539373536363,1793,1463563539369153940,,1530.0,0.119999997318
1463563539417262629,1794,1463563539399717363,,1531.0,0.119999997318
1463563539451618375,1795,1463563539434698313,,1530.0,-0.0
1463563539479138273,1796,1463563539457990839,,1530.0,0.119999997318
1463563539511081636,1797,1463563539482438463,,1530.0,-0.0
1463563539511499863,1798,1463563539501368201,,1530.0,-0.0
1463563539544779208,1799,1463563539513358759,,1530.0,0.119999997318
1463563539545085300,1800,1463563539523887919,,1530.0,0.119999997318
1463563539545612328,1801,1463563539534583536,,1530.0,-0.0
1463563539545979045,1802,1463563539543542809,,1530.0,-0.0
1463563539659017684,1803,1463563539558444757,,1530.0,-0.0
1463563539662363238,1804,1463563539572225617,,1530.0,-0.0
1463563539662444436,1805,1463563539582884568,,1529.0,-0.0
1463563539669813561,1806,1463563539589342084,,1529.0,-0.0
1463563539669871321,1807,1463563539612569923,,1529.0,-0.0
1463563539670023196,1808,1463563539644227298,,1530.0,-0.0
1463563539684053378,1809,1463563539671518604,,1529.0,-0.0
1463563539716354499,1810,1463563539708602824,,1529.0,-0.119999997318
1463563540039273372,1811,1463563539735947098,,1529.0,-0.0
1463563540042013617,1812,1463563539758494524,,1530.0,-0.0
1463563540042067991,1813,1463563539784611462,,1530.0,-0.0
1463563540042393615,1814,1463563539811759643,,1530.0,-0.0
1463563540042439083,1815,1463563539834326288,,1530.0,0.360000014305
1463563540042717519,1816,1463563539860867442,,1530.0,0.119999997318
1463563540043014028,1817,1463563539884543820,,1530.0,-0.0
1463563540043269703,1818,1463563539911457367,,1530.0,-0.0
1463563540045925574,1819,1463563539935366661,,1530.0,-0.0
1463563540046277447,1820,1463563539959116372,,1529.0,-0.0
1463563540049722845,1821,1463563539992297228,,1530.0,-0.0
1463563540050094092,1822,1463563540013725650,,1530.0,0.119999997318
1463563540050571538,1823,1463563540035923651,,1530.0,0.119999997318
1463563541497977095,1824,1463563540060757887,,1529.0,-0.0
1463563541498259124,1825,1463563540083092606,,1530.0,-0.0
1463563541498525373,1826,1463563540105096285,,1530.0,0.119999997318
1463563541498801934,1827,1463563540127261630,,1529.0,-0.0
1463563541499105109,1828,1463563540148937759,,1530.0,-0.0
1463563541501632855,1829,1463563540174092514,,1529.0,-0.0
1463563541504950910,1830,1463563540196372181,,1530.0,-0.0
1463563541505336689,1831,1463563540221458812,,1530.0,0.119999997318
1463563541505594812,1832,1463563540251508383,,1530.0,0.119999997318
1463563541505860488,1833,1463563540276245537,,1530.0,-0.0
1463563541506105330,1834,1463563540298416507,,1530.0,-0.0
1463563541506346267,1835,1463563540323183920,,1530.0,0.119999997318
1463563541506596213,1836,1463563540351643918,,1529.0,-0.0
1463563541506859128,1837,1463563540377008515,,1529.0,-0.0
1463563541507119596,1838,1463563540400445937,,1530.0,-0.0
1463563541507361417,1839,1463563540425764337,,1530.0,-0.0
1463563541507622718,1840,1463563540451040758,,1530.0,-0.0
1463563541507875737,1841,1463563540471515175,,1530.0,0.119999997318
1463563541508136986,1842,1463563540498838876,,1530.0,-0.0
1463563541510761346,1843,1463563540522314058,,1530.0,0.119999997318
1463563541511135250,1844,1463563540546912878,,1529.0,-0.0
1463563541514304191,1845,1463563540569764678,,1530.0,-0.0
1463563541514636429,1846,1463563540593640951,,1530.0,0.119999997318
1463563541514928406,1847,1463563540622025584,,1530.0,0.119999997318
1463563541515232779,1848,1463563540651070317,,1530.0,-0.0
1463563541515519965,1849,1463563540673851700,,1529.0,-0.0
1463563541516815531,1850,1463563540694560699,,1530.0,0.119999997318
1463563541517204070,1851,1463563540721262269,,1530.0,-0.0
1463563541517491569,1852,1463563540743636623,,1530.0,0.119999997318
1463563541517743807,1853,1463563540762478132,,1530.0,0.119999997318
1463563541517998493,1854,1463563540788375227,,1530.0,-0.0
1463563541518253648,1855,1463563540810024585,,1531.0,0.119999997318
1463563541518501563,1856,1463563540831841599,,1530.0,0.119999997318
1463563541518792135,1857,1463563540852355911,,1530.0,0.119999997318
1463563541519093747,1858,1463563540873934957,,1530.0,-0.0
1463563541519392339,1859,1463563540898540445,,1530.0,-0.0
1463563541521750816,1860,1463563540921959949,,1530.0,-0.0
1463563541522199772,1861,1463563540942690510,,1530.0,0.119999997318
1463563541524498561,1862,1463563540965214134,,1529.0,-0.0
1463563541524848090,1863,1463563540993845485,,1530.0,0.119999997318
1463563541526106469,1864,1463563541037338471,,1531.0,0.119999997318
1463563541526480998,1865,1463563541085006642,,1530.0,-0.0
1463563541526794173,1866,1463563541141898668,,1530.0,-0.0
1463563541527058963,1867,1463563541193668795,,1530.0,-0.0
1463563541527317868,1868,1463563541247110007,,1530.0,-0.0
1463563541527570002,1869,1463563541288094205,,1530.0,0.119999997318
1463563541527825417,1870,1463563541313156305,,1530.0,-0.0
1463563541528067083,1871,1463563541332586300,,1530.0,-0.0
1463563541528308800,1872,1463563541366530746,,1530.0,0.119999997318
1463563541528574580,1873,1463563541411522317,,1530.0,-0.0
1463563541534566473,1874,1463563541455097803,,1530.0,0.119999997318
1463563541535081314,1875,1463563541507292095,,1529.0,-0.0
1463563542098896393,1876,1463563541560595026,,1530.0,-0.0
1463563542098951549,1877,1463563541612605308,,1530.0,-0.0
1463563542099924824,1878,1463563541669383585,,1529.0,-0.0
1463563542100396280,1879,1463563541721894593,,1530.0,0.119999997318
1463563542107505147,1880,1463563541750190998,,1530.0,0.119999997318
1463563542107569886,1881,1463563541774270811,,1529.0,-0.0
1463563542108284830,1882,1463563541800248062,,1530.0,-0.0
1463563542108927326,1883,1463563541831387210,,1530.0,0.119999997318
1463563542109204981,1884,1463563541853137089,,1530.0,0.119999997318
1463563542109634718,1885,1463563541876229772,,1529.0,-0.0
1463563542109716436,1886,1463563541895065865,,1530.0,-0.0
1463563542109774717,1887,1463563541917898498,,1530.0,-0.0
1463563542109816592,1888,1463563541939071088,,1529.0,-0.0
1463563542109869925,1889,1463563541960386385,,1530.0,-0.0
1463563542110141903,1890,1463563541979524560,,1530.0,-0.0
1463563542111359240,1891,1463563542001202876,,1531.0,0.119999997318
1463563542111669759,1892,1463563542023033796,,1529.0,-0.0
1463563542111787935,1893,1463563542046559914,,1530.0,-0.0
1463563542113381051,1894,1463563542070099314,,1529.0,-0.0
1463563542114219276,1895,1463563542091995233,,1530.0,-0.0
1463563542569185848,1896,1463563542114819481,,1530.0,0.119999997318
1463563542570653912,1897,1463563542140300692,,1530.0,-0.0
1463563542572177862,1898,1463563542163411240,,1530.0,0.119999997318
1463563542572255153,1899,1463563542186100228,,1529.0,-0.0
1463563542572414059,1900,1463563542212672944,,1530.0,-0.0
1463563542572455152,1901,1463563542235832606,,1529.0,-0.0
1463563542572643224,1902,1463563542259109195,,1530.0,-0.0
1463563542573043326,1903,1463563542285763630,,1530.0,0.119999997318
1463563542574349413,1904,1463563542309836464,,1530.0,0.360000014305
1463563542574634203,1905,1463563542341268632,,1530.0,-0.0
1463563542574907587,1906,1463563542366175055,,1529.0,-0.0
1463563542575168054,1907,1463563542388629200,,1529.0,-0.119999997318
1463563542575541125,1908,1463563542411276261,,1530.0,-0.0
1463563542575776488,1909,1463563542436792265,,1530.0,-0.0
1463563542576052736,1910,1463563542458767298,,1530.0,0.119999997318
1463563542576862524,1911,1463563542482433103,,1530.0,0.119999997318
1463563542577396791,1912,1463563542503072988,,1531.0,0.119999997318
1463563542583826026,1913,1463563542527385352,,1530.0,0.119999997318
1463563542584284722,1914,1463563542549851268,,1530.0,-0.0
1463563542584357430,1915,1463563542573846395,,1530.0,0.119999997318
1463563543286148247,1916,1463563542599748958,,1530.0,-0.0
1463563543288903232,1917,1463563542620188844,,1530.0,-0.0
1463563543289310729,1918,1463563542649688262,,1530.0,-0.0
1463563543289951143,1919,1463563542675314682,,1530.0,-0.0
1463563543290790200,1920,1463563542699850065,,1530.0,-0.0
1463563543291253114,1921,1463563542722990978,,1529.0,-0.0
1463563543291725299,1922,1463563542746796261,,1530.0,-0.0
1463563543292065349,1923,1463563542769207438,,1529.0,-0.0
1463563543292538472,1924,1463563542792043665,,1530.0,-0.0
1463563543292926334,1925,1463563542818971170,,1530.0,0.119999997318
1463563543293268259,1926,1463563542839953293,,1530.0,-0.0
1463563543293570133,1927,1463563542861749629,,1530.0,0.119999997318
1463563543294016589,1928,1463563542885717620,,1531.0,0.119999997318
1463563543294332316,1929,1463563542915901410,,1530.0,0.119999997318
1463563543294650856,1930,1463563542936058485,,1530.0,-0.0
1463563543295046999,1931,1463563542962139225,,1530.0,-0.0
1463563543295672256,1932,1463563542989917507,,1529.0,-0.0
1463563543296044129,1933,1463563543016882877,,1530.0,-0.0
1463563543297504173,1934,1463563543046621357,,1530.0,-0.0
1463563543299106560,1935,1463563543067208585,,1529.0,-0.0
1463563543299569891,1936,1463563543080975279,,1529.0,-0.0
1463563543299904941,1937,1463563543092376049,,1529.0,-0.0
1463563543300347387,1938,1463563543114202125,,1530.0,0.119999997318
1463563543300708114,1939,1463563543137703191,,1531.0,0.119999997318
1463563543301146809,1940,1463563543167104589,,1530.0,0.119999997318
1463563543302082064,1941,1463563543175008972,,1530.0,-0.0
1463563543302466229,1942,1463563543197804626,,1530.0,-0.0
1463563543302851383,1943,1463563543224153073,,1531.0,0.119999997318
1463563543303455130,1944,1463563543245853368,,1529.0,-0.0
1463563543303956846,1945,1463563543284024092,,1530.0,-0.0
1463563543464832978,1946,1463563543324836468,,1531.0,0.119999997318
1463563543465140111,1947,1463563543361649596,,1530.0,-0.0
1463563543465452662,1948,1463563543400363807,,1530.0,0.119999997318
1463563543466019325,1949,1463563543433201019,,1530.0,0.119999997318
1463563544379096358,1950,1463563543473249597,,1530.0,-0.0
1463563544379356565,1951,1463563543512301879,,1530.0,-0.0
1463563544379781927,1952,1463563543538643451,,1530.0,-0.0
1463563544380138904,1953,1463563543573273778,,1530.0,-0.0
1463563544380192237,1954,1463563543601008206,,1530.0,0.119999997318
1463563544380452965,1955,1463563543617182387,,1530.0,0.119999997318
1463563544380697286,1956,1463563543640392830,,1529.0,-0.0
1463563544380945827,1957,1463563543665375451,,1530.0,-0.0
1463563544381195148,1958,1463563543693761542,,1530.0,0.119999997318
1463563544381456918,1959,1463563543722466538,,1530.0,-0.0
1463563544381720927,1960,1463563543749997322,,1530.0,0.119999997318
1463563544382004883,1961,1463563543771190380,,1530.0,0.119999997318
1463563544382331548,1962,1463563543794982695,,1530.0,-0.0
1463563544382613578,1963,1463563543820709270,,1529.0,-0.0
1463563544382879358,1964,1463563543844599710,,1530.0,-0.0
1463563544383170554,1965,1463563543872427939,,1530.0,0.119999997318
1463563544383509042,1966,1463563543896135047,,1530.0,-0.0
1463563544383557531,1967,1463563543923041354,,1529.0,-0.0
1463563544383835811,1968,1463563543947143564,,1530.0,-0.0
1463563544384097580,1969,1463563543972552484,,1530.0,-0.0
1463563544384497109,1970,1463563543996681099,,1530.0,-0.0
1463563544384544609,1971,1463563544028444255,,1529.0,-0.0
1463563544385910643,1972,1463563544060418347,,1530.0,-0.0
1463563544386215953,1973,1463563544090295211,,1530.0,0.119999997318
1463563544386502671,1974,1463563544119029634,,1529.0,-0.0
1463563544386766367,1975,1463563544148361137,,1530.0,-0.0
1463563544387043449,1976,1463563544164822087,,1530.0,0.119999997318
1463563544387297718,1977,1463563544175851244,,1530.0,-0.0
1463563544387543863,1978,1463563544190213559,,1530.0,-0.0
1463563544387805788,1979,1463563544217443615,,1530.0,0.119999997318
1463563544388032662,1980,1463563544225333415,,1530.0,-0.0
1463563544388269432,1981,1463563544235993824,,1530.0,-0.0
1463563544388502451,1982,1463563544255123144,,1530.0,0.119999997318
1463563544388717294,1983,1463563544267883281,,1530.0,-0.0
1463563544388964584,1984,1463563544286200575,,1530.0,0.119999997318
1463563544389194531,1985,1463563544298001863,,1530.0,0.119999997318
1463563544389575674,1986,1463563544314333022,,1529.0,-0.0
1463563544390130150,1987,1463563544329977882,,1529.0,-0.0
1463563544390404159,1988,1463563544342178439,,1532.0,-0.0
1463563544390798532,1989,1463563544364864406,,1529.0,-0.0
1463563544524438098,1990,1463563544385997413,,1530.0,-0.0
1463563544524708773,1991,1463563544399178069,,1530.0,-0.0
1463563544524954084,1992,1463563544425128861,,1529.0,-0.0
1463563544525209239,1993,1463563544453463859,,1529.0,-0.0
1463563544525722205,1994,1463563544475782224,,1530.0,-0.0
1463563544527326311,1995,1463563544514508205,,1530.0,0.119999997318
1463563544913015301,1996,1463563544544203091,,1530.0,0.119999997318
1463563544913455090,1997,1463563544556755053,,1530.0,0.119999997318
1463563544913816078,1998,1463563544584610886,,1530.0,0.119999997318
1463563544916251168,1999,1463563544608661585,,1530.0,0.119999997318
1463563544916791582,2000,1463563544626601693,,1530.0,0.119999997318
1463563544917049862,2001,1463563544657894487,,1530.0,0.119999997318
1463563544917319392,2002,1463563544676120948,,1530.0,-0.0
1463563544917553349,2003,1463563544706624475,,1529.0,-0.0
1463563544917789337,2004,1463563544736452330,,1530.0,-0.0
1463563544918482771,2005,1463563544755294464,,1529.0,-0.0
1463563544918947299,2006,1463563544783796805,,1530.0,-0.0
1463563544919249693,2007,1463563544815308816,,1530.0,0.119999997318
1463563544920010418,2008,1463563544834684228,,1531.0,0.119999997318
1463563544921726867,2009,1463563544865052392,,1530.0,0.119999997318
1463563544922607123,2010,1463563544896139822,,1530.0,-0.0
1463563544923335608,2011,1463563544915933201,,1530.0,0.119999997318
1463563544995668225,2012,1463563544948697602,,1530.0,-0.0
1463563544997292538,2013,1463563544975614274,,1530.0,-0.0
1463563544999785493,2014,1463563544994588179,,1530.0,-0.0
1463563545581165734,2015,1463563545022116618,,1529.0,-0.0
1463563545581548700,2016,1463563545050015629,,1530.0,-0.0
1463563545581843438,2017,1463563545068785941,,1530.0,-0.0
1463563545582160468,2018,1463563545097909893,,1530.0,0.119999997318
1463563545582452341,2019,1463563545125907913,,1529.0,-0.0
1463563545582765308,2020,1463563545154955616,,1530.0,-0.0
1463563545582808277,2021,1463563545183865298,,1530.0,-0.0
1463563545583087754,2022,1463563545212848209,,1530.0,-0.0
1463563545583129733,2023,1463563545240525658,,1530.0,0.119999997318
1463563545585688104,2024,1463563545267644100,,1530.0,-0.0
1463563545585866697,2025,1463563545288511692,,1530.0,0.119999997318
1463563545587617989,2026,1463563545315113835,,1530.0,0.119999997318
1463563545587961008,2027,1463563545337717251,,1530.0,0.119999997318
1463563545588263715,2028,1463563545361755397,,1530.0,0.119999997318
1463563545588570484,2029,1463563545390031437,,1530.0,-0.0
1463563545588847774,2030,1463563545413726097,,1530.0,0.119999997318
1463563545589116783,2031,1463563545437607005,,1531.0,0.119999997318
1463563545589729123,2032,1463563545461729735,,1530.0,0.119999997318
1463563545589779904,2033,1463563545488209430,,1530.0,-0.0
1463563545589815998,2034,1463563545513170437,,1529.0,-0.0
1463563545589852091,2035,1463563545526207239,,1530.0,0.119999997318
1463563545590128236,2036,1463563545541929078,,1529.0,-0.0
1463563545595735079,2037,1463563545567191281,,1529.0,-0.0
1463563545595787735,2038,1463563545576581384,,1530.0,-0.0
1463563545709786161,2039,1463563545594660450,,1530.0,0.119999997318
1463563545710103138,2040,1463563545621715247,,1529.0,-0.0
1463563545710598344,2041,1463563545642431641,,1530.0,-0.0
1463563545711227767,2042,1463563545654362096,,1529.0,-0.0
1463563545711948545,2043,1463563545681548610,,1530.0,-0.0
1463563545712003232,2044,1463563545703630154,,1530.0,-0.0
1463563545981554330,2045,1463563545724491443,,1529.0,-0.0
1463563545981815057,2046,1463563545739374173,,1530.0,-0.0
1463563545982071722,2047,1463563545751266814,,1530.0,-0.0
1463563545982374585,2048,1463563545765710484,,1529.0,-0.0
1463563545982672292,2049,1463563545783411426,,1529.0,-0.0
1463563545983000311,2050,1463563545806467704,,1530.0,-0.0
1463563545983291351,2051,1463563545824281979,,1529.0,-0.0
1463563545983563641,2052,1463563545828751486,,1530.0,-0.0
1463563545983855775,2053,1463563545843762547,,1530.0,-0.0
1463563545984124003,2054,1463563545861109013,,1530.0,0.119999997318
1463563545984365928,2055,1463563545874074461,,1530.0,-0.0
1463563545984614260,2056,1463563545915022722,,1530.0,-0.0
1463563545984858738,2057,1463563545931151799,,1530.0,-0.0
1463563545985365767,2058,1463563545953088447,,1530.0,0.119999997318
1463563545985823524,2059,1463563545961314182,,1530.0,0.119999997318
1463563546028196986,2060,1463563545986016180,,1530.0,-0.0
1463563546028862919,2061,1463563546019248963,,1530.0,0.119999997318
1463563546162223164,2062,1463563546042772737,,1530.0,0.119999997318
1463563546162262122,2063,1463563546066871457,,1530.0,-0.0
1463563546162495297,2064,1463563546094398334,,1530.0,0.119999997318
1463563546162773161,2065,1463563546112655107,,1529.0,-0.0
1463563546163169408,2066,1463563546130033343,,1530.0,-0.0
1463563546165071950,2067,1463563546157509336,,1530.0,-0.0
