%time,field.header.seq,field.header.stamp,field.header.frame_id,field.status.status,field.status.service,field.latitude,field.longitude,field.altitude,field.position_covariance0,field.position_covariance1,field.position_covariance2,field.position_covariance3,field.position_covariance4,field.position_covariance5,field.position_covariance6,field.position_covariance7,field.position_covariance8,field.position_covariance_type
1481814792942395189,101,1481814792938721448,,0,0,46.5185508728,6.56665277481,2.77602830977e-40,1.0,0.0,0.0,0.0,1.0,0.0,0.0,0.0,1.0,0
1481814793038867136,102,1481814793035881414,,0,0,46.5185508728,6.56665229797,2.77602830977e-40,1.0,0.0,0.0,0.0,1.0,0.0,0.0,0.0,1.0,0
1481814793157281476,103,1481814793154360546,,0,0,46.5185508728,6.56665182114,2.77602830977e-40,1.0,0.0,0.0,0.0,1.0,0.0,0.0,0.0,1.0,0
1481814793347590064,104,1481814793344852831,,0,0,46.5185127258,6.56663131714,2.77602830977e-40,1.0,0.0,0.0,0.0,1.0,0.0,0.0,0.0,1.0,0
1481814793443659720,105,1481814793441317278,,0,0,46.5185089111,6.56662654877,2.77602830977e-40,1.0,0.0,0.0,0.0,1.0,0.0,0.0,0.0,1.0,0
1481814793540493281,106,1481814793538230734,,0,0,46.5185089111,6.56662845612,2.77602830977e-40,1.0,0.0,0.0,0.0,1.0,0.0,0.0,0.0,1.0,0
1481814793639419545,107,1481814793637409602,,0,0,46.5185089111,6.56662797928,2.77602830977e-40,1.0,0.0,0.0,0.0,1.0,0.0,0.0,0.0,1.0,0
1481814793748671460,108,1481814793746174122,,0,0,46.5185089111,6.56662750244,2.77602830977e-40,1.0,0.0,0.0,0.0,1.0,0.0,0.0,0.0,1.0,0
1481814793836247648,109,1481814793834193069,,0,0,46.5185089111,6.56662845612,2.77602830977e-40,1.0,0.0,0.0,0.0,1.0,0.0,0.0,0.0,1.0,0
1481814793938736350,110,1481814793936062815,,0,0,46.5185089111,6.56662893295,2.77602830977e-40,1.0,0.0,0.0,0.0,1.0,0.0,0.0,0.0,1.0,0
1481814794058546208,111,1481814794045309053,,0,0,46.5185089111,6.56663036346,2.77602830977e-40,1.0,0.0,0.0,0.0,1.0,0.0,0.0,0.0,1.0,0
1481814794158265699,112,1481814794154878572,,0,0,46.5185089111,6.5666308403,2.77602830977e-40,1.0,0.0,0.0,0.0,1.0,0.0,0.0,0.0,1.0,0
1481814794351787300,113,1481814794346297053,,0,0,46.5185089111,6.5666308403,2.77602830977e-40,1.0,0.0,0.0,0.0,1.0,0.0,0.0,0.0,1.0,0
1481814794450997156,114,1481814794445741388,,0,0,46.5185089111,6.5666308403,2.77602830977e-40,1.0,0.0,0.0,0.0,1.0,0.0,0.0,0.0,1.0,0
1481814794549641546,115,1481814794545756920,,0,0,46.5185470581,6.56665849686,2.77602830977e-40,1.0,0.0,0.0,0.0,1.0,0.0,0.0,0.0,1.0,0
1481814794649913431,116,1481814794646959376,,0,0,46.5185470581,6.56665849686,2.77602830977e-40,1.0,0.0,0.0,0.0,1.0,0.0,0.0,0.0,1.0,0
1481814794750167348,117,1481814794744760226,,0,0,46.5185470581,6.56665897369,2.77602830977e-40,1.0,0.0,0.0,0.0,1.0,0.0,0.0,0.0,1.0,0
1481814794855133180,118,1481814794852781415,,0,0,46.5185470581,6.56665897369,2.77602830977e-40,1.0,0.0,0.0,0.0,1.0,0.0,0.0,0.0,1.0,0
1481814795054149715,119,1481814795046186349,,0,0,46.5185470581,6.56665945053,2.77602830977e-40,1.0,0.0,0.0,0.0,1.0,0.0,0.0,0.0,1.0,0
1481814795151695670,120,1481814795144769958,,0,0,46.5185470581,6.56665945053,2.77602830977e-40,1.0,0.0,0.0,0.0,1.0,0.0,0.0,0.0,1.0,0
1481814795237795403,121,1481814795233090102,,0,0,46.5185508728,6.56665992737,2.77602830977e-40,1.0,0.0,0.0,0.0,1.0,0.0,0.0,0.0,1.0,0
1481814795337314582,122,1481814795333059905,,0,0,46.5185508728,6.56666040421,2.77602830977e-40,1.0,0.0,0.0,0.0,1.0,0.0,0.0,0.0,1.0,0
1481814795446913579,123,1481814795442791715,,0,0,46.5185508728,6.56666040421,2.77602830977e-40,1.0,0.0,0.0,0.0,1.0,0.0,0.0,0.0,1.0,0
1481814795544962970,124,1481814795542144540,,0,0,46.5185470581,6.56666040421,2.77602830977e-40,1.0,0.0,0.0,0.0,1.0,0.0,0.0,0.0,1.0,0
1481814795645379178,125,1481814795640183202,,0,0,46.5185470581,6.56666088104,2.77602830977e-40,1.0,0.0,0.0,0.0,1.0,0.0,0.0,0.0,1.0,0
1481814795745155805,126,1481814795738016760,,0,0,46.5185470581,6.56666088104,2.77602830977e-40,1.0,0.0,0.0,0.0,1.0,0.0,0.0,0.0,1.0,0
1481814795847900080,127,1481814795845289565,,0,0,46.5185470581,6.56666088104,2.77602830977e-40,1.0,0.0,0.0,0.0,1.0,0.0,0.0,0.0,1.0,0
1481814796047746144,128,1481814796044254798,,0,0,46.5185470581,6.56666088104,2.77602830977e-40,1.0,0.0,0.0,0.0,1.0,0.0,0.0,0.0,1.0,0
1481814796252359696,129,1481814796242836543,,0,0,46.5185470581,6.56666088104,2.77602830977e-40,1.0,0.0,0.0,0.0,1.0,0.0,0.0,0.0,1.0,0
1481814796358969691,130,1481814796352700748,,0,0,46.5185470581,6.56666135788,2.77602830977e-40,1.0,0.0,0.0,0.0,1.0,0.0,0.0,0.0,1.0,0
1481814796548634635,131,1481814796543865376,,0,0,46.5185470581,6.56666135788,2.77602830977e-40,1.0,0.0,0.0,0.0,1.0,0.0,0.0,0.0,1.0,0
1481814796638013110,132,1481814796632675675,,0,0,46.5185470581,6.56666135788,2.77602830977e-40,1.0,0.0,0.0,0.0,1.0,0.0,0.0,0.0,1.0,0
1481814796737963537,133,1481814796730756368,,0,0,46.5185470581,6.56666183472,2.77602830977e-40,1.0,0.0,0.0,0.0,1.0,0.0,0.0,0.0,1.0,0
1481814796845588113,134,1481814796840004064,,0,0,46.5185508728,6.56666183472,2.77602830977e-40,1.0,0.0,0.0,0.0,1.0,0.0,0.0,0.0,1.0,0
1481814796943323807,135,1481814796939290588,,0,0,46.5185508728,6.56666183472,2.77602830977e-40,1.0,0.0,0.0,0.0,1.0,0.0,0.0,0.0,1.0,0
1481814797053570876,136,1481814797047443391,,0,0,46.5185508728,6.56666183472,2.77602830977e-40,1.0,0.0,0.0,0.0,1.0,0.0,0.0,0.0,1.0,0
1481814797241919000,137,1481814797237656979,,0,0,46.5185470581,6.56666231155,2.77602830977e-40,1.0,0.0,0.0,0.0,1.0,0.0,0.0,0.0,1.0,0
1481814797338383551,138,1481814797336029546,,0,0,46.5185508728,6.56666231155,2.77602830977e-40,1.0,0.0,0.0,0.0,1.0,0.0,0.0,0.0,1.0,0
1481814797445799325,139,1481814797443330789,,0,0,46.5185470581,6.56666278839,2.77602830977e-40,1.0,0.0,0.0,0.0,1.0,0.0,0.0,0.0,1.0,0
1481814797553103953,140,1481814797550052294,,0,0,46.5185470581,6.56666278839,2.77602830977e-40,1.0,0.0,0.0,0.0,1.0,0.0,0.0,0.0,1.0,0
1481814797746647897,141,1481814797741451348,,0,0,46.5185470581,6.56666326523,2.77602830977e-40,1.0,0.0,0.0,0.0,1.0,0.0,0.0,0.0,1.0,0
1481814797852969143,142,1481814797850552638,,0,0,46.5185470581,6.56666326523,2.77602830977e-40,1.0,0.0,0.0,0.0,1.0,0.0,0.0,0.0,1.0,0
1481814798033526557,143,1481814798029961410,,0,0,46.5185470581,6.56666326523,2.77602830977e-40,1.0,0.0,0.0,0.0,1.0,0.0,0.0,0.0,1.0,0
1481814798152287198,144,1481814798144589405,,0,0,46.5185508728,6.56666278839,2.77602830977e-40,1.0,0.0,0.0,0.0,1.0,0.0,0.0,0.0,1.0,0
1481814798246801546,145,1481814798242679369,,0,0,46.5185508728,6.56666278839,2.77602830977e-40,1.0,0.0,0.0,0.0,1.0,0.0,0.0,0.0,1.0,0
1481814798344093074,146,1481814798340234230,,0,0,46.5185508728,6.56666278839,2.77602830977e-40,1.0,0.0,0.0,0.0,1.0,0.0,0.0,0.0,1.0,0
1481814798451828952,147,1481814798448535991,,0,0,46.5185508728,6.56666231155,2.77602830977e-40,1.0,0.0,0.0,0.0,1.0,0.0,0.0,0.0,1.0,0
1481814798645027793,148,1481814798641285146,,0,0,46.5185508728,6.56666278839,2.77602830977e-40,1.0,0.0,0.0,0.0,1.0,0.0,0.0,0.0,1.0,0
1481814798743378798,149,1481814798739094433,,0,0,46.5185508728,6.56666231155,2.77602830977e-40,1.0,0.0,0.0,0.0,1.0,0.0,0.0,0.0,1.0,0
1481814798840379024,150,1481814798837200387,,0,0,46.5185508728,6.56666231155,2.77602830977e-40,1.0,0.0,0.0,0.0,1.0,0.0,0.0,0.0,1.0,0
1481814798938567946,151,1481814798935147017,,0,0,46.5185508728,6.56666231155,2.77602830977e-40,1.0,0.0,0.0,0.0,1.0,0.0,0.0,0.0,1.0,0
1481814799037659835,152,1481814799032830836,,0,0,46.5185508728,6.56666231155,2.77602830977e-40,1.0,0.0,0.0,0.0,1.0,0.0,0.0,0.0,1.0,0
1481814799146958156,153,1481814799142624781,,0,0,46.5185508728,6.56666183472,2.77602830977e-40,1.0,0.0,0.0,0.0,1.0,0.0,0.0,0.0,1.0,0
1481814799245105932,154,1481814799241071463,,0,0,46.5185508728,6.56666183472,2.77602830977e-40,1.0,0.0,0.0,0.0,1.0,0.0,0.0,0.0,1.0,0
1481814799341771212,155,1481814799337932263,,0,0,46.5185508728,6.56666183472,2.77602830977e-40,1.0,0.0,0.0,0.0,1.0,0.0,0.0,0.0,1.0,0
1481814799430476043,156,1481814799426952302,,0,0,46.5185508728,6.56666183472,2.77602830977e-40,1.0,0.0,0.0,0.0,1.0,0.0,0.0,0.0,1.0,0
1481814799543301907,157,1481814799536761246,,0,0,46.5185508728,6.56666183472,2.77602830977e-40,1.0,0.0,0.0,0.0,1.0,0.0,0.0,0.0,1.0,0
1481814799637789484,158,1481814799635255532,,0,0,46.5185508728,6.56666135788,2.77602830977e-40,1.0,0.0,0.0,0.0,1.0,0.0,0.0,0.0,1.0,0
1481814799738711732,159,1481814799734394243,,0,0,46.5185508728,6.56666135788,2.77602830977e-40,1.0,0.0,0.0,0.0,1.0,0.0,0.0,0.0,1.0,0
1481814799838150599,160,1481814799833574361,,0,0,46.5185508728,6.56666135788,2.77602830977e-40,1.0,0.0,0.0,0.0,1.0,0.0,0.0,0.0,1.0,0
1481814799937745142,161,1481814799931943907,,0,0,46.5185508728,6.56666088104,2.77602830977e-40,1.0,0.0,0.0,0.0,1.0,0.0,0.0,0.0,1.0,0
1481814800032997457,162,1481814800028952467,,0,0,46.5185508728,6.56666088104,2.77602830977e-40,1.0,0.0,0.0,0.0,1.0,0.0,0.0,0.0,1.0,0
1481814800142236924,163,1481814800138255424,,0,0,46.5185546875,6.56666088104,2.77602830977e-40,1.0,0.0,0.0,0.0,1.0,0.0,0.0,0.0,1.0,0
1481814800239770327,164,1481814800236586481,,0,0,46.5185546875,6.56666088104,2.77602830977e-40,1.0,0.0,0.0,0.0,1.0,0.0,0.0,0.0,1.0,0
1481814800338881538,165,1481814800335207224,,0,0,46.5185546875,6.56666040421,2.77602830977e-40,1.0,0.0,0.0,0.0,1.0,0.0,0.0,0.0,1.0,0
1481814800446230333,166,1481814800443213882,,0,0,46.5185546875,6.56666040421,2.77602830977e-40,1.0,0.0,0.0,0.0,1.0,0.0,0.0,0.0,1.0,0
1481814800544108683,167,1481814800539983328,,0,0,46.5185546875,6.56666040421,2.77602830977e-40,1.0,0.0,0.0,0.0,1.0,0.0,0.0,0.0,1.0,0
1481814800651158312,168,1481814800649076963,,0,0,46.5185546875,6.56666040421,2.77602830977e-40,1.0,0.0,0.0,0.0,1.0,0.0,0.0,0.0,1.0,0
1481814800740040798,169,1481814800736114975,,0,0,46.5185546875,6.56666040421,2.77602830977e-40,1.0,0.0,0.0,0.0,1.0,0.0,0.0,0.0,1.0,0
1481814800828480734,170,1481814800823254966,,0,0,46.5185546875,6.56666040421,2.77602830977e-40,1.0,0.0,0.0,0.0,1.0,0.0,0.0,0.0,1.0,0
1481814800936692704,171,1481814800933296046,,0,0,46.5185546875,6.56666040421,2.77602830977e-40,1.0,0.0,0.0,0.0,1.0,0.0,0.0,0.0,1.0,0
1481814801034957563,172,1481814801031657623,,0,0,46.5185546875,6.56666040421,2.77602830977e-40,1.0,0.0,0.0,0.0,1.0,0.0,0.0,0.0,1.0,0
1481814801142387660,173,1481814801139134334,,0,0,46.5185546875,6.56666040421,2.77602830977e-40,1.0,0.0,0.0,0.0,1.0,0.0,0.0,0.0,1.0,0
1481814801242131213,174,1481814801238676847,,0,0,46.5185546875,6.56666040421,2.77602830977e-40,1.0,0.0,0.0,0.0,1.0,0.0,0.0,0.0,1.0,0
1481814801339091128,175,1481814801336979466,,0,0,46.5185546875,6.56665992737,2.77602830977e-40,1.0,0.0,0.0,0.0,1.0,0.0,0.0,0.0,1.0,0
1481814801438371453,176,1481814801436185104,,0,0,46.5185546875,6.56666040421,2.77602830977e-40,1.0,0.0,0.0,0.0,1.0,0.0,0.0,0.0,1.0,0
1481814801547679149,177,1481814801544765406,,0,0,46.5185546875,6.56665992737,2.77602830977e-40,1.0,0.0,0.0,0.0,1.0,0.0,0.0,0.0,1.0,0
1481814801648368325,178,1481814801644706563,,0,0,46.5185585022,6.56666040421,2.77602830977e-40,1.0,0.0,0.0,0.0,1.0,0.0,0.0,0.0,1.0,0
1481814801749391459,179,1481814801744832095,,0,0,46.5185585022,6.56666040421,2.77602830977e-40,1.0,0.0,0.0,0.0,1.0,0.0,0.0,0.0,1.0,0
1481814801848094129,180,1481814801843131850,,0,0,46.5185585022,6.56666040421,2.77602830977e-40,1.0,0.0,0.0,0.0,1.0,0.0,0.0,0.0,1.0,0
1481814801946245135,181,1481814801941969416,,0,0,46.5185585022,6.56666040421,2.77602830977e-40,1.0,0.0,0.0,0.0,1.0,0.0,0.0,0.0,1.0,0
1481814802042750206,182,1481814802039787558,,0,0,46.5185585022,6.56666088104,2.77602830977e-40,1.0,0.0,0.0,0.0,1.0,0.0,0.0,0.0,1.0,0
1481814802142162459,183,1481814802138536426,,0,0,46.5185585022,6.56666088104,2.77602830977e-40,1.0,0.0,0.0,0.0,1.0,0.0,0.0,0.0,1.0,0
1481814802226805841,184,1481814802224648034,,0,0,46.5185585022,6.56666088104,2.77602830977e-40,1.0,0.0,0.0,0.0,1.0,0.0,0.0,0.0,1.0,0
1481814802336696661,185,1481814802333869428,,0,0,46.5185585022,6.56666040421,2.77602830977e-40,1.0,0.0,0.0,0.0,1.0,0.0,0.0,0.0,1.0,0
1481814802434807041,186,1481814802431044342,,0,0,46.5185585022,6.56665992737,2.77602830977e-40,1.0,0.0,0.0,0.0,1.0,0.0,0.0,0.0,1.0,0
1481814802542431408,187,1481814802539579749,,0,0,46.5185585022,6.56665945053,2.77602830977e-40,1.0,0.0,0.0,0.0,1.0,0.0,0.0,0.0,1.0,0
1481814802639896895,188,1481814802636661173,,0,0,46.5185585022,6.56665897369,2.77602830977e-40,1.0,0.0,0.0,0.0,1.0,0.0,0.0,0.0,1.0,0
1481814802745260226,189,1481814802741449454,,0,0,46.5188140869,6.56684494019,2.77602830977e-40,1.0,0.0,0.0,0.0,1.0,0.0,0.0,0.0,1.0,0
1481814802844774040,190,1481814802837711349,,0,0,46.5188102722,6.56684112549,2.77602830977e-40,1.0,0.0,0.0,0.0,1.0,0.0,0.0,0.0,1.0,0
1481814802936763706,191,1481814802933950328,,0,0,46.5188064575,6.56683683395,2.77602830977e-40,1.0,0.0,0.0,0.0,1.0,0.0,0.0,0.0,1.0,0
1481814803036340177,192,1481814803033207893,,0,0,46.5188064575,6.56683492661,2.77602830977e-40,1.0,0.0,0.0,0.0,1.0,0.0,0.0,0.0,1.0,0
1481814803139458149,193,1481814803136587792,,0,0,46.5188102722,6.56683588028,2.77602830977e-40,1.0,0.0,0.0,0.0,1.0,0.0,0.0,0.0,1.0,0
1481814803245414656,194,1481814803241542842,,0,0,46.5188102722,6.56683444977,2.77602830977e-40,1.0,0.0,0.0,0.0,1.0,0.0,0.0,0.0,1.0,0
1481814803351308506,195,1481814803347598828,,0,0,46.518699646,6.56691408157,2.77602830977e-40,1.0,0.0,0.0,0.0,1.0,0.0,0.0,0.0,1.0,0
1481814803538418977,196,1481814803534696538,,0,0,46.5186271667,6.56663322449,2.77602830977e-40,1.0,0.0,0.0,0.0,1.0,0.0,0.0,0.0,1.0,0
1481814803635596183,197,1481814803631215777,,0,0,46.518573761,6.56664323807,2.77602830977e-40,1.0,0.0,0.0,0.0,1.0,0.0,0.0,0.0,1.0,0
1481814803761000558,198,1481814803758630668,,0,0,46.5185813904,6.56663322449,2.77602830977e-40,1.0,0.0,0.0,0.0,1.0,0.0,0.0,0.0,1.0,0
1481814803994283882,199,1481814803989512279,,0,0,46.518573761,6.56661987305,2.77602830977e-40,1.0,0.0,0.0,0.0,1.0,0.0,0.0,0.0,1.0,0
1481814804329006381,200,1481814804325505504,,0,0,46.5185775757,6.56660270691,2.77602830977e-40,1.0,0.0,0.0,0.0,1.0,0.0,0.0,0.0,1.0,0
1481814804620775497,201,1481814804616590612,,0,0,46.5185699463,6.56658697128,2.77602830977e-40,1.0,0.0,0.0,0.0,1.0,0.0,0.0,0.0,1.0,0
1481814804961804126,202,1481814804958805019,,0,0,46.5185661316,6.56656551361,2.77602830977e-40,1.0,0.0,0.0,0.0,1.0,0.0,0.0,0.0,1.0,0
1481814805375563042,203,1481814805372906382,,0,0,46.5185546875,6.5665345192,2.77602830977e-40,1.0,0.0,0.0,0.0,1.0,0.0,0.0,0.0,1.0,0
1481814805741532182,204,1481814805737548598,,0,0,46.5185508728,6.56650352478,2.77602830977e-40,1.0,0.0,0.0,0.0,1.0,0.0,0.0,0.0,1.0,0
1481814806022403304,205,1481814806019919196,,0,0,46.5185546875,6.56647872925,2.77602830977e-40,1.0,0.0,0.0,0.0,1.0,0.0,0.0,0.0,1.0,0
1481814806358951319,206,1481814806354336227,,0,0,46.5185623169,6.56642484665,2.77602830977e-40,1.0,0.0,0.0,0.0,1.0,0.0,0.0,0.0,1.0,0
1481814806782280056,207,1481814806777105798,,0,0,46.5185585022,6.56643295288,2.77602830977e-40,1.0,0.0,0.0,0.0,1.0,0.0,0.0,0.0,1.0,0
1481814807114361207,208,1481814807110281009,,0,0,46.5185661316,6.56640195847,2.77602830977e-40,1.0,0.0,0.0,0.0,1.0,0.0,0.0,0.0,1.0,0
1481814807376748261,209,1481814807373909362,,0,0,46.518573761,6.56638622284,2.77602830977e-40,1.0,0.0,0.0,0.0,1.0,0.0,0.0,0.0,1.0,0
1481814807710602376,210,1481814807707989779,,0,0,46.5185775757,6.56636476517,2.77602830977e-40,1.0,0.0,0.0,0.0,1.0,0.0,0.0,0.0,1.0,0
1481814808002605190,211,1481814807999664208,,0,0,46.5185775757,6.56633472443,2.77602830977e-40,1.0,0.0,0.0,0.0,1.0,0.0,0.0,0.0,1.0,0
1481814808301031633,212,1481814808297729975,,0,0,46.5185699463,6.5663228035,2.77602830977e-40,1.0,0.0,0.0,0.0,1.0,0.0,0.0,0.0,1.0,0
1481814808527119663,213,1481814808524292795,,0,0,46.5185623169,6.56630325317,2.77602830977e-40,1.0,0.0,0.0,0.0,1.0,0.0,0.0,0.0,1.0,0
1481814808807099226,214,1481814808802572049,,0,0,46.5185546875,6.56629085541,2.77602830977e-40,1.0,0.0,0.0,0.0,1.0,0.0,0.0,0.0,1.0,0
1481814809067970815,215,1481814809065289519,,0,0,46.5185470581,6.56627559662,2.77602830977e-40,1.0,0.0,0.0,0.0,1.0,0.0,0.0,0.0,1.0,0
1481814809390128553,216,1481814809387631893,,0,0,46.5185317993,6.5662612915,2.77602830977e-40,1.0,0.0,0.0,0.0,1.0,0.0,0.0,0.0,1.0,0
1481814809703670532,217,1481814809701281579,,0,0,46.5185203552,6.56624794006,2.77602830977e-40,1.0,0.0,0.0,0.0,1.0,0.0,0.0,0.0,1.0,0
1481814809982484212,218,1481814809979487969,,0,0,46.5185050964,6.56624555588,2.77602830977e-40,1.0,0.0,0.0,0.0,1.0,0.0,0.0,0.0,1.0,0
1481814810343683676,219,1481814810340221757,,0,0,46.518497467,6.56622648239,2.77602830977e-40,1.0,0.0,0.0,0.0,1.0,0.0,0.0,0.0,1.0,0
1481814810707019228,220,1481814810704135694,,0,0,46.5184783936,6.56622886658,2.77602830977e-40,1.0,0.0,0.0,0.0,1.0,0.0,0.0,0.0,1.0,0
1481814811071890454,221,1481814811066630258,,0,0,46.5184593201,6.56623315811,2.77602830977e-40,1.0,0.0,0.0,0.0,1.0,0.0,0.0,0.0,1.0,0
1481814811499519075,222,1481814811495841063,,0,0,46.5184288025,6.56627750397,2.77602830977e-40,1.0,0.0,0.0,0.0,1.0,0.0,0.0,0.0,1.0,0
1481814811860680518,223,1481814811858258649,,0,0,46.5184135437,6.56630849838,2.77602830977e-40,1.0,0.0,0.0,0.0,1.0,0.0,0.0,0.0,1.0,0
1481814812284505972,224,1481814812282215561,,0,0,46.5184020996,6.56634235382,2.77602830977e-40,1.0,0.0,0.0,0.0,1.0,0.0,0.0,0.0,1.0,0
1481814812640118575,225,1481814812637336811,,0,0,46.5183944702,6.56637716293,2.77602830977e-40,1.0,0.0,0.0,0.0,1.0,0.0,0.0,0.0,1.0,0
1481814813030328643,226,1481814813023590900,,0,0,46.5183906555,6.56640577316,2.77602830977e-40,1.0,0.0,0.0,0.0,1.0,0.0,0.0,0.0,1.0,0
1481814813311492317,227,1481814813306028477,,0,0,46.5183906555,6.56644058228,2.77602830977e-40,1.0,0.0,0.0,0.0,1.0,0.0,0.0,0.0,1.0,0
1481814813527893445,228,1481814813525128712,,0,0,46.5184211731,6.56640672684,2.77602830977e-40,1.0,0.0,0.0,0.0,1.0,0.0,0.0,0.0,1.0,0
1481814813726674668,229,1481814813724414413,,0,0,46.5184211731,6.56642150879,2.77602830977e-40,1.0,0.0,0.0,0.0,1.0,0.0,0.0,0.0,1.0,0
1481814813979626797,230,1481814813976318264,,0,0,46.5184288025,6.56643438339,2.77602830977e-40,1.0,0.0,0.0,0.0,1.0,0.0,0.0,0.0,1.0,0
1481814814327030150,231,1481814814323073076,,0,0,46.5184364319,6.56645011902,2.77602830977e-40,1.0,0.0,0.0,0.0,1.0,0.0,0.0,0.0,1.0,0
1481814814722972131,232,1481814814718706621,,0,0,46.518447876,6.56646156311,2.77602830977e-40,1.0,0.0,0.0,0.0,1.0,0.0,0.0,0.0,1.0,0
1481814815087011172,233,1481814815083239723,,0,0,46.5184631348,6.56646871567,2.77602830977e-40,1.0,0.0,0.0,0.0,1.0,0.0,0.0,0.0,1.0,0
1481814815501513836,234,1481814815497754835,,0,0,46.5184898376,6.56646347046,2.77602830977e-40,1.0,0.0,0.0,0.0,1.0,0.0,0.0,0.0,1.0,0
1481814815885666055,235,1481814815881871117,,0,0,46.5185050964,6.56646537781,2.77602830977e-40,1.0,0.0,0.0,0.0,1.0,0.0,0.0,0.0,1.0,0
1481814816313854154,236,1481814816309785883,,0,0,46.5185279846,6.56645965576,2.77602830977e-40,1.0,0.0,0.0,0.0,1.0,0.0,0.0,0.0,1.0,0
1481814816745235943,237,1481814816738404189,,0,0,46.5185470581,6.56645917892,2.77602830977e-40,1.0,0.0,0.0,0.0,1.0,0.0,0.0,0.0,1.0,0
1481814817154404663,238,1481814817147743950,,0,0,46.5185623169,6.56645870209,2.77602830977e-40,1.0,0.0,0.0,0.0,1.0,0.0,0.0,0.0,1.0,0
1481814817555735902,239,1481814817553321220,,0,0,46.5185813904,6.56645298004,2.77602830977e-40,1.0,0.0,0.0,0.0,1.0,0.0,0.0,0.0,1.0,0
1481814817922104936,240,1481814817919668744,,0,0,46.5185928345,6.56643533707,2.77602830977e-40,1.0,0.0,0.0,0.0,1.0,0.0,0.0,0.0,1.0,0
1481814818145151515,241,1481814818141179286,,0,0,46.5185966492,6.56641721725,2.77602830977e-40,1.0,0.0,0.0,0.0,1.0,0.0,0.0,0.0,1.0,0
1481814818295105412,242,1481814818290677975,,0,0,46.518787384,6.56653261185,2.77602830977e-40,1.0,0.0,0.0,0.0,1.0,0.0,0.0,0.0,1.0,0
1481814818502519114,243,1481814818500056724,,0,0,46.5187835693,6.56651973724,2.77602830977e-40,1.0,0.0,0.0,0.0,1.0,0.0,0.0,0.0,1.0,0
1481814818652080095,244,1481814818649150675,,0,0,46.5187797546,6.56650543213,2.77602830977e-40,1.0,0.0,0.0,0.0,1.0,0.0,0.0,0.0,1.0,0
1481814818924588426,245,1481814818920242291,,0,0,46.518787384,6.56649875641,2.77602830977e-40,1.0,0.0,0.0,0.0,1.0,0.0,0.0,0.0,1.0,0
1481814819124374907,246,1481814819120155126,,0,0,46.5185928345,6.5663022995,2.77602830977e-40,1.0,0.0,0.0,0.0,1.0,0.0,0.0,0.0,1.0,0
1481814819295023179,247,1481814819290139390,,0,0,46.5185775757,6.56629753113,2.77602830977e-40,1.0,0.0,0.0,0.0,1.0,0.0,0.0,0.0,1.0,0
1481814819586108339,248,1481814819583650064,,0,0,46.5185775757,6.56629371643,2.77602830977e-40,1.0,0.0,0.0,0.0,1.0,0.0,0.0,0.0,1.0,0
1481814819873028457,249,1481814819867569929,,0,0,46.518573761,6.56627655029,2.77602830977e-40,1.0,0.0,0.0,0.0,1.0,0.0,0.0,0.0,1.0,0
1481814820158166184,250,1481814820153955777,,0,0,46.5185699463,6.56625795364,2.77602830977e-40,1.0,0.0,0.0,0.0,1.0,0.0,0.0,0.0,1.0,0
1481814820471533996,251,1481814820464896929,,0,0,46.5185699463,6.56622552872,2.77602830977e-40,1.0,0.0,0.0,0.0,1.0,0.0,0.0,0.0,1.0,0
1481814820768018778,252,1481814820764111548,,0,0,46.5185508728,6.56622838974,2.77602830977e-40,1.0,0.0,0.0,0.0,1.0,0.0,0.0,0.0,1.0,0
1481814821089756986,253,1481814821085727152,,0,0,46.5185432434,6.5662112236,2.77602830977e-40,1.0,0.0,0.0,0.0,1.0,0.0,0.0,0.0,1.0,0
1481814821360547248,254,1481814821357752151,,0,0,46.5185279846,6.566198349,2.77602830977e-40,1.0,0.0,0.0,0.0,1.0,0.0,0.0,0.0,1.0,0
1481814821615593227,255,1481814821609912460,,0,0,46.5185127258,6.56618785858,2.77602830977e-40,1.0,0.0,0.0,0.0,1.0,0.0,0.0,0.0,1.0,0
1481814821865584895,256,1481814821860562095,,0,0,46.5185050964,6.56618118286,2.77602830977e-40,1.0,0.0,0.0,0.0,1.0,0.0,0.0,0.0,1.0,0
1481814822165568053,257,1481814822162594779,,0,0,46.5184898376,6.56617307663,2.77602830977e-40,1.0,0.0,0.0,0.0,1.0,0.0,0.0,0.0,1.0,0
1481814822506620745,258,1481814822503844241,,0,0,46.5184822083,6.56614398956,2.77602830977e-40,1.0,0.0,0.0,0.0,1.0,0.0,0.0,0.0,1.0,0
1481814822715274183,259,1481814822712259607,,0,0,46.5184593201,6.5661687851,2.77602830977e-40,1.0,0.0,0.0,0.0,1.0,0.0,0.0,0.0,1.0,0
1481814822916419098,260,1481814822912714420,,0,0,46.518447876,6.5661816597,2.77602830977e-40,1.0,0.0,0.0,0.0,1.0,0.0,0.0,0.0,1.0,0
1481814823148323988,261,1481814823144771237,,0,0,46.5184402466,6.56619119644,2.77602830977e-40,1.0,0.0,0.0,0.0,1.0,0.0,0.0,0.0,1.0,0
1481814823349612861,262,1481814823345079800,,0,0,46.5184326172,6.56620025635,2.77602830977e-40,1.0,0.0,0.0,0.0,1.0,0.0,0.0,0.0,1.0,0
1481814823621028903,263,1481814823617159955,,0,0,46.5184249878,6.56621217728,2.77602830977e-40,1.0,0.0,0.0,0.0,1.0,0.0,0.0,0.0,1.0,0
1481814823919603524,264,1481814823917160405,,0,0,46.5184173584,6.56623077393,2.77602830977e-40,1.0,0.0,0.0,0.0,1.0,0.0,0.0,0.0,1.0,0
1481814824218328977,265,1481814824215938670,,0,0,46.518409729,6.56624984741,2.77602830977e-40,1.0,0.0,0.0,0.0,1.0,0.0,0.0,0.0,1.0,0
1481814824456432133,266,1481814824453665942,,0,0,46.5184020996,6.56626939774,2.77602830977e-40,1.0,0.0,0.0,0.0,1.0,0.0,0.0,0.0,1.0,0
1481814824801911844,267,1481814824799607788,,0,0,46.5184020996,6.56629085541,2.77602830977e-40,1.0,0.0,0.0,0.0,1.0,0.0,0.0,0.0,1.0,0
1481814825084184370,268,1481814825080276255,,0,0,46.5183982849,6.56631183624,2.77602830977e-40,1.0,0.0,0.0,0.0,1.0,0.0,0.0,0.0,1.0,0
1481814825385385390,269,1481814825381153786,,0,0,46.5184020996,6.56633234024,2.77602830977e-40,1.0,0.0,0.0,0.0,1.0,0.0,0.0,0.0,1.0,0
1481814825624144742,270,1481814825619739024,,0,0,46.5184059143,6.56635141373,2.77602830977e-40,1.0,0.0,0.0,0.0,1.0,0.0,0.0,0.0,1.0,0
1481814825860331445,271,1481814825857724889,,0,0,46.518409729,6.56636333466,2.77602830977e-40,1.0,0.0,0.0,0.0,1.0,0.0,0.0,0.0,1.0,0
1481814826192577335,272,1481814826188992292,,0,0,46.5184211731,6.56637907028,2.77602830977e-40,1.0,0.0,0.0,0.0,1.0,0.0,0.0,0.0,1.0,0
1481814826443195981,273,1481814826439797709,,0,0,46.5184288025,6.56639146805,2.77602830977e-40,1.0,0.0,0.0,0.0,1.0,0.0,0.0,0.0,1.0,0
1481814826725894026,274,1481814826722259973,,0,0,46.5184402466,6.56639766693,2.77602830977e-40,1.0,0.0,0.0,0.0,1.0,0.0,0.0,0.0,1.0,0
1481814827102005328,275,1481814827098732211,,0,0,46.5184516907,6.56640625,2.77602830977e-40,1.0,0.0,0.0,0.0,1.0,0.0,0.0,0.0,1.0,0
1481814827510916757,276,1481814827508184263,,0,0,46.5184669495,6.56641578674,2.77602830977e-40,1.0,0.0,0.0,0.0,1.0,0.0,0.0,0.0,1.0,0
1481814827915578560,277,1481814827910099876,,0,0,46.5184860229,6.56642532349,2.77602830977e-40,1.0,0.0,0.0,0.0,1.0,0.0,0.0,0.0,1.0,0
1481814828328931384,278,1481814828326444879,,0,0,46.5185050964,6.56643390656,2.77602830977e-40,1.0,0.0,0.0,0.0,1.0,0.0,0.0,0.0,1.0,0
1481814828725469978,279,1481814828722563631,,0,0,46.5185241699,6.56644058228,2.77602830977e-40,1.0,0.0,0.0,0.0,1.0,0.0,0.0,0.0,1.0,0
1481814829138060772,280,1481814829135971351,,0,0,46.5185432434,6.56644630432,2.77602830977e-40,1.0,0.0,0.0,0.0,1.0,0.0,0.0,0.0,1.0,0
1481814829560963780,281,1481814829557877278,,0,0,46.5185623169,6.56645202637,2.77602830977e-40,1.0,0.0,0.0,0.0,1.0,0.0,0.0,0.0,1.0,0
1481814830028285636,282,1481814830025782882,,0,0,46.5185813904,6.5664525032,2.77602830977e-40,1.0,0.0,0.0,0.0,1.0,0.0,0.0,0.0,1.0,0
1481814830344866722,283,1481814830342109958,,0,0,46.5185966492,6.5664396286,2.77602830977e-40,1.0,0.0,0.0,0.0,1.0,0.0,0.0,0.0,1.0,0
1481814830587127628,284,1481814830584335604,,0,0,46.5186042786,6.56642436981,2.77602830977e-40,1.0,0.0,0.0,0.0,1.0,0.0,0.0,0.0,1.0,0
1481814830876887062,285,1481814830874505453,,0,0,46.518611908,6.56640768051,2.77602830977e-40,1.0,0.0,0.0,0.0,1.0,0.0,0.0,0.0,1.0,0
1481814831186974518,286,1481814831184414628,,0,0,46.5186195374,6.56636667252,2.77602830977e-40,1.0,0.0,0.0,0.0,1.0,0.0,0.0,0.0,1.0,0
1481814831519005148,287,1481814831516122447,,0,0,46.5186195374,6.5663485527,2.77602830977e-40,1.0,0.0,0.0,0.0,1.0,0.0,0.0,0.0,1.0,0
1481814831823722513,288,1481814831820372314,,0,0,46.5186157227,6.56632900238,2.77602830977e-40,1.0,0.0,0.0,0.0,1.0,0.0,0.0,0.0,1.0,0
1481814832136995482,289,1481814832132852264,,0,0,46.518611908,6.56630802155,2.77602830977e-40,1.0,0.0,0.0,0.0,1.0,0.0,0.0,0.0,1.0,0
1481814832407408089,290,1481814832404096066,,0,0,46.518611908,6.56628227234,2.77602830977e-40,1.0,0.0,0.0,0.0,1.0,0.0,0.0,0.0,1.0,0
1481814832655613200,291,1481814832651326492,,0,0,46.5186157227,6.56623029709,2.77602830977e-40,1.0,0.0,0.0,0.0,1.0,0.0,0.0,0.0,1.0,0
1481814832965885864,292,1481814832960219003,,0,0,46.5186042786,6.56622505188,2.77602830977e-40,1.0,0.0,0.0,0.0,1.0,0.0,0.0,0.0,1.0,0
1481814833389395693,293,1481814833386649033,,0,0,46.5185966492,6.5662112236,2.77602830977e-40,1.0,0.0,0.0,0.0,1.0,0.0,0.0,0.0,1.0,0
1481814833763117105,294,1481814833760416070,,0,0,46.518573761,6.56620693207,2.77602830977e-40,1.0,0.0,0.0,0.0,1.0,0.0,0.0,0.0,1.0,0
1481814834152053010,295,1481814834149200986,,0,0,46.5185546875,6.56620168686,2.77602830977e-40,1.0,0.0,0.0,0.0,1.0,0.0,0.0,0.0,1.0,0
1481814834605564744,296,1481814834602945167,,0,0,46.518535614,6.56620121002,2.77602830977e-40,1.0,0.0,0.0,0.0,1.0,0.0,0.0,0.0,1.0,0
1481814834987971707,297,1481814834985273797,,0,0,46.5185089111,6.56620168686,2.77602830977e-40,1.0,0.0,0.0,0.0,1.0,0.0,0.0,0.0,1.0,0
1481814835346651125,298,1481814835343432540,,0,0,46.5184707642,6.566177845,2.77602830977e-40,1.0,0.0,0.0,0.0,1.0,0.0,0.0,0.0,1.0,0
1481814835759433117,299,1481814835756813436,,0,0,46.518447876,6.56617927551,2.77602830977e-40,1.0,0.0,0.0,0.0,1.0,0.0,0.0,0.0,1.0,0
1481814836179870037,300,1481814836177852490,,0,0,46.5184402466,6.56618690491,2.77602830977e-40,1.0,0.0,0.0,0.0,1.0,0.0,0.0,0.0,1.0,0
1481814836598904097,301,1481814836596081500,,0,0,46.5184059143,6.56617736816,2.77602830977e-40,1.0,0.0,0.0,0.0,1.0,0.0,0.0,0.0,1.0,0
1481814836926194114,302,1481814836923578339,,0,0,46.5184059143,6.56619691849,2.77602830977e-40,1.0,0.0,0.0,0.0,1.0,0.0,0.0,0.0,1.0,0
1481814837290330133,303,1481814837285112177,,0,0,46.5183868408,6.56621265411,2.77602830977e-40,1.0,0.0,0.0,0.0,1.0,0.0,0.0,0.0,1.0,0
1481814837833441331,304,1481814837830467328,,0,0,46.518371582,6.5662446022,2.77602830977e-40,1.0,0.0,0.0,0.0,1.0,0.0,0.0,0.0,1.0,0
1481814838169135025,305,1481814838166513417,,0,0,46.5183639526,6.5662779808,2.77602830977e-40,1.0,0.0,0.0,0.0,1.0,0.0,0.0,0.0,1.0,0
1481814838483636637,306,1481814838480464978,,0,0,46.5183563232,6.56629991531,2.77602830977e-40,1.0,0.0,0.0,0.0,1.0,0.0,0.0,0.0,1.0,0
1481814838967985325,307,1481814838965648039,,0,0,46.5183677673,6.56632184982,2.77602830977e-40,1.0,0.0,0.0,0.0,1.0,0.0,0.0,0.0,1.0,0
1481814839399817425,308,1481814839397100349,,0,0,46.5183677673,6.56635761261,2.77602830977e-40,1.0,0.0,0.0,0.0,1.0,0.0,0.0,0.0,1.0,0
1481814839797159247,309,1481814839794762378,,0,0,46.5183753967,6.56638813019,2.77602830977e-40,1.0,0.0,0.0,0.0,1.0,0.0,0.0,0.0,1.0,0
1481814840205460052,310,1481814840202338549,,0,0,46.5183830261,6.56641578674,2.77602830977e-40,1.0,0.0,0.0,0.0,1.0,0.0,0.0,0.0,1.0,0
1481814840504918837,311,1481814840502528374,,0,0,46.5183944702,6.5664358139,2.77602830977e-40,1.0,0.0,0.0,0.0,1.0,0.0,0.0,0.0,1.0,0
1481814840814651814,312,1481814840812135310,,0,0,46.5184211731,6.5664434433,2.77602830977e-40,1.0,0.0,0.0,0.0,1.0,0.0,0.0,0.0,1.0,0
1481814841127241556,313,1481814841123635107,,0,0,46.5184288025,6.56647777557,2.77602830977e-40,1.0,0.0,0.0,0.0,1.0,0.0,0.0,0.0,1.0,0
1481814841495376315,314,1481814841492325437,,0,0,46.5184440613,6.56646108627,2.77602830977e-40,1.0,0.0,0.0,0.0,1.0,0.0,0.0,0.0,1.0,0
1481814841818963685,315,1481814841816105880,,0,0,46.5184555054,6.56647205353,2.77602830977e-40,1.0,0.0,0.0,0.0,1.0,0.0,0.0,0.0,1.0,0
1481814842124551934,316,1481814842121845690,,0,0,46.5184669495,6.56645107269,2.77602830977e-40,1.0,0.0,0.0,0.0,1.0,0.0,0.0,0.0,1.0,0
1481814842403455145,317,1481814842400753224,,0,0,46.5184860229,6.5664396286,2.77602830977e-40,1.0,0.0,0.0,0.0,1.0,0.0,0.0,0.0,1.0,0
1481814842724243303,318,1481814842720558364,,0,0,46.518497467,6.56645488739,2.77602830977e-40,1.0,0.0,0.0,0.0,1.0,0.0,0.0,0.0,1.0,0
1481814843059566529,319,1481814843057136744,,0,0,46.5185127258,6.5664396286,2.77602830977e-40,1.0,0.0,0.0,0.0,1.0,0.0,0.0,0.0,1.0,0
1481814843472373469,320,1481814843465311559,,0,0,46.5185394287,6.5664525032,2.77602830977e-40,1.0,0.0,0.0,0.0,1.0,0.0,0.0,0.0,1.0,0
1481814843879563912,321,1481814843876489388,,0,0,46.5185585022,6.56643199921,2.77602830977e-40,1.0,0.0,0.0,0.0,1.0,0.0,0.0,0.0,1.0,0
1481814844296246102,322,1481814844290838147,,0,0,46.5185699463,6.5664191246,2.77602830977e-40,1.0,0.0,0.0,0.0,1.0,0.0,0.0,0.0,1.0,0
1481814844705094510,323,1481814844701972851,,0,0,46.5185813904,6.56643199921,2.77602830977e-40,1.0,0.0,0.0,0.0,1.0,0.0,0.0,0.0,1.0,0
1481814845046827877,324,1481814845043502833,,0,0,46.5185890198,6.56640768051,2.77602830977e-40,1.0,0.0,0.0,0.0,1.0,0.0,0.0,0.0,1.0,0
1481814845327637697,325,1481814845324058487,,0,0,46.5185966492,6.56637001038,2.77602830977e-40,1.0,0.0,0.0,0.0,1.0,0.0,0.0,0.0,1.0,0
1481814845668520285,326,1481814845665488521,,0,0,46.5185966492,6.56635522842,2.77602830977e-40,1.0,0.0,0.0,0.0,1.0,0.0,0.0,0.0,1.0,0
1481814846029380375,327,1481814846026269862,,0,0,46.5185966492,6.56631755829,2.77602830977e-40,1.0,0.0,0.0,0.0,1.0,0.0,0.0,0.0,1.0,0
1481814846401576322,328,1481814846396561178,,0,0,46.5185966492,6.5662894249,2.77602830977e-40,1.0,0.0,0.0,0.0,1.0,0.0,0.0,0.0,1.0,0
1481814846765917392,329,1481814846762072141,,0,0,46.518573761,6.56627082825,2.77602830977e-40,1.0,0.0,0.0,0.0,1.0,0.0,0.0,0.0,1.0,0
1481814846957607539,330,1481814846954614578,,0,0,46.5185699463,6.56624555588,2.77602830977e-40,1.0,0.0,0.0,0.0,1.0,0.0,0.0,0.0,1.0,0
1481814847166369988,331,1481814847163461401,,0,0,46.5185775757,6.56623125076,2.77602830977e-40,1.0,0.0,0.0,0.0,1.0,0.0,0.0,0.0,1.0,0
1481814847352203430,332,1481814847348139691,,0,0,46.5185699463,6.56621599197,2.77602830977e-40,1.0,0.0,0.0,0.0,1.0,0.0,0.0,0.0,1.0,0
1481814847549234137,333,1481814847546305499,,0,0,46.5185394287,6.56621170044,2.77602830977e-40,1.0,0.0,0.0,0.0,1.0,0.0,0.0,0.0,1.0,0
1481814847733353574,334,1481814847730178790,,0,0,46.5185317993,6.56619596481,2.77602830977e-40,1.0,0.0,0.0,0.0,1.0,0.0,0.0,0.0,1.0,0
1481814847851466925,335,1481814847844401630,,0,0,46.518535614,6.56619596481,2.77602830977e-40,1.0,0.0,0.0,0.0,1.0,0.0,0.0,0.0,1.0,0
1481814848043936185,336,1481814848040547339,,0,0,46.5185432434,6.56619405746,2.77602830977e-40,1.0,0.0,0.0,0.0,1.0,0.0,0.0,0.0,1.0,0
1481814848238207211,337,1481814848235204562,,0,0,46.518535614,6.56618785858,2.77602830977e-40,1.0,0.0,0.0,0.0,1.0,0.0,0.0,0.0,1.0,0
1481814848347460741,338,1481814848344729862,,0,0,46.5185241699,6.56618833542,2.77602830977e-40,1.0,0.0,0.0,0.0,1.0,0.0,0.0,0.0,1.0,0
1481814848544010146,339,1481814848536417926,,0,0,46.5185203552,6.5661649704,2.77602830977e-40,1.0,0.0,0.0,0.0,1.0,0.0,0.0,0.0,1.0,0
1481814848641090790,340,1481814848638337151,,0,0,46.5185203552,6.56616401672,2.77602830977e-40,1.0,0.0,0.0,0.0,1.0,0.0,0.0,0.0,1.0,0
1481814848744291157,341,1481814848740389136,,0,0,46.5185203552,6.56616592407,2.77602830977e-40,1.0,0.0,0.0,0.0,1.0,0.0,0.0,0.0,1.0,0
1481814848938130309,342,1481814848935083077,,0,0,46.5185203552,6.56615638733,2.77602830977e-40,1.0,0.0,0.0,0.0,1.0,0.0,0.0,0.0,1.0,0
1481814849034761735,343,1481814849028998520,,0,0,46.5185127258,6.56615114212,2.77602830977e-40,1.0,0.0,0.0,0.0,1.0,0.0,0.0,0.0,1.0,0
1481814849136890803,344,1481814849133697843,,0,0,46.5185050964,6.56614971161,2.77602830977e-40,1.0,0.0,0.0,0.0,1.0,0.0,0.0,0.0,1.0,0
1481814849240022682,345,1481814849237167741,,0,0,46.5184898376,6.56615591049,2.77602830977e-40,1.0,0.0,0.0,0.0,1.0,0.0,0.0,0.0,1.0,0
1481814849345389763,346,1481814849341027065,,0,0,46.5184898376,6.56615161896,2.77602830977e-40,1.0,0.0,0.0,0.0,1.0,0.0,0.0,0.0,1.0,0
1481814849541497295,347,1481814849537854700,,0,0,46.5184707642,6.56615161896,2.77602830977e-40,1.0,0.0,0.0,0.0,1.0,0.0,0.0,0.0,1.0,0
1481814849749544224,348,1481814849746051108,,0,0,46.5184631348,6.5661482811,2.77602830977e-40,1.0,0.0,0.0,0.0,1.0,0.0,0.0,0.0,1.0,0
1481814849933992878,349,1481814849931595957,,0,0,46.5184631348,6.5661482811,2.77602830977e-40,1.0,0.0,0.0,0.0,1.0,0.0,0.0,0.0,1.0,0
1481814850062478079,350,1481814850059950742,,0,0,46.5184516907,6.5661444664,2.77602830977e-40,1.0,0.0,0.0,0.0,1.0,0.0,0.0,0.0,1.0,0
1481814850153901757,351,1481814850151283847,,0,0,46.518447876,6.56615209579,2.77602830977e-40,1.0,0.0,0.0,0.0,1.0,0.0,0.0,0.0,1.0,0
1481814850397226932,352,1481814850394622980,,0,0,46.5184402466,6.56615209579,2.77602830977e-40,1.0,0.0,0.0,0.0,1.0,0.0,0.0,0.0,1.0,0
1481814850755998798,353,1481814850753032347,,0,0,46.5184326172,6.56614589691,2.77602830977e-40,1.0,0.0,0.0,0.0,1.0,0.0,0.0,0.0,1.0,0
1481814851285318884,354,1481814851282051965,,0,0,46.5183944702,6.56615781784,2.77602830977e-40,1.0,0.0,0.0,0.0,1.0,0.0,0.0,0.0,1.0,0
1481814851840270365,355,1481814851837959537,,0,0,46.5183906555,6.56618690491,2.77602830977e-40,1.0,0.0,0.0,0.0,1.0,0.0,0.0,0.0,1.0,0
1481814852167487414,356,1481814852164982941,,0,0,46.5183753967,6.56622505188,2.77602830977e-40,1.0,0.0,0.0,0.0,1.0,0.0,0.0,0.0,1.0,0
1481814852693539227,357,1481814852690610016,,0,0,46.5183792114,6.5662560463,2.77602830977e-40,1.0,0.0,0.0,0.0,1.0,0.0,0.0,0.0,1.0,0
1481814853108485745,358,1481814853105966324,,0,0,46.5183792114,6.56629133224,2.77602830977e-40,1.0,0.0,0.0,0.0,1.0,0.0,0.0,0.0,1.0,0
1481814853406921094,359,1481814853404529798,,0,0,46.5183982849,6.56638145447,2.77602830977e-40,1.0,0.0,0.0,0.0,1.0,0.0,0.0,0.0,1.0,0
1481814853763723434,360,1481814853760753649,,0,0,46.5183372498,6.56623411179,2.77602830977e-40,1.0,0.0,0.0,0.0,1.0,0.0,0.0,0.0,1.0,0
1481814854171270178,361,1481814854167595916,,0,0,46.5183753967,6.56635570526,2.77602830977e-40,1.0,0.0,0.0,0.0,1.0,0.0,0.0,0.0,1.0,0
1481814854512849326,362,1481814854509772511,,0,0,46.5183906555,6.56637811661,2.77602830977e-40,1.0,0.0,0.0,0.0,1.0,0.0,0.0,0.0,1.0,0
1481814854852528792,363,1481814854850138641,,0,0,46.5183906555,6.56644296646,2.77602830977e-40,1.0,0.0,0.0,0.0,1.0,0.0,0.0,0.0,1.0,0
1481814855171186278,364,1481814855169110554,,0,0,46.5184059143,6.5664305687,2.77602830977e-40,1.0,0.0,0.0,0.0,1.0,0.0,0.0,0.0,1.0,0
1481814855477696920,365,1481814855475054479,,0,0,46.5184211731,6.56643009186,2.77602830977e-40,1.0,0.0,0.0,0.0,1.0,0.0,0.0,0.0,1.0,0
1481814855754702584,366,1481814855751310405,,0,0,46.5184364319,6.56644678116,2.77602830977e-40,1.0,0.0,0.0,0.0,1.0,0.0,0.0,0.0,1.0,0
1481814855979639054,367,1481814855975330628,,0,0,46.5184516907,6.56647157669,2.77602830977e-40,1.0,0.0,0.0,0.0,1.0,0.0,0.0,0.0,1.0,0
1481814856187664004,368,1481814856182980370,,0,0,46.5184440613,6.56646728516,2.77602830977e-40,1.0,0.0,0.0,0.0,1.0,0.0,0.0,0.0,1.0,0
1481814856397362492,369,1481814856394701144,,0,0,46.5184631348,6.56643772125,2.77602830977e-40,1.0,0.0,0.0,0.0,1.0,0.0,0.0,0.0,1.0,0
1481814856605161870,370,1481814856602519480,,0,0,46.5184783936,6.56647825241,2.77602830977e-40,1.0,0.0,0.0,0.0,1.0,0.0,0.0,0.0,1.0,0
1481814856812454895,371,1481814856807214751,,0,0,46.5184936523,6.56648159027,2.77602830977e-40,1.0,0.0,0.0,0.0,1.0,0.0,0.0,0.0,1.0,0
1481814857005227331,372,1481814857001197080,,0,0,46.5185089111,6.56648826599,2.77602830977e-40,1.0,0.0,0.0,0.0,1.0,0.0,0.0,0.0,1.0,0
1481814857227536776,373,1481814857222628976,,0,0,46.5185127258,6.56650543213,2.77602830977e-40,1.0,0.0,0.0,0.0,1.0,0.0,0.0,0.0,1.0,0
1481814857453112255,374,1481814857448337267,,0,0,46.5185165405,6.56648015976,2.77602830977e-40,1.0,0.0,0.0,0.0,1.0,0.0,0.0,0.0,1.0,0
1481814857781801644,375,1481814857777690352,,0,0,46.5185279846,6.56647539139,2.77602830977e-40,1.0,0.0,0.0,0.0,1.0,0.0,0.0,0.0,1.0,0
1481814858019163552,376,1481814858015272677,,0,0,46.518535614,6.56647253036,2.77602830977e-40,1.0,0.0,0.0,0.0,1.0,0.0,0.0,0.0,1.0,0
1481814858235803012,377,1481814858223986948,,0,0,46.5185508728,6.56645965576,2.77602830977e-40,1.0,0.0,0.0,0.0,1.0,0.0,0.0,0.0,1.0,0
1481814858424557750,378,1481814858420122188,,0,0,46.518573761,6.56645059586,2.77602830977e-40,1.0,0.0,0.0,0.0,1.0,0.0,0.0,0.0,1.0,0
1481814858628982761,379,1481814858626467403,,0,0,46.5185852051,6.56645774841,2.77602830977e-40,1.0,0.0,0.0,0.0,1.0,0.0,0.0,0.0,1.0,0
1481814858804963520,380,1481814858800845093,,0,0,46.5185928345,6.56643724442,2.77602830977e-40,1.0,0.0,0.0,0.0,1.0,0.0,0.0,0.0,1.0,0
1481814858999509077,381,1481814858995489972,,0,0,46.5185852051,6.56643629074,2.77602830977e-40,1.0,0.0,0.0,0.0,1.0,0.0,0.0,0.0,1.0,0
1481814859215140050,382,1481814859208856055,,0,0,46.518573761,6.56644773483,2.77602830977e-40,1.0,0.0,0.0,0.0,1.0,0.0,0.0,0.0,1.0,0
1481814859386913840,383,1481814859381977602,,0,0,46.5185852051,6.56644248962,2.77602830977e-40,1.0,0.0,0.0,0.0,1.0,0.0,0.0,0.0,1.0,0
1481814859596441495,384,1481814859591619319,,0,0,46.5185966492,6.56642198563,2.77602830977e-40,1.0,0.0,0.0,0.0,1.0,0.0,0.0,0.0,1.0,0
1481814859779488434,385,1481814859776758649,,0,0,46.5185699463,6.56640100479,2.77602830977e-40,1.0,0.0,0.0,0.0,1.0,0.0,0.0,0.0,1.0,0
1481814860031863690,386,1481814860024546104,,0,0,46.5185966492,6.56639003754,2.77602830977e-40,1.0,0.0,0.0,0.0,1.0,0.0,0.0,0.0,1.0,0
1481814860138413997,387,1481814860128168242,,0,0,46.5185966492,6.566365242,2.77602830977e-40,1.0,0.0,0.0,0.0,1.0,0.0,0.0,0.0,1.0,0
1481814860240371712,388,1481814860233105688,,0,0,46.518611908,6.56635284424,2.77602830977e-40,1.0,0.0,0.0,0.0,1.0,0.0,0.0,0.0,1.0,0
1481814860337697771,389,1481814860335114653,,0,0,46.5186233521,6.56634235382,2.77602830977e-40,1.0,0.0,0.0,0.0,1.0,0.0,0.0,0.0,1.0,0
1481814860430847695,390,1481814860427092601,,0,0,46.5186042786,6.56632804871,2.77602830977e-40,1.0,0.0,0.0,0.0,1.0,0.0,0.0,0.0,1.0,0
1481814860534453114,391,1481814860530082552,,0,0,46.5186042786,6.56631946564,2.77602830977e-40,1.0,0.0,0.0,0.0,1.0,0.0,0.0,0.0,1.0,0
1481814860638247699,392,1481814860634582083,,0,0,46.5185928345,6.56631755829,2.77602830977e-40,1.0,0.0,0.0,0.0,1.0,0.0,0.0,0.0,1.0,0
1481814860739167864,393,1481814860735370165,,0,0,46.5186004639,6.56631755829,2.77602830977e-40,1.0,0.0,0.0,0.0,1.0,0.0,0.0,0.0,1.0,0
1481814860839825269,394,1481814860836667673,,0,0,46.5186004639,6.56631565094,2.77602830977e-40,1.0,0.0,0.0,0.0,1.0,0.0,0.0,0.0,1.0,0
1481814860955865813,395,1481814860949297444,,0,0,46.5186004639,6.56630849838,2.77602830977e-40,1.0,0.0,0.0,0.0,1.0,0.0,0.0,0.0,1.0,0
1481814861135672500,396,1481814861133332610,,0,0,46.5185890198,6.56628799438,2.77602830977e-40,1.0,0.0,0.0,0.0,1.0,0.0,0.0,0.0,1.0,0
1481814861229289402,397,1481814861226680138,,0,0,46.5185928345,6.56628274918,2.77602830977e-40,1.0,0.0,0.0,0.0,1.0,0.0,0.0,0.0,1.0,0
1481814861328766498,398,1481814861326436191,,0,0,46.5186080933,6.5662779808,2.77602830977e-40,1.0,0.0,0.0,0.0,1.0,0.0,0.0,0.0,1.0,0
1481814861430667494,399,1481814861428283021,,0,0,46.5186004639,6.56626272202,2.77602830977e-40,1.0,0.0,0.0,0.0,1.0,0.0,0.0,0.0,1.0,0
1481814861524577156,400,1481814861522258255,,0,0,46.5185928345,6.56625890732,2.77602830977e-40,1.0,0.0,0.0,0.0,1.0,0.0,0.0,0.0,1.0,0
1481814861628995958,401,1481814861626643151,,0,0,46.5186004639,6.56624698639,2.77602830977e-40,1.0,0.0,0.0,0.0,1.0,0.0,0.0,0.0,1.0,0
1481814861738992402,402,1481814861736842512,,0,0,46.5186042786,6.56624507904,2.77602830977e-40,1.0,0.0,0.0,0.0,1.0,0.0,0.0,0.0,1.0,0
1481814861831880348,403,1481814861829145511,,0,0,46.5185966492,6.56624031067,2.77602830977e-40,1.0,0.0,0.0,0.0,1.0,0.0,0.0,0.0,1.0,0
1481814861936826753,404,1481814861933285564,,0,0,46.5186042786,6.56623315811,2.77602830977e-40,1.0,0.0,0.0,0.0,1.0,0.0,0.0,0.0,1.0,0
1481814862039736861,405,1481814862035929318,,0,0,46.5185928345,6.56622505188,2.77602830977e-40,1.0,0.0,0.0,0.0,1.0,0.0,0.0,0.0,1.0,0
1481814862263614011,406,1481814862260798653,,0,0,46.5185966492,6.56621170044,2.77602830977e-40,1.0,0.0,0.0,0.0,1.0,0.0,0.0,0.0,1.0,0
1481814862505578304,407,1481814862502865237,,0,0,46.5185813904,6.56620550156,2.77602830977e-40,1.0,0.0,0.0,0.0,1.0,0.0,0.0,0.0,1.0,0
1481814862790311760,408,1481814862787818641,,0,0,46.5185775757,6.56619787216,2.77602830977e-40,1.0,0.0,0.0,0.0,1.0,0.0,0.0,0.0,1.0,0
1481814863235789868,409,1481814863232272898,,0,0,46.5185699463,6.56618595123,2.77602830977e-40,1.0,0.0,0.0,0.0,1.0,0.0,0.0,0.0,1.0,0
1481814863560624215,410,1481814863556833807,,0,0,46.5185546875,6.56616830826,2.77602830977e-40,1.0,0.0,0.0,0.0,1.0,0.0,0.0,0.0,1.0,0
1481814863910897820,411,1481814863907352673,,0,0,46.5185241699,6.56616353989,2.77602830977e-40,1.0,0.0,0.0,0.0,1.0,0.0,0.0,0.0,1.0,0
1481814864203989277,412,1481814864201158242,,0,0,46.5185394287,6.56615161896,2.77602830977e-40,1.0,0.0,0.0,0.0,1.0,0.0,0.0,0.0,1.0,0
1481814864468617367,413,1481814864466550602,,0,0,46.5184936523,6.56616258621,2.77602830977e-40,1.0,0.0,0.0,0.0,1.0,0.0,0.0,0.0,1.0,0
1481814864768584953,414,1481814864765905220,,0,0,46.5184593201,6.56616973877,2.77602830977e-40,1.0,0.0,0.0,0.0,1.0,0.0,0.0,0.0,1.0,0
1481814865139445955,415,1481814865135694610,,0,0,46.5184898376,6.56615304947,2.77602830977e-40,1.0,0.0,0.0,0.0,1.0,0.0,0.0,0.0,1.0,0
1481814865385477946,416,1481814865383013108,,0,0,46.5184364319,6.56618452072,2.77602830977e-40,1.0,0.0,0.0,0.0,1.0,0.0,0.0,0.0,1.0,0
1481814865622733813,417,1481814865618542365,,0,0,46.518409729,6.56619501114,2.77602830977e-40,1.0,0.0,0.0,0.0,1.0,0.0,0.0,0.0,1.0,0
1481814865893829387,418,1481814865891433247,,0,0,46.5184173584,6.56619024277,2.77602830977e-40,1.0,0.0,0.0,0.0,1.0,0.0,0.0,0.0,1.0,0
1481814866331803399,419,1481814866326687005,,0,0,46.5183982849,6.56623029709,2.77602830977e-40,1.0,0.0,0.0,0.0,1.0,0.0,0.0,0.0,1.0,0
1481814866599413461,420,1481814866596340083,,0,0,46.5183830261,6.56626844406,2.77602830977e-40,1.0,0.0,0.0,0.0,1.0,0.0,0.0,0.0,1.0,0
1481814866887584773,421,1481814866885341446,,0,0,46.5183868408,6.5662894249,2.77602830977e-40,1.0,0.0,0.0,0.0,1.0,0.0,0.0,0.0,1.0,0
1481814867167435690,422,1481814867164774603,,0,0,46.5183753967,6.56631135941,2.77602830977e-40,1.0,0.0,0.0,0.0,1.0,0.0,0.0,0.0,1.0,0
1481814867495736642,423,1481814867492480088,,0,0,46.5183906555,6.56632852554,2.77602830977e-40,1.0,0.0,0.0,0.0,1.0,0.0,0.0,0.0,1.0,0
1481814867800507601,424,1481814867797863389,,0,0,46.5183639526,6.56635475159,2.77602830977e-40,1.0,0.0,0.0,0.0,1.0,0.0,0.0,0.0,1.0,0
1481814868138876966,425,1481814868134891247,,0,0,46.5184059143,6.56635856628,2.77602830977e-40,1.0,0.0,0.0,0.0,1.0,0.0,0.0,0.0,1.0,0
1481814868354633303,426,1481814868351626488,,0,0,46.5183677673,6.56641244888,2.77602830977e-40,1.0,0.0,0.0,0.0,1.0,0.0,0.0,0.0,1.0,0
1481814868651828916,427,1481814868648042988,,0,0,46.5183830261,6.56641530991,2.77602830977e-40,1.0,0.0,0.0,0.0,1.0,0.0,0.0,0.0,1.0,0
1481814868950521244,428,1481814868946826722,,0,0,46.5183906555,6.56644296646,2.77602830977e-40,1.0,0.0,0.0,0.0,1.0,0.0,0.0,0.0,1.0,0
1481814869299896206,429,1481814869292928151,,0,0,46.5184211731,6.56645822525,2.77602830977e-40,1.0,0.0,0.0,0.0,1.0,0.0,0.0,0.0,1.0,0
1481814869612553344,430,1481814869607633095,,0,0,46.5184364319,6.566447258,2.77602830977e-40,1.0,0.0,0.0,0.0,1.0,0.0,0.0,0.0,1.0,0
1481814869897918570,431,1481814869895598888,,0,0,46.5184555054,6.56645298004,2.77602830977e-40,1.0,0.0,0.0,0.0,1.0,0.0,0.0,0.0,1.0,0
1481814870173999860,432,1481814870171852261,,0,0,46.5184936523,6.56644153595,2.77602830977e-40,1.0,0.0,0.0,0.0,1.0,0.0,0.0,0.0,1.0,0
1481814870472779532,433,1481814870469667977,,0,0,46.5184898376,6.56647109985,2.77602830977e-40,1.0,0.0,0.0,0.0,1.0,0.0,0.0,0.0,1.0,0
1481814870751054515,434,1481814870748138064,,0,0,46.5184860229,6.56648302078,2.77602830977e-40,1.0,0.0,0.0,0.0,1.0,0.0,0.0,0.0,1.0,0
1481814871082349054,435,1481814871079232603,,0,0,46.5184936523,6.56648874283,2.77602830977e-40,1.0,0.0,0.0,0.0,1.0,0.0,0.0,0.0,1.0,0
1481814871356959775,436,1481814871353414107,,0,0,46.5185317993,6.5664601326,2.77602830977e-40,1.0,0.0,0.0,0.0,1.0,0.0,0.0,0.0,1.0,0
1481814871651220812,437,1481814871648830350,,0,0,46.5185089111,6.56651687622,2.77602830977e-40,1.0,0.0,0.0,0.0,1.0,0.0,0.0,0.0,1.0,0
1481814871912862139,438,1481814871910471937,,0,0,46.5185432434,6.56653547287,2.77602830977e-40,1.0,0.0,0.0,0.0,1.0,0.0,0.0,0.0,1.0,0
1481814872139285429,439,1481814872136957362,,0,0,46.5185432434,6.56654930115,2.77602830977e-40,1.0,0.0,0.0,0.0,1.0,0.0,0.0,0.0,1.0,0
1481814872287126727,440,1481814872281303877,,0,0,46.5185661316,6.56651592255,2.77602830977e-40,1.0,0.0,0.0,0.0,1.0,0.0,0.0,0.0,1.0,0
1481814872480345620,441,1481814872478011616,,0,0,46.518573761,6.56649494171,2.77602830977e-40,1.0,0.0,0.0,0.0,1.0,0.0,0.0,0.0,1.0,0
1481814872645330365,442,1481814872641513864,,0,0,46.5185852051,6.56649065018,2.77602830977e-40,1.0,0.0,0.0,0.0,1.0,0.0,0.0,0.0,1.0,0
1481814872849061107,443,1481814872846572415,,0,0,46.5185928345,6.56645536423,2.77602830977e-40,1.0,0.0,0.0,0.0,1.0,0.0,0.0,0.0,1.0,0
1481814873055331895,444,1481814873052362840,,0,0,46.5185890198,6.56646203995,2.77602830977e-40,1.0,0.0,0.0,0.0,1.0,0.0,0.0,0.0,1.0,0
1481814873246738240,445,1481814873242237366,,0,0,46.5185966492,6.56643915176,2.77602830977e-40,1.0,0.0,0.0,0.0,1.0,0.0,0.0,0.0,1.0,0
1481814873440640726,446,1481814873437340994,,0,0,46.5185890198,6.56645917892,2.77602830977e-40,1.0,0.0,0.0,0.0,1.0,0.0,0.0,0.0,1.0,0
1481814873653037227,447,1481814873648223229,,0,0,46.5186080933,6.56641387939,2.77602830977e-40,1.0,0.0,0.0,0.0,1.0,0.0,0.0,0.0,1.0,0
1481814873844664354,448,1481814873841733007,,0,0,46.5186080933,6.56640720367,2.77602830977e-40,1.0,0.0,0.0,0.0,1.0,0.0,0.0,0.0,1.0,0
1481814874036382053,449,1481814874028679676,,0,0,46.5186080933,6.56637716293,2.77602830977e-40,1.0,0.0,0.0,0.0,1.0,0.0,0.0,0.0,1.0,0
1481814874156809878,450,1481814874153680198,,0,0,46.5186157227,6.56637763977,2.77602830977e-40,1.0,0.0,0.0,0.0,1.0,0.0,0.0,0.0,1.0,0
1481814874340128587,451,1481814874337177657,,0,0,46.5186195374,6.56634712219,2.77602830977e-40,1.0,0.0,0.0,0.0,1.0,0.0,0.0,0.0,1.0,0
1481814874541519022,452,1481814874538815904,,0,0,46.5186157227,6.56632566452,2.77602830977e-40,1.0,0.0,0.0,0.0,1.0,0.0,0.0,0.0,1.0,0
1481814874746302210,453,1481814874743246540,,0,0,46.518611908,6.56632184982,2.77602830977e-40,1.0,0.0,0.0,0.0,1.0,0.0,0.0,0.0,1.0,0
1481814874941584379,454,1481814874938662199,,0,0,46.5186386108,6.56629562378,2.77602830977e-40,1.0,0.0,0.0,0.0,1.0,0.0,0.0,0.0,1.0,0
1481814875144180332,455,1481814875141740234,,0,0,46.5186233521,6.56627225876,2.77602830977e-40,1.0,0.0,0.0,0.0,1.0,0.0,0.0,0.0,1.0,0
1481814875331035700,456,1481814875327131334,,0,0,46.5186157227,6.56626033783,2.77602830977e-40,1.0,0.0,0.0,0.0,1.0,0.0,0.0,0.0,1.0,0
1481814875432760759,457,1481814875429259101,,0,0,46.518611908,6.56624794006,2.77602830977e-40,1.0,0.0,0.0,0.0,1.0,0.0,0.0,0.0,1.0,0
1481814875544119856,458,1481814875541670122,,0,0,46.5186195374,6.56624078751,2.77602830977e-40,1.0,0.0,0.0,0.0,1.0,0.0,0.0,0.0,1.0,0
1481814875748805127,459,1481814875746593257,,0,0,46.5186233521,6.56623840332,2.77602830977e-40,1.0,0.0,0.0,0.0,1.0,0.0,0.0,0.0,1.0,0
1481814875942466259,460,1481814875940395326,,0,0,46.5186157227,6.56621694565,2.77602830977e-40,1.0,0.0,0.0,0.0,1.0,0.0,0.0,0.0,1.0,0
1481814876248950755,461,1481814876246668104,,0,0,46.5186042786,6.56619739532,2.77602830977e-40,1.0,0.0,0.0,0.0,1.0,0.0,0.0,0.0,1.0,0
1481814876627296270,462,1481814876624265756,,0,0,46.5185813904,6.56618499756,2.77602830977e-40,1.0,0.0,0.0,0.0,1.0,0.0,0.0,0.0,1.0,0
1481814877102077482,463,1481814877099233010,,0,0,46.5185546875,6.56618642807,2.77602830977e-40,1.0,0.0,0.0,0.0,1.0,0.0,0.0,0.0,1.0,0
1481814877512860676,464,1481814877509926204,,0,0,46.5185508728,6.56615495682,2.77602830977e-40,1.0,0.0,0.0,0.0,1.0,0.0,0.0,0.0,1.0,0
1481814877888897187,465,1481814877885614070,,0,0,46.5185470581,6.56614685059,2.77602830977e-40,1.0,0.0,0.0,0.0,1.0,0.0,0.0,0.0,1.0,0
1481814878254790962,466,1481814878251012534,,0,0,46.5185279846,6.56615972519,2.77602830977e-40,1.0,0.0,0.0,0.0,1.0,0.0,0.0,0.0,1.0,0
1481814878570198457,467,1481814878567509140,,0,0,46.5185050964,6.56616353989,2.77602830977e-40,1.0,0.0,0.0,0.0,1.0,0.0,0.0,0.0,1.0,0
1481814878838384455,468,1481814878834873109,,0,0,46.5184669495,6.56616401672,2.77602830977e-40,1.0,0.0,0.0,0.0,1.0,0.0,0.0,0.0,1.0,0
1481814879034902037,469,1481814879030361372,,0,0,46.5184669495,6.56617116928,2.77602830977e-40,1.0,0.0,0.0,0.0,1.0,0.0,0.0,0.0,1.0,0
1481814879239952776,470,1481814879237357210,,0,0,46.5184631348,6.56617307663,2.77602830977e-40,1.0,0.0,0.0,0.0,1.0,0.0,0.0,0.0,1.0,0
1481814879525939459,471,1481814879523142278,,0,0,46.5184516907,6.56617450714,2.77602830977e-40,1.0,0.0,0.0,0.0,1.0,0.0,0.0,0.0,1.0,0
1481814879739397104,472,1481814879736336122,,0,0,46.5184440613,6.56619167328,2.77602830977e-40,1.0,0.0,0.0,0.0,1.0,0.0,0.0,0.0,1.0,0
1481814879942207431,473,1481814879939808948,,0,0,46.5184326172,6.56620121002,2.77602830977e-40,1.0,0.0,0.0,0.0,1.0,0.0,0.0,0.0,1.0,0
1481814880155568670,474,1481814880152753157,,0,0,46.5184173584,6.56621265411,2.77602830977e-40,1.0,0.0,0.0,0.0,1.0,0.0,0.0,0.0,1.0,0
1481814880461462439,475,1481814880452932408,,0,0,46.5184211731,6.56621742249,2.77602830977e-40,1.0,0.0,0.0,0.0,1.0,0.0,0.0,0.0,1.0,0
1481814880733745145,476,1481814880730989267,,0,0,46.518409729,6.56623888016,2.77602830977e-40,1.0,0.0,0.0,0.0,1.0,0.0,0.0,0.0,1.0,0
1481814880907211900,477,1481814880904587532,,0,0,46.5183944702,6.56625986099,2.77602830977e-40,1.0,0.0,0.0,0.0,1.0,0.0,0.0,0.0,1.0,0
1481814881052890131,478,1481814881050038263,,0,0,46.5183868408,6.56628417969,2.77602830977e-40,1.0,0.0,0.0,0.0,1.0,0.0,0.0,0.0,1.0,0
1481814881266552827,479,1481814881263385491,,0,0,46.5184288025,6.56628465652,2.77602830977e-40,1.0,0.0,0.0,0.0,1.0,0.0,0.0,0.0,1.0,0
1481814881512788776,480,1481814881507816757,,0,0,46.5184211731,6.56629657745,2.77602830977e-40,1.0,0.0,0.0,0.0,1.0,0.0,0.0,0.0,1.0,0
1481814881869093356,481,1481814881866300551,,0,0,46.5183868408,6.5663228035,2.77602830977e-40,1.0,0.0,0.0,0.0,1.0,0.0,0.0,0.0,1.0,0
1481814882156983732,482,1481814882154712019,,0,0,46.5184059143,6.56633472443,2.77602830977e-40,1.0,0.0,0.0,0.0,1.0,0.0,0.0,0.0,1.0,0
1481814882509429051,483,1481814882506608746,,0,0,46.518409729,6.56636571884,2.77602830977e-40,1.0,0.0,0.0,0.0,1.0,0.0,0.0,0.0,1.0,0
1481814882795416567,484,1481814882792744595,,0,0,46.5184211731,6.56639432907,2.77602830977e-40,1.0,0.0,0.0,0.0,1.0,0.0,0.0,0.0,1.0,0
1481814883040499758,485,1481814883038007004,,0,0,46.5184173584,6.56639528275,2.77602830977e-40,1.0,0.0,0.0,0.0,1.0,0.0,0.0,0.0,1.0,0
1481814883377024284,486,1481814883373967521,,0,0,46.5184364319,6.56640195847,2.77602830977e-40,1.0,0.0,0.0,0.0,1.0,0.0,0.0,0.0,1.0,0
1481814883634691141,487,1481814883629495321,,0,0,46.5184173584,6.5664191246,2.77602830977e-40,1.0,0.0,0.0,0.0,1.0,0.0,0.0,0.0,1.0,0
1481814883889800297,488,1481814883887044418,,0,0,46.5184173584,6.56643152237,2.77602830977e-40,1.0,0.0,0.0,0.0,1.0,0.0,0.0,0.0,1.0,0
1481814884167030387,489,1481814884164090759,,0,0,46.5184440613,6.56646299362,2.77602830977e-40,1.0,0.0,0.0,0.0,1.0,0.0,0.0,0.0,1.0,0
1481814884453457225,490,1481814884450159160,,0,0,46.5184707642,6.56644535065,2.77602830977e-40,1.0,0.0,0.0,0.0,1.0,0.0,0.0,0.0,1.0,0
1481814884780056254,491,1481814884777724333,,0,0,46.518497467,6.56643533707,2.77602830977e-40,1.0,0.0,0.0,0.0,1.0,0.0,0.0,0.0,1.0,0
1481814885056141087,492,1481814885052081878,,0,0,46.5185165405,6.56643390656,2.77602830977e-40,1.0,0.0,0.0,0.0,1.0,0.0,0.0,0.0,1.0,0
1481814885386865314,493,1481814885378160075,,0,0,46.5185050964,6.56647443771,2.77602830977e-40,1.0,0.0,0.0,0.0,1.0,0.0,0.0,0.0,1.0,0
1481814885692856114,494,1481814885688553989,,0,0,46.5185317993,6.56644678116,2.77602830977e-40,1.0,0.0,0.0,0.0,1.0,0.0,0.0,0.0,1.0,0
1481814885960318311,495,1481814885957582485,,0,0,46.5185127258,6.56645774841,2.77602830977e-40,1.0,0.0,0.0,0.0,1.0,0.0,0.0,0.0,1.0,0
1481814886156090427,496,1481814886153467778,,0,0,46.5185432434,6.56645488739,2.77602830977e-40,1.0,0.0,0.0,0.0,1.0,0.0,0.0,0.0,1.0,0
1481814886330047910,497,1481814886326571044,,0,0,46.5185661316,6.56645154953,2.77602830977e-40,1.0,0.0,0.0,0.0,1.0,0.0,0.0,0.0,1.0,0
1481814886440023834,498,1481814886437130925,,0,0,46.5185775757,6.56640768051,2.77602830977e-40,1.0,0.0,0.0,0.0,1.0,0.0,0.0,0.0,1.0,0
1481814886574043865,499,1481814886569526167,,0,0,46.5185813904,6.56640625,2.77602830977e-40,1.0,0.0,0.0,0.0,1.0,0.0,0.0,0.0,1.0,0
1481814886756218462,500,1481814886753103783,,0,0,46.5185890198,6.56644487381,2.77602830977e-40,1.0,0.0,0.0,0.0,1.0,0.0,0.0,0.0,1.0,0
1481814886956906608,501,1481814886954280208,,0,0,46.5185966492,6.56649446487,2.77602830977e-40,1.0,0.0,0.0,0.0,1.0,0.0,0.0,0.0,1.0,0
1481814887141916303,502,1481814887139234539,,0,0,46.5186042786,6.56643867493,2.77602830977e-40,1.0,0.0,0.0,0.0,1.0,0.0,0.0,0.0,1.0,0
1481814887482455870,503,1481814887475722606,,0,0,46.518611908,6.56641674042,2.77602830977e-40,1.0,0.0,0.0,0.0,1.0,0.0,0.0,0.0,1.0,0
1481814887759364034,504,1481814887755019566,,0,0,46.5186080933,6.56638669968,2.77602830977e-40,1.0,0.0,0.0,0.0,1.0,0.0,0.0,0.0,1.0,0
1481814888163400839,505,1481814888160968397,,0,0,46.5186195374,6.56639766693,2.77602830977e-40,1.0,0.0,0.0,0.0,1.0,0.0,0.0,0.0,1.0,0
1481814888611260660,506,1481814888607324576,,0,0,46.5186386108,6.56633520126,2.77602830977e-40,1.0,0.0,0.0,0.0,1.0,0.0,0.0,0.0,1.0,0
1481814888935134488,507,1481814888930247729,,0,0,46.5186271667,6.56630277634,2.77602830977e-40,1.0,0.0,0.0,0.0,1.0,0.0,0.0,0.0,1.0,0
1481814889190378278,508,1481814889186976933,,0,0,46.5186233521,6.56627750397,2.77602830977e-40,1.0,0.0,0.0,0.0,1.0,0.0,0.0,0.0,1.0,0
1481814889488331546,509,1481814889485921552,,0,0,46.5186271667,6.56625795364,2.77602830977e-40,1.0,0.0,0.0,0.0,1.0,0.0,0.0,0.0,1.0,0
1481814889824880811,510,1481814889822263786,,0,0,46.5186080933,6.56622314453,2.77602830977e-40,1.0,0.0,0.0,0.0,1.0,0.0,0.0,0.0,1.0,0
1481814890078293981,511,1481814890073978055,,0,0,46.5185928345,6.56621837616,2.77602830977e-40,1.0,0.0,0.0,0.0,1.0,0.0,0.0,0.0,1.0,0
1481814890362393794,512,1481814890359973643,,0,0,46.5185890198,6.56619596481,2.77602830977e-40,1.0,0.0,0.0,0.0,1.0,0.0,0.0,0.0,1.0,0
1481814890731273707,513,1481814890721235086,,0,0,46.518573761,6.56618452072,2.77602830977e-40,1.0,0.0,0.0,0.0,1.0,0.0,0.0,0.0,1.0,0
1481814891077905187,514,1481814891074420195,,0,0,46.5185585022,6.56616830826,2.77602830977e-40,1.0,0.0,0.0,0.0,1.0,0.0,0.0,0.0,1.0,0
1481814891406936710,515,1481814891404176248,,0,0,46.5185470581,6.56616020203,2.77602830977e-40,1.0,0.0,0.0,0.0,1.0,0.0,0.0,0.0,1.0,0
1481814891802017808,516,1481814891798720264,,0,0,46.5185089111,6.56616163254,2.77602830977e-40,1.0,0.0,0.0,0.0,1.0,0.0,0.0,0.0,1.0,0
1481814892211942047,517,1481814892209487105,,0,0,46.5184707642,6.566157341,2.77602830977e-40,1.0,0.0,0.0,0.0,1.0,0.0,0.0,0.0,1.0,0
1481814892565186791,518,1481814892561800601,,0,0,46.5184745789,6.56614875793,2.77602830977e-40,1.0,0.0,0.0,0.0,1.0,0.0,0.0,0.0,1.0,0
1481814892936027845,519,1481814892931708481,,0,0,46.5184402466,6.56615257263,2.77602830977e-40,1.0,0.0,0.0,0.0,1.0,0.0,0.0,0.0,1.0,0
1481814893233100803,520,1481814893229178625,,0,0,46.5184288025,6.56616353989,2.77602830977e-40,1.0,0.0,0.0,0.0,1.0,0.0,0.0,0.0,1.0,0
1481814893504506845,521,1481814893501981538,,0,0,46.5183982849,6.56615924835,2.77602830977e-40,1.0,0.0,0.0,0.0,1.0,0.0,0.0,0.0,1.0,0
1481814893820462098,522,1481814893817637731,,0,0,46.5183944702,6.56616687775,2.77602830977e-40,1.0,0.0,0.0,0.0,1.0,0.0,0.0,0.0,1.0,0
1481814894467755432,523,1481814894465303668,,0,0,46.5183792114,6.56617355347,2.77602830977e-40,1.0,0.0,0.0,0.0,1.0,0.0,0.0,0.0,1.0,0
1481814894769428326,524,1481814894767311456,,0,0,46.5183525085,6.56618976593,2.77602830977e-40,1.0,0.0,0.0,0.0,1.0,0.0,0.0,0.0,1.0,0
1481814895073148558,525,1481814895069486328,,0,0,46.518321991,6.56620025635,2.77602830977e-40,1.0,0.0,0.0,0.0,1.0,0.0,0.0,0.0,1.0,0
1481814895356738060,526,1481814895353746400,,0,0,46.5183296204,6.56622028351,2.77602830977e-40,1.0,0.0,0.0,0.0,1.0,0.0,0.0,0.0,1.0,0
1481814895655083982,527,1481814895649147122,,0,0,46.5183143616,6.56623029709,2.77602830977e-40,1.0,0.0,0.0,0.0,1.0,0.0,0.0,0.0,1.0,0
1481814895895966976,528,1481814895893545992,,0,0,46.5183067322,6.5662446022,2.77602830977e-40,1.0,0.0,0.0,0.0,1.0,0.0,0.0,0.0,1.0,0
1481814896081476982,529,1481814896078183605,,0,0,46.5183029175,6.56625413895,2.77602830977e-40,1.0,0.0,0.0,0.0,1.0,0.0,0.0,0.0,1.0,0
1481814896318064413,530,1481814896315487127,,0,0,46.5182914734,6.56626272202,2.77602830977e-40,1.0,0.0,0.0,0.0,1.0,0.0,0.0,0.0,1.0,0
1481814896516106679,531,1481814896512630386,,0,0,46.5182876587,6.56627321243,2.77602830977e-40,1.0,0.0,0.0,0.0,1.0,0.0,0.0,0.0,1.0,0
1481814896683040742,532,1481814896678658826,,0,0,46.518283844,6.56628608704,2.77602830977e-40,1.0,0.0,0.0,0.0,1.0,0.0,0.0,0.0,1.0,0
1481814896879420721,533,1481814896875436513,,0,0,46.518283844,6.56629657745,2.77602830977e-40,1.0,0.0,0.0,0.0,1.0,0.0,0.0,0.0,1.0,0
1481814897055764396,534,1481814897053355236,,0,0,46.518283844,6.56630992889,2.77602830977e-40,1.0,0.0,0.0,0.0,1.0,0.0,0.0,0.0,1.0,0
1481814897252375885,535,1481814897248383603,,0,0,46.5182762146,6.56631994247,2.77602830977e-40,1.0,0.0,0.0,0.0,1.0,0.0,0.0,0.0,1.0,0
1481814897436410114,536,1481814897429578516,,0,0,46.5182762146,6.5663318634,2.77602830977e-40,1.0,0.0,0.0,0.0,1.0,0.0,0.0,0.0,1.0,0
1481814897544982135,537,1481814897542177506,,0,0,46.5182800293,6.56633806229,2.77602830977e-40,1.0,0.0,0.0,0.0,1.0,0.0,0.0,0.0,1.0,0
1481814897753066512,538,1481814897746626424,,0,0,46.5182762146,6.5663485527,2.77602830977e-40,1.0,0.0,0.0,0.0,1.0,0.0,0.0,0.0,1.0,0
1481814897943176246,539,1481814897940141827,,0,0,46.5182762146,6.56636142731,2.77602830977e-40,1.0,0.0,0.0,0.0,1.0,0.0,0.0,0.0,1.0,0
1481814898153677544,540,1481814898148700577,,0,0,46.5182685852,6.56637191772,2.77602830977e-40,1.0,0.0,0.0,0.0,1.0,0.0,0.0,0.0,1.0,0
1481814898355747769,541,1481814898346302949,,0,0,46.5182723999,6.56638240814,2.77602830977e-40,1.0,0.0,0.0,0.0,1.0,0.0,0.0,0.0,1.0,0
1481814898538903563,542,1481814898536280132,,0,0,46.5182723999,6.56639289856,2.77602830977e-40,1.0,0.0,0.0,0.0,1.0,0.0,0.0,0.0,1.0,0
1481814898653229684,543,1481814898650491670,,0,0,46.5182723999,6.56639862061,2.77602830977e-40,1.0,0.0,0.0,0.0,1.0,0.0,0.0,0.0,1.0,0
1481814898836872820,544,1481814898833875171,,0,0,46.5182723999,6.5664100647,2.77602830977e-40,1.0,0.0,0.0,0.0,1.0,0.0,0.0,0.0,1.0,0
1481814898949129467,545,1481814898946237599,,0,0,46.5182723999,6.56641435623,2.77602830977e-40,1.0,0.0,0.0,0.0,1.0,0.0,0.0,0.0,1.0,0
1481814899154696194,546,1481814899151936930,,0,0,46.5182762146,6.56642436981,2.77602830977e-40,1.0,0.0,0.0,0.0,1.0,0.0,0.0,0.0,1.0,0
1481814899350163884,547,1481814899347677275,,0,0,46.5182762146,6.56643486023,2.77602830977e-40,1.0,0.0,0.0,0.0,1.0,0.0,0.0,0.0,1.0,0
1481814899558480187,548,1481814899555708215,,0,0,46.5182762146,6.56644487381,2.77602830977e-40,1.0,0.0,0.0,0.0,1.0,0.0,0.0,0.0,1.0,0
1481814899752181579,549,1481814899749478253,,0,0,46.5182800293,6.56645488739,2.77602830977e-40,1.0,0.0,0.0,0.0,1.0,0.0,0.0,0.0,1.0,0
1481814899957488932,550,1481814899955126646,,0,0,46.518283844,6.56646490097,2.77602830977e-40,1.0,0.0,0.0,0.0,1.0,0.0,0.0,0.0,1.0,0
1481814900156548904,551,1481814900150210743,,0,0,46.5182876587,6.56647443771,2.77602830977e-40,1.0,0.0,0.0,0.0,1.0,0.0,0.0,0.0,1.0,0
1481814900349013685,552,1481814900345742078,,0,0,46.5182914734,6.56648540497,2.77602830977e-40,1.0,0.0,0.0,0.0,1.0,0.0,0.0,0.0,1.0,0
1481814900554015361,553,1481814900550665057,,0,0,46.5182914734,6.56649637222,2.77602830977e-40,1.0,0.0,0.0,0.0,1.0,0.0,0.0,0.0,1.0,0
1481814900749468936,554,1481814900746693110,,0,0,46.5182991028,6.56650590897,2.77602830977e-40,1.0,0.0,0.0,0.0,1.0,0.0,0.0,0.0,1.0,0
1481814900954136916,555,1481814900951795567,,0,0,46.5183029175,6.56651592255,2.77602830977e-40,1.0,0.0,0.0,0.0,1.0,0.0,0.0,0.0,1.0,0
1481814901159123436,556,1481814901156744692,,0,0,46.5183067322,6.56652593613,2.77602830977e-40,1.0,0.0,0.0,0.0,1.0,0.0,0.0,0.0,1.0,0
1481814901357247994,557,1481814901354545501,,0,0,46.5183105469,6.56653690338,2.77602830977e-40,1.0,0.0,0.0,0.0,1.0,0.0,0.0,0.0,1.0,0
1481814901540674724,558,1481814901538577438,,0,0,46.5183143616,6.56654691696,2.77602830977e-40,1.0,0.0,0.0,0.0,1.0,0.0,0.0,0.0,1.0,0
1481814901645167745,559,1481814901642310564,,0,0,46.5183181763,6.5665512085,2.77602830977e-40,1.0,0.0,0.0,0.0,1.0,0.0,0.0,0.0,1.0,0
1481814901858211328,560,1481814901855611751,,0,0,46.5183258057,6.56656074524,2.77602830977e-40,1.0,0.0,0.0,0.0,1.0,0.0,0.0,0.0,1.0,0
1481814902053113603,561,1481814902047402836,,0,0,46.5183296204,6.56657028198,2.77602830977e-40,1.0,0.0,0.0,0.0,1.0,0.0,0.0,0.0,1.0,0
1481814902259900691,562,1481814902257545228,,0,0,46.5183372498,6.56657886505,2.77602830977e-40,1.0,0.0,0.0,0.0,1.0,0.0,0.0,0.0,1.0,0
1481814902453113126,563,1481814902449973655,,0,0,46.5183448792,6.56658601761,2.77602830977e-40,1.0,0.0,0.0,0.0,1.0,0.0,0.0,0.0,1.0,0
1481814902657637877,564,1481814902654536426,,0,0,46.5183486938,6.566593647,2.77602830977e-40,1.0,0.0,0.0,0.0,1.0,0.0,0.0,0.0,1.0,0
1481814902865001005,565,1481814902860818568,,0,0,46.5183525085,6.5666012764,2.77602830977e-40,1.0,0.0,0.0,0.0,1.0,0.0,0.0,0.0,1.0,0
1481814903050604970,566,1481814903048018986,,0,0,46.5183563232,6.56660747528,2.77602830977e-40,1.0,0.0,0.0,0.0,1.0,0.0,0.0,0.0,1.0,0
1481814903297419563,567,1481814903294120456,,0,0,46.5183639526,6.56661319733,2.77602830977e-40,1.0,0.0,0.0,0.0,1.0,0.0,0.0,0.0,1.0,0
1481814903546463160,568,1481814903542785201,,0,0,46.5183677673,6.56661701202,2.77602830977e-40,1.0,0.0,0.0,0.0,1.0,0.0,0.0,0.0,1.0,0
1481814903923981282,569,1481814903919890146,,0,0,46.5183753967,6.56662082672,2.77602830977e-40,1.0,0.0,0.0,0.0,1.0,0.0,0.0,0.0,1.0,0
1481814904268164746,570,1481814904264483610,,0,0,46.5183868408,6.56662082672,2.77602830977e-40,1.0,0.0,0.0,0.0,1.0,0.0,0.0,0.0,1.0,0
1481814904789015062,571,1481814904786790849,,0,0,46.5183982849,6.5666179657,2.77602830977e-40,1.0,0.0,0.0,0.0,1.0,0.0,0.0,0.0,1.0,0
1481814905187648912,572,1481814905184064077,,0,0,46.5184173584,6.56661224365,2.77602830977e-40,1.0,0.0,0.0,0.0,1.0,0.0,0.0,0.0,1.0,0
1481814905371479443,573,1481814905367433932,,0,0,46.5184249878,6.56661510468,2.77602830977e-40,1.0,0.0,0.0,0.0,1.0,0.0,0.0,0.0,1.0,0
1481814905532261178,574,1481814905529928736,,0,0,46.5184364319,6.56659936905,2.77602830977e-40,1.0,0.0,0.0,0.0,1.0,0.0,0.0,0.0,1.0,0
1481814905635687951,575,1481814905632627907,,0,0,46.5184402466,6.56660604477,2.77602830977e-40,1.0,0.0,0.0,0.0,1.0,0.0,0.0,0.0,1.0,0
1481814905726934390,576,1481814905724363615,,0,0,46.5184402466,6.56659936905,2.77602830977e-40,1.0,0.0,0.0,0.0,1.0,0.0,0.0,0.0,1.0,0
1481814905848448046,577,1481814905845485240,,0,0,46.5184364319,6.56659984589,2.77602830977e-40,1.0,0.0,0.0,0.0,1.0,0.0,0.0,0.0,1.0,0
1481814906052272017,578,1481814906048381766,,0,0,46.5184402466,6.56658220291,2.77602830977e-40,1.0,0.0,0.0,0.0,1.0,0.0,0.0,0.0,1.0,0
1481814906292020221,579,1481814906285971330,,0,0,46.5184364319,6.56657791138,2.77602830977e-40,1.0,0.0,0.0,0.0,1.0,0.0,0.0,0.0,1.0,0
1481814906536201435,580,1481814906533360244,,0,0,46.5184402466,6.56657171249,2.77602830977e-40,1.0,0.0,0.0,0.0,1.0,0.0,0.0,0.0,1.0,0
1481814906783659933,581,1481814906780173639,,0,0,46.5184555054,6.56658887863,2.77602830977e-40,1.0,0.0,0.0,0.0,1.0,0.0,0.0,0.0,1.0,0
1481814907163614454,582,1481814907159750714,,0,0,46.5184555054,6.56656551361,2.77602830977e-40,1.0,0.0,0.0,0.0,1.0,0.0,0.0,0.0,1.0,0
1481814907425657082,583,1481814907422791047,,0,0,46.518447876,6.56653642654,2.77602830977e-40,1.0,0.0,0.0,0.0,1.0,0.0,0.0,0.0,1.0,0
1481814907729426533,584,1481814907726827216,,0,0,46.5184669495,6.56654071808,2.77602830977e-40,1.0,0.0,0.0,0.0,1.0,0.0,0.0,0.0,1.0,0
1481814908032170413,585,1481814908027500164,,0,0,46.5184707642,6.56654548645,2.77602830977e-40,1.0,0.0,0.0,0.0,1.0,0.0,0.0,0.0,1.0,0
1481814908330211441,586,1481814908326845929,,0,0,46.518447876,6.56654977798,2.77602830977e-40,1.0,0.0,0.0,0.0,1.0,0.0,0.0,0.0,1.0,0
1481814908578261604,587,1481814908575615464,,0,0,46.5184593201,6.56655883789,2.77602830977e-40,1.0,0.0,0.0,0.0,1.0,0.0,0.0,0.0,1.0,0
1481814908903807615,588,1481814908900801216,,0,0,46.5184326172,6.56655502319,2.77602830977e-40,1.0,0.0,0.0,0.0,1.0,0.0,0.0,0.0,1.0,0
1481814909207991075,589,1481814909205194520,,0,0,46.5184707642,6.56652784348,2.77602830977e-40,1.0,0.0,0.0,0.0,1.0,0.0,0.0,0.0,1.0,0
1481814909495022807,590,1481814909492199533,,0,0,46.5184745789,6.56652545929,2.77602830977e-40,1.0,0.0,0.0,0.0,1.0,0.0,0.0,0.0,1.0,0
1481814909783229589,591,1481814909780372669,,0,0,46.5184783936,6.56653308868,2.77602830977e-40,1.0,0.0,0.0,0.0,1.0,0.0,0.0,0.0,1.0,0
1481814910100221819,592,1481814910097435368,,0,0,46.5185050964,6.56651210785,2.77602830977e-40,1.0,0.0,0.0,0.0,1.0,0.0,0.0,0.0,1.0,0
1481814910399018470,593,1481814910396388685,,0,0,46.5184822083,6.56651210785,2.77602830977e-40,1.0,0.0,0.0,0.0,1.0,0.0,0.0,0.0,1.0,0
1481814910702974952,594,1481814910700086730,,0,0,46.5185050964,6.56651973724,2.77602830977e-40,1.0,0.0,0.0,0.0,1.0,0.0,0.0,0.0,1.0,0
1481814910997397968,595,1481814910993999070,,0,0,46.5184631348,6.56654834747,2.77602830977e-40,1.0,0.0,0.0,0.0,1.0,0.0,0.0,0.0,1.0,0
1481814911211606913,596,1481814911207258955,,0,0,46.5185203552,6.56651210785,2.77602830977e-40,1.0,0.0,0.0,0.0,1.0,0.0,0.0,0.0,1.0,0
1481814911385988561,597,1481814911383250651,,0,0,46.5185203552,6.56650257111,2.77602830977e-40,1.0,0.0,0.0,0.0,1.0,0.0,0.0,0.0,1.0,0
1481814911582300728,598,1481814911578295842,,0,0,46.5185050964,6.56651353836,2.77602830977e-40,1.0,0.0,0.0,0.0,1.0,0.0,0.0,0.0,1.0,0
1481814911778042480,599,1481814911774417905,,0,0,46.5185241699,6.56651544571,2.77602830977e-40,1.0,0.0,0.0,0.0,1.0,0.0,0.0,0.0,1.0,0
1481814911921056654,600,1481814911918736191,,0,0,46.518535614,6.56652069092,2.77602830977e-40,1.0,0.0,0.0,0.0,1.0,0.0,0.0,0.0,1.0,0
1481814912025864466,601,1481814912023392701,,0,0,46.5184745789,6.56656932831,2.77602830977e-40,1.0,0.0,0.0,0.0,1.0,0.0,0.0,0.0,1.0,0
1481814912137650593,602,1481814912135185860,,0,0,46.5184555054,6.56657743454,2.77602830977e-40,1.0,0.0,0.0,0.0,1.0,0.0,0.0,0.0,1.0,0
1481814912230113071,603,1481814912227787764,,0,0,46.5184707642,6.56657123566,2.77602830977e-40,1.0,0.0,0.0,0.0,1.0,0.0,0.0,0.0,1.0,0
1481814912332385108,604,1481814912329910218,,0,0,46.5184822083,6.56657171249,2.77602830977e-40,1.0,0.0,0.0,0.0,1.0,0.0,0.0,0.0,1.0,0
1481814912433530585,605,1481814912430882258,,0,0,46.5184898376,6.56656360626,2.77602830977e-40,1.0,0.0,0.0,0.0,1.0,0.0,0.0,0.0,1.0,0
1481814912525435512,606,1481814912522367915,,0,0,46.5184860229,6.56656503677,2.77602830977e-40,1.0,0.0,0.0,0.0,1.0,0.0,0.0,0.0,1.0,0
1481814912615991224,607,1481814912613157585,,0,0,46.5184440613,6.56657075882,2.77602830977e-40,1.0,0.0,0.0,0.0,1.0,0.0,0.0,0.0,1.0,0
1481814912738062534,608,1481814912732604110,,0,0,46.5184326172,6.56656455994,2.77602830977e-40,1.0,0.0,0.0,0.0,1.0,0.0,0.0,0.0,1.0,0
1481814912836853381,609,1481814912834596304,,0,0,46.518409729,6.56657171249,2.77602830977e-40,1.0,0.0,0.0,0.0,1.0,0.0,0.0,0.0,1.0,0
1481814912927202479,610,1481814912924995036,,0,0,46.5183792114,6.5665769577,2.77602830977e-40,1.0,0.0,0.0,0.0,1.0,0.0,0.0,0.0,1.0,0
1481814913030957220,611,1481814913028678684,,0,0,46.5183982849,6.56657648087,2.77602830977e-40,1.0,0.0,0.0,0.0,1.0,0.0,0.0,0.0,1.0,0
1481814913132882383,612,1481814913130474524,,0,0,46.5184059143,6.56658220291,2.77602830977e-40,1.0,0.0,0.0,0.0,1.0,0.0,0.0,0.0,1.0,0
1481814913246501735,613,1481814913244184866,,0,0,46.5184516907,6.56657743454,2.77602830977e-40,1.0,0.0,0.0,0.0,1.0,0.0,0.0,0.0,1.0,0
1481814913466034521,614,1481814913463801453,,0,0,46.5184745789,6.56657552719,2.77602830977e-40,1.0,0.0,0.0,0.0,1.0,0.0,0.0,0.0,1.0,0
1481814913637785655,615,1481814913634054831,,0,0,46.5184669495,6.56657934189,2.77602830977e-40,1.0,0.0,0.0,0.0,1.0,0.0,0.0,0.0,1.0,0
1481814913731299120,616,1481814913727277671,,0,0,46.5184631348,6.56658220291,2.77602830977e-40,1.0,0.0,0.0,0.0,1.0,0.0,0.0,0.0,1.0,0
1481814913831908088,617,1481814913827947681,,0,0,46.5184593201,6.56657838821,2.77602830977e-40,1.0,0.0,0.0,0.0,1.0,0.0,0.0,0.0,1.0,0
1481814913922174373,618,1481814913919844952,,0,0,46.5184516907,6.56659269333,2.77602830977e-40,1.0,0.0,0.0,0.0,1.0,0.0,0.0,0.0,1.0,0
1481814914017780280,619,1481814914014944871,,0,0,46.5184593201,6.56659507751,2.77602830977e-40,1.0,0.0,0.0,0.0,1.0,0.0,0.0,0.0,1.0,0
1481814914131659267,620,1481814914129077243,,0,0,46.5184669495,6.56659126282,2.77602830977e-40,1.0,0.0,0.0,0.0,1.0,0.0,0.0,0.0,1.0,0
1481814914231614018,621,1481814914229268191,,0,0,46.5184593201,6.56659412384,2.77602830977e-40,1.0,0.0,0.0,0.0,1.0,0.0,0.0,0.0,1.0,0
1481814914331293301,622,1481814914329292420,,0,0,46.5184555054,6.56660509109,2.77602830977e-40,1.0,0.0,0.0,0.0,1.0,0.0,0.0,0.0,1.0,0
1481814914436902673,623,1481814914430816334,,0,0,46.518447876,6.56662321091,2.77602830977e-40,1.0,0.0,0.0,0.0,1.0,0.0,0.0,0.0,1.0,0
1481814914538415649,624,1481814914532399310,,0,0,46.5184440613,6.56662034988,2.77602830977e-40,1.0,0.0,0.0,0.0,1.0,0.0,0.0,0.0,1.0,0
1481814914628008238,625,1481814914623573510,,0,0,46.5184783936,6.56661558151,2.77602830977e-40,1.0,0.0,0.0,0.0,1.0,0.0,0.0,0.0,1.0,0
1481814914740668895,626,1481814914736774113,,0,0,46.5184707642,6.56660270691,2.77602830977e-40,1.0,0.0,0.0,0.0,1.0,0.0,0.0,0.0,1.0,0
1481814914834145328,627,1481814914829953880,,0,0,46.5185127258,6.5665807724,2.77602830977e-40,1.0,0.0,0.0,0.0,1.0,0.0,0.0,0.0,1.0,0
1481814914937795643,628,1481814914933573778,,0,0,46.5185317993,6.56658267975,2.77602830977e-40,1.0,0.0,0.0,0.0,1.0,0.0,0.0,0.0,1.0,0
1481814915039960440,629,1481814915037404561,,0,0,46.5185279846,6.56658220291,2.77602830977e-40,1.0,0.0,0.0,0.0,1.0,0.0,0.0,0.0,1.0,0
1481814915134639475,630,1481814915131288546,,0,0,46.5185089111,6.56659841537,2.77602830977e-40,1.0,0.0,0.0,0.0,1.0,0.0,0.0,0.0,1.0,0
1481814915237709895,631,1481814915233698863,,0,0,46.5185317993,6.56658744812,2.77602830977e-40,1.0,0.0,0.0,0.0,1.0,0.0,0.0,0.0,1.0,0
1481814915330560341,632,1481814915326354778,,0,0,46.518535614,6.56658506393,2.77602830977e-40,1.0,0.0,0.0,0.0,1.0,0.0,0.0,0.0,1.0,0
1481814915434834195,633,1481814915430654362,,0,0,46.5185661316,6.56658744812,2.77602830977e-40,1.0,0.0,0.0,0.0,1.0,0.0,0.0,0.0,1.0,0
1481814915537480033,634,1481814915535267278,,0,0,46.5185661316,6.56659460068,2.77602830977e-40,1.0,0.0,0.0,0.0,1.0,0.0,0.0,0.0,1.0,0
1481814915733154701,635,1481814915728145651,,0,0,46.5185661316,6.56659507751,2.77602830977e-40,1.0,0.0,0.0,0.0,1.0,0.0,0.0,0.0,1.0,0
1481814915835218509,636,1481814915830832270,,0,0,46.5185928345,6.56658840179,2.77602830977e-40,1.0,0.0,0.0,0.0,1.0,0.0,0.0,0.0,1.0,0
1481814915938366013,637,1481814915934185971,,0,0,46.5186157227,6.56657075882,2.77602830977e-40,1.0,0.0,0.0,0.0,1.0,0.0,0.0,0.0,1.0,0
1481814916040399300,638,1481814916036183529,,0,0,46.5186004639,6.56657934189,2.77602830977e-40,1.0,0.0,0.0,0.0,1.0,0.0,0.0,0.0,1.0,0
1481814916253280332,639,1481814916248384927,,0,0,46.518573761,6.56659126282,2.77602830977e-40,1.0,0.0,0.0,0.0,1.0,0.0,0.0,0.0,1.0,0
1481814916437199873,640,1481814916433041915,,0,0,46.518573761,6.56660509109,2.77602830977e-40,1.0,0.0,0.0,0.0,1.0,0.0,0.0,0.0,1.0,0
1481814916552896095,641,1481814916546696371,,0,0,46.5185852051,6.56661844254,2.77602830977e-40,1.0,0.0,0.0,0.0,1.0,0.0,0.0,0.0,1.0,0
1481814916738726882,642,1481814916730504194,,0,0,46.5185394287,6.56660318375,2.77602830977e-40,1.0,0.0,0.0,0.0,1.0,0.0,0.0,0.0,1.0,0
1481814916836729033,643,1481814916832778835,,0,0,46.5185394287,6.56658887863,2.77602830977e-40,1.0,0.0,0.0,0.0,1.0,0.0,0.0,0.0,1.0,0
1481814916940413618,644,1481814916936002483,,0,0,46.5185432434,6.56659030914,2.77602830977e-40,1.0,0.0,0.0,0.0,1.0,0.0,0.0,0.0,1.0,0
1481814917040488004,645,1481814917037158742,,0,0,46.5185508728,6.56658601761,2.77602830977e-40,1.0,0.0,0.0,0.0,1.0,0.0,0.0,0.0,1.0,0
1481814917257256109,646,1481814917246481293,,0,0,46.518409729,6.5666103363,2.77602830977e-40,1.0,0.0,0.0,0.0,1.0,0.0,0.0,0.0,1.0,0
1481814917343566051,647,1481814917341109546,,0,0,46.518321991,6.5666475296,2.77602830977e-40,1.0,0.0,0.0,0.0,1.0,0.0,0.0,0.0,1.0,0
1481814917440208830,648,1481814917435752956,,0,0,46.5182914734,6.56666040421,2.77602830977e-40,1.0,0.0,0.0,0.0,1.0,0.0,0.0,0.0,1.0,0
1481814917547865333,649,1481814917542710241,,0,0,46.5183181763,6.56665897369,2.77602830977e-40,1.0,0.0,0.0,0.0,1.0,0.0,0.0,0.0,1.0,0
1481814917654371109,650,1481814917648265812,,0,0,46.5183181763,6.56666135788,2.77602830977e-40,1.0,0.0,0.0,0.0,1.0,0.0,0.0,0.0,1.0,0
1481814917851026608,651,1481814917844283656,,0,0,46.5185317993,6.56665897369,2.77602830977e-40,1.0,0.0,0.0,0.0,1.0,0.0,0.0,0.0,1.0,0
1481814917942945858,652,1481814917940353417,,0,0,46.5185279846,6.5666642189,2.77602830977e-40,1.0,0.0,0.0,0.0,1.0,0.0,0.0,0.0,1.0,0
1481814918039979158,653,1481814918035771720,,0,0,46.5185127258,6.5666680336,2.77602830977e-40,1.0,0.0,0.0,0.0,1.0,0.0,0.0,0.0,1.0,0
1481814918134445589,654,1481814918129923673,,0,0,46.5184631348,6.56633090973,2.77602830977e-40,1.0,0.0,0.0,0.0,1.0,0.0,0.0,0.0,1.0,0
1481814918246227654,655,1481814918242903183,,0,0,46.5185127258,6.56623411179,2.77602830977e-40,1.0,0.0,0.0,0.0,1.0,0.0,0.0,0.0,1.0,0
1481814918446785591,656,1481814918441293626,,0,0,46.5185050964,6.56624794006,2.77602830977e-40,1.0,0.0,0.0,0.0,1.0,0.0,0.0,0.0,1.0,0
1481814918651141436,657,1481814918647161134,,0,0,46.5185050964,6.5662446022,2.77602830977e-40,1.0,0.0,0.0,0.0,1.0,0.0,0.0,0.0,1.0,0
1481814918848149122,658,1481814918845401577,,0,0,46.5185241699,6.56664276123,2.77602830977e-40,1.0,0.0,0.0,0.0,1.0,0.0,0.0,0.0,1.0,0
1481814919035616467,659,1481814919033119234,,0,0,46.5183982849,6.56664085388,2.77602830977e-40,1.0,0.0,0.0,0.0,1.0,0.0,0.0,0.0,1.0,0
1481814919144438956,660,1481814919141985837,,0,0,46.5184288025,6.56663703918,2.77602830977e-40,1.0,0.0,0.0,0.0,1.0,0.0,0.0,0.0,1.0,0
1481814919238063306,661,1481814919235818989,,0,0,46.5184631348,6.56631994247,2.77602830977e-40,1.0,0.0,0.0,0.0,1.0,0.0,0.0,0.0,1.0,0
1481814919343565803,662,1481814919339947271,,0,0,46.5184707642,6.56632471085,2.77602830977e-40,1.0,0.0,0.0,0.0,1.0,0.0,0.0,0.0,1.0,0
1481814919528328468,663,1481814919526200088,,0,0,46.5184860229,6.56630325317,2.77602830977e-40,1.0,0.0,0.0,0.0,1.0,0.0,0.0,0.0,1.0,0
1481814919654496591,664,1481814919651210505,,0,0,46.5185089111,6.56629180908,2.77602830977e-40,1.0,0.0,0.0,0.0,1.0,0.0,0.0,0.0,1.0,0
1481814919855658902,665,1481814919853013127,,0,0,46.5186424255,6.56665277481,2.77602830977e-40,1.0,0.0,0.0,0.0,1.0,0.0,0.0,0.0,1.0,0
1481814920062891510,666,1481814920058559125,,0,0,46.5186309814,6.56661653519,2.77602830977e-40,1.0,0.0,0.0,0.0,1.0,0.0,0.0,0.0,1.0,0
1481814920257968055,667,1481814920254995822,,0,0,46.5185241699,6.56635189056,2.77602830977e-40,1.0,0.0,0.0,0.0,1.0,0.0,0.0,0.0,1.0,0
1481814920456987298,668,1481814920454562564,,0,0,46.5185203552,6.56635761261,2.77602830977e-40,1.0,0.0,0.0,0.0,1.0,0.0,0.0,0.0,1.0,0
1481814920655745969,669,1481814920653346808,,0,0,46.5185012817,6.56635332108,2.77602830977e-40,1.0,0.0,0.0,0.0,1.0,0.0,0.0,0.0,1.0,0
1481814920857877184,670,1481814920852786780,,0,0,46.5183982849,6.56666707993,2.77602830977e-40,1.0,0.0,0.0,0.0,1.0,0.0,0.0,0.0,1.0,0
1481814921053589248,671,1481814921048753166,,0,0,46.5184822083,6.56631755829,2.77602830977e-40,1.0,0.0,0.0,0.0,1.0,0.0,0.0,0.0,1.0,0
1481814921279130665,672,1481814921266151270,,0,0,46.5185775757,6.56657505035,2.77602830977e-40,1.0,0.0,0.0,0.0,1.0,0.0,0.0,0.0,1.0,0
1481814921466824988,673,1481814921463709527,,0,0,46.5185890198,6.56657934189,2.77602830977e-40,1.0,0.0,0.0,0.0,1.0,0.0,0.0,0.0,1.0,0
1481814921661246222,674,1481814921658601437,,0,0,46.5183448792,6.56658554077,2.77602830977e-40,1.0,0.0,0.0,0.0,1.0,0.0,0.0,0.0,1.0,0
1481814921859821040,675,1481814921856971828,,0,0,46.5185089111,6.56663894653,2.77602830977e-40,1.0,0.0,0.0,0.0,1.0,0.0,0.0,0.0,1.0,0
1481814922101146167,676,1481814922097631228,,0,0,46.518661499,6.56658124924,2.77602830977e-40,1.0,0.0,0.0,0.0,1.0,0.0,0.0,0.0,1.0,0
1481814922289541375,677,1481814922286424143,,0,0,46.5186157227,6.5666217804,2.77602830977e-40,1.0,0.0,0.0,0.0,1.0,0.0,0.0,0.0,1.0,0
1481814922542493140,678,1481814922539642157,,0,0,46.518497467,6.5666103363,2.77602830977e-40,1.0,0.0,0.0,0.0,1.0,0.0,0.0,0.0,1.0,0
1481814922658918006,679,1481814922656645459,,0,0,46.5184822083,6.56664800644,2.77602830977e-40,1.0,0.0,0.0,0.0,1.0,0.0,0.0,0.0,1.0,0
1481814922867566287,680,1481814922864627336,,0,0,46.5184822083,6.56663131714,2.77602830977e-40,1.0,0.0,0.0,0.0,1.0,0.0,0.0,0.0,1.0,0
1481814923116870458,681,1481814923114310256,,0,0,46.5184822083,6.56662225723,2.77602830977e-40,1.0,0.0,0.0,0.0,1.0,0.0,0.0,0.0,1.0,0
1481814923304438896,682,1481814923300723280,,0,0,46.5184860229,6.56662130356,2.77602830977e-40,1.0,0.0,0.0,0.0,1.0,0.0,0.0,0.0,1.0,0
1481814923511782494,683,1481814923507322713,,0,0,46.5184898376,6.56661558151,2.77602830977e-40,1.0,0.0,0.0,0.0,1.0,0.0,0.0,0.0,1.0,0
1481814923679828950,684,1481814923676599062,,0,0,46.5185203552,6.5666270256,2.77602830977e-40,1.0,0.0,0.0,0.0,1.0,0.0,0.0,0.0,1.0,0
1481814923902089021,685,1481814923896020442,,0,0,46.5185203552,6.56662321091,2.77602830977e-40,1.0,0.0,0.0,0.0,1.0,0.0,0.0,0.0,1.0,0
1481814924097333065,686,1481814924094959529,,0,0,46.5185165405,6.56663179398,2.77602830977e-40,1.0,0.0,0.0,0.0,1.0,0.0,0.0,0.0,1.0,0
1481814924308444257,687,1481814924305161036,,0,0,46.5185203552,6.56663131714,2.77602830977e-40,1.0,0.0,0.0,0.0,1.0,0.0,0.0,0.0,1.0,0
1481814924504855955,688,1481814924500664038,,0,0,46.5185203552,6.56663131714,2.77602830977e-40,1.0,0.0,0.0,0.0,1.0,0.0,0.0,0.0,1.0,0
1481814924705712746,689,1481814924700022656,,0,0,46.5185203552,6.566634655,2.77602830977e-40,1.0,0.0,0.0,0.0,1.0,0.0,0.0,0.0,1.0,0
1481814924900767208,690,1481814924897829194,,0,0,46.5185203552,6.56663513184,2.77602830977e-40,1.0,0.0,0.0,0.0,1.0,0.0,0.0,0.0,1.0,0
1481814925079193898,691,1481814925073890682,,0,0,46.5185203552,6.56663560867,2.77602830977e-40,1.0,0.0,0.0,0.0,1.0,0.0,0.0,0.0,1.0,0
1481814925287160775,692,1481814925283538753,,0,0,46.5185432434,6.56667804718,2.77602830977e-40,1.0,0.0,0.0,0.0,1.0,0.0,0.0,0.0,1.0,0
1481814925464451792,693,1481814925456147542,,0,0,46.5185127258,6.56665945053,2.77602830977e-40,1.0,0.0,0.0,0.0,1.0,0.0,0.0,0.0,1.0,0
1481814925646895712,694,1481814925644231812,,0,0,46.5185127258,6.56665611267,2.77602830977e-40,1.0,0.0,0.0,0.0,1.0,0.0,0.0,0.0,1.0,0
1481814925846596724,695,1481814925843792565,,0,0,46.5185127258,6.56665182114,2.77602830977e-40,1.0,0.0,0.0,0.0,1.0,0.0,0.0,0.0,1.0,0
1481814925956062545,696,1481814925953531458,,0,0,46.5185165405,6.56664705276,2.77602830977e-40,1.0,0.0,0.0,0.0,1.0,0.0,0.0,0.0,1.0,0
1481814926154489238,697,1481814926151723568,,0,0,46.5185165405,6.56664419174,2.77602830977e-40,1.0,0.0,0.0,0.0,1.0,0.0,0.0,0.0,1.0,0
1481814926345001419,698,1481814926342373301,,0,0,46.5185165405,6.56664228439,2.77602830977e-40,1.0,0.0,0.0,0.0,1.0,0.0,0.0,0.0,1.0,0
1481814926440164203,699,1481814926437607803,,0,0,46.5185203552,6.56664133072,2.77602830977e-40,1.0,0.0,0.0,0.0,1.0,0.0,0.0,0.0,1.0,0
1481814926557542087,700,1481814926553410639,,0,0,46.5185203552,6.56664037704,2.77602830977e-40,1.0,0.0,0.0,0.0,1.0,0.0,0.0,0.0,1.0,0
1481814926754401075,701,1481814926750694835,,0,0,46.5185203552,6.56664037704,2.77602830977e-40,1.0,0.0,0.0,0.0,1.0,0.0,0.0,0.0,1.0,0
1481814926951464959,702,1481814926947345282,,0,0,46.5185203552,6.56663990021,2.77602830977e-40,1.0,0.0,0.0,0.0,1.0,0.0,0.0,0.0,1.0,0
1481814927156576583,703,1481814927154354193,,0,0,46.5185203552,6.56664037704,2.77602830977e-40,1.0,0.0,0.0,0.0,1.0,0.0,0.0,0.0,1.0,0
1481814927356737855,704,1481814927354552808,,0,0,46.5185203552,6.56664037704,2.77602830977e-40,1.0,0.0,0.0,0.0,1.0,0.0,0.0,0.0,1.0,0
1481814927564231973,705,1481814927561250782,,0,0,46.5185203552,6.56664085388,2.77602830977e-40,1.0,0.0,0.0,0.0,1.0,0.0,0.0,0.0,1.0,0
1481814927756964982,706,1481814927750764060,,0,0,46.5185203552,6.56664085388,2.77602830977e-40,1.0,0.0,0.0,0.0,1.0,0.0,0.0,0.0,1.0,0
1481814927953650377,707,1481814927948147370,,0,0,46.5185203552,6.56664180756,2.77602830977e-40,1.0,0.0,0.0,0.0,1.0,0.0,0.0,0.0,1.0,0
1481814928167112709,708,1481814928164273550,,0,0,46.5185203552,6.56664180756,2.77602830977e-40,1.0,0.0,0.0,0.0,1.0,0.0,0.0,0.0,1.0,0
1481814928355461667,709,1481814928352634642,,0,0,46.5185203552,6.56664180756,2.77602830977e-40,1.0,0.0,0.0,0.0,1.0,0.0,0.0,0.0,1.0,0
1481814928560986467,710,1481814928558451629,,0,0,46.5185203552,6.56664180756,2.77602830977e-40,1.0,0.0,0.0,0.0,1.0,0.0,0.0,0.0,1.0,0
1481814928748510218,711,1481814928745853037,,0,0,46.5185203552,6.56664228439,2.77602830977e-40,1.0,0.0,0.0,0.0,1.0,0.0,0.0,0.0,1.0,0
1481814928855295004,712,1481814928851488555,,0,0,46.5185203552,6.56664228439,2.77602830977e-40,1.0,0.0,0.0,0.0,1.0,0.0,0.0,0.0,1.0,0
1481814929055531588,713,1481814929050514777,,0,0,46.5185203552,6.56664276123,2.77602830977e-40,1.0,0.0,0.0,0.0,1.0,0.0,0.0,0.0,1.0,0
1481814929242351382,714,1481814929239177901,,0,0,46.5185203552,6.56664323807,2.77602830977e-40,1.0,0.0,0.0,0.0,1.0,0.0,0.0,0.0,1.0,0
1481814929350147520,715,1481814929346055863,,0,0,46.5185203552,6.56664323807,2.77602830977e-40,1.0,0.0,0.0,0.0,1.0,0.0,0.0,0.0,1.0,0
1481814929446222697,716,1481814929442285311,,0,0,46.5185203552,6.5666437149,2.77602830977e-40,1.0,0.0,0.0,0.0,1.0,0.0,0.0,0.0,1.0,0
1481814929654189991,717,1481814929651653070,,0,0,46.5185203552,6.56664419174,2.77602830977e-40,1.0,0.0,0.0,0.0,1.0,0.0,0.0,0.0,1.0,0
1481814929862689367,718,1481814929858963074,,0,0,46.5185203552,6.56664419174,2.77602830977e-40,1.0,0.0,0.0,0.0,1.0,0.0,0.0,0.0,1.0,0
1481814930050161139,719,1481814930045548703,,0,0,46.5185203552,6.56664466858,2.77602830977e-40,1.0,0.0,0.0,0.0,1.0,0.0,0.0,0.0,1.0,0
1481814930166772879,720,1481814930162022631,,0,0,46.5185203552,6.56664466858,2.77602830977e-40,1.0,0.0,0.0,0.0,1.0,0.0,0.0,0.0,1.0,0
1481814930352069553,721,1481814930348142531,,0,0,46.5185203552,6.56664466858,2.77602830977e-40,1.0,0.0,0.0,0.0,1.0,0.0,0.0,0.0,1.0,0
