%time,field.header.seq,field.header.stamp,field.header.frame_id,field.temperature,field.variance
1463511005332878271,415,1463511005113253846,,1530.0,10.5600004196
1463511005333020553,416,1463511005138700073,,1530.0,10.8000001907
1463511005333059873,417,1463511005156098240,,1530.0,10.8000001907
1463511005333095131,418,1463511005169681869,,1530.0,10.6800003052
1463511005333130754,419,1463511005184840290,,1529.0,10.5600004196
1463511005333164450,420,1463511005211252546,,1529.0,10.5600004196
1463511005333277776,421,1463511005237088851,,1530.0,10.5600004196
1463511005333460055,422,1463511005263932641,,1531.0,10.6800003052
1463511005333646189,423,1463511005294896835,,1530.0,10.6800003052
1463511005333779773,424,1463511005327859073,,1529.0,10.5600004196
1463511005348643526,425,1463511005344867318,,1529.0,10.5600004196
1463511005357625794,426,1463511005354790670,,1529.0,10.5600004196
1463511005374754083,427,1463511005372232480,,1530.0,10.6800003052
1463511005387383088,428,1463511005384191061,,1530.0,10.6800003052
1463511005402681447,429,1463511005400019020,,1530.0,10.6800003052
1463511005413982676,430,1463511005409861908,,1529.0,10.5600004196
1463511005424773157,431,1463511005419953321,,1529.0,10.5600004196
1463511005435283918,432,1463511005430798226,,1529.0,10.5600004196
1463511005460793838,433,1463511005442680197,,1529.0,10.5600004196
1463511005469950470,434,1463511005452916445,,1530.0,10.5600004196
1463511005472182457,435,1463511005465139122,,1530.0,10.5600004196
1463511005511083936,436,1463511005473077866,,1530.0,10.5600004196
1463511005512762210,437,1463511005486798674,,1530.0,10.5600004196
1463511005515912730,438,1463511005494775540,,1530.0,10.6800003052
1463511005516440038,439,1463511005506858123,,1530.0,10.6800003052
1463511005635536035,440,1463511005514525270,,1530.0,10.6800003052
1463511005637073537,441,1463511005528440335,,1530.0,10.5600004196
1463511005637770939,442,1463511005538416391,,1530.0,10.5600004196
1463511005638513546,443,1463511005550874054,,1530.0,10.6800003052
1463511005639221103,444,1463511005561771403,,1530.0,10.6800003052
1463511005641456007,445,1463511005571553670,,1529.0,10.6800003052
1463511005641812285,446,1463511005581376038,,1529.0,10.6800003052
1463511005644216709,447,1463511005593761986,,1530.0,10.6800003052
1463511005646071429,448,1463511005622096511,,1530.0,10.6800003052
1463511005669478052,449,1463511005637539965,,1530.0,10.5600004196
1463511005669864641,450,1463511005646519993,,1530.0,10.5600004196
1463511005670353983,451,1463511005657929756,,1530.0,10.6800003052
1463511005745145787,452,1463511005683145946,,1530.0,10.6800003052
1463511005745187972,453,1463511005696075348,,1531.0,10.6800003052
1463511005745421081,454,1463511005713146037,,1530.0,10.6800003052
1463511005745537948,455,1463511005731464248,,1530.0,10.6800003052
1463511005786033488,456,1463511005746394558,,1529.0,10.5600004196
1463511005786527778,457,1463511005771715845,,1529.0,10.5600004196
1463511005818194008,458,1463511005798696137,,1530.0,10.6800003052
1463511005819477725,459,1463511005816764937,,1530.0,10.6800003052
1463511005856250752,460,1463511005844544133,,1529.0,10.5600004196
1463511005877532307,461,1463511005872594510,,1530.0,10.5600004196
1463511005892374707,462,1463511005888740469,,1530.0,10.5600004196
1463511005920858753,463,1463511005916777305,,1530.0,10.6800003052
1463511005936983567,464,1463511005933155540,,1529.0,10.5600004196
1463511005968892646,465,1463511005958514273,,1530.0,10.5600004196
1463511005992451186,466,1463511005985399779,,1530.0,10.6800003052
1463511006008860356,467,1463511005999264327,,1531.0,10.6800003052
1463511006032396615,468,1463511006026513202,,1530.0,10.6800003052
1463511006054081797,469,1463511006043424220,,1530.0,10.6800003052
1463511006081084492,470,1463511006069706806,,1530.0,10.5600004196
1463511006090372628,471,1463511006086437628,,1530.0,10.5600004196
1463511006126532739,472,1463511006114133975,,1530.0,10.6800003052
1463511006141982707,473,1463511006130064276,,1530.0,10.6800003052
1463511006161862383,474,1463511006157071606,,1529.0,10.5600004196
1463511006180951955,475,1463511006172842283,,1529.0,10.5600004196
1463511006205782970,476,1463511006199824822,,1530.0,10.5600004196
1463511006237774190,477,1463511006227500546,,1530.0,10.6800003052
1463511006247442249,478,1463511006243927429,,1530.0,10.6800003052
1463511006287825101,479,1463511006272157074,,1529.0,10.5600004196
1463511006306384604,480,1463511006288803109,,1529.0,10.5600004196
1463511006337340058,481,1463511006320031566,,1530.0,10.6800003052
1463511006376739590,482,1463511006342785792,,1530.0,10.5600004196
1463511006377116857,483,1463511006366001445,,1530.0,10.6800003052
1463511006438671591,484,1463511006377889410,,1530.0,10.6800003052
1463511006438936001,485,1463511006392001498,,1530.0,10.6800003052
1463511006439462789,486,1463511006412831319,,1530.0,10.6800003052
1463511006439840993,487,1463511006433613123,,1531.0,10.6800003052
1463511006483994325,488,1463511006457555499,,1530.0,10.6800003052
1463511006516608680,489,1463511006500323871,,1530.0,10.5600004196
1463511006545071904,490,1463511006513406809,,1529.0,10.6800003052
1463511006545469846,491,1463511006528320459,,1529.0,10.6800003052
1463511006609432026,492,1463511006540901710,,1530.0,10.6800003052
1463511006609696435,493,1463511006560880390,,1530.0,10.6800003052
1463511006609978396,494,1463511006571987781,,1529.0,10.5600004196
1463511006610477321,495,1463511006597937837,,1530.0,10.5600004196
1463511006643798140,496,1463511006637047024,,1530.0,10.6800003052
1463511006680080847,497,1463511006673243017,,1530.0,10.6800003052
1463511006696224155,498,1463511006685366591,,1530.0,10.6800003052
1463511006710024024,499,1463511006707884113,,1530.0,10.5600004196
1463511006730004683,500,1463511006717478532,,1530.0,10.6800003052
1463511006730500640,501,1463511006727616039,,1530.0,10.6800003052
1463511006797434446,502,1463511006738898991,,1530.0,10.6800003052
1463511006797686513,503,1463511006747848191,,1529.0,10.6800003052
1463511006798154919,504,1463511006764965498,,1529.0,10.6800003052
1463511006798413287,505,1463511006779089825,,1530.0,10.6800003052
1463511006798866955,506,1463511006792140681,,1530.0,10.6800003052
1463511006900193749,507,1463511006800417999,,1530.0,10.6800003052
1463511006900491125,508,1463511006812197377,,1530.0,10.6800003052
1463511006900771419,509,1463511006831289917,,1529.0,10.5600004196
1463511006901364453,510,1463511006861825816,,1530.0,10.6800003052
1463511006901941394,511,1463511006896230730,,1531.0,10.6800003052
1463511006964382737,512,1463511006926802095,,1530.0,10.6800003052
1463511006965195287,513,1463511006958478804,,1530.0,10.5600004196
1463511006994461634,514,1463511006989988649,,1529.0,10.5600004196
1463511007032182849,515,1463511007021956438,,1530.0,10.5600004196
1463511007063625313,516,1463511007052362356,,1530.0,10.6800003052
1463511007093093896,517,1463511007085151189,,1529.0,10.5600004196
1463511007125137571,518,1463511007121456354,,1530.0,10.5600004196
1463511007158959461,519,1463511007153361132,,1530.0,10.6800003052
1463511007191872818,520,1463511007183927247,,1530.0,10.6800003052
1463511007224313185,521,1463511007212868417,,1530.0,10.6800003052
1463511007247019036,522,1463511007242747390,,1530.0,10.6800003052
1463511007275982496,523,1463511007271750431,,1530.0,10.6800003052
1463511007307544535,524,1463511007300765919,,1529.0,10.5600004196
1463511007370777461,525,1463511007327316673,,1529.0,10.5600004196
1463511007371193996,526,1463511007356310444,,1530.0,10.6800003052
1463511007399999081,527,1463511007376701030,,1530.0,10.6800003052
1463511007400635185,528,1463511007387335591,,1529.0,10.5600004196
1463511007445494944,529,1463511007406431575,,1529.0,10.5600004196
1463511007446070375,530,1463511007415509416,,1530.0,10.5600004196
1463511007446449465,531,1463511007441685611,,1529.0,10.5600004196
1463511007477641164,532,1463511007472714248,,1530.0,10.6800003052
1463511007511013657,533,1463511007502809040,,1530.0,10.5600004196
1463511007560770073,534,1463511007534034018,,1529.0,10.5600004196
1463511007581308514,535,1463511007563186737,,1530.0,10.5600004196
1463511007609480255,536,1463511007594343646,,1531.0,10.6800003052
1463511007633294523,537,1463511007624377140,,1530.0,10.6800003052
1463511007657832232,538,1463511007649901973,,1530.0,10.6800003052
1463511007685592751,539,1463511007668894109,,1530.0,10.6800003052
1463511007699847647,540,1463511007694581326,,1529.0,10.6800003052
1463511007739579045,541,1463511007724771268,,1527.0,10.3199996948
1463511007761088828,542,1463511007754975741,,1530.0,10.5600004196
1463511007795013577,543,1463511007787509123,,1529.0,10.5600004196
1463511007833481100,544,1463511007810534275,,1530.0,10.5600004196
1463511007862603664,545,1463511007836167954,,1529.0,10.5600004196
1463511007882516573,546,1463511007866739486,,1530.0,10.5600004196
1463511007903274636,547,1463511007896646217,,1530.0,10.6800003052
1463511007953618565,548,1463511007928846288,,1530.0,10.6800003052
1463511007977065513,549,1463511007959854926,,1530.0,10.5600004196
1463511008028933465,550,1463511007985214769,,1530.0,10.6800003052
1463511008032512137,551,1463511008009268343,,1530.0,10.6800003052
1463511008108660072,552,1463511008040691133,,1529.0,10.5600004196
1463511008109134885,553,1463511008063799778,,1530.0,10.5600004196
1463511008109499080,554,1463511008099579937,,1530.0,10.6800003052
1463511008145934092,555,1463511008113408355,,1530.0,10.6800003052
1463511008146253967,556,1463511008123447959,,1530.0,10.5600004196
1463511008313562031,557,1463511008134169288,,1530.0,10.5600004196
1463511008313721083,558,1463511008143990885,,1530.0,10.6800003052
1463511008313765820,559,1463511008156126394,,1530.0,10.6800003052
1463511008313806025,560,1463511008165533695,,1530.0,10.5600004196
1463511008313842481,561,1463511008181332765,,1530.0,10.5600004196
1463511008313878729,562,1463511008203450641,,1530.0,10.5600004196
1463511008314058300,563,1463511008222768231,,1529.0,10.5600004196
1463511008314171158,564,1463511008256323380,,1529.0,10.5600004196
1463511008314380675,565,1463511008277484339,,1531.0,10.6800003052
1463511008314536498,566,1463511008306278705,,1530.0,10.6800003052
1463511008352213200,567,1463511008337776592,,1530.0,10.6800003052
1463511008373836994,568,1463511008363026243,,1529.0,10.5600004196
1463511008379426732,569,1463511008374895310,,1530.0,10.6800003052
1463511008398390335,570,1463511008380938977,,1530.0,10.6800003052
1463511008429153947,571,1463511008394917646,,1531.0,10.6800003052
1463511008468803957,572,1463511008428404830,,1531.0,10.6800003052
1463511008468858693,573,1463511008447142406,,1530.0,10.5600004196
1463511008468897493,574,1463511008462854243,,1530.0,10.5600004196
1463511008590934457,575,1463511008475086255,,1530.0,10.6800003052
1463511008591343388,576,1463511008501447863,,1530.0,10.5600004196
1463511008591392812,577,1463511008523284820,,1530.0,10.5600004196
1463511008591661961,578,1463511008551798267,,1530.0,10.6800003052
1463511008596469407,579,1463511008575604678,,1530.0,10.6800003052
1463511009085335523,580,1463511008602587705,,1530.0,10.6800003052
1463511009085601808,581,1463511008626636496,,1530.0,10.6800003052
1463511009086206456,582,1463511008647701836,,1529.0,10.6800003052
1463511009086962188,583,1463511008665734980,,1530.0,10.6800003052
1463511009087303416,584,1463511008688122682,,1530.0,10.5600004196
1463511009087703181,585,1463511008710593816,,1529.0,10.5600004196
1463511009088152787,586,1463511008735628219,,1530.0,10.5600004196
1463511009089217979,587,1463511008757526474,,1530.0,10.6800003052
1463511009089630920,588,1463511008778377141,,1530.0,10.6800003052
1463511009090044071,589,1463511008802896891,,1530.0,10.6800003052
1463511009090427900,590,1463511008826386031,,1529.0,10.5600004196
1463511009090722099,591,1463511008848341522,,1529.0,10.5600004196
1463511009090977760,592,1463511008875166434,,1529.0,10.6800003052
1463511009091233524,593,1463511008899707641,,1530.0,10.6800003052
1463511009092995285,594,1463511008919481555,,1529.0,10.5600004196
1463511009093739559,595,1463511008941907953,,1533.0,10.5600004196
1463511009094335458,596,1463511008968862075,,1533.0,10.5600004196
1463511009094630491,597,1463511008992777020,,1534.0,10.6800003052
1463511009094923857,598,1463511009018850268,,1530.0,10.6800003052
1463511009095353256,599,1463511009041564310,,1529.0,10.5600004196
1463511009095835933,600,1463511009069912464,,1530.0,10.5600004196
1463511009535802917,601,1463511009096496932,,1529.0,10.5600004196
1463511009537772997,602,1463511009125585715,,1530.0,10.6800003052
1463511009538453682,603,1463511009148855971,,1530.0,10.6800003052
1463511009538695177,604,1463511009175044787,,1530.0,10.6800003052
1463511009538937557,605,1463511009199205714,,1530.0,10.6800003052
1463511009539174052,606,1463511009223405233,,1530.0,10.6800003052
1463511009539430702,607,1463511009247900253,,1530.0,10.6800003052
1463511009539657614,608,1463511009283350237,,1530.0,10.5600004196
1463511009539887599,609,1463511009312653381,,1529.0,10.5600004196
1463511009540377203,610,1463511009334615389,,1530.0,10.6800003052
1463511009542021210,611,1463511009362159742,,1531.0,10.6800003052
1463511009543130357,612,1463511009385626548,,1530.0,10.6800003052
1463511009543560329,613,1463511009414973804,,1529.0,10.5600004196
1463511009543808594,614,1463511009458035688,,1530.0,10.6800003052
1463511009544056599,615,1463511009465635037,,1531.0,10.6800003052
1463511009544821601,616,1463511009479660322,,1530.0,10.6800003052
1463511009545162777,617,1463511009501399428,,1530.0,10.6800003052
1463511009546047303,618,1463511009512854984,,1530.0,10.6800003052
1463511009548612604,619,1463511009528202110,,1530.0,10.6800003052
1463511009894633569,620,1463511009559035832,,1530.0,10.5600004196
1463511009951189523,621,1463511009592716712,,1531.0,10.8000001907
1463511009951633556,622,1463511009628011706,,1534.0,10.5600004196
1463511009951709697,623,1463511009664714942,,1545.0,10.5600004196
1463511009952013167,624,1463511009682126517,,1600.0,10.6800003052
1463511009952759681,625,1463511009699395549,,1600.0,10.6800003052
1463511009952910452,626,1463511009725952831,,1600.0,10.6800003052
1463511009953244076,627,1463511009755345032,,1600.0,10.6800003052
1463511009953736701,628,1463511009778444362,,1600.0,10.5600004196
1463511009954392231,629,1463511009785957675,,1600.0,10.5600004196
1463511009955077395,630,1463511009795290973,,1600.0,10.5600004196
1463511009955116767,631,1463511009801336673,,1600.0,10.5600004196
1463511009956081860,632,1463511009814138236,,1600.0,10.5600004196
1463511009956269244,633,1463511009833503538,,1600.0,10.5600004196
1463511009956306898,634,1463511009841976632,,1600.0,10.5600004196
1463511009956501729,635,1463511009885209234,,1600.0,10.5600004196
1463511009956817229,636,1463511009898997035,,1600.0,10.6800003052
1463511009957540411,637,1463511009908950501,,1600.0,10.6800003052
1463511009957827163,638,1463511009923694802,,1600.0,10.6800003052
1463511010008888944,639,1463511009933641498,,1600.0,10.6800003052
1463511010010650808,640,1463511009943681522,,1600.0,10.6800003052
1463511010017996637,641,1463511009962214326,,1600.0,10.6800003052
1463511010018461242,642,1463511009972552455,,1600.0,10.5600004196
1463511010018733204,643,1463511010008268515,,1600.0,-1.79999995232
1463511010060296605,644,1463511010047544619,,1600.0,10.6800003052
1463511010086559748,645,1463511010077219103,,1600.0,10.5600004196
1463511010114034166,646,1463511010094159360,,1600.0,10.5600004196
1463511010114464972,647,1463511010110784585,,1600.0,10.6800003052
1463511010147039008,648,1463511010130654861,,1600.0,10.6800003052
1463511010185762385,649,1463511010143357944,,1600.0,10.6800003052
1463511010185810090,650,1463511010158192400,,1600.0,10.1999998093
1463511010199830536,651,1463511010182006951,,1600.0,10.6800003052
1463511010226612135,652,1463511010218438498,,1600.0,10.6800003052
1463511010267742648,653,1463511010262292480,,1600.0,10.6800003052
1463511010292859823,654,1463511010279587922,,1600.0,10.5600004196
1463511010325672490,655,1463511010292411363,,1600.0,10.5600004196
1463511010326103347,656,1463511010307191655,,1600.0,10.5600004196
1463511010358771075,657,1463511010338209698,,1600.0,10.5600004196
1463511010377110668,658,1463511010366533801,,1600.0,10.5600004196
1463511010397634964,659,1463511010391909397,,1600.0,10.6800003052
1463511010421868655,660,1463511010417242496,,1600.0,10.5600004196
1463511010449751484,661,1463511010444506772,,1600.0,10.5600004196
1463511010477459793,662,1463511010472956648,,1600.0,10.6800003052
1463511010507536387,663,1463511010498403333,,1600.0,10.8000001907
1463511010550482095,664,1463511010524248638,,1600.0,10.6800003052
1463511010557925832,665,1463511010549763860,,1600.0,9.96000003815
1463511010579883941,666,1463511010574551526,,1600.0,10.6800003052
1463511010607893481,667,1463511010602754490,,1600.0,10.6800003052
1463511010639498204,668,1463511010628895037,,1600.0,10.5600004196
1463511010662124864,669,1463511010656693236,,1600.0,10.6800003052
1463511010690392252,670,1463511010685582042,,1600.0,10.6800003052
1463511010718162849,671,1463511010713928435,,1600.0,10.6800003052
1463511010743266066,672,1463511010736678472,,1600.0,10.6800003052
1463511010771259566,673,1463511010766113493,,1600.0,10.5600004196
1463511010796633860,674,1463511010793226060,,1600.0,10.6800003052
1463511010825422151,675,1463511010822141531,,1600.0,10.5600004196
1463511010894257120,676,1463511010847525355,,1600.0,10.6800003052
1463511010894752244,677,1463511010872688934,,1600.0,10.6800003052
1463511010922281451,678,1463511010898914995,,1600.0,10.5600004196
1463511010983974798,679,1463511010926844488,,1600.0,9.23999977112
1463511010984434664,680,1463511010949929972,,1600.0,10.5600004196
1463511010984817035,681,1463511010978673371,,1600.0,10.5600004196
1463511011013437632,682,1463511011007199909,,1600.0,10.5600004196
1463511011044439229,683,1463511011033797363,,1600.0,10.6800003052
1463511011079597796,684,1463511011064300240,,1600.0,10.5600004196
1463511011107090972,685,1463511011094074363,,1600.0,11.6400003433
1463511011144744223,686,1463511011123880203,,1600.0,10.5600004196
1463511011163530408,687,1463511011154932108,,1600.0,10.5600004196
1463511011214412493,688,1463511011184989702,,1600.0,10.5600004196
1463511011247394743,689,1463511011214214485,,1600.0,10.5600004196
1463511011247767271,690,1463511011237906239,,1600.0,10.5600004196
1463511011275775361,691,1463511011266637929,,1600.0,10.5600004196
1463511011313099154,692,1463511011294838977,,1600.0,10.5600004196
1463511011329552677,693,1463511011326413348,,1600.0,10.5600004196
1463511011360716606,694,1463511011356502503,,1600.0,10.6800003052
1463511011400247392,695,1463511011392561949,,1600.0,10.6800003052
1463511011439491165,696,1463511011429193287,,1600.0,10.6800003052
1463511011511243572,697,1463511011468685741,,1600.0,10.6800003052
1463511011515059055,698,1463511011503704734,,1600.0,10.5600004196
1463511011602272653,699,1463511011532847908,,1600.0,10.6800003052
1463511011602507377,700,1463511011562316478,,1600.0,10.5600004196
1463511011602725436,701,1463511011592601557,,1600.0,12.0
1463511011728897669,702,1463511011622174599,,1600.0,10.6800003052
1463511011728964905,703,1463511011651788680,,1600.0,10.5600004196
1463511011729096979,704,1463511011681617123,,1600.0,10.6800003052
1463511011731573799,705,1463511011711591805,,1600.0,10.5600004196
1463511011817039437,706,1463511011740859138,,1600.0,10.5600004196
1463511011819861755,707,1463511011768027543,,1600.0,10.6800003052
1463511011820469789,708,1463511011797707141,,1600.0,10.6800003052
1463511011947941886,709,1463511011827160451,,1600.0,10.5600004196
1463511011948235200,710,1463511011854227040,,1600.0,10.5600004196
1463511011952337019,711,1463511011862949395,,1600.0,10.5600004196
1463511011952919117,712,1463511011882708538,,1600.0,10.5600004196
1463511011953218369,713,1463511011892063404,,1600.0,10.5600004196
1463511011953755209,714,1463511011916325017,,1600.0,10.5600004196
1463511011953804112,715,1463511011946748629,,1600.0,10.5600004196
1463511012045648103,716,1463511011975959403,,1600.0,10.6800003052
1463511012046477268,717,1463511012005493073,,1600.0,10.6800003052
1463511012047019161,718,1463511012037698352,,1600.0,10.5600004196
1463511012188300205,719,1463511012067321973,,1600.0,10.6800003052
1463511012188346296,720,1463511012096346623,,1600.0,10.5600004196
1463511012188636850,721,1463511012124340348,,1600.0,10.6800003052
1463511012188884751,722,1463511012152714831,,1600.0,10.5600004196
1463511012189973171,723,1463511012181227378,,1600.0,10.6800003052
1463511012285337889,724,1463511012206354673,,1600.0,10.6800003052
1463511012286062843,725,1463511012233140872,,1600.0,10.6800003052
1463511012286449693,726,1463511012262844696,,1600.0,10.5600004196
1463511012542641337,727,1463511012292459828,,1600.0,10.5600004196
1463511012543175366,728,1463511012322569460,,1600.0,10.6800003052
1463511012543552789,729,1463511012349566531,,1600.0,10.5600004196
1463511012543599245,730,1463511012378943397,,1600.0,10.6800003052
1463511012543886310,731,1463511012409429046,,1600.0,10.5600004196
1463511012543934171,732,1463511012437536411,,1600.0,10.6800003052
1463511012548388521,733,1463511012468523278,,1600.0,10.6800003052
1463511012554078000,734,1463511012489631664,,1600.0,10.5600004196
1463511012554130080,735,1463511012501723128,,1600.0,10.5600004196
1463511012554328817,736,1463511012509960464,,1600.0,9.11999988556
1463511012554467767,737,1463511012532831498,,1600.0,9.11999988556
1463511012769434086,738,1463511012561546584,,1600.0,10.6800003052
1463511012769718443,739,1463511012584269866,,1600.0,10.5600004196
1463511012769968948,740,1463511012605451424,,1600.0,10.6800003052
1463511012770491154,741,1463511012631583707,,1600.0,10.5600004196
1463511012770958155,742,1463511012653405172,,1600.0,10.5600004196
1463511012771433854,743,1463511012673299469,,1600.0,10.6800003052
1463511012771874867,744,1463511012696357366,,1600.0,10.6800003052
1463511012772246979,745,1463511012714801964,,1600.0,10.4399995804
1463511012772754290,746,1463511012737488530,,1600.0,10.5600004196
1463511012773213010,747,1463511012761522198,,1600.0,10.6800003052
1463511013005075799,748,1463511012781930524,,1600.0,10.6800003052
1463511013005333751,749,1463511012804351899,,1600.0,10.6800003052
1463511013005580089,750,1463511012825951452,,1600.0,10.5600004196
1463511013005830021,751,1463511012849815703,,1600.0,10.6800003052
1463511013006082661,752,1463511012875525877,,1600.0,10.6800003052
1463511013006315355,753,1463511012896820501,,1600.0,-3.0
1463511013006560183,754,1463511012923672685,,1600.0,10.5600004196
1463511013006788970,755,1463511012951505328,,1600.0,10.6800003052
1463511013007230035,756,1463511012981301021,,1600.0,10.5600004196
1463511013007584804,757,1463511012996813360,,1600.0,10.6800003052
1463511013690027359,758,1463511013007830414,,1600.0,10.6800003052
1463511013690789602,759,1463511013017977268,,1600.0,10.6800003052
1463511013691110987,760,1463511013027948819,,1600.0,10.6800003052
1463511013691155828,761,1463511013038040102,,1600.0,10.6800003052
1463511013691448830,762,1463511013052992326,,1600.0,10.6800003052
1463511013691500963,763,1463511013071521612,,1600.0,10.6800003052
1463511013691775164,764,1463511013093302306,,1600.0,10.6800003052
1463511013691878959,765,1463511013117030323,,1600.0,10.6800003052
1463511013692229510,766,1463511013140209313,,1600.0,10.5600004196
1463511013692534386,767,1463511013159609950,,1600.0,10.5600004196
1463511013692937017,768,1463511013182098047,,1600.0,10.6800003052
1463511013692993471,769,1463511013203580791,,1600.0,10.6800003052
1463511013693030969,770,1463511013228483004,,1600.0,10.5600004196
1463511013693433704,771,1463511013249827840,,1600.0,10.5600004196
1463511013693473076,772,1463511013269338783,,1600.0,10.5600004196
1463511013693719623,773,1463511013281373744,,1600.0,10.5600004196
1463511013693762016,774,1463511013300933642,,1600.0,13.1999998093
1463511013694120223,775,1463511013322319517,,1600.0,18.8400001526
1463511013694165949,776,1463511013346515682,,1600.0,18.8400001526
1463511013694382706,777,1463511013370792935,,1600.0,27.0
1463511013694450149,778,1463511013391269337,,1600.0,27.0
1463511013694492334,779,1463511013412759580,,1600.0,26.8799991608
1463511013694529571,780,1463511013435983828,,1600.0,26.8799991608
1463511013694814553,781,1463511013460939319,,1600.0,37.9199981689
1463511013695308428,782,1463511013482398262,,1600.0,36.7200012207
1463511013695455242,783,1463511013505321539,,1600.0,36.7200012207
1463511013697089252,784,1463511013529984861,,1600.0,38.2799987793
1463511013697143728,785,1463511013551746546,,1600.0,38.5200004578
1463511013697770250,786,1463511013565917413,,1600.0,38.5200004578
1463511013697823007,787,1463511013582810918,,1600.0,38.5200004578
1463511013697859359,788,1463511013597159065,,1600.0,38.5200004578
1463511013697894148,789,1463511013614626857,,1600.0,38.5200004578
1463511013698122988,790,1463511013629631472,,1600.0,38.5200004578
1463511013698723991,791,1463511013649974654,,1600.0,38.4000015259
1463511013699205836,792,1463511013670009261,,1600.0,38.4000015259
1463511013699418270,793,1463511013690015068,,1600.0,36.7200012207
1463511013910894673,794,1463511013732462828,,1600.0,38.5200004578
1463511013911925441,795,1463511013783631178,,1600.0,38.5200004578
1463511013911974552,796,1463511013835212835,,1600.0,38.4000015259
1463511013912361663,797,1463511013884565103,,1600.0,38.4000015259
1463511013944080108,798,1463511013933021907,,1600.0,38.4000015259
1463511013972219458,799,1463511013966258016,,1600.0,38.4000015259
1463511013995598123,800,1463511013976384922,,1600.0,38.4000015259
1463511013996520720,801,1463511013985856453,,1600.0,38.5200004578
1463511014018407506,802,1463511014010523734,,1600.0,38.5200004578
1463511014034119373,803,1463511014024121154,,1600.0,38.5200004578
1463511014070963753,804,1463511014059952317,,1600.0,38.4000015259
1463511014088578468,805,1463511014085056400,,1600.0,38.5200004578
1463511014148312593,806,1463511014105033465,,1600.0,38.4000015259
1463511014148557317,807,1463511014116300771,,1600.0,38.4000015259
1463511014148764700,808,1463511014125503624,,1600.0,38.5200004578
1463511014149402628,809,1463511014132364335,,1600.0,38.5200004578
1463511014149450073,810,1463511014138584877,,1600.0,38.5200004578
1463511014221277388,811,1463511014152830431,,1600.0,38.5200004578
1463511014221823968,812,1463511014170762262,,1600.0,38.4000015259
1463511014221937815,813,1463511014197070227,,1600.0,38.5200004578
1463511014222272533,814,1463511014207398217,,1600.0,38.4000015259
1463511014250808795,815,1463511014238146526,,1600.0,38.4000015259
1463511014314371114,816,1463511014262557893,,1600.0,38.4000015259
1463511014314653804,817,1463511014276549609,,1600.0,38.5200004578
1463511014315434171,818,1463511014295268472,,1600.0,38.5200004578
1463511014345927704,819,1463511014315872842,,1600.0,38.4000015259
1463511014377764694,820,1463511014344427383,,1600.0,38.5200004578
1463511014377816618,821,1463511014367063446,,1600.0,38.4000015259
1463511014429126277,822,1463511014399703093,,1600.0,38.4000015259
1463511014438040138,823,1463511014433599222,,1600.0,38.0400009155
1463511014469505120,824,1463511014464313210,,1600.0,38.8800010681
1463511014493085654,825,1463511014486378632,,1600.0,38.4000015259
1463511014512569470,826,1463511014509242962,,1600.0,38.5200004578
1463511014536295828,827,1463511014532524036,,1600.0,38.4000015259
1463511014569632930,828,1463511014554944540,,1600.0,37.4399986267
1463511014580974919,829,1463511014577250520,,1600.0,38.5200004578
1463511014606977122,830,1463511014602989615,,1600.0,38.4000015259
1463511014635572026,831,1463511014616660570,,1600.0,38.4000015259
1463511014649037369,832,1463511014626790656,,1600.0,38.4000015259
1463511014649401356,833,1463511014635370320,,1600.0,38.4000015259
1463511014649868306,834,1463511014642584653,,1600.0,38.5200004578
1463511014691000486,835,1463511014658945959,,1600.0,38.5200004578
1463511014692304466,836,1463511014673193179,,1600.0,38.4000015259
1463511014692723137,837,1463511014684708542,,1600.0,38.5200004578
1463511014727745497,838,1463511014697518822,,1600.0,38.5200004578
1463511014730573755,839,1463511014719912193,,1600.0,38.5200004578
1463511014751273483,840,1463511014739165762,,1600.0,38.5200004578
1463511014856556799,841,1463511014765710639,,1600.0,38.1599998474
1463511014856607525,842,1463511014784370861,,1600.0,38.1599998474
1463511014856644242,843,1463511014804180541,,1600.0,27.1200008392
1463511014856685593,844,1463511014819465560,,1600.0,27.1200008392
1463511014868978667,845,1463511014833315723,,1600.0,27.0
1463511014873255739,846,1463511014842839337,,1600.0,25.6800003052
1463511014873410782,847,1463511014851596437,,1600.0,25.6800003052
1463511014873463382,848,1463511014860625343,,1600.0,27.0
1463511014998511330,849,1463511014879032612,,1600.0,27.0
1463511014998641998,850,1463511014912331905,,1600.0,13.9200000763
1463511015000069824,851,1463511014949824264,,1600.0,10.6800003052
1463511015004613234,852,1463511014984943024,,1600.0,10.6800003052
1463511015042070400,853,1463511015025561859,,1600.0,10.6800003052
1463511015108695150,854,1463511015061709628,,1600.0,10.6800003052
1463511015108744730,855,1463511015082596226,,1600.0,10.6800003052
1463511015159693856,856,1463511015110630340,,1600.0,10.5600004196
1463511015160638796,857,1463511015135086712,,1600.0,10.6800003052
1463511015235403293,858,1463511015163839688,,1600.0,10.5600004196
1463511015236332765,859,1463511015194403903,,1600.0,10.5600004196
1463511015236410677,860,1463511015223998076,,1600.0,10.6800003052
1463511015293101628,861,1463511015252807089,,1600.0,11.8800001144
1463511015296190547,862,1463511015283191629,,1600.0,10.6800003052
1463511015555497450,863,1463511015309841924,,1600.0,10.6800003052
1463511015568755050,864,1463511015333255133,,1600.0,10.0799999237
1463511015569080967,865,1463511015362275592,,1600.0,10.6800003052
1463511015569377407,866,1463511015384868488,,1600.0,10.5600004196
1463511015569795453,867,1463511015410979495,,1600.0,10.5600004196
1463511015570345158,868,1463511015434178446,,1600.0,10.6800003052
1463511015570812681,869,1463511015456862638,,1600.0,10.6800003052
1463511015571120057,870,1463511015482475083,,1600.0,10.5600004196
1463511015571559508,871,1463511015505966933,,1600.0,10.5600004196
1463511015572199989,872,1463511015531186173,,1600.0,10.6800003052
1463511015572639336,873,1463511015554158524,,1600.0,10.9200000763
1463511016130046461,874,1463511015576589868,,1600.0,10.6800003052
1463511016134583572,875,1463511015601825357,,1600.0,10.6800003052
1463511016134944591,876,1463511015624667144,,1600.0,10.6800003052
1463511016135443779,877,1463511015647132287,,1600.0,10.6800003052
1463511016135800319,878,1463511015672412253,,1600.0,10.5600004196
1463511016136086759,879,1463511015695970453,,1600.0,10.6800003052
1463511016136350544,880,1463511015718307740,,1600.0,10.5600004196
1463511016136656411,881,1463511015743088726,,1600.0,10.5600004196
1463511016136978109,882,1463511015765697403,,1600.0,10.9200000763
1463511016137246061,883,1463511015788695117,,1600.0,10.6800003052
1463511016137488181,884,1463511015815179746,,1600.0,10.6800003052
1463511016137753321,885,1463511015837595309,,1600.0,10.6800003052
1463511016138013200,886,1463511015860000144,,1600.0,10.5600004196
1463511016138387344,887,1463511015885323701,,1600.0,10.6800003052
1463511016138744509,888,1463511015908496091,,1600.0,10.5600004196
1463511016139033657,889,1463511015931916748,,1600.0,10.6800003052
1463511016139319681,890,1463511015956773667,,1600.0,10.6800003052
1463511016139627214,891,1463511015979380989,,1600.0,10.6800003052
1463511016142626713,892,1463511016002836435,,1600.0,10.5600004196
1463511016145374300,893,1463511016028759545,,1600.0,12.0
1463511016152986426,894,1463511016052212290,,1600.0,10.5600004196
1463511016156099668,895,1463511016077356544,,1600.0,10.5600004196
1463511016156953885,896,1463511016101683608,,1600.0,10.6800003052
1463511016157372192,897,1463511016127957530,,1600.0,10.5600004196
1463511016157713889,898,1463511016150059839,,1600.0,10.5600004196
1463511017902179338,899,1463511016172883509,,1600.0,10.6800003052
1463511017902231522,900,1463511016198071718,,1600.0,10.6800003052
1463511017902270009,901,1463511016222219784,,1600.0,10.6800003052
1463511017902331099,902,1463511016244470469,,1600.0,9.96000003815
1463511017902412292,903,1463511016269511499,,1600.0,10.5600004196
1463511017902471819,904,1463511016292875968,,1600.0,10.6800003052
1463511017902505828,905,1463511016316553751,,1600.0,10.6800003052
1463511017902541242,906,1463511016342977976,,1600.0,10.6800003052
1463511017902576084,907,1463511016365711860,,1600.0,10.6800003052
1463511017902608946,908,1463511016391811886,,1600.0,10.5600004196
1463511017902653214,909,1463511016416204624,,1600.0,10.6800003052
1463511017902687483,910,1463511016441866449,,1600.0,10.5600004196
1463511017902724043,911,1463511016464135049,,1600.0,10.5600004196
1463511017902761332,912,1463511016489258575,,1600.0,10.5600004196
1463511017902794299,913,1463511016513272743,,1600.0,10.6800003052
1463511017902828776,914,1463511016533564384,,1600.0,9.96000003815
1463511017902864711,915,1463511016555439520,,1600.0,10.5600004196
1463511017902900282,916,1463511016581076398,,1600.0,10.5600004196
1463511017902942988,917,1463511016604925056,,1600.0,10.6800003052
1463511017902979444,918,1463511016628288848,,1600.0,10.8000001907
1463511017903015119,919,1463511016653498305,,1600.0,10.6800003052
1463511017903089749,920,1463511016675225013,,1600.0,10.6800003052
1463511017903159901,921,1463511016697822030,,1600.0,10.6800003052
1463511017903201774,922,1463511016722719111,,1600.0,3.83999991417
1463511017903238907,923,1463511016744114173,,1600.0,10.5600004196
1463511017922774039,924,1463511016766003631,,1600.0,10.6800003052
1463511017922956372,925,1463511016787899547,,1600.0,10.6800003052
1463511017923640183,926,1463511016813406746,,1600.0,10.5600004196
1463511017924183326,927,1463511016834886177,,1600.0,10.8000001907
1463511017924656109,928,1463511016864302349,,1600.0,10.6800003052
1463511017925093790,929,1463511016890596843,,1600.0,10.6800003052
1463511017926808423,930,1463511016920240188,,1600.0,10.6800003052
1463511017929531846,931,1463511016946556972,,1600.0,10.6800003052
1463511017932283653,932,1463511016969373350,,1600.0,10.6800003052
1463511017933254374,933,1463511016992609911,,1600.0,10.5600004196
1463511017934249051,934,1463511017018552244,,1600.0,8.88000011444
1463511017934372429,935,1463511017040411763,,1600.0,10.6800003052
1463511017935002129,936,1463511017062880931,,1600.0,10.5600004196
1463511017935640527,937,1463511017089016224,,1600.0,10.5600004196
1463511017935718074,938,1463511017118592031,,1600.0,10.6800003052
1463511017935755207,939,1463511017150847566,,1600.0,10.5600004196
1463511017935792809,940,1463511017176961662,,1600.0,10.6800003052
1463511017935835566,941,1463511017203354231,,1600.0,10.6800003052
1463511017935872960,942,1463511017229753934,,1600.0,12.1199998856
1463511017935911916,943,1463511017255186771,,1600.0,10.6800003052
1463511017935949518,944,1463511017277421631,,1600.0,10.6800003052
1463511017936008733,945,1463511017301102754,,1600.0,10.6800003052
1463511017936047324,946,1463511017325811678,,1600.0,10.4399995804
1463511017936084822,947,1463511017352685414,,1600.0,10.5600004196
1463511017936126382,948,1463511017377497509,,1600.0,10.6800003052
1463511017936165546,949,1463511017403847528,,1600.0,10.5600004196
1463511017936203721,950,1463511017424152977,,1600.0,10.5600004196
1463511017936248614,951,1463511017444538838,,1600.0,10.6800003052
1463511017936289705,952,1463511017465258428,,1600.0,10.6800003052
1463511017936326057,953,1463511017491685057,,1600.0,10.6800003052
1463511017936364023,954,1463511017514880221,,1600.0,10.6800003052
1463511017936399437,955,1463511017542966590,,1600.0,10.6800003052
1463511017936435321,956,1463511017566208782,,1600.0,10.5600004196
1463511017936473183,957,1463511017592150754,,1600.0,10.6800003052
1463511017936510212,958,1463511017613339950,,1600.0,12.6000003815
1463511017936546199,959,1463511017636148576,,1600.0,10.5600004196
1463511017936588332,960,1463511017661354291,,1600.0,10.3199996948
1463511017936676503,961,1463511017683911214,,1600.0,10.6800003052
1463511017936913989,962,1463511017706652657,,1600.0,10.6800003052
1463511017936968464,963,1463511017732380215,,1600.0,10.6800003052
1463511017937008462,964,1463511017755240556,,1600.0,10.5600004196
1463511017937043876,965,1463511017778143708,,1600.0,10.6800003052
1463511017949313213,966,1463511017802745294,,1600.0,10.5600004196
1463511017949685534,967,1463511017826374911,,1600.0,19.7999992371
1463511017953377907,968,1463511017848812935,,1600.0,10.6800003052
1463511017953461444,969,1463511017874328527,,1600.0,10.5600004196
1463511017953532845,970,1463511017889478413,,1600.0,10.6800003052
1463511019847068316,971,1463511017903695493,,1600.0,10.5600004196
1463511019855281402,972,1463511017923455091,,1600.0,10.6800003052
1463511019856017189,973,1463511017939904427,,1600.0,10.6800003052
1463511019856299464,974,1463511017952769924,,1600.0,10.5600004196
1463511019856563979,975,1463511017967961631,,1600.0,10.5600004196
1463511019856811151,976,1463511017980972848,,1600.0,10.6800003052
1463511019857179930,977,1463511017995274402,,1600.0,10.6800003052
1463511019864665300,978,1463511018017960332,,1600.0,10.6800003052
1463511019865398119,979,1463511018041436580,,1600.0,10.6800003052
1463511019865661592,980,1463511018066139575,,1600.0,10.6800003052
1463511019865930430,981,1463511018088862588,,1600.0,10.5600004196
1463511019866186039,982,1463511018112865991,,1600.0,11.0399999619
1463511019866436024,983,1463511018138214986,,1600.0,11.0399999619
1463511019866713767,984,1463511018159382368,,1600.0,10.5600004196
1463511019866981719,985,1463511018182515928,,1600.0,12.6000003815
1463511019875452341,986,1463511018207392193,,1600.0,12.6000003815
1463511019876028972,987,1463511018230943593,,1600.0,12.4799995422
1463511019876310829,988,1463511018253688636,,1600.0,17.2800006866
1463511019876564459,989,1463511018278459230,,1600.0,18.1200008392
1463511019876810069,990,1463511018300066584,,1600.0,18.1200008392
1463511019877088802,991,1463511018322532530,,1600.0,19.4400005341
1463511019877355348,992,1463511018350730724,,1600.0,19.4400005341
1463511019884783326,993,1463511018380789687,,1600.0,23.6399993896
1463511019885633429,994,1463511018401637088,,1600.0,27.1200008392
1463511019885915651,995,1463511018424102826,,1600.0,30.6000003815
1463511019886154074,996,1463511018450463425,,1600.0,31.3199996948
1463511019886400934,997,1463511018472437735,,1600.0,36.4799995422
1463511019886648523,998,1463511018492945106,,1600.0,37.4399986267
1463511019886915121,999,1463511018514990244,,1600.0,38.0400009155
1463511019887210155,1000,1463511018539860885,,1600.0,38.0400009155
1463511019895840089,1001,1463511018555088375,,1600.0,38.0400009155
1463511019896146789,1002,1463511018564936721,,1600.0,38.0400009155
1463511019896397190,1003,1463511018581331013,,1600.0,38.0400009155
1463511019896672850,1004,1463511018601120615,,1600.0,38.0400009155
1463511019897048764,1005,1463511018625059595,,1600.0,38.1599998474
1463511019897327757,1006,1463511018647725216,,1600.0,38.1599998474
1463511019897586075,1007,1463511018671834966,,1600.0,38.2799987793
1463511019905416736,1008,1463511018693090779,,1600.0,38.4000015259
1463511019906062217,1009,1463511018715133731,,1600.0,38.4000015259
1463511019906332929,1010,1463511018736637237,,1600.0,38.4000015259
1463511019906591507,1011,1463511018762799203,,1600.0,38.5200004578
1463511019906865240,1012,1463511018783974917,,1600.0,38.5200004578
1463511019907168659,1013,1463511018805733250,,1600.0,38.5200004578
1463511019916604221,1014,1463511018828539852,,1600.0,38.4000015259
1463511019917192622,1015,1463511018852748919,,1600.0,38.5200004578
1463511019917443127,1016,1463511018873694387,,1600.0,38.5200004578
1463511019917708631,1017,1463511018896023258,,1600.0,38.5200004578
1463511019918003717,1018,1463511018917913876,,1600.0,29.5200004578
1463511019923901894,1019,1463511018947171222,,1600.0,38.5200004578
1463511019924203958,1020,1463511018972571725,,1600.0,38.0400009155
1463511019924487691,1021,1463511018999219911,,1600.0,37.9199981689
1463511019924743404,1022,1463511019025702646,,1600.0,38.0400009155
1463511019924999534,1023,1463511019053911421,,1600.0,29.8799991608
1463511019925243634,1024,1463511019081163588,,1600.0,29.8799991608
1463511019932301322,1025,1463511019107881101,,1600.0,15.3599996567
1463511019934191882,1026,1463511019135921501,,1600.0,11.0399999619
1463511019934521914,1027,1463511019162541312,,1600.0,10.6800003052
1463511019934776481,1028,1463511019191115168,,1600.0,10.5600004196
1463511019935037923,1029,1463511019218946206,,1600.0,10.5600004196
1463511019935284054,1030,1463511019243055391,,1600.0,10.6800003052
1463511019935539246,1031,1463511019271607217,,1600.0,10.6800003052
1463511019935794022,1032,1463511019296120752,,1600.0,10.6800003052
1463511019956966983,1033,1463511019324338484,,1600.0,10.5600004196
1463511019961755853,1034,1463511019357150724,,1600.0,10.6800003052
1463511019964103260,1035,1463511019382492437,,1600.0,10.6800003052
1463511019964152840,1036,1463511019408166837,,1600.0,10.6800003052
1463511019964194608,1037,1463511019437790993,,1600.0,12.6000003815
1463511019964237210,1038,1463511019473549092,,1600.0,19.6800003052
1463511019964273405,1039,1463511019503016748,,1600.0,29.7600002289
1463511019964313611,1040,1463511019527989108,,1600.0,38.2799987793
1463511019964349026,1041,1463511019548806413,,1600.0,38.2799987793
1463511019964383503,1042,1463511019568369005,,1600.0,38.5200004578
1463511019964417459,1043,1463511019584362181,,1600.0,38.5200004578
1463511019964458498,1044,1463511019604171424,,1600.0,38.4000015259
1463511019964494381,1045,1463511019626789034,,1600.0,38.4000015259
1463511019964530785,1046,1463511019646519948,,1600.0,38.4000015259
1463511019964567033,1047,1463511019674245264,,1600.0,38.5200004578
1463511019964601614,1048,1463511019694589681,,1600.0,38.5200004578
1463511019964637289,1049,1463511019718972755,,1600.0,38.4000015259
1463511019964672860,1050,1463511019741841600,,1600.0,38.4000015259
1463511019964707962,1051,1463511019764576599,,1600.0,38.5200004578
1463511019964747074,1052,1463511019785276516,,1600.0,38.5200004578
1463511019964780301,1053,1463511019806916583,,1600.0,38.4000015259
1463511019964814882,1054,1463511019828840799,,1600.0,38.4000015259
1463511019964849203,1055,1463511019841577667,,1600.0,38.5200004578
1463511019964884045,1056,1463511019853435735,,1600.0,38.5200004578
1463511019964920188,1057,1463511019863587554,,1600.0,38.5200004578
1463511019964968258,1058,1463511019873876605,,1600.0,38.5200004578
1463511019965002683,1059,1463511019883790470,,1600.0,38.5200004578
1463511019965036379,1060,1463511019894009994,,1600.0,38.4000015259
1463511019965071950,1061,1463511019905475639,,1600.0,38.4000015259
1463511019965115176,1062,1463511019918660187,,1600.0,38.5200004578
1463511019965227096,1063,1463511019928958195,,1600.0,38.5200004578
1463511021783111158,1064,1463511019938894403,,1600.0,38.4000015259
1463511021783364892,1065,1463511019965016068,,1600.0,38.4000015259
1463511021783600138,1066,1463511019986713214,,1600.0,38.4000015259
1463511021783837259,1067,1463511020008543946,,1600.0,38.4000015259
1463511021784087400,1068,1463511020030503950,,1600.0,38.4000015259
1463511021784332124,1069,1463511020051679938,,1600.0,38.4000015259
1463511021784581328,1070,1463511020071787866,,1600.0,38.4000015259
1463511021784843708,1071,1463511020095463283,,1600.0,38.4000015259
1463511021790984894,1072,1463511020106373809,,1600.0,38.4000015259
1463511021791360392,1073,1463511020122305380,,1600.0,38.4000015259
1463511021791640166,1074,1463511020139000342,,1600.0,38.5200004578
1463511021791929576,1075,1463511020162989333,,1600.0,38.5200004578
1463511021792221433,1076,1463511020195262710,,1600.0,38.5200004578
1463511021792524331,1077,1463511020222255631,,1600.0,38.5200004578
1463511021792820250,1078,1463511020251185829,,1600.0,38.5200004578
1463511021793094035,1079,1463511020276772482,,1600.0,38.4000015259
1463511021793351676,1080,1463511020303774257,,1600.0,38.5200004578
1463511021793586818,1081,1463511020330657341,,1600.0,38.4000015259
1463511021793831438,1082,1463511020363371159,,1600.0,38.4000015259
1463511021794110015,1083,1463511020400256336,,1600.0,38.0400009155
1463511021794402601,1084,1463511020429151483,,1600.0,31.5599994659
1463511021794697791,1085,1463511020456923679,,1600.0,31.2000007629
1463511021794986367,1086,1463511020482944889,,1600.0,6.11999988556
1463511021795278850,1087,1463511020507711073,,1600.0,14.0399999619
1463511021795549198,1088,1463511020532704221,,1600.0,11.0399999619
1463511021795822931,1089,1463511020556683161,,1600.0,11.0399999619
1463511021796117444,1090,1463511020583454689,,1600.0,11.1599998474
1463511021796409926,1091,1463511020605256472,,1600.0,11.1599998474
1463511021796702877,1092,1463511020631350177,,1600.0,10.9200000763
1463511021796991505,1093,1463511020654474430,,1600.0,11.0399999619
1463511021797300184,1094,1463511020679793861,,1600.0,11.1599998474
1463511021797561522,1095,1463511020706643145,,1600.0,10.6800003052
1463511021797811611,1096,1463511020732690655,,1600.0,10.8000001907
1463511021798055606,1097,1463511020756101557,,1600.0,13.5600004196
1463511021798306581,1098,1463511020781240165,,1600.0,13.5600004196
1463511021798570887,1099,1463511020811316750,,1600.0,13.5600004196
1463511021798825351,1100,1463511020840991485,,1600.0,13.4399995804
1463511021799073357,1101,1463511020873896126,,1600.0,13.5600004196
1463511021805289486,1102,1463511020902003457,,1600.0,37.5600013733
1463511021805632434,1103,1463511020927266589,,1600.0,37.5600013733
1463511021805947571,1104,1463511020952612164,,1600.0,37.4399986267
1463511021806232605,1105,1463511020979065066,,1600.0,37.5600013733
1463511021806555919,1106,1463511021006878665,,1600.0,38.2799987793
1463511021806850120,1107,1463511021033562917,,1600.0,38.2799987793
1463511021807137133,1108,1463511021060538088,,1600.0,38.2799987793
1463511021807424147,1109,1463511021087448314,,1600.0,38.2799987793
1463511021807719702,1110,1463511021111957229,,1600.0,38.4000015259
1463511021808008955,1111,1463511021136489944,,1600.0,38.4000015259
1463511021808280553,1112,1463511021162583918,,1600.0,38.5200004578
1463511021808559338,1113,1463511021189327228,,1600.0,38.0400009155
1463511021808813229,1114,1463511021212785842,,1600.0,38.4000015259
1463511021809088160,1115,1463511021238065231,,1600.0,38.4000015259
1463511021809363247,1116,1463511021260476201,,1600.0,36.9599990845
1463511021809678332,1117,1463511021282957012,,1600.0,38.4000015259
1463511021809988886,1118,1463511021309691467,,1600.0,38.4000015259
1463511021810594994,1119,1463511021335894028,,1600.0,38.5200004578
1463511021810900080,1120,1463511021369987044,,1600.0,38.5200004578
1463511021811155273,1121,1463511021399686995,,1600.0,38.4000015259
1463511021811411559,1122,1463511021428840156,,1600.0,38.5200004578
1463511021811680188,1123,1463511021457405125,,1600.0,39.5999984741
1463511021811945016,1124,1463511021484876202,,1600.0,38.4000015259
1463511021812190522,1125,1463511021512470501,,1600.0,38.5200004578
1463511021812436444,1126,1463511021538088827,,1600.0,38.5200004578
1463511021818511697,1127,1463511021563631533,,1600.0,38.7599983215
1463511021818877664,1128,1463511021588833947,,1600.0,38.4000015259
1463511021819164573,1129,1463511021615802138,,1600.0,38.4000015259
1463511021819431588,1130,1463511021645062272,,1600.0,38.5200004578
1463511021819719956,1131,1463511021670739762,,1600.0,38.5200004578
1463511021820009365,1132,1463511021700415652,,1600.0,38.5200004578
1463511021820652868,1133,1463511021731114344,,1600.0,38.5200004578
1463511021820952693,1134,1463511021761086934,,1600.0,39.9599990845
1463511021821372407,1135,1463511021790722462,,1600.0,38.4000015259
1463511023338683239,1136,1463511021818674291,,1600.0,38.5200004578
1463511023338720164,1137,1463511021847627882,,1600.0,38.5200004578
1463511023338755058,1138,1463511021877172113,,1600.0,38.0400009155
1463511023338790681,1139,1463511021903891257,,1600.0,38.4000015259
1463511023341814925,1140,1463511021934682495,,1600.0,38.4000015259
1463511023342004757,1141,1463511021965056259,,1600.0,40.0800018311
1463511023342055170,1142,1463511021995796355,,1600.0,38.4000015259
1463511023342096835,1143,1463511022024518977,,1600.0,38.4000015259
1463511023342137249,1144,1463511022054332993,,1600.0,39.8400001526
1463511023342174799,1145,1463511022084080815,,1600.0,38.5200004578
1463511023342214848,1146,1463511022115901636,,1600.0,38.5200004578
1463511023342263179,1147,1463511022144771959,,1600.0,38.4000015259
1463511023345475900,1148,1463511022174830179,,1600.0,38.4000015259
1463511023345650421,1149,1463511022204459831,,1600.0,38.5200004578
1463511023345702085,1150,1463511022232132988,,1600.0,38.5200004578
1463511023345740364,1151,1463511022266583804,,1600.0,38.4000015259
1463511023345920144,1152,1463511022296747330,,1600.0,38.4000015259
1463511023345974204,1153,1463511022325560417,,1600.0,38.5200004578
1463511023346011962,1154,1463511022359254613,,1600.0,38.5200004578
1463511023346092530,1155,1463511022391494783,,1600.0,38.5200004578
1463511023346131173,1156,1463511022420516504,,1600.0,38.5200004578
1463511023346172212,1157,1463511022451247807,,1600.0,38.4000015259
1463511023346208929,1158,1463511022480898708,,1600.0,38.4000015259
1463511023346252780,1159,1463511022510743295,,1600.0,38.5200004578
1463511023346324547,1160,1463511022542683639,,1600.0,38.4000015259
1463511023346361992,1161,1463511022572680665,,1600.0,38.0400009155
1463511023346397824,1162,1463511022603688046,,1600.0,38.5200004578
1463511023346474225,1163,1463511022633733089,,1600.0,38.4000015259
1463511023346590208,1164,1463511022663598508,,1600.0,38.4000015259
1463511023346722023,1165,1463511022694488864,,1600.0,40.0800018311
1463511023346769572,1166,1463511022725064032,,1600.0,38.5200004578
1463511023346815507,1167,1463511022757058852,,1600.0,38.5200004578
1463511023346869618,1168,1463511022790908039,,1600.0,38.4000015259
1463511023346925188,1169,1463511022819538168,,1600.0,38.4000015259
1463511023348139801,1170,1463511022852486108,,1600.0,38.5200004578
1463511023348200631,1171,1463511022883503227,,1600.0,38.4000015259
1463511023348238181,1172,1463511022912635462,,1600.0,38.4000015259
1463511023348272345,1173,1463511022943859652,,1600.0,38.4000015259
1463511023348308541,1174,1463511022974564812,,1600.0,38.4000015259
1463511023348354267,1175,1463511023004661102,,1600.0,38.4000015259
1463511023348393380,1176,1463511023034490491,,1600.0,38.5200004578
1463511023348505665,1177,1463511023064952811,,1600.0,38.4000015259
1463511023350628765,1178,1463511023095430493,,1600.0,38.5200004578
1463511023354019653,1179,1463511023124847407,,1600.0,38.4000015259
1463511023354279273,1180,1463511023155557315,,1600.0,38.5200004578
1463511023354330415,1181,1463511023185013758,,1600.0,38.5200004578
1463511023355684188,1182,1463511023212185391,,1600.0,38.5200004578
1463511023355727779,1183,1463511023241206756,,1600.0,38.4000015259
1463511023355832720,1184,1463511023269072774,,1600.0,38.0400009155
1463511023355881623,1185,1463511023298834094,,1600.0,38.0400009155
1463511023355918392,1186,1463511023329717690,,1600.0,38.0400009155
1463511024329537046,1187,1463511023360201205,,1600.0,37.4399986267
1463511024335010361,1188,1463511023391400771,,1600.0,38.0400009155
1463511024335402473,1189,1463511023422437691,,1600.0,38.0400009155
1463511024335772607,1190,1463511023432854924,,1600.0,38.0400009155
1463511024336180186,1191,1463511023442347577,,1600.0,38.0400009155
1463511024336468346,1192,1463511023458129484,,1600.0,40.0800018311
1463511024337020813,1193,1463511023469074654,,1600.0,40.0800018311
1463511024337071956,1194,1463511023483059535,,1600.0,38.0400009155
1463511024337102318,1195,1463511023493863671,,1600.0,38.0400009155
1463511024337514481,1196,1463511023503821140,,1600.0,38.2799987793
1463511024337865918,1197,1463511023512996573,,1600.0,38.2799987793
1463511024338131371,1198,1463511023528374495,,1600.0,38.1599998474
1463511024339334007,1199,1463511023540290959,,1600.0,38.1599998474
1463511024340299261,1200,1463511023552808065,,1600.0,38.4000015259
1463511024340868341,1201,1463511023564028426,,1600.0,38.4000015259
1463511024341274514,1202,1463511023577616664,,1600.0,38.6399993896
1463511024341326022,1203,1463511023590852060,,1600.0,38.6399993896
1463511024344232461,1204,1463511023613225703,,1600.0,38.5200004578
1463511024344659310,1205,1463511023624881975,,1600.0,38.5200004578
1463511024345280939,1206,1463511023637248360,,1600.0,38.5200004578
1463511024345633783,1207,1463511023646908087,,1600.0,38.5200004578
1463511024345931942,1208,1463511023656912636,,1600.0,38.5200004578
1463511024346242392,1209,1463511023666375552,,1600.0,38.5200004578
1463511024346537061,1210,1463511023676183030,,1600.0,38.5200004578
1463511024346838918,1211,1463511023683326607,,1600.0,38.4000015259
1463511024347184835,1212,1463511023691928012,,1600.0,38.4000015259
1463511024347242019,1213,1463511023706958819,,1600.0,38.4000015259
1463511024347568614,1214,1463511023715953847,,1600.0,38.4000015259
1463511024348061344,1215,1463511023729438654,,1600.0,38.4000015259
1463511024348118476,1216,1463511023742268709,,1600.0,38.4000015259
1463511024348539024,1217,1463511023759015245,,1600.0,38.5200004578
1463511024348823226,1218,1463511023778057580,,1600.0,39.1199989319
1463511024349121281,1219,1463511023797797945,,1600.0,38.4000015259
1463511024349418763,1220,1463511023816712840,,1600.0,38.4000015259
1463511024349738795,1221,1463511023834373175,,1600.0,38.5200004578
1463511024350075858,1222,1463511023856610368,,1600.0,38.5200004578
1463511024350533122,1223,1463511023886799214,,1600.0,38.5200004578
1463511024350582963,1224,1463511023903079633,,1600.0,38.0400009155
1463511024351986576,1225,1463511023919610245,,1600.0,38.5200004578
1463511024352380511,1226,1463511023938265884,,1600.0,38.5200004578
1463511024352637735,1227,1463511023954095913,,1600.0,38.4000015259
1463511024352890897,1228,1463511023965757602,,1600.0,38.4000015259
1463511024353259781,1229,1463511023979128562,,1600.0,38.4000015259
1463511024353552784,1230,1463511023991271940,,1600.0,38.4000015259
1463511024353917814,1231,1463511024004186209,,1600.0,38.5200004578
1463511024354193370,1232,1463511024017704404,,1600.0,38.5200004578
1463511024354520955,1233,1463511024027539332,,1600.0,38.5200004578
1463511024356162783,1234,1463511024047669836,,1600.0,38.5200004578
1463511024356221581,1235,1463511024059459489,,1600.0,38.5200004578
1463511024356527396,1236,1463511024070834636,,1600.0,38.5200004578
1463511024357657901,1237,1463511024080795649,,1600.0,38.4000015259
1463511024357976684,1238,1463511024090445119,,1600.0,38.4000015259
1463511024358263021,1239,1463511024101808079,,1600.0,38.5200004578
1463511024358583626,1240,1463511024120723240,,1600.0,38.4000015259
1463511024358840329,1241,1463511024139368365,,1600.0,38.4000015259
1463511024359146561,1242,1463511024160186223,,1600.0,38.4000015259
1463511024360580745,1243,1463511024182099276,,1600.0,38.5200004578
1463511024361577612,1244,1463511024197112224,,1600.0,38.4000015259
1463511024361639640,1245,1463511024215396694,,1600.0,38.5200004578
1463511024361832545,1246,1463511024231512440,,1600.0,38.4000015259
1463511024362191273,1247,1463511024253108533,,1600.0,38.4000015259
1463511024362250853,1248,1463511024272806615,,1600.0,38.4000015259
1463511024362304547,1249,1463511024277334727,,1600.0,38.5200004578
1463511024362359857,1250,1463511024298246642,,1600.0,38.5200004578
1463511024362670775,1251,1463511024341044945,,1600.0,38.5200004578
1463511024957823404,1252,1463511024375626712,,1600.0,38.5200004578
1463511024958099168,1253,1463511024417307010,,1600.0,38.5200004578
1463511024958380297,1254,1463511024426462863,,1600.0,38.4000015259
1463511024958655801,1255,1463511024436572514,,1600.0,38.5200004578
1463511024958972449,1256,1463511024453132608,,1600.0,38.4000015259
1463511024959267015,1257,1463511024464521348,,1600.0,38.4000015259
1463511024959563872,1258,1463511024499013381,,1600.0,38.0400009155
1463511024959845573,1259,1463511024517820528,,1600.0,38.0400009155
1463511024960382104,1260,1463511024535523366,,1600.0,38.0400009155
1463511024960698751,1261,1463511024587732924,,1600.0,37.9199981689
1463511024961918677,1262,1463511024653912055,,1600.0,38.1599998474
1463511024964248224,1263,1463511024708507042,,1600.0,10.6800003052
1463511024964566955,1264,1463511024729125433,,1600.0,10.6800003052
1463511024964870062,1265,1463511024750906359,,1600.0,10.5600004196
1463511024965185772,1266,1463511024769120728,,1600.0,10.6800003052
1463511024965467161,1267,1463511024789367111,,1600.0,10.5600004196
1463511024965756988,1268,1463511024820695481,,1600.0,10.6800003052
1463511024966036606,1269,1463511024866276897,,1600.0,11.6400003433
1463511024966340442,1270,1463511024918848829,,1600.0,10.6800003052
1463511025292531265,1271,1463511024975807735,,1600.0,11.3999996185
1463511025292809217,1272,1463511025008662419,,1600.0,10.8000001907
1463511025293088158,1273,1463511025029571947,,1600.0,10.5600004196
1463511025293359600,1274,1463511025049722665,,1600.0,10.5600004196
1463511025293609950,1275,1463511025066826378,,1600.0,9.72000026703
1463511025293876809,1276,1463511025089613239,,1600.0,10.5600004196
1463511025294144605,1277,1463511025110757282,,1600.0,10.6800003052
1463511025295535147,1278,1463511025131083353,,1600.0,10.5600004196
1463511025297814489,1279,1463511025155104671,,1600.0,10.5600004196
1463511025298126241,1280,1463511025175413452,,1600.0,10.6800003052
1463511025298424817,1281,1463511025203268915,,1600.0,10.6800003052
1463511025298695374,1282,1463511025225178902,,1600.0,10.5600004196
1463511025298965201,1283,1463511025262372606,,1600.0,10.6800003052
1463511025299445745,1284,1463511025284464613,,1600.0,9.11999988556
1463511025507208272,1285,1463511025311882915,,1600.0,8.76000022888
1463511025507499609,1286,1463511025331456480,,1600.0,8.76000022888
1463511025507767041,1287,1463511025359891804,,1600.0,8.76000022888
1463511025508022911,1288,1463511025382269158,,1600.0,2.03999996185
1463511025508300758,1289,1463511025404213622,,1600.0,0.600000023842
1463511025510562289,1290,1463511025425310376,,1600.0,0.72000002861
1463511025510921330,1291,1463511025445655040,,1600.0,0.72000002861
1463511025511211886,1292,1463511025471456668,,1600.0,0.72000002861
1463511025511600196,1293,1463511025498466922,,1600.0,0.600000023842
1463511025607484752,1294,1463511025530523956,,1600.0,0.479999989271
1463511025607967223,1295,1463511025577651282,,1600.0,1.44000005722
1463511025641272411,1296,1463511025633336533,,1600.0,1.44000005722
1463511025707568431,1297,1463511025701490931,,1600.0,6.23999977112
1463511025722224582,1298,1463511025712242108,,1600.0,6.36000013351
1463511025748245416,1299,1463511025723296236,,1600.0,6.36000013351
1463511025748527847,1300,1463511025734422079,,1600.0,6.36000013351
1463511025750450335,1301,1463511025742570860,,1600.0,10.4399995804
1463511025788917245,1302,1463511025761961363,,1600.0,10.4399995804
1463511025789011354,1303,1463511025783421481,,1600.0,10.4399995804
1463511025893644916,1304,1463511025794776945,,1600.0,10.4399995804
1463511025893944273,1305,1463511025801292387,,1600.0,10.4399995804
1463511025894223891,1306,1463511025809152957,,1600.0,10.4399995804
1463511025894487677,1307,1463511025816024732,,1600.0,10.4399995804
1463511025894761255,1308,1463511025839383277,,1600.0,9.96000003815
1463511025895021291,1309,1463511025846684245,,1600.0,9.96000003815
1463511025895536469,1310,1463511025858328755,,1600.0,9.96000003815
1463511025895933268,1311,1463511025890558434,,1600.0,10.5600004196
1463511025923291157,1312,1463511025915838166,,1600.0,10.6800003052
1463511025959664442,1313,1463511025951152817,,1600.0,13.9200000763
1463511025991976825,1314,1463511025980486837,,1600.0,14.0399999619
1463511026023692271,1315,1463511026017950999,,1600.0,29.2800006866
1463511026061818483,1316,1463511026056450679,,1600.0,29.3999996185
1463511026099215833,1317,1463511026094084421,,1600.0,29.3999996185
1463511026142531214,1318,1463511026130596042,,1600.0,38.2799987793
1463511026173499469,1319,1463511026161096251,,1600.0,38.0400009155
1463511026199254649,1320,1463511026192740195,,1600.0,38.4000015259
1463511026236999322,1321,1463511026232159819,,1600.0,38.4000015259
1463511026276660442,1322,1463511026264717093,,1600.0,38.4000015259
1463511026310935478,1323,1463511026299708649,,1600.0,38.0400009155
1463511026357740235,1324,1463511026330742629,,1600.0,36.1199989319
1463511026370331462,1325,1463511026361124720,,1600.0,34.7999992371
1463511026402386422,1326,1463511026397058303,,1600.0,7.67999982834
1463511026441244726,1327,1463511026431860599,,1600.0,7.80000019073
1463511026472154963,1328,1463511026467258433,,1600.0,10.4399995804
1463511026534085743,1329,1463511026503465489,,1600.0,11.0399999619
1463511026554438226,1330,1463511026533750242,,1600.0,10.6800003052
1463511026572163104,1331,1463511026565920144,,1600.0,10.6800003052
1463511026605645479,1332,1463511026601821854,,1600.0,10.6800003052
1463511026645305246,1333,1463511026641229864,,1600.0,10.5600004196
1463511026687067335,1334,1463511026679205877,,1600.0,10.6800003052
1463511026717164287,1335,1463511026714224567,,1600.0,10.5600004196
1463511026752566287,1336,1463511026737528123,,1600.0,10.6800003052
1463511026753311138,1337,1463511026749111077,,1600.0,10.6800003052
1463511026767602993,1338,1463511026761337169,,1600.0,10.6800003052
1463511026818482454,1339,1463511026791862898,,1600.0,10.6800003052
1463511026827136208,1340,1463511026814761166,,1600.0,10.5600004196
1463511026843330709,1341,1463511026839373342,,1600.0,10.5600004196
1463511026868990375,1342,1463511026865628752,,1600.0,10.5600004196
1463511026897863233,1343,1463511026892187531,,1600.0,10.5600004196
1463511026935238136,1344,1463511026930975891,,1600.0,10.4399995804
1463511026970612221,1345,1463511026964745332,,1600.0,10.6800003052
1463511027018789922,1346,1463511026992751368,,1600.0,10.5600004196
1463511027019157452,1347,1463511027005820743,,1600.0,10.6800003052
1463511027035797140,1348,1463511027030917430,,1600.0,10.6800003052
1463511027055408371,1349,1463511027051290543,,1600.0,10.5600004196
1463511027085720267,1350,1463511027078901506,,1600.0,9.23999977112
1463511027115491207,1351,1463511027107326379,,1600.0,10.6800003052
1463511027149210245,1352,1463511027139473948,,1600.0,10.6800003052
1463511027201247569,1353,1463511027153325052,,1600.0,10.6800003052
1463511027201300430,1354,1463511027162505392,,1600.0,10.6800003052
1463511027202185430,1355,1463511027171584123,,1600.0,10.6800003052
1463511027202828308,1356,1463511027183575234,,1600.0,10.6800003052
1463511027203541547,1357,1463511027197573985,,1600.0,10.6800003052
1463511027223758939,1358,1463511027208526980,,1600.0,10.6800003052
1463511027224378225,1359,1463511027214647189,,1600.0,10.6800003052
1463511027242700314,1360,1463511027230870131,,1600.0,10.6800003052
1463511027269227644,1361,1463511027249124672,,1600.0,10.6800003052
1463511027269287067,1362,1463511027263430905,,1600.0,10.5600004196
1463511027302322031,1363,1463511027269596684,,1600.0,10.5600004196
1463511027302385829,1364,1463511027280802164,,1600.0,10.5600004196
1463511027302440670,1365,1463511027286557916,,1600.0,10.5600004196
1463511027302945067,1366,1463511027296438058,,1600.0,3.48000001907
1463511027354248581,1367,1463511027305792450,,1600.0,3.48000001907
1463511027354673816,1368,1463511027328877901,,1600.0,10.6800003052
1463511027403512372,1369,1463511027358345629,,1600.0,10.6800003052
1463511027403571900,1370,1463511027393198297,,1600.0,10.5600004196
1463511027442428132,1371,1463511027419924105,,1600.0,10.5600004196
1463511027456273351,1372,1463511027447842290,,1600.0,9.23999977112
1463511027480830277,1373,1463511027476380021,,1600.0,10.5600004196
1463511027496227383,1374,1463511027492527342,,1600.0,10.9200000763
1463511027547324919,1375,1463511027515187246,,1600.0,10.6800003052
1463511027550467858,1376,1463511027543695187,,1600.0,10.5600004196
1463511027635896166,1377,1463511027568514025,,1600.0,10.6800003052
1463511027636109279,1378,1463511027595248686,,1600.0,10.6800003052
1463511027639693232,1379,1463511027618718958,,1600.0,10.5600004196
1463511027661747911,1380,1463511027641167936,,1600.0,10.6800003052
1463511027662080392,1381,1463511027646004784,,1600.0,10.6800003052
1463511027784771330,1382,1463511027670834142,,1600.0,10.6800003052
1463511027787950620,1383,1463511027691331205,,1600.0,10.6800003052
1463511027788316640,1384,1463511027716280712,,1600.0,10.5600004196
1463511027792507953,1385,1463511027738853017,,1600.0,10.6800003052
1463511027793069639,1386,1463511027761436154,,1600.0,10.5600004196
1463511027800019226,1387,1463511027782326944,,1600.0,10.6800003052
1463511028091103570,1388,1463511027806283593,,1600.0,10.6800003052
1463511028091340118,1389,1463511027826658216,,1600.0,10.6800003052
1463511028091386365,1390,1463511027849071102,,1600.0,10.5600004196
1463511028103171658,1391,1463511027869003460,,1600.0,10.5600004196
1463511028103492941,1392,1463511027891312238,,1600.0,10.6800003052
1463511028103946456,1393,1463511027912117720,,1600.0,10.6800003052
1463511028104044002,1394,1463511027935864642,,1600.0,10.5600004196
1463511028104085927,1395,1463511027946278242,,1600.0,10.5600004196
1463511028104586679,1396,1463511027958297632,,1600.0,10.5600004196
1463511028105187997,1397,1463511027975520515,,1600.0,10.5600004196
1463511028106541355,1398,1463511027998313015,,1600.0,10.6800003052
1463511028106830609,1399,1463511028020291975,,1600.0,10.6800003052
1463511028106879199,1400,1463511028042391137,,1600.0,10.6800003052
1463511028106918676,1401,1463511028065547268,,1600.0,10.5600004196
1463511028114598847,1402,1463511028089868851,,1600.0,10.6800003052
1463511028115079652,1403,1463511028110639863,,1600.0,10.5600004196
1463511028786524799,1404,1463511028132154320,,1600.0,10.1999998093
1463511028786775565,1405,1463511028152562176,,1600.0,10.6800003052
1463511028787036435,1406,1463511028176405193,,1600.0,10.5600004196
1463511028787299336,1407,1463511028200986136,,1600.0,10.6800003052
1463511028788294955,1408,1463511028222369923,,1600.0,10.5600004196
1463511028788624935,1409,1463511028242911886,,1600.0,10.1999998093
1463511028789009027,1410,1463511028265197444,,1600.0,10.1999998093
1463511028789275834,1411,1463511028287702155,,1600.0,10.6800003052
1463511028789549308,1412,1463511028312717186,,1600.0,10.5600004196
1463511028789935639,1413,1463511028334933112,,1600.0,10.5600004196
1463511028791210824,1414,1463511028360183442,,1600.0,10.4399995804
1463511028792632459,1415,1463511028382373693,,1600.0,10.6800003052
1463511028792948586,1416,1463511028403222773,,1600.0,10.6800003052
1463511028793226278,1417,1463511028422876559,,1600.0,10.6800003052
1463511028793570216,1418,1463511028442668462,,1600.0,10.6800003052
1463511028793903165,1419,1463511028464054333,,1600.0,10.6800003052
1463511028794165597,1420,1463511028486258853,,1600.0,10.1999998093
1463511028794438237,1421,1463511028505077741,,1600.0,10.6800003052
1463511028795385577,1422,1463511028518285033,,1600.0,10.5600004196
1463511028795866069,1423,1463511028531608984,,1600.0,10.5600004196
1463511028796153032,1424,1463511028554613718,,1600.0,10.5600004196
1463511028796408069,1425,1463511028577565278,,1600.0,10.6800003052
1463511028796650919,1426,1463511028604553057,,1600.0,10.4399995804
1463511028796894030,1427,1463511028622945980,,1600.0,10.6800003052
1463511028797131047,1428,1463511028638227941,,1600.0,10.5600004196
1463511028797742000,1429,1463511028647253814,,1600.0,10.5600004196
1463511028798516954,1430,1463511028660735621,,1600.0,10.6800003052
1463511028798843966,1431,1463511028670066111,,1600.0,10.5600004196
1463511028799114211,1432,1463511028695263840,,1600.0,10.5600004196
1463511028799402006,1433,1463511028719594225,,1600.0,10.6800003052
1463511028799792973,1434,1463511028742877588,,1600.0,10.6800003052
1463511028801297050,1435,1463511028767800906,,1600.0,10.6800003052
1463511028802803263,1436,1463511028790747882,,1600.0,10.6800003052
1463511029086412043,1437,1463511028820910318,,1600.0,10.6800003052
1463511029086698224,1438,1463511028849458422,,1600.0,10.5600004196
1463511029086956438,1439,1463511028875388399,,1600.0,10.6800003052
1463511029087232151,1440,1463511028903855414,,1600.0,10.6800003052
1463511029087539476,1441,1463511028928175174,,1600.0,10.6800003052
1463511029088313598,1442,1463511028951113297,,1600.0,8.88000011444
1463511029088669670,1443,1463511028979170909,,1600.0,10.6800003052
1463511029089029233,1444,1463511029003101213,,1600.0,10.6800003052
1463511029089503632,1445,1463511029031803171,,1600.0,10.6800003052
1463511029089946887,1446,1463511029059516906,,1600.0,10.6800003052
1463511029091576895,1447,1463511029084688550,,1600.0,10.6800003052
1463511029294148313,1448,1463511029114488673,,1600.0,10.5600004196
1463511029294520687,1449,1463511029139980663,,1600.0,10.6800003052
1463511029294793171,1450,1463511029167337856,,1600.0,10.6800003052
1463511029295039667,1451,1463511029195497033,,1600.0,10.6800003052
1463511029295367721,1452,1463511029223187487,,1600.0,10.6800003052
1463511029295805351,1453,1463511029249353604,,1600.0,10.5600004196
1463511029296210796,1454,1463511029277862969,,1600.0,10.6800003052
1463511029447915258,1455,1463511029305330468,,1600.0,10.5600004196
1463511029448367576,1456,1463511029333491989,,1600.0,10.6800003052
1463511029448807393,1457,1463511029360437748,,1600.0,10.5600004196
1463511029449282626,1458,1463511029389663737,,1600.0,10.6800003052
1463511029449925609,1459,1463511029416806411,,1600.0,10.6800003052
1463511029450762435,1460,1463511029445773353,,1600.0,10.6800003052
1463511029721302303,1461,1463511029473437299,,1600.0,10.5600004196
1463511029721978149,1462,1463511029500548673,,1600.0,10.1999998093
1463511029722707116,1463,1463511029526537301,,1600.0,10.6800003052
1463511029723120633,1464,1463511029554905944,,1600.0,10.6800003052
1463511029724011727,1465,1463511029581247364,,1600.0,10.6800003052
1463511029724412953,1466,1463511029611655836,,1600.0,10.6800003052
1463511029727549383,1467,1463511029636750610,,1600.0,10.6800003052
1463511029727894259,1468,1463511029663238947,,1600.0,10.6800003052
1463511029728706034,1469,1463511029690477658,,1600.0,10.5600004196
1463511029729118874,1470,1463511029718974002,,1600.0,10.6800003052
1463511030231978533,1471,1463511029746625449,,1600.0,10.6800003052
1463511030232472514,1472,1463511029773119880,,1600.0,10.6800003052
1463511030232732603,1473,1463511029800997355,,1600.0,10.6800003052
1463511030234963150,1474,1463511029829880656,,1600.0,11.0399999619
1463511030235551813,1475,1463511029858894939,,1600.0,10.5600004196
1463511030235856170,1476,1463511029884373701,,1600.0,10.6800003052
1463511030236143393,1477,1463511029914033571,,1600.0,10.5600004196
1463511030236395722,1478,1463511029940038916,,1600.0,11.3999996185
1463511030236653780,1479,1463511029966676360,,1600.0,10.9200000763
1463511030236915015,1480,1463511029992609053,,1600.0,10.6800003052
1463511030237185415,1481,1463511030019078126,,1600.0,10.5600004196
1463511030237572216,1482,1463511030042413480,,1600.0,10.6800003052
1463511030237960787,1483,1463511030070267944,,1600.0,10.5600004196
1463511030238315922,1484,1463511030094729846,,1600.0,10.5600004196
1463511030238600853,1485,1463511030116784128,,1600.0,10.6800003052
1463511030238863807,1486,1463511030141771988,,1600.0,10.6800003052
1463511030239146811,1487,1463511030170424062,,1600.0,10.5600004196
1463511030240825359,1488,1463511030196975477,,1600.0,10.5600004196
1463511030242608275,1489,1463511030226191528,,1600.0,10.6800003052
1463511030455074957,1490,1463511030252270574,,1600.0,10.5600004196
1463511030455331921,1491,1463511030284857417,,1600.0,10.5600004196
1463511030455597426,1492,1463511030334332283,,1600.0,10.6800003052
1463511030455917616,1493,1463511030393552255,,1600.0,10.6800003052
1463511030456862977,1494,1463511030428952266,,1600.0,10.5600004196
1463511030487711328,1495,1463511030458249927,,1600.0,10.5600004196
1463511030506537935,1496,1463511030488050787,,1600.0,10.5600004196
1463511030523939729,1497,1463511030517149189,,1600.0,10.5600004196
1463511030552557742,1498,1463511030544817309,,1600.0,10.6800003052
1463511030579398775,1499,1463511030574004143,,1600.0,10.6800003052
1463511030615060386,1500,1463511030600885486,,1600.0,10.5600004196
1463511030632801275,1501,1463511030627622672,,1600.0,10.6800003052
1463511030667894065,1502,1463511030655414743,,1600.0,10.6800003052
1463511030700697666,1503,1463511030682684866,,1600.0,10.5600004196
1463511030719822953,1504,1463511030710976388,,1600.0,10.5600004196
1463511030754807677,1505,1463511030737677742,,1600.0,10.5600004196
1463511030776866907,1506,1463511030766473765,,1600.0,10.6800003052
1463511030828107606,1507,1463511030794814711,,1600.0,10.5600004196
1463511030849756756,1508,1463511030826946372,,1600.0,10.6800003052
1463511030877897505,1509,1463511030853538045,,1535.0,10.6800003052
1463511030904599432,1510,1463511030879916450,,1534.0,10.5600004196
1463511030928030405,1511,1463511030909683406,,1534.0,10.6800003052
1463511030945731713,1512,1463511030939130328,,1529.0,10.5600004196
1463511030983606840,1513,1463511030967502835,,1530.0,10.6800003052
1463511031004008042,1514,1463511030996302139,,1530.0,10.6800003052
1463511031038881325,1515,1463511031025177852,,1531.0,10.1999998093
1463511031056662946,1516,1463511031051216545,,1442.0,10.6800003052
1463511031093162800,1517,1463511031079726708,,1439.0,10.6800003052
1463511031119240345,1518,1463511031107326611,,1438.0,10.5600004196
1463511031150839599,1519,1463511031135665430,,1448.0,9.0
1463511031175974490,1520,1463511031163977792,,1438.0,10.6800003052
1463511031209232606,1521,1463511031188126647,,1315.0,10.5600004196
1463511031223870191,1522,1463511031216922106,,1315.0,10.5600004196
1463511031253443157,1523,1463511031245179992,,1315.0,9.0
1463511031277256145,1524,1463511031269109015,,1297.0,10.6800003052
1463511031395456816,1525,1463511031297190089,,1297.0,10.5600004196
1463511031395503011,1526,1463511031323809841,,1294.0,10.5600004196
1463511031396814081,1527,1463511031353633678,,1294.0,9.60000038147
1463511031397288168,1528,1463511031383636723,,1294.0,10.6800003052
1463511031452447196,1529,1463511031413539565,,1310.0,10.6800003052
1463511031452511203,1530,1463511031439296555,,1310.0,10.6800003052
1463511031488820964,1531,1463511031468247526,,1310.0,10.5600004196
1463511031559589760,1532,1463511031494243148,,1310.0,10.5600004196
1463511031565919496,1533,1463511031522743364,,1311.0,10.6800003052
1463511031566465350,1534,1463511031552766460,,1310.0,10.5600004196
1463511031841511837,1535,1463511031581189076,,1311.0,10.6800003052
1463511031841825673,1536,1463511031610712044,,1311.0,10.6800003052
1463511031842155081,1537,1463511031637195711,,1311.0,10.6800003052
1463511031842477458,1538,1463511031668022562,,1310.0,10.5600004196
1463511031842777805,1539,1463511031695642048,,1311.0,10.6800003052
1463511031848318159,1540,1463511031723967690,,1310.0,10.5600004196
1463511031848693710,1541,1463511031752657166,,1310.0,10.5600004196
1463511031849845987,1542,1463511031778210626,,1311.0,10.6800003052
1463511031850753955,1543,1463511031807485224,,1310.0,10.5600004196
1463511031851357201,1544,1463511031839396127,,1311.0,10.6800003052
1463511032081320295,1545,1463511031869443284,,1308.0,10.3199996948
1463511032081618663,1546,1463511031899430704,,1310.0,10.5600004196
1463511032081908334,1547,1463511031929717535,,1311.0,10.6800003052
1463511032082173215,1548,1463511031955785236,,1311.0,10.6800003052
1463511032083283202,1549,1463511031987341888,,1311.0,10.6800003052
1463511032083563707,1550,1463511032015824973,,1310.0,10.6800003052
1463511032084054929,1551,1463511032047204198,,1311.0,10.6800003052
1463511032084456520,1552,1463511032076382144,,1311.0,10.6800003052
1463511032518194054,1553,1463511032106434257,,1311.0,10.6800003052
1463511032518568876,1554,1463511032135788495,,1311.0,10.6800003052
1463511032518851933,1555,1463511032162793649,,1310.0,10.6800003052
1463511032519174674,1556,1463511032191890766,,1310.0,10.6800003052
1463511032519447836,1557,1463511032218775459,,1310.0,10.6800003052
1463511032519710945,1558,1463511032244217267,,1310.0,10.5600004196
1463511032525270936,1559,1463511032273831645,,1310.0,10.5600004196
1463511032525648779,1560,1463511032304409718,,1294.0,10.6800003052
1463511032525927981,1561,1463511032332915931,,1294.0,10.6800003052
1463511032527048385,1562,1463511032361159400,,1294.0,10.5600004196
1463511032527434040,1563,1463511032389308342,,1294.0,10.5600004196
1463511032527764125,1564,1463511032416566242,,1294.0,10.6800003052
1463511032528038744,1565,1463511032442929872,,1294.0,10.8000001907
1463511032528296334,1566,1463511032473981511,,1294.0,10.6800003052
1463511032528653500,1567,1463511032502793279,,1294.0,10.6800003052
1463511033038587778,1568,1463511032532512756,,1294.0,10.5600004196
1463511033038859638,1569,1463511032560008507,,1280.0,10.5600004196
1463511033040920769,1570,1463511032585392193,,1279.0,10.6800003052
1463511033041368504,1571,1463511032614690965,,1278.0,10.6800003052
1463511033041711036,1572,1463511032645548657,,1278.0,10.6800003052
1463511033042064818,1573,1463511032674095285,,1278.0,10.6800003052
1463511033042396517,1574,1463511032702992726,,1264.0,10.6800003052
1463511033042693323,1575,1463511032728816855,,1251.0,10.6800003052
1463511033043003045,1576,1463511032758844126,,1245.0,10.5600004196
1463511033043279956,1577,1463511032786410290,,1230.0,10.6800003052
1463511033043543535,1578,1463511032815237631,,1199.0,10.5600004196
1463511033045335306,1579,1463511032844285167,,1197.0,10.5600004196
1463511033045667839,1580,1463511032871071272,,1198.0,10.5600004196
1463511033045999174,1581,1463511032901555131,,1195.0,10.1999998093
1463511033047728033,1582,1463511032929710167,,1197.0,10.5600004196
1463511033048135197,1583,1463511032959031854,,1198.0,10.5600004196
1463511033048630221,1584,1463511032986935550,,1198.0,10.6800003052
1463511033048913225,1585,1463511033016114072,,1197.0,10.5600004196
1463511033050518185,1586,1463511033042242203,,1198.0,10.5600004196
1463511033671613125,1587,1463511033066871774,,1198.0,10.5600004196
1463511033672955131,1588,1463511033094620279,,1214.0,10.5600004196
1463511033673315735,1589,1463511033123979056,,1257.0,10.5600004196
1463511033673594417,1590,1463511033153425328,,1262.0,10.6800003052
1463511033673869922,1591,1463511033182568440,,1390.0,10.6800003052
1463511033674159489,1592,1463511033211683794,,1448.0,10.6800003052
1463511033674429942,1593,1463511033241537334,,1530.0,10.6800003052
1463511033674747163,1594,1463511033271690596,,1529.0,10.5600004196
1463511033676080315,1595,1463511033299555970,,1529.0,10.6800003052
1463511033676391027,1596,1463511033329775322,,1530.0,10.6800003052
1463511033677952135,1597,1463511033359805884,,1530.0,10.5600004196
1463511033678266387,1598,1463511033388646201,,1530.0,10.6800003052
1463511033678560173,1599,1463511033417208149,,1530.0,10.5600004196
1463511033678818439,1600,1463511033443781878,,1529.0,10.5600004196
1463511033680503446,1601,1463511033470023647,,1529.0,10.5600004196
1463511033680933109,1602,1463511033499304200,,1530.0,10.5600004196
1463511033681198823,1603,1463511033525611173,,1531.0,10.6800003052
1463511033681469849,1604,1463511033554353840,,1530.0,10.6800003052
1463511033681800923,1605,1463511033582285043,,1530.0,10.5600004196
1463511033682126217,1606,1463511033610892249,,1530.0,10.6800003052
1463511033682670717,1607,1463511033639155516,,1529.0,10.5600004196
1463511033683133451,1608,1463511033663202360,,1530.0,10.5600004196
1463511034075814596,1609,1463511033690922846,,1530.0,10.6800003052
1463511034076097757,1610,1463511033717918530,,1529.0,10.5600004196
1463511034076332170,1611,1463511033747256995,,1530.0,10.6800003052
1463511034076786207,1612,1463511033773548345,,1530.0,10.6800003052
1463511034076832923,1613,1463511033801758542,,1530.0,10.6800003052
1463511034076871462,1614,1463511033829707713,,1530.0,10.5600004196
1463511034077227275,1615,1463511033858380748,,1530.0,10.6800003052
1463511034077472574,1616,1463511033887938472,,1530.0,10.6800003052
1463511034077724174,1617,1463511033917842739,,1530.0,10.6800003052
1463511034077976399,1618,1463511033937414840,,1529.0,10.5600004196
1463511034079608024,1619,1463511033960994263,,1530.0,10.5600004196
1463511034080863213,1620,1463511033984871637,,1530.0,10.5600004196
1463511034081192204,1621,1463511034013183913,,1530.0,10.6800003052
1463511034086969842,1622,1463511034037085931,,1530.0,10.5600004196
1463511034087359403,1623,1463511034064978238,,1530.0,10.6800003052
1463511034579074704,1624,1463511034089602035,,1530.0,10.6800003052
1463511034580782054,1625,1463511034119955451,,1530.0,10.6800003052
1463511034584403982,1626,1463511034146773705,,1530.0,10.6800003052
1463511034585452359,1627,1463511034173733097,,1530.0,10.6800003052
1463511034585752655,1628,1463511034200591766,,1531.0,10.6800003052
1463511034586013994,1629,1463511034228067899,,1530.0,10.6800003052
1463511034586293457,1630,1463511034256037337,,1530.0,10.6800003052
1463511034586539068,1631,1463511034281803100,,1530.0,10.6800003052
1463511034586792074,1632,1463511034309675773,,1530.0,10.6800003052
1463511034588207149,1633,1463511034336183003,,1529.0,10.5600004196
1463511034588496508,1634,1463511034359510624,,1527.0,10.1999998093
1463511034588751858,1635,1463511034387483604,,1531.0,10.6800003052
1463511034589065538,1636,1463511034413163174,,1530.0,10.6800003052
1463511034589342293,1637,1463511034440334428,,1530.0,10.5600004196
1463511034590804501,1638,1463511034468585101,,1530.0,10.6800003052
1463511034591097244,1639,1463511034494215663,,1530.0,10.6800003052
1463511034591385405,1640,1463511034524021506,,1530.0,10.6800003052
1463511034593726573,1641,1463511034551229165,,1530.0,10.5600004196
1463511034594205556,1642,1463511034579683367,,1531.0,10.6800003052
1463511035557410243,1643,1463511034604886766,,1531.0,10.6800003052
1463511035557689602,1644,1463511034635400486,,1529.0,10.5600004196
1463511035557980315,1645,1463511034661990941,,1530.0,10.6800003052
1463511035558246966,1646,1463511034689839552,,1530.0,10.5600004196
1463511035558495702,1647,1463511034717282667,,1530.0,10.6800003052
1463511035560975300,1648,1463511034747550255,,1529.0,10.5600004196
1463511035561386787,1649,1463511034777465154,,1530.0,10.6800003052
1463511035561652449,1650,1463511034807932887,,1530.0,10.5600004196
1463511035561911184,1651,1463511034838247711,,1529.0,10.5600004196
1463511035562183460,1652,1463511034867901376,,1529.0,10.5600004196
1463511035562444279,1653,1463511034894784314,,1530.0,10.5600004196
1463511035562691713,1654,1463511034923360489,,1530.0,10.6800003052
1463511035562962947,1655,1463511034948458269,,1530.0,10.6800003052
1463511035563244754,1656,1463511034973698176,,1530.0,10.6800003052
1463511035563596140,1657,1463511034998733616,,1531.0,10.6800003052
1463511035563862740,1658,1463511035029108237,,1529.0,10.5600004196
1463511035565112043,1659,1463511035058917370,,1530.0,10.6800003052
1463511035565448014,1660,1463511035087529228,,1530.0,10.6800003052
1463511035565719405,1661,1463511035116422789,,1530.0,10.5600004196
1463511035565978244,1662,1463511035144262607,,1529.0,10.5600004196
1463511035566227605,1663,1463511035172251740,,1530.0,10.6800003052
1463511035566484934,1664,1463511035201720789,,1529.0,10.5600004196
1463511035566780177,1665,1463511035232034216,,1530.0,10.5600004196
1463511035567049172,1666,1463511035261087559,,1530.0,10.6800003052
1463511035568684288,1667,1463511035289082108,,1530.0,10.5600004196
1463511035569830056,1668,1463511035319915975,,1529.0,10.5600004196
1463511035571381582,1669,1463511035349572409,,1531.0,10.8000001907
1463511035572885558,1670,1463511035377722887,,1529.0,10.5600004196
1463511035574546245,1671,1463511035403093627,,1529.0,10.5600004196
1463511035577587790,1672,1463511035432719073,,1530.0,10.6800003052
1463511035577910220,1673,1463511035460058816,,1530.0,10.6800003052
1463511035579790113,1674,1463511035488728691,,1529.0,10.5600004196
1463511035581689900,1675,1463511035515617679,,1529.0,10.5600004196
1463511035582249920,1676,1463511035545500714,,1530.0,10.5600004196
1463511035582656772,1677,1463511035575017781,,1529.0,10.5600004196
1463511036039682542,1678,1463511035602688182,,1530.0,10.5600004196
1463511036040025231,1679,1463511035623512879,,1529.0,10.5600004196
1463511036040682485,1680,1463511035646569064,,1530.0,10.6800003052
1463511036041175166,1681,1463511035674488253,,1530.0,10.6800003052
1463511036041235527,1682,1463511035709565263,,1529.0,10.5600004196
1463511036041270837,1683,1463511035742213662,,1530.0,10.6800003052
1463511036041583736,1684,1463511035773561510,,1530.0,10.6800003052
1463511036041629098,1685,1463511035804043677,,1530.0,10.6800003052
1463511036042081781,1686,1463511035822019006,,1530.0,10.5600004196
1463511036042127560,1687,1463511035832312534,,1530.0,10.5600004196
1463511036042398273,1688,1463511035845981181,,1530.0,10.6800003052
1463511036042660498,1689,1463511035872271505,,1529.0,10.5600004196
1463511036042981053,1690,1463511035899850557,,1530.0,10.6800003052
1463511036043252183,1691,1463511035932088562,,1530.0,10.6800003052
1463511036043533521,1692,1463511035952305951,,1530.0,10.5600004196
1463511036043578102,1693,1463511035967464305,,1529.0,10.5600004196
1463511036043622162,1694,1463511035975874086,,1529.0,10.5600004196
1463511036043847410,1695,1463511035984501667,,1530.0,10.6800003052
1463511036044075730,1696,1463511035991916713,,1530.0,10.6800003052
1463511036044305665,1697,1463511035998258747,,1530.0,10.6800003052
1463511036044546641,1698,1463511036007151677,,1530.0,10.6800003052
1463511036090617100,1699,1463511036020014595,,1530.0,10.6800003052
1463511036090934165,1700,1463511036032877720,,1529.0,10.5600004196
1463511036091211806,1701,1463511036040467810,,1529.0,10.5600004196
1463511036091573035,1702,1463511036047267632,,1529.0,10.5600004196
1463511036112158117,1703,1463511036063163501,,1530.0,10.6800003052
1463511036113370236,1704,1463511036070412621,,1531.0,10.6800003052
1463511036113627670,1705,1463511036078669132,,1531.0,10.6800003052
1463511036114103372,1706,1463511036087795750,,1531.0,10.6800003052
1463511036114448665,1707,1463511036098338381,,1531.0,10.6800003052
1463511036114939158,1708,1463511036107782845,,1530.0,10.6800003052
1463511036164861690,1709,1463511036130007157,,1529.0,10.5600004196
1463511036165378327,1710,1463511036136226075,,1529.0,10.5600004196
1463511036166288275,1711,1463511036146644650,,1530.0,10.6800003052
1463511036203178057,1712,1463511036163322350,,1530.0,10.6800003052
1463511036211136200,1713,1463511036167354153,,1530.0,10.6800003052
1463511036211195884,1714,1463511036178644554,,1530.0,10.6800003052
1463511036211345615,1715,1463511036191696365,,1530.0,10.6800003052
1463511036211389571,1716,1463511036197043353,,1530.0,10.6800003052
1463511036243032307,1717,1463511036208310266,,1530.0,10.6800003052
1463511036245090523,1718,1463511036236243265,,1530.0,10.6800003052
1463511036273635987,1719,1463511036248755576,,1530.0,10.6800003052
1463511036284563857,1720,1463511036273604478,,1530.0,10.5600004196
1463511036322988187,1721,1463511036314106503,,1530.0,10.6800003052
1463511036352608850,1722,1463511036321711176,,1530.0,10.6800003052
1463511036353869716,1723,1463511036336052029,,1530.0,10.5600004196
1463511036377023090,1724,1463511036362606668,,1530.0,10.6800003052
1463511036386191476,1725,1463511036379059068,,1530.0,10.6800003052
1463511036402301083,1726,1463511036391555338,,1530.0,10.6800003052
1463511036416980094,1727,1463511036403527576,,1530.0,10.6800003052
1463511036437667566,1728,1463511036415515229,,1530.0,10.6800003052
1463511036455981579,1729,1463511036435859543,,1530.0,10.5600004196
1463511036456079542,1730,1463511036451273304,,1530.0,10.5600004196
1463511036472761929,1731,1463511036467830073,,1529.0,10.5600004196
1463511036498815138,1732,1463511036491365196,,1530.0,10.5600004196
1463511036518560060,1733,1463511036511037622,,1531.0,10.6800003052
1463511036553309286,1734,1463511036522442339,,1530.0,10.6800003052
1463511036553666193,1735,1463511036532644365,,1530.0,10.6800003052
1463511037295658817,1736,1463511036571921928,,1530.0,10.6800003052
1463511037295909896,1737,1463511036583255816,,1530.0,10.6800003052
1463511037295951821,1738,1463511036611762636,,1531.0,10.6800003052
1463511037296220035,1739,1463511036642948419,,1529.0,10.5600004196
1463511037296489134,1740,1463511036676411625,,1529.0,10.6800003052
1463511037296758755,1741,1463511036707542202,,1530.0,10.6800003052
1463511037296938172,1742,1463511036746844243,,1530.0,10.5600004196
1463511037297218989,1743,1463511036783612365,,1530.0,10.6800003052
1463511037299523286,1744,1463511036822197416,,1529.0,10.5600004196
1463511037299869412,1745,1463511036827646586,,1527.0,10.1999998093
1463511037300330428,1746,1463511036854658022,,1530.0,10.6800003052
1463511037300639317,1747,1463511036869799350,,1530.0,10.6800003052
1463511037300923155,1748,1463511036891150639,,1530.0,10.5600004196
1463511037301194494,1749,1463511036921518395,,1530.0,10.6800003052
1463511037301443386,1750,1463511036952881511,,1531.0,10.6800003052
1463511037301740348,1751,1463511036980777481,,1530.0,10.5600004196
1463511037301789564,1752,1463511037008180509,,1530.0,10.6800003052
1463511037302017989,1753,1463511037038724517,,1530.0,10.6800003052
1463511037303927152,1754,1463511037073000811,,1530.0,10.6800003052
1463511037305177342,1755,1463511037102849283,,1530.0,10.6800003052
1463511037305540082,1756,1463511037137114224,,1530.0,10.6800003052
1463511037305806109,1757,1463511037169371830,,1529.0,10.5600004196
1463511037306082343,1758,1463511037198706737,,1530.0,10.6800003052
1463511037307401175,1759,1463511037225487673,,1530.0,10.5600004196
1463511037307729802,1760,1463511037252963570,,1530.0,10.6800003052
1463511037308259668,1761,1463511037282634916,,1530.0,10.6800003052
1463511037684675505,1762,1463511037311546618,,1530.0,10.6800003052
1463511037684937626,1763,1463511037346340956,,1529.0,10.5600004196
1463511037685199642,1764,1463511037382776295,,1530.0,10.6800003052
1463511037685474939,1765,1463511037413423680,,1530.0,10.5600004196
1463511037686791427,1766,1463511037434999389,,1530.0,10.6800003052
1463511037687058860,1767,1463511037472181978,,1531.0,10.6800003052
1463511037687310721,1768,1463511037510897241,,1530.0,10.6800003052
1463511037687579143,1769,1463511037546627412,,1530.0,10.6800003052
1463511037687833764,1770,1463511037584640214,,1530.0,10.6800003052
1463511037688118644,1771,1463511037617790582,,1530.0,10.5600004196
1463511037688497946,1772,1463511037658044300,,1530.0,10.6800003052
1463511037869094783,1773,1463511037696705711,,1530.0,10.5600004196
1463511037869381746,1774,1463511037735238380,,1530.0,10.6800003052
1463511037871775413,1775,1463511037776466730,,1530.0,10.5600004196
1463511037872108259,1776,1463511037817364839,,1530.0,10.6800003052
1463511037872499175,1777,1463511037856857609,,1530.0,10.5600004196
1463511037943396839,1778,1463511037871593861,,1531.0,10.6800003052
1463511037943688958,1779,1463511037885650568,,1531.0,10.6800003052
1463511037944183149,1780,1463511037898551714,,1531.0,10.6800003052
1463511037944478653,1781,1463511037914374363,,1530.0,10.5600004196
1463511037944853268,1782,1463511037935073403,,1530.0,10.6800003052
1463511037984597847,1783,1463511037962163697,,1530.0,10.6800003052
1463511037986762152,1784,1463511037973512952,,1531.0,10.6800003052
1463511038021176932,1785,1463511038005768371,,1530.0,10.6800003052
1463511038034378482,1786,1463511038032342451,,1530.0,10.5600004196
1463511038061992452,1787,1463511038057282300,,1529.0,10.5600004196
1463511038093644894,1788,1463511038086216873,,1530.0,10.6800003052
1463511038119221895,1789,1463511038111136568,,1530.0,10.6800003052
1463511038158493127,1790,1463511038128115927,,1530.0,10.5600004196
1463511038158566248,1791,1463511038146269439,,1529.0,10.5600004196
1463511038187292812,1792,1463511038152841934,,1530.0,10.6800003052
1463511038191427007,1793,1463511038161835231,,1530.0,10.6800003052
1463511038191529554,1794,1463511038170431728,,1530.0,10.6800003052
1463511038191628975,1795,1463511038179882551,,1530.0,10.6800003052
1463511038197994868,1796,1463511038194656253,,1530.0,10.6800003052
1463511038232336741,1797,1463511038224570563,,1530.0,10.6800003052
1463511038269483978,1798,1463511038234573074,,1530.0,10.6800003052
1463511038269829428,1799,1463511038258690314,,1530.0,10.6800003052
1463511038284682240,1800,1463511038281011248,,1530.0,10.5600004196
1463511038303143859,1801,1463511038299432974,,1530.0,10.5600004196
1463511038323770461,1802,1463511038314188135,,1530.0,10.5600004196
1463511038323823427,1803,1463511038321655788,,1530.0,10.5600004196
1463511038452101589,1804,1463511038334370283,,1530.0,10.6800003052
1463511038452421883,1805,1463511038344170670,,1530.0,10.6800003052
1463511038452468391,1806,1463511038349800458,,1530.0,10.6800003052
1463511038452734053,1807,1463511038366694509,,1530.0,10.6800003052
1463511038452993622,1808,1463511038383840213,,1530.0,10.6800003052
1463511038453233192,1809,1463511038403994498,,1530.0,10.5600004196
1463511038453643794,1810,1463511038426491881,,1529.0,10.5600004196
1463511038523778345,1811,1463511038455029862,,1530.0,10.6800003052
1463511038523998385,1812,1463511038479874248,,1530.0,10.6800003052
1463511038524194884,1813,1463511038504729467,,1530.0,10.5600004196
1463511038579895298,1814,1463511038525804690,,1529.0,10.5600004196
1463511038582079811,1815,1463511038545453170,,1530.0,10.6800003052
1463511038582574262,1816,1463511038565668285,,1530.0,10.5600004196
1463511038611950478,1817,1463511038586611171,,1529.0,10.5600004196
1463511038612409723,1818,1463511038608301099,,1529.0,10.5600004196
1463511038639423258,1819,1463511038628494132,,1529.0,10.5600004196
1463511038653998012,1820,1463511038649237707,,1530.0,10.6800003052
1463511038678232329,1821,1463511038670290743,,1530.0,10.6800003052
