%time,field.header.seq,field.header.stamp,field.header.frame_id,field.status.status,field.status.service,field.latitude,field.longitude,field.altitude,field.position_covariance0,field.position_covariance1,field.position_covariance2,field.position_covariance3,field.position_covariance4,field.position_covariance5,field.position_covariance6,field.position_covariance7,field.position_covariance8,field.position_covariance_type
1480336315979717020,0,1480336315974014679,,0,0,46.5186920166,6.56655359268,2.77602830977e-40,1.0,0.0,0.0,0.0,1.0,0.0,0.0,0.0,1.0,0
1480336316065590830,1,1480336316061861022,,0,0,46.5186882019,6.56653928757,2.77602830977e-40,1.0,0.0,0.0,0.0,1.0,0.0,0.0,0.0,1.0,0
1480336316166981625,2,1480336316157935671,,0,0,46.5186843872,6.56653642654,2.77602830977e-40,1.0,0.0,0.0,0.0,1.0,0.0,0.0,0.0,1.0,0
1480336316274220698,3,1480336316268815334,,0,0,46.5185585022,6.56660842896,2.77602830977e-40,1.0,0.0,0.0,0.0,1.0,0.0,0.0,0.0,1.0,0
1480336316366073461,4,1480336316360329453,,0,0,46.5185585022,6.56660652161,2.77602830977e-40,1.0,0.0,0.0,0.0,1.0,0.0,0.0,0.0,1.0,0
1480336316470971306,5,1480336316465119123,,0,0,46.5185585022,6.56660938263,2.77602830977e-40,1.0,0.0,0.0,0.0,1.0,0.0,0.0,0.0,1.0,0
1480336316572781942,6,1480336316569766346,,0,0,46.5185546875,6.56660938263,2.77602830977e-40,1.0,0.0,0.0,0.0,1.0,0.0,0.0,0.0,1.0,0
1480336316663397164,7,1480336316659894698,,0,0,46.5185585022,6.56660938263,2.77602830977e-40,1.0,0.0,0.0,0.0,1.0,0.0,0.0,0.0,1.0,0
1480336316766421017,8,1480336316763728699,,0,0,46.5185546875,6.566614151,2.77602830977e-40,1.0,0.0,0.0,0.0,1.0,0.0,0.0,0.0,1.0,0
1480336316861383958,9,1480336316855696409,,0,0,46.5185546875,6.56661701202,2.77602830977e-40,1.0,0.0,0.0,0.0,1.0,0.0,0.0,0.0,1.0,0
1480336316970221766,10,1480336316967083723,,0,0,46.518699646,6.56655168533,2.77602830977e-40,1.0,0.0,0.0,0.0,1.0,0.0,0.0,0.0,1.0,0
1480336317067441456,11,1480336317064361589,,0,0,46.5186958313,6.56655406952,2.77602830977e-40,1.0,0.0,0.0,0.0,1.0,0.0,0.0,0.0,1.0,0
1480336317177125870,12,1480336317171347071,,0,0,46.5186958313,6.56655406952,2.77602830977e-40,1.0,0.0,0.0,0.0,1.0,0.0,0.0,0.0,1.0,0
1480336317263576653,13,1480336317261282665,,0,0,46.518699646,6.56655263901,2.77602830977e-40,1.0,0.0,0.0,0.0,1.0,0.0,0.0,0.0,1.0,0
1480336317370899631,14,1480336317358138504,,0,0,46.5186958313,6.56655263901,2.77602830977e-40,1.0,0.0,0.0,0.0,1.0,0.0,0.0,0.0,1.0,0
1480336317452406868,15,1480336317449977204,,0,0,46.5185508728,6.56661128998,2.77602830977e-40,1.0,0.0,0.0,0.0,1.0,0.0,0.0,0.0,1.0,0
1480336317553286679,16,1480336317550738579,,0,0,46.5185508728,6.56661272049,2.77602830977e-40,1.0,0.0,0.0,0.0,1.0,0.0,0.0,0.0,1.0,0
1480336317664446079,17,1480336317661359130,,0,0,46.5186958313,6.56655168533,2.77602830977e-40,1.0,0.0,0.0,0.0,1.0,0.0,0.0,0.0,1.0,0
1480336317763167734,18,1480336317758240594,,0,0,46.5186958313,6.56655311584,2.77602830977e-40,1.0,0.0,0.0,0.0,1.0,0.0,0.0,0.0,1.0,0
1480336317871407683,19,1480336317868913957,,0,0,46.518699646,6.56655263901,2.77602830977e-40,1.0,0.0,0.0,0.0,1.0,0.0,0.0,0.0,1.0,0
1480336317971791092,20,1480336317969038358,,0,0,46.518699646,6.56655073166,2.77602830977e-40,1.0,0.0,0.0,0.0,1.0,0.0,0.0,0.0,1.0,0
1480336318072315126,21,1480336318069735984,,0,0,46.5186958313,6.56655311584,2.77602830977e-40,1.0,0.0,0.0,0.0,1.0,0.0,0.0,0.0,1.0,0
1480336318170474703,22,1480336318167138328,,0,0,46.518699646,6.56655263901,2.77602830977e-40,1.0,0.0,0.0,0.0,1.0,0.0,0.0,0.0,1.0,0
1480336318269972339,23,1480336318266174355,,0,0,46.518699646,6.56655359268,2.77602830977e-40,1.0,0.0,0.0,0.0,1.0,0.0,0.0,0.0,1.0,0
1480336318365795480,24,1480336318363402587,,0,0,46.518699646,6.56655168533,2.77602830977e-40,1.0,0.0,0.0,0.0,1.0,0.0,0.0,0.0,1.0,0
1480336318464742237,25,1480336318461978618,,0,0,46.518699646,6.5665512085,2.77602830977e-40,1.0,0.0,0.0,0.0,1.0,0.0,0.0,0.0,1.0,0
1480336318563788472,26,1480336318560355328,,0,0,46.518699646,6.5665512085,2.77602830977e-40,1.0,0.0,0.0,0.0,1.0,0.0,0.0,0.0,1.0,0
1480336318683452738,27,1480336318679082728,,0,0,46.5187149048,6.56653928757,2.77602830977e-40,1.0,0.0,0.0,0.0,1.0,0.0,0.0,0.0,1.0,0
1480336318770212789,28,1480336318767547555,,0,0,46.5187072754,6.56654119492,2.77602830977e-40,1.0,0.0,0.0,0.0,1.0,0.0,0.0,0.0,1.0,0
1480336318866612904,29,1480336318858345275,,0,0,46.518699646,6.56654453278,2.77602830977e-40,1.0,0.0,0.0,0.0,1.0,0.0,0.0,0.0,1.0,0
1480336318962329119,30,1480336318958802695,,0,0,46.518699646,6.56654405594,2.77602830977e-40,1.0,0.0,0.0,0.0,1.0,0.0,0.0,0.0,1.0,0
1480336319071235884,31,1480336319068886271,,0,0,46.5186882019,6.56654930115,2.77602830977e-40,1.0,0.0,0.0,0.0,1.0,0.0,0.0,0.0,1.0,0
1480336319171003310,32,1480336319167891205,,0,0,46.5186843872,6.56655311584,2.77602830977e-40,1.0,0.0,0.0,0.0,1.0,0.0,0.0,0.0,1.0,0
1480336319272273847,33,1480336319268854140,,0,0,46.5186843872,6.56655550003,2.77602830977e-40,1.0,0.0,0.0,0.0,1.0,0.0,0.0,0.0,1.0,0
1480336319371755703,34,1480336319368875626,,0,0,46.5186767578,6.56655931473,2.77602830977e-40,1.0,0.0,0.0,0.0,1.0,0.0,0.0,0.0,1.0,0
1480336319471050321,35,1480336319468828884,,0,0,46.5186691284,6.5665640831,2.77602830977e-40,1.0,0.0,0.0,0.0,1.0,0.0,0.0,0.0,1.0,0
1480336319571528417,36,1480336319568205532,,0,0,46.5186653137,6.56656551361,2.77602830977e-40,1.0,0.0,0.0,0.0,1.0,0.0,0.0,0.0,1.0,0
1480336319680804814,37,1480336319676392565,,0,0,46.5185661316,6.56663703918,2.77602830977e-40,1.0,0.0,0.0,0.0,1.0,0.0,0.0,0.0,1.0,0
1480336320479529008,38,1480336320476361382,,0,0,46.5185394287,6.56665420532,2.77602830977e-40,1.0,0.0,0.0,0.0,1.0,0.0,0.0,0.0,1.0,0
1480336320589648574,39,1480336320586972402,,0,0,46.518535614,6.56665802002,2.77602830977e-40,1.0,0.0,0.0,0.0,1.0,0.0,0.0,0.0,1.0,0
1480336320693831583,40,1480336320691296034,,0,0,46.518535614,6.56665754318,2.77602830977e-40,1.0,0.0,0.0,0.0,1.0,0.0,0.0,0.0,1.0,0
1480336321375073052,41,1480336321372652711,,0,0,46.5185279846,6.56665897369,2.77602830977e-40,1.0,0.0,0.0,0.0,1.0,0.0,0.0,0.0,1.0,0
1480336321475337661,42,1480336321472932320,,0,0,46.5186424255,6.5665807724,2.77602830977e-40,1.0,0.0,0.0,0.0,1.0,0.0,0.0,0.0,1.0,0
1480336321579574367,43,1480336321575776851,,0,0,46.5186462402,6.56657838821,2.77602830977e-40,1.0,0.0,0.0,0.0,1.0,0.0,0.0,0.0,1.0,0
1480336321668549032,44,1480336321666069316,,0,0,46.5186424255,6.56657886505,2.77602830977e-40,1.0,0.0,0.0,0.0,1.0,0.0,0.0,0.0,1.0,0
1480336321780402279,45,1480336321776410078,,0,0,46.5186424255,6.5665807724,2.77602830977e-40,1.0,0.0,0.0,0.0,1.0,0.0,0.0,0.0,1.0,0
1480336321880563035,46,1480336321876461304,,0,0,46.5186424255,6.56658124924,2.77602830977e-40,1.0,0.0,0.0,0.0,1.0,0.0,0.0,0.0,1.0,0
1480336321980562750,47,1480336321977356375,,0,0,46.5186386108,6.56658220291,2.77602830977e-40,1.0,0.0,0.0,0.0,1.0,0.0,0.0,0.0,1.0,0
1480336322092508132,48,1480336322090056541,,0,0,46.5186424255,6.56657743454,2.77602830977e-40,1.0,0.0,0.0,0.0,1.0,0.0,0.0,0.0,1.0,0
1480336322186406344,49,1480336322181637171,,0,0,46.5186424255,6.56657648087,2.77602830977e-40,1.0,0.0,0.0,0.0,1.0,0.0,0.0,0.0,1.0,0
1480336322274416591,50,1480336322272193748,,0,0,46.5186424255,6.56657552719,2.77602830977e-40,1.0,0.0,0.0,0.0,1.0,0.0,0.0,0.0,1.0,0
1480336322377164666,51,1480336322374041310,,0,0,46.5186462402,6.56657314301,2.77602830977e-40,1.0,0.0,0.0,0.0,1.0,0.0,0.0,0.0,1.0,0
1480336322482092302,52,1480336322479743783,,0,0,46.5186538696,6.56656837463,2.77602830977e-40,1.0,0.0,0.0,0.0,1.0,0.0,0.0,0.0,1.0,0
1480336322572903096,53,1480336322570527546,,0,0,46.5186576843,6.56656265259,2.77602830977e-40,1.0,0.0,0.0,0.0,1.0,0.0,0.0,0.0,1.0,0
1480336322676428767,54,1480336322673492181,,0,0,46.5186653137,6.56655454636,2.77602830977e-40,1.0,0.0,0.0,0.0,1.0,0.0,0.0,0.0,1.0,0
1480336322787741447,55,1480336322785146888,,0,0,46.518661499,6.56655216217,2.77602830977e-40,1.0,0.0,0.0,0.0,1.0,0.0,0.0,0.0,1.0,0
1480336322881311745,56,1480336322877658290,,0,0,46.5186653137,6.56655025482,2.77602830977e-40,1.0,0.0,0.0,0.0,1.0,0.0,0.0,0.0,1.0,0
1480336323022982049,57,1480336323020844934,,0,0,46.518661499,6.56655168533,2.77602830977e-40,1.0,0.0,0.0,0.0,1.0,0.0,0.0,0.0,1.0,0
1480336323173638829,58,1480336323170717399,,0,0,46.5185394287,6.5666308403,2.77602830977e-40,1.0,0.0,0.0,0.0,1.0,0.0,0.0,0.0,1.0,0
1480336323276280967,59,1480336323273308600,,0,0,46.5185432434,6.56662797928,2.77602830977e-40,1.0,0.0,0.0,0.0,1.0,0.0,0.0,0.0,1.0,0
1480336323386219337,60,1480336323384029202,,0,0,46.5185394287,6.56662607193,2.77602830977e-40,1.0,0.0,0.0,0.0,1.0,0.0,0.0,0.0,1.0,0
1480336323487511696,61,1480336323484875888,,0,0,46.5185394287,6.56662321091,2.77602830977e-40,1.0,0.0,0.0,0.0,1.0,0.0,0.0,0.0,1.0,0
1480336323587854013,62,1480336323584336755,,0,0,46.5185394287,6.56662082672,2.77602830977e-40,1.0,0.0,0.0,0.0,1.0,0.0,0.0,0.0,1.0,0
1480336323688704293,63,1480336323685894997,,0,0,46.518535614,6.56661987305,2.77602830977e-40,1.0,0.0,0.0,0.0,1.0,0.0,0.0,0.0,1.0,0
1480336323790212744,64,1480336323788028442,,0,0,46.518535614,6.56662034988,2.77602830977e-40,1.0,0.0,0.0,0.0,1.0,0.0,0.0,0.0,1.0,0
1480336323892185357,65,1480336323889485904,,0,0,46.5185432434,6.56662321091,2.77602830977e-40,1.0,0.0,0.0,0.0,1.0,0.0,0.0,0.0,1.0,0
1480336323992858347,66,1480336323990372746,,0,0,46.518535614,6.56661748886,2.77602830977e-40,1.0,0.0,0.0,0.0,1.0,0.0,0.0,0.0,1.0,0
1480336324094055239,67,1480336324091587762,,0,0,46.518535614,6.56661844254,2.77602830977e-40,1.0,0.0,0.0,0.0,1.0,0.0,0.0,0.0,1.0,0
1480336324287339890,68,1480336324284847258,,0,0,46.5185279846,6.56661510468,2.77602830977e-40,1.0,0.0,0.0,0.0,1.0,0.0,0.0,0.0,1.0,0
1480336324380182956,69,1480336324377287254,,0,0,46.5185317993,6.56661987305,2.77602830977e-40,1.0,0.0,0.0,0.0,1.0,0.0,0.0,0.0,1.0,0
1480336324486826253,70,1480336324480082672,,0,0,46.518535614,6.56662321091,2.77602830977e-40,1.0,0.0,0.0,0.0,1.0,0.0,0.0,0.0,1.0,0
1480336324595920256,71,1480336324592143522,,0,0,46.518535614,6.56662607193,2.77602830977e-40,1.0,0.0,0.0,0.0,1.0,0.0,0.0,0.0,1.0,0
1480336324686385063,72,1480336324684326333,,0,0,46.518535614,6.56662654877,2.77602830977e-40,1.0,0.0,0.0,0.0,1.0,0.0,0.0,0.0,1.0,0
1480336324801709058,73,1480336324796527494,,0,0,46.518535614,6.56662654877,2.77602830977e-40,1.0,0.0,0.0,0.0,1.0,0.0,0.0,0.0,1.0,0
1480336324887284121,74,1480336324884263577,,0,0,46.5185317993,6.5666270256,2.77602830977e-40,1.0,0.0,0.0,0.0,1.0,0.0,0.0,0.0,1.0,0
1480336324975635146,75,1480336324973047515,,0,0,46.5185317993,6.56662893295,2.77602830977e-40,1.0,0.0,0.0,0.0,1.0,0.0,0.0,0.0,1.0,0
1480336325076163763,76,1480336325073970034,,0,0,46.5185317993,6.56662940979,2.77602830977e-40,1.0,0.0,0.0,0.0,1.0,0.0,0.0,0.0,1.0,0
1480336325186557962,77,1480336325183870956,,0,0,46.5185317993,6.56662940979,2.77602830977e-40,1.0,0.0,0.0,0.0,1.0,0.0,0.0,0.0,1.0,0
1480336325280236123,78,1480336325274385398,,0,0,46.5185279846,6.56662940979,2.77602830977e-40,1.0,0.0,0.0,0.0,1.0,0.0,0.0,0.0,1.0,0
1480336325377923726,79,1480336325375001983,,0,0,46.5185279846,6.56662940979,2.77602830977e-40,1.0,0.0,0.0,0.0,1.0,0.0,0.0,0.0,1.0,0
1480336325477472977,80,1480336325475399299,,0,0,46.5185317993,6.56662988663,2.77602830977e-40,1.0,0.0,0.0,0.0,1.0,0.0,0.0,0.0,1.0,0
1480336325575920624,81,1480336325573716999,,0,0,46.5185279846,6.56663036346,2.77602830977e-40,1.0,0.0,0.0,0.0,1.0,0.0,0.0,0.0,1.0,0
1480336325676231586,82,1480336325674051347,,0,0,46.5185279846,6.56663036346,2.77602830977e-40,1.0,0.0,0.0,0.0,1.0,0.0,0.0,0.0,1.0,0
1480336325770417191,83,1480336325763482778,,0,0,46.5185279846,6.5666308403,2.77602830977e-40,1.0,0.0,0.0,0.0,1.0,0.0,0.0,0.0,1.0,0
1480336325869969723,84,1480336325864682795,,0,0,46.5185279846,6.5666308403,2.77602830977e-40,1.0,0.0,0.0,0.0,1.0,0.0,0.0,0.0,1.0,0
1480336325982493016,85,1480336325973752423,,0,0,46.5185279846,6.5666308403,2.77602830977e-40,1.0,0.0,0.0,0.0,1.0,0.0,0.0,0.0,1.0,0
1480336326078713705,86,1480336326073867814,,0,0,46.5185317993,6.56663274765,2.77602830977e-40,1.0,0.0,0.0,0.0,1.0,0.0,0.0,0.0,1.0,0
1480336326187166829,87,1480336326184089254,,0,0,46.5185241699,6.56663131714,2.77602830977e-40,1.0,0.0,0.0,0.0,1.0,0.0,0.0,0.0,1.0,0
1480336326376910525,88,1480336326374754088,,0,0,46.5185279846,6.56663227081,2.77602830977e-40,1.0,0.0,0.0,0.0,1.0,0.0,0.0,0.0,1.0,0
1480336326478372831,89,1480336326475670044,,0,0,46.5185279846,6.56663370132,2.77602830977e-40,1.0,0.0,0.0,0.0,1.0,0.0,0.0,0.0,1.0,0
1480336326578583013,90,1480336326575743821,,0,0,46.5185279846,6.56663370132,2.77602830977e-40,1.0,0.0,0.0,0.0,1.0,0.0,0.0,0.0,1.0,0
1480336326676427384,91,1480336326674174594,,0,0,46.5185279846,6.56663513184,2.77602830977e-40,1.0,0.0,0.0,0.0,1.0,0.0,0.0,0.0,1.0,0
1480336326800749678,92,1480336326782121576,,0,0,46.5185279846,6.56663417816,2.77602830977e-40,1.0,0.0,0.0,0.0,1.0,0.0,0.0,0.0,1.0,0
1480336326872975703,93,1480336326870632548,,0,0,46.5185279846,6.566634655,2.77602830977e-40,1.0,0.0,0.0,0.0,1.0,0.0,0.0,0.0,1.0,0
1480336326973621714,94,1480336326971211529,,0,0,46.5185241699,6.566634655,2.77602830977e-40,1.0,0.0,0.0,0.0,1.0,0.0,0.0,0.0,1.0,0
1480336327073571794,95,1480336327071012809,,0,0,46.5185241699,6.566634655,2.77602830977e-40,1.0,0.0,0.0,0.0,1.0,0.0,0.0,0.0,1.0,0
1480336327165914813,96,1480336327163032028,,0,0,46.5185165405,6.56663942337,2.77602830977e-40,1.0,0.0,0.0,0.0,1.0,0.0,0.0,0.0,1.0,0
1480336327276027504,97,1480336327273946847,,0,0,46.5185241699,6.566634655,2.77602830977e-40,1.0,0.0,0.0,0.0,1.0,0.0,0.0,0.0,1.0,0
1480336327387108884,98,1480336327384528544,,0,0,46.5185241699,6.56663513184,2.77602830977e-40,1.0,0.0,0.0,0.0,1.0,0.0,0.0,0.0,1.0,0
1480336327478211028,99,1480336327475700219,,0,0,46.5185241699,6.566634655,2.77602830977e-40,1.0,0.0,0.0,0.0,1.0,0.0,0.0,0.0,1.0,0
1480336327580798011,100,1480336327575804048,,0,0,46.5185241699,6.566634655,2.77602830977e-40,1.0,0.0,0.0,0.0,1.0,0.0,0.0,0.0,1.0,0
1480336327680720643,101,1480336327678688788,,0,0,46.5185241699,6.566634655,2.77602830977e-40,1.0,0.0,0.0,0.0,1.0,0.0,0.0,0.0,1.0,0
1480336327785111046,102,1480336327782985337,,0,0,46.5185241699,6.566634655,2.77602830977e-40,1.0,0.0,0.0,0.0,1.0,0.0,0.0,0.0,1.0,0
1480336327887807246,103,1480336327883722650,,0,0,46.5185241699,6.566634655,2.77602830977e-40,1.0,0.0,0.0,0.0,1.0,0.0,0.0,0.0,1.0,0
1480336327977807630,104,1480336327975158385,,0,0,46.5185241699,6.56663417816,2.77602830977e-40,1.0,0.0,0.0,0.0,1.0,0.0,0.0,0.0,1.0,0
1480336328089457442,105,1480336328087029757,,0,0,46.5185546875,6.56664848328,2.77602830977e-40,1.0,0.0,0.0,0.0,1.0,0.0,0.0,0.0,1.0,0
1480336328193608680,106,1480336328189430595,,0,0,46.5185813904,6.56665658951,2.77602830977e-40,1.0,0.0,0.0,0.0,1.0,0.0,0.0,0.0,1.0,0
1480336328293412095,107,1480336328290854672,,0,0,46.518535614,6.56663131714,2.77602830977e-40,1.0,0.0,0.0,0.0,1.0,0.0,0.0,0.0,1.0,0
1480336328394283573,108,1480336328391197874,,0,0,46.5185317993,6.56662654877,2.77602830977e-40,1.0,0.0,0.0,0.0,1.0,0.0,0.0,0.0,1.0,0
1480336328582413535,109,1480336328576841661,,0,0,46.5185317993,6.56663227081,2.77602830977e-40,1.0,0.0,0.0,0.0,1.0,0.0,0.0,0.0,1.0,0
1480336328685586813,110,1480336328678353498,,0,0,46.5185508728,6.56662225723,2.77602830977e-40,1.0,0.0,0.0,0.0,1.0,0.0,0.0,0.0,1.0,0
1480336328783374519,111,1480336328779308464,,0,0,46.5185508728,6.56662034988,2.77602830977e-40,1.0,0.0,0.0,0.0,1.0,0.0,0.0,0.0,1.0,0
1480336328884179643,112,1480336328881686751,,0,0,46.5185317993,6.56663036346,2.77602830977e-40,1.0,0.0,0.0,0.0,1.0,0.0,0.0,0.0,1.0,0
1480336328983112702,113,1480336328980040648,,0,0,46.5186347961,6.56655836105,2.77602830977e-40,1.0,0.0,0.0,0.0,1.0,0.0,0.0,0.0,1.0,0
1480336329082852681,114,1480336329079579431,,0,0,46.5185165405,6.56664419174,2.77602830977e-40,1.0,0.0,0.0,0.0,1.0,0.0,0.0,0.0,1.0,0
1480336329192148713,115,1480336329188243855,,0,0,46.5185241699,6.566634655,2.77602830977e-40,1.0,0.0,0.0,0.0,1.0,0.0,0.0,0.0,1.0,0
1480336329284354597,116,1480336329278021793,,0,0,46.518535614,6.56663322449,2.77602830977e-40,1.0,0.0,0.0,0.0,1.0,0.0,0.0,0.0,1.0,0
1480336329371945838,117,1480336329367305935,,0,0,46.518535614,6.56663227081,2.77602830977e-40,1.0,0.0,0.0,0.0,1.0,0.0,0.0,0.0,1.0,0
1480336329487064887,118,1480336329481623533,,0,0,46.518535614,6.56662988663,2.77602830977e-40,1.0,0.0,0.0,0.0,1.0,0.0,0.0,0.0,1.0,0
1480336329584848478,119,1480336329579952744,,0,0,46.5186500549,6.56654500961,2.77602830977e-40,1.0,0.0,0.0,0.0,1.0,0.0,0.0,0.0,1.0,0
1480336329682104470,120,1480336329679967563,,0,0,46.5186462402,6.56654119492,2.77602830977e-40,1.0,0.0,0.0,0.0,1.0,0.0,0.0,0.0,1.0,0
1480336329834395714,121,1480336329831051475,,0,0,46.5186424255,6.56653833389,2.77602830977e-40,1.0,0.0,0.0,0.0,1.0,0.0,0.0,0.0,1.0,0
1480336330092193912,122,1480336330088729570,,0,0,46.5185203552,6.56660079956,2.77602830977e-40,1.0,0.0,0.0,0.0,1.0,0.0,0.0,0.0,1.0,0
1480336330269083200,123,1480336330260825259,,0,0,46.5185241699,6.56659412384,2.77602830977e-40,1.0,0.0,0.0,0.0,1.0,0.0,0.0,0.0,1.0,0
1480336330466362241,124,1480336330463892942,,0,0,46.5185203552,6.56658792496,2.77602830977e-40,1.0,0.0,0.0,0.0,1.0,0.0,0.0,0.0,1.0,0
1480336330755560293,125,1480336330751472364,,0,0,46.5185317993,6.56657886505,2.77602830977e-40,1.0,0.0,0.0,0.0,1.0,0.0,0.0,0.0,1.0,0
1480336330971055044,126,1480336330967477891,,0,0,46.5185241699,6.56655836105,2.77602830977e-40,1.0,0.0,0.0,0.0,1.0,0.0,0.0,0.0,1.0,0
1480336331197139276,127,1480336331192123803,,0,0,46.5185241699,6.56654644012,2.77602830977e-40,1.0,0.0,0.0,0.0,1.0,0.0,0.0,0.0,1.0,0
1480336331350616706,128,1480336331344659732,,0,0,46.5185279846,6.56653642654,2.77602830977e-40,1.0,0.0,0.0,0.0,1.0,0.0,0.0,0.0,1.0,0
1480336331600074411,129,1480336331595450237,,0,0,46.5185203552,6.56651878357,2.77602830977e-40,1.0,0.0,0.0,0.0,1.0,0.0,0.0,0.0,1.0,0
1480336331865703524,130,1480336331859359262,,0,0,46.5185203552,6.56649923325,2.77602830977e-40,1.0,0.0,0.0,0.0,1.0,0.0,0.0,0.0,1.0,0
1480336332075044583,131,1480336332072581430,,0,0,46.5185203552,6.56648588181,2.77602830977e-40,1.0,0.0,0.0,0.0,1.0,0.0,0.0,0.0,1.0,0
1480336332291332347,132,1480336332287680299,,0,0,46.5185279846,6.56647396088,2.77602830977e-40,1.0,0.0,0.0,0.0,1.0,0.0,0.0,0.0,1.0,0
1480336332409461524,133,1480336332407039724,,0,0,46.5185279846,6.56645536423,2.77602830977e-40,1.0,0.0,0.0,0.0,1.0,0.0,0.0,0.0,1.0,0
1480336332616956664,134,1480336332612095929,,0,0,46.5185317993,6.56644248962,2.77602830977e-40,1.0,0.0,0.0,0.0,1.0,0.0,0.0,0.0,1.0,0
1480336332839415618,135,1480336332837341940,,0,0,46.5185203552,6.56641674042,2.77602830977e-40,1.0,0.0,0.0,0.0,1.0,0.0,0.0,0.0,1.0,0
1480336333052454195,136,1480336333050398329,,0,0,46.518535614,6.56640911102,2.77602830977e-40,1.0,0.0,0.0,0.0,1.0,0.0,0.0,0.0,1.0,0
1480336333250934734,137,1480336333248759026,,0,0,46.5185394287,6.56639385223,2.77602830977e-40,1.0,0.0,0.0,0.0,1.0,0.0,0.0,0.0,1.0,0
1480336333434877861,138,1480336333429620515,,0,0,46.5185508728,6.56638479233,2.77602830977e-40,1.0,0.0,0.0,0.0,1.0,0.0,0.0,0.0,1.0,0
1480336333635348850,139,1480336333632063933,,0,0,46.5185546875,6.56637191772,2.77602830977e-40,1.0,0.0,0.0,0.0,1.0,0.0,0.0,0.0,1.0,0
1480336333845505422,140,1480336333843134351,,0,0,46.5185623169,6.56635808945,2.77602830977e-40,1.0,0.0,0.0,0.0,1.0,0.0,0.0,0.0,1.0,0
1480336334016638985,141,1480336334013826460,,0,0,46.5185661316,6.56634187698,2.77602830977e-40,1.0,0.0,0.0,0.0,1.0,0.0,0.0,0.0,1.0,0
1480336334168005186,142,1480336334164557250,,0,0,46.5185661316,6.56632614136,2.77602830977e-40,1.0,0.0,0.0,0.0,1.0,0.0,0.0,0.0,1.0,0
1480336334267585947,143,1480336334263309478,,0,0,46.5185661316,6.56631755829,2.77602830977e-40,1.0,0.0,0.0,0.0,1.0,0.0,0.0,0.0,1.0,0
1480336334376537191,144,1480336334373833727,,0,0,46.5185661316,6.56630945206,2.77602830977e-40,1.0,0.0,0.0,0.0,1.0,0.0,0.0,0.0,1.0,0
1480336334475093535,145,1480336334472809807,,0,0,46.5185623169,6.56630086899,2.77602830977e-40,1.0,0.0,0.0,0.0,1.0,0.0,0.0,0.0,1.0,0
1480336334575387726,146,1480336334573050457,,0,0,46.5185661316,6.56629180908,2.77602830977e-40,1.0,0.0,0.0,0.0,1.0,0.0,0.0,0.0,1.0,0
1480336334706317561,147,1480336334704166436,,0,0,46.5185623169,6.56628370285,2.77602830977e-40,1.0,0.0,0.0,0.0,1.0,0.0,0.0,0.0,1.0,0
1480336334875328436,148,1480336334872516067,,0,0,46.5185585022,6.5662689209,2.77602830977e-40,1.0,0.0,0.0,0.0,1.0,0.0,0.0,0.0,1.0,0
1480336334986273931,149,1480336334981952827,,0,0,46.5185546875,6.56626224518,2.77602830977e-40,1.0,0.0,0.0,0.0,1.0,0.0,0.0,0.0,1.0,0
1480336335161974898,150,1480336335158304256,,0,0,46.5185546875,6.5662560463,2.77602830977e-40,1.0,0.0,0.0,0.0,1.0,0.0,0.0,0.0,1.0,0
1480336335374598843,151,1480336335372202147,,0,0,46.5185470581,6.56624603271,2.77602830977e-40,1.0,0.0,0.0,0.0,1.0,0.0,0.0,0.0,1.0,0
1480336335546415628,152,1480336335543246961,,0,0,46.518535614,6.56623792648,2.77602830977e-40,1.0,0.0,0.0,0.0,1.0,0.0,0.0,0.0,1.0,0
1480336335758959574,153,1480336335756923968,,0,0,46.5185241699,6.56623268127,2.77602830977e-40,1.0,0.0,0.0,0.0,1.0,0.0,0.0,0.0,1.0,0
1480336335933235294,154,1480336335929209760,,0,0,46.5185165405,6.56623077393,2.77602830977e-40,1.0,0.0,0.0,0.0,1.0,0.0,0.0,0.0,1.0,0
1480336336143405252,155,1480336336140409604,,0,0,46.5185012817,6.56622886658,2.77602830977e-40,1.0,0.0,0.0,0.0,1.0,0.0,0.0,0.0,1.0,0
1480336336418489794,156,1480336336414838944,,0,0,46.5184898376,6.56623029709,2.77602830977e-40,1.0,0.0,0.0,0.0,1.0,0.0,0.0,0.0,1.0,0
1480336336721136102,157,1480336336716450679,,0,0,46.5184745789,6.56623411179,2.77602830977e-40,1.0,0.0,0.0,0.0,1.0,0.0,0.0,0.0,1.0,0
1480336336963196327,158,1480336336960859214,,0,0,46.5184593201,6.56624364853,2.77602830977e-40,1.0,0.0,0.0,0.0,1.0,0.0,0.0,0.0,1.0,0
1480336337226915666,159,1480336337223798977,,0,0,46.518447876,6.56625032425,2.77602830977e-40,1.0,0.0,0.0,0.0,1.0,0.0,0.0,0.0,1.0,0
1480336337494910745,160,1480336337490697191,,0,0,46.5184364319,6.56626558304,2.77602830977e-40,1.0,0.0,0.0,0.0,1.0,0.0,0.0,0.0,1.0,0
1480336337688262062,161,1480336337682049883,,0,0,46.5184288025,6.56627607346,2.77602830977e-40,1.0,0.0,0.0,0.0,1.0,0.0,0.0,0.0,1.0,0
1480336337889728250,162,1480336337886879475,,0,0,46.5184211731,6.56628799438,2.77602830977e-40,1.0,0.0,0.0,0.0,1.0,0.0,0.0,0.0,1.0,0
1480336338053056367,163,1480336338050132957,,0,0,46.5184135437,6.56630086899,2.77602830977e-40,1.0,0.0,0.0,0.0,1.0,0.0,0.0,0.0,1.0,0
1480336338268564971,164,1480336338263868246,,0,0,46.5184059143,6.56631469727,2.77602830977e-40,1.0,0.0,0.0,0.0,1.0,0.0,0.0,0.0,1.0,0
1480336338438074591,165,1480336338434975767,,0,0,46.5184020996,6.56632900238,2.77602830977e-40,1.0,0.0,0.0,0.0,1.0,0.0,0.0,0.0,1.0,0
1480336338652241803,166,1480336338649218603,,0,0,46.5183944702,6.56634378433,2.77602830977e-40,1.0,0.0,0.0,0.0,1.0,0.0,0.0,0.0,1.0,0
1480336338845537861,167,1480336338841655658,,0,0,46.5183906555,6.56635904312,2.77602830977e-40,1.0,0.0,0.0,0.0,1.0,0.0,0.0,0.0,1.0,0
1480336339047928154,168,1480336339043465801,,0,0,46.5183868408,6.56637430191,2.77602830977e-40,1.0,0.0,0.0,0.0,1.0,0.0,0.0,0.0,1.0,0
1480336339262106042,169,1480336339255843446,,0,0,46.5183830261,6.56638908386,2.77602830977e-40,1.0,0.0,0.0,0.0,1.0,0.0,0.0,0.0,1.0,0
1480336339411404815,170,1480336339408507082,,0,0,46.5183792114,6.56640338898,2.77602830977e-40,1.0,0.0,0.0,0.0,1.0,0.0,0.0,0.0,1.0,0
1480336339628812412,171,1480336339622757991,,0,0,46.5183753967,6.56641721725,2.77602830977e-40,1.0,0.0,0.0,0.0,1.0,0.0,0.0,0.0,1.0,0
1480336339861091480,172,1480336339858917386,,0,0,46.518371582,6.56643009186,2.77602830977e-40,1.0,0.0,0.0,0.0,1.0,0.0,0.0,0.0,1.0,0
1480336340002217206,173,1480336339999999519,,0,0,46.518371582,6.5664434433,2.77602830977e-40,1.0,0.0,0.0,0.0,1.0,0.0,0.0,0.0,1.0,0
1480336340244153213,174,1480336340241136002,,0,0,46.518371582,6.56645536423,2.77602830977e-40,1.0,0.0,0.0,0.0,1.0,0.0,0.0,0.0,1.0,0
1480336340463214752,175,1480336340424471791,,0,0,46.518371582,6.56646680832,2.77602830977e-40,1.0,0.0,0.0,0.0,1.0,0.0,0.0,0.0,1.0,0
1480336340612573941,176,1480336340609180380,,0,0,46.518371582,6.56647729874,2.77602830977e-40,1.0,0.0,0.0,0.0,1.0,0.0,0.0,0.0,1.0,0
1480336340774311813,177,1480336340771079500,,0,0,46.5183753967,6.56648731232,2.77602830977e-40,1.0,0.0,0.0,0.0,1.0,0.0,0.0,0.0,1.0,0
1480336340874574078,178,1480336340872239048,,0,0,46.5183753967,6.56649208069,2.77602830977e-40,1.0,0.0,0.0,0.0,1.0,0.0,0.0,0.0,1.0,0
1480336341007558997,179,1480336341004876106,,0,0,46.5183792114,6.56649637222,2.77602830977e-40,1.0,0.0,0.0,0.0,1.0,0.0,0.0,0.0,1.0,0
1480336341268310187,180,1480336341262870396,,0,0,46.5183830261,6.56650495529,2.77602830977e-40,1.0,0.0,0.0,0.0,1.0,0.0,0.0,0.0,1.0,0
1480336341533471804,181,1480336341531079275,,0,0,46.5183868408,6.56651306152,2.77602830977e-40,1.0,0.0,0.0,0.0,1.0,0.0,0.0,0.0,1.0,0
1480336341748895618,182,1480336341746319705,,0,0,46.5183944702,6.56652450562,2.77602830977e-40,1.0,0.0,0.0,0.0,1.0,0.0,0.0,0.0,1.0,0
1480336341952401786,183,1480336341950137016,,0,0,46.5183982849,6.56653213501,2.77602830977e-40,1.0,0.0,0.0,0.0,1.0,0.0,0.0,0.0,1.0,0
1480336342147140850,184,1480336342144326138,,0,0,46.5184059143,6.56653928757,2.77602830977e-40,1.0,0.0,0.0,0.0,1.0,0.0,0.0,0.0,1.0,0
1480336342390454656,185,1480336342387724943,,0,0,46.518409729,6.56654548645,2.77602830977e-40,1.0,0.0,0.0,0.0,1.0,0.0,0.0,0.0,1.0,0
1480336342585763299,186,1480336342583279990,,0,0,46.5184173584,6.56655168533,2.77602830977e-40,1.0,0.0,0.0,0.0,1.0,0.0,0.0,0.0,1.0,0
1480336342715254710,187,1480336342712671506,,0,0,46.5184211731,6.56655788422,2.77602830977e-40,1.0,0.0,0.0,0.0,1.0,0.0,0.0,0.0,1.0,0
1480336342995054884,188,1480336342989962797,,0,0,46.5184288025,6.56656312943,2.77602830977e-40,1.0,0.0,0.0,0.0,1.0,0.0,0.0,0.0,1.0,0
1480336343188520055,189,1480336343184459156,,0,0,46.5184326172,6.56656837463,2.77602830977e-40,1.0,0.0,0.0,0.0,1.0,0.0,0.0,0.0,1.0,0
1480336343442446623,190,1480336343439456965,,0,0,46.5184402466,6.56657266617,2.77602830977e-40,1.0,0.0,0.0,0.0,1.0,0.0,0.0,0.0,1.0,0
1480336343715471133,191,1480336343713383393,,0,0,46.518447876,6.56657648087,2.77602830977e-40,1.0,0.0,0.0,0.0,1.0,0.0,0.0,0.0,1.0,0
1480336343882660150,192,1480336343878677168,,0,0,46.5184593201,6.56657934189,2.77602830977e-40,1.0,0.0,0.0,0.0,1.0,0.0,0.0,0.0,1.0,0
1480336344094031920,193,1480336344090268727,,0,0,46.5184631348,6.56657981873,2.77602830977e-40,1.0,0.0,0.0,0.0,1.0,0.0,0.0,0.0,1.0,0
1480336344293021673,194,1480336344290735601,,0,0,46.5184669495,6.56658124924,2.77602830977e-40,1.0,0.0,0.0,0.0,1.0,0.0,0.0,0.0,1.0,0
1480336344645622865,195,1480336344642242898,,0,0,46.5184783936,6.56658267975,2.77602830977e-40,1.0,0.0,0.0,0.0,1.0,0.0,0.0,0.0,1.0,0
1480336344900504060,196,1480336344898147989,,0,0,46.5184860229,6.56658124924,2.77602830977e-40,1.0,0.0,0.0,0.0,1.0,0.0,0.0,0.0,1.0,0
1480336345136133253,197,1480336345133333852,,0,0,46.518497467,6.56657791138,2.77602830977e-40,1.0,0.0,0.0,0.0,1.0,0.0,0.0,0.0,1.0,0
1480336345384907527,198,1480336345367647068,,0,0,46.5185012817,6.56657409668,2.77602830977e-40,1.0,0.0,0.0,0.0,1.0,0.0,0.0,0.0,1.0,0
1480336345563513726,199,1480336345560586150,,0,0,46.5184936523,6.56656455994,2.77602830977e-40,1.0,0.0,0.0,0.0,1.0,0.0,0.0,0.0,1.0,0
1480336345769051802,200,1480336345763897997,,0,0,46.518497467,6.5665602684,2.77602830977e-40,1.0,0.0,0.0,0.0,1.0,0.0,0.0,0.0,1.0,0
1480336346061649405,201,1480336346058517820,,0,0,46.5185127258,6.56656122208,2.77602830977e-40,1.0,0.0,0.0,0.0,1.0,0.0,0.0,0.0,1.0,0
1480336346440321961,202,1480336346438065368,,0,0,46.5185241699,6.56655502319,2.77602830977e-40,1.0,0.0,0.0,0.0,1.0,0.0,0.0,0.0,1.0,0
1480336346778944850,203,1480336346775952223,,0,0,46.5185317993,6.56654071808,2.77602830977e-40,1.0,0.0,0.0,0.0,1.0,0.0,0.0,0.0,1.0,0
1480336347152312666,204,1480336347150094042,,0,0,46.5185317993,6.56652736664,2.77602830977e-40,1.0,0.0,0.0,0.0,1.0,0.0,0.0,0.0,1.0,0
1480336347476589444,205,1480336347474523266,,0,0,46.5185432434,6.56651067734,2.77602830977e-40,1.0,0.0,0.0,0.0,1.0,0.0,0.0,0.0,1.0,0
1480336347842496914,206,1480336347840078969,,0,0,46.5185508728,6.56649446487,2.77602830977e-40,1.0,0.0,0.0,0.0,1.0,0.0,0.0,0.0,1.0,0
1480336348240555326,207,1480336348235426261,,0,0,46.5185546875,6.56646728516,2.77602830977e-40,1.0,0.0,0.0,0.0,1.0,0.0,0.0,0.0,1.0,0
1480336348550322451,208,1480336348542123572,,0,0,46.5185699463,6.56644296646,2.77602830977e-40,1.0,0.0,0.0,0.0,1.0,0.0,0.0,0.0,1.0,0
1480336348800250881,209,1480336348797786270,,0,0,46.5185775757,6.56642103195,2.77602830977e-40,1.0,0.0,0.0,0.0,1.0,0.0,0.0,0.0,1.0,0
1480336348950743392,210,1480336348947915138,,0,0,46.5185852051,6.56641054153,2.77602830977e-40,1.0,0.0,0.0,0.0,1.0,0.0,0.0,0.0,1.0,0
1480336349169940347,211,1480336349166479078,,0,0,46.5185890198,6.56640100479,2.77602830977e-40,1.0,0.0,0.0,0.0,1.0,0.0,0.0,0.0,1.0,0
1480336349350876628,212,1480336349342529989,,0,0,46.5185852051,6.56637191772,2.77602830977e-40,1.0,0.0,0.0,0.0,1.0,0.0,0.0,0.0,1.0,0
1480336349578430533,213,1480336349574369479,,0,0,46.5186004639,6.56637859344,2.77602830977e-40,1.0,0.0,0.0,0.0,1.0,0.0,0.0,0.0,1.0,0
1480336349791583796,214,1480336349788550804,,0,0,46.5186042786,6.56635570526,2.77602830977e-40,1.0,0.0,0.0,0.0,1.0,0.0,0.0,0.0,1.0,0
1480336349960159050,215,1480336349957566002,,0,0,46.518611908,6.56634950638,2.77602830977e-40,1.0,0.0,0.0,0.0,1.0,0.0,0.0,0.0,1.0,0
1480336350068609674,216,1480336350066021105,,0,0,46.5186195374,6.56633281708,2.77602830977e-40,1.0,0.0,0.0,0.0,1.0,0.0,0.0,0.0,1.0,0
1480336350175528750,217,1480336350173028357,,0,0,46.5186157227,6.56632471085,2.77602830977e-40,1.0,0.0,0.0,0.0,1.0,0.0,0.0,0.0,1.0,0
1480336350324515702,218,1480336350321802031,,0,0,46.5186157227,6.56631660461,2.77602830977e-40,1.0,0.0,0.0,0.0,1.0,0.0,0.0,0.0,1.0,0
1480336350548244801,219,1480336350545354464,,0,0,46.5186195374,6.5662984848,2.77602830977e-40,1.0,0.0,0.0,0.0,1.0,0.0,0.0,0.0,1.0,0
1480336350690609265,220,1480336350686204881,,0,0,46.5186157227,6.56628131866,2.77602830977e-40,1.0,0.0,0.0,0.0,1.0,0.0,0.0,0.0,1.0,0
1480336350809137344,221,1480336350805502587,,0,0,46.5186271667,6.56626558304,2.77602830977e-40,1.0,0.0,0.0,0.0,1.0,0.0,0.0,0.0,1.0,0
1480336350985848562,222,1480336350974815074,,0,0,46.5186080933,6.56625747681,2.77602830977e-40,1.0,0.0,0.0,0.0,1.0,0.0,0.0,0.0,1.0,0
1480336351086015827,223,1480336351082221645,,0,0,46.5186080933,6.56624889374,2.77602830977e-40,1.0,0.0,0.0,0.0,1.0,0.0,0.0,0.0,1.0,0
1480336351337211433,224,1480336351334595729,,0,0,46.5186042786,6.56624078751,2.77602830977e-40,1.0,0.0,0.0,0.0,1.0,0.0,0.0,0.0,1.0,0
1480336351632114222,225,1480336351629748463,,0,0,46.5185928345,6.56621932983,2.77602830977e-40,1.0,0.0,0.0,0.0,1.0,0.0,0.0,0.0,1.0,0
1480336351939310122,226,1480336351937160976,,0,0,46.5185813904,6.56621074677,2.77602830977e-40,1.0,0.0,0.0,0.0,1.0,0.0,0.0,0.0,1.0,0
1480336352234954883,227,1480336352232810789,,0,0,46.5186004639,6.56618595123,2.77602830977e-40,1.0,0.0,0.0,0.0,1.0,0.0,0.0,0.0,1.0,0
1480336352540688662,228,1480336352538168113,,0,0,46.5185394287,6.56616735458,2.77602830977e-40,1.0,0.0,0.0,0.0,1.0,0.0,0.0,0.0,1.0,0
1480336352904532663,229,1480336352902468776,,0,0,46.5185394287,6.56616592407,2.77602830977e-40,1.0,0.0,0.0,0.0,1.0,0.0,0.0,0.0,1.0,0
1480336353305444068,230,1480336353302485138,,0,0,46.5185012817,6.56615018845,2.77602830977e-40,1.0,0.0,0.0,0.0,1.0,0.0,0.0,0.0,1.0,0
1480336353704257733,231,1480336353700486154,,0,0,46.5184745789,6.56615018845,2.77602830977e-40,1.0,0.0,0.0,0.0,1.0,0.0,0.0,0.0,1.0,0
1480336354124049998,232,1480336354118477447,,0,0,46.518447876,6.56615877151,2.77602830977e-40,1.0,0.0,0.0,0.0,1.0,0.0,0.0,0.0,1.0,0
1480336354516647316,233,1480336354514429629,,0,0,46.5184288025,6.56616926193,2.77602830977e-40,1.0,0.0,0.0,0.0,1.0,0.0,0.0,0.0,1.0,0
1480336354825365285,234,1480336354821556884,,0,0,46.5183982849,6.56618928909,2.77602830977e-40,1.0,0.0,0.0,0.0,1.0,0.0,0.0,0.0,1.0,0
1480336355151377358,235,1480336355149075557,,0,0,46.5183906555,6.56620311737,2.77602830977e-40,1.0,0.0,0.0,0.0,1.0,0.0,0.0,0.0,1.0,0
1480336355428044541,236,1480336355425640502,,0,0,46.5183792114,6.56621932983,2.77602830977e-40,1.0,0.0,0.0,0.0,1.0,0.0,0.0,0.0,1.0,0
1480336355728069989,237,1480336355723046652,,0,0,46.518371582,6.56623697281,2.77602830977e-40,1.0,0.0,0.0,0.0,1.0,0.0,0.0,0.0,1.0,0
1480336355972241235,238,1480336355969285222,,0,0,46.5183639526,6.56625509262,2.77602830977e-40,1.0,0.0,0.0,0.0,1.0,0.0,0.0,0.0,1.0,0
1480336356145981700,239,1480336356143896980,,0,0,46.5183639526,6.56626367569,2.77602830977e-40,1.0,0.0,0.0,0.0,1.0,0.0,0.0,0.0,1.0,0
1480336356336317317,240,1480336356334281660,,0,0,46.5183601379,6.56627750397,2.77602830977e-40,1.0,0.0,0.0,0.0,1.0,0.0,0.0,0.0,1.0,0
1480336356559434495,241,1480336356556139839,,0,0,46.5183563232,6.56629180908,2.77602830977e-40,1.0,0.0,0.0,0.0,1.0,0.0,0.0,0.0,1.0,0
1480336356783513902,242,1480336356780303829,,0,0,46.5184783936,6.56622171402,2.77602830977e-40,1.0,0.0,0.0,0.0,1.0,0.0,0.0,0.0,1.0,0
1480336356988091674,243,1480336356984977017,,0,0,46.5184860229,6.56623125076,2.77602830977e-40,1.0,0.0,0.0,0.0,1.0,0.0,0.0,0.0,1.0,0
1480336357193948757,244,1480336357189191876,,0,0,46.5183334351,6.56634902954,2.77602830977e-40,1.0,0.0,0.0,0.0,1.0,0.0,0.0,0.0,1.0,0
1480336357405993385,245,1480336357403550492,,0,0,46.5183448792,6.56635570526,2.77602830977e-40,1.0,0.0,0.0,0.0,1.0,0.0,0.0,0.0,1.0,0
1480336357699506604,246,1480336357696636267,,0,0,46.5183906555,6.56634759903,2.77602830977e-40,1.0,0.0,0.0,0.0,1.0,0.0,0.0,0.0,1.0,0
1480336358074935962,247,1480336358071960939,,0,0,46.5183753967,6.56638097763,2.77602830977e-40,1.0,0.0,0.0,0.0,1.0,0.0,0.0,0.0,1.0,0
1480336358372304457,248,1480336358369723180,,0,0,46.5184059143,6.5663819313,2.77602830977e-40,1.0,0.0,0.0,0.0,1.0,0.0,0.0,0.0,1.0,0
1480336358652610772,249,1480336358649926162,,0,0,46.5184020996,6.56640863419,2.77602830977e-40,1.0,0.0,0.0,0.0,1.0,0.0,0.0,0.0,1.0,0
1480336359007134706,250,1480336359002567302,,0,0,46.5184288025,6.5664229393,2.77602830977e-40,1.0,0.0,0.0,0.0,1.0,0.0,0.0,0.0,1.0,0
1480336359455559352,251,1480336359452309123,,0,0,46.5184326172,6.56644487381,2.77602830977e-40,1.0,0.0,0.0,0.0,1.0,0.0,0.0,0.0,1.0,0
1480336359806277126,252,1480336359800754731,,0,0,46.5184555054,6.56645488739,2.77602830977e-40,1.0,0.0,0.0,0.0,1.0,0.0,0.0,0.0,1.0,0
1480336360181417685,253,1480336360177390015,,0,0,46.5184707642,6.5664563179,2.77602830977e-40,1.0,0.0,0.0,0.0,1.0,0.0,0.0,0.0,1.0,0
1480336360467183062,254,1480336360464776991,,0,0,46.5184860229,6.56645298004,2.77602830977e-40,1.0,0.0,0.0,0.0,1.0,0.0,0.0,0.0,1.0,0
1480336360731889787,255,1480336360728430237,,0,0,46.5184783936,6.56645822525,2.77602830977e-40,1.0,0.0,0.0,0.0,1.0,0.0,0.0,0.0,1.0,0
1480336360990332302,256,1480336360984078351,,0,0,46.5184936523,6.56645154953,2.77602830977e-40,1.0,0.0,0.0,0.0,1.0,0.0,0.0,0.0,1.0,0
1480336361362349922,257,1480336361360337025,,0,0,46.5185050964,6.56642913818,2.77602830977e-40,1.0,0.0,0.0,0.0,1.0,0.0,0.0,0.0,1.0,0
1480336361779360860,258,1480336361775041630,,0,0,46.5185089111,6.56644392014,2.77602830977e-40,1.0,0.0,0.0,0.0,1.0,0.0,0.0,0.0,1.0,0
1480336362270390252,259,1480336362265390925,,0,0,46.5185394287,6.56643390656,2.77602830977e-40,1.0,0.0,0.0,0.0,1.0,0.0,0.0,0.0,1.0,0
1480336362811437654,260,1480336362808235914,,0,0,46.5185661316,6.56641149521,2.77602830977e-40,1.0,0.0,0.0,0.0,1.0,0.0,0.0,0.0,1.0,0
1480336363319945993,261,1480336363316923834,,0,0,46.5186004639,6.56638908386,2.77602830977e-40,1.0,0.0,0.0,0.0,1.0,0.0,0.0,0.0,1.0,0
1480336363833414961,262,1480336363830654727,,0,0,46.5186271667,6.56637334824,2.77602830977e-40,1.0,0.0,0.0,0.0,1.0,0.0,0.0,0.0,1.0,0
1480336364296208844,263,1480336364293240018,,0,0,46.518661499,6.56631183624,2.77602830977e-40,1.0,0.0,0.0,0.0,1.0,0.0,0.0,0.0,1.0,0
1480336364715751841,264,1480336364711522923,,0,0,46.5186386108,6.56628751755,2.77602830977e-40,1.0,0.0,0.0,0.0,1.0,0.0,0.0,0.0,1.0,0
1480336365114273217,265,1480336365111891365,,0,0,46.5186386108,6.56625413895,2.77602830977e-40,1.0,0.0,0.0,0.0,1.0,0.0,0.0,0.0,1.0,0
1480336365507329541,266,1480336365504148530,,0,0,46.5186309814,6.56622266769,2.77602830977e-40,1.0,0.0,0.0,0.0,1.0,0.0,0.0,0.0,1.0,0
1480336365886551936,267,1480336365882696921,,0,0,46.518611908,6.56616258621,2.77602830977e-40,1.0,0.0,0.0,0.0,1.0,0.0,0.0,0.0,1.0,0
1480336366205542254,268,1480336366199214971,,0,0,46.5185852051,6.56610822678,2.77602830977e-40,1.0,0.0,0.0,0.0,1.0,0.0,0.0,0.0,1.0,0
1480336366631705916,269,1480336366628879589,,0,0,46.5185890198,6.5661315918,2.77602830977e-40,1.0,0.0,0.0,0.0,1.0,0.0,0.0,0.0,1.0,0
1480336367041861868,270,1480336367038909136,,0,0,46.5185699463,6.56612062454,2.77602830977e-40,1.0,0.0,0.0,0.0,1.0,0.0,0.0,0.0,1.0,0
1480336367301547183,271,1480336367295869269,,0,0,46.5185317993,6.56610298157,2.77602830977e-40,1.0,0.0,0.0,0.0,1.0,0.0,0.0,0.0,1.0,0
1480336367637497806,272,1480336367634197317,,0,0,46.5185127258,6.56609916687,2.77602830977e-40,1.0,0.0,0.0,0.0,1.0,0.0,0.0,0.0,1.0,0
1480336367931374147,273,1480336367929059742,,0,0,46.5185050964,6.56613302231,2.77602830977e-40,1.0,0.0,0.0,0.0,1.0,0.0,0.0,0.0,1.0,0
1480336368241267886,274,1480336368237136519,,0,0,46.5184783936,6.56613922119,2.77602830977e-40,1.0,0.0,0.0,0.0,1.0,0.0,0.0,0.0,1.0,0
1480336368454846613,275,1480336368452072056,,0,0,46.5184631348,6.56615447998,2.77602830977e-40,1.0,0.0,0.0,0.0,1.0,0.0,0.0,0.0,1.0,0
1480336368648688082,276,1480336368645182179,,0,0,46.5184555054,6.56616210938,2.77602830977e-40,1.0,0.0,0.0,0.0,1.0,0.0,0.0,0.0,1.0,0
1480336368948742124,277,1480336368946077097,,0,0,46.5184402466,6.56617069244,2.77602830977e-40,1.0,0.0,0.0,0.0,1.0,0.0,0.0,0.0,1.0,0
1480336369235918789,278,1480336369233660374,,0,0,46.5184288025,6.56617259979,2.77602830977e-40,1.0,0.0,0.0,0.0,1.0,0.0,0.0,0.0,1.0,0
1480336369549168381,279,1480336369544058795,,0,0,46.5184173584,6.566198349,2.77602830977e-40,1.0,0.0,0.0,0.0,1.0,0.0,0.0,0.0,1.0,0
1480336369925399607,280,1480336369922214065,,0,0,46.5184402466,6.56621646881,2.77602830977e-40,1.0,0.0,0.0,0.0,1.0,0.0,0.0,0.0,1.0,0
1480336370230603807,281,1480336370227493577,,0,0,46.5183753967,6.56623649597,2.77602830977e-40,1.0,0.0,0.0,0.0,1.0,0.0,0.0,0.0,1.0,0
1480336370539563909,282,1480336370536521803,,0,0,46.5183563232,6.56624984741,2.77602830977e-40,1.0,0.0,0.0,0.0,1.0,0.0,0.0,0.0,1.0,0
1480336370905382162,283,1480336370900237212,,0,0,46.5183410645,6.5662612915,2.77602830977e-40,1.0,0.0,0.0,0.0,1.0,0.0,0.0,0.0,1.0,0
1480336371347263642,284,1480336371344683354,,0,0,46.5183296204,6.56629753113,2.77602830977e-40,1.0,0.0,0.0,0.0,1.0,0.0,0.0,0.0,1.0,0
1480336371672483223,285,1480336371670029705,,0,0,46.5183372498,6.56631422043,2.77602830977e-40,1.0,0.0,0.0,0.0,1.0,0.0,0.0,0.0,1.0,0
1480336371926487968,286,1480336371923622683,,0,0,46.5183334351,6.56633996964,2.77602830977e-40,1.0,0.0,0.0,0.0,1.0,0.0,0.0,0.0,1.0,0
1480336372212320167,287,1480336372209719463,,0,0,46.5183486938,6.56637811661,2.77602830977e-40,1.0,0.0,0.0,0.0,1.0,0.0,0.0,0.0,1.0,0
1480336372387668116,288,1480336372385051891,,0,0,46.5183334351,6.56636953354,2.77602830977e-40,1.0,0.0,0.0,0.0,1.0,0.0,0.0,0.0,1.0,0
1480336372587923117,289,1480336372581083964,,0,0,46.5183334351,6.56636571884,2.77602830977e-40,1.0,0.0,0.0,0.0,1.0,0.0,0.0,0.0,1.0,0
1480336372769233561,290,1480336372766231351,,0,0,46.5183334351,6.5663895607,2.77602830977e-40,1.0,0.0,0.0,0.0,1.0,0.0,0.0,0.0,1.0,0
1480336372892368679,291,1480336372889505321,,0,0,46.5183296204,6.56642007828,2.77602830977e-40,1.0,0.0,0.0,0.0,1.0,0.0,0.0,0.0,1.0,0
1480336373089953394,292,1480336373086500042,,0,0,46.5183563232,6.56645107269,2.77602830977e-40,1.0,0.0,0.0,0.0,1.0,0.0,0.0,0.0,1.0,0
1480336373290897555,293,1480336373288385861,,0,0,46.5183639526,6.56645822525,2.77602830977e-40,1.0,0.0,0.0,0.0,1.0,0.0,0.0,0.0,1.0,0
1480336373492588220,294,1480336373490416105,,0,0,46.5183601379,6.56643342972,2.77602830977e-40,1.0,0.0,0.0,0.0,1.0,0.0,0.0,0.0,1.0,0
1480336373694343051,295,1480336373692579370,,0,0,46.5183792114,6.56645059586,2.77602830977e-40,1.0,0.0,0.0,0.0,1.0,0.0,0.0,0.0,1.0,0
1480336373890351009,296,1480336373888156968,,0,0,46.5183868408,6.56645202637,2.77602830977e-40,1.0,0.0,0.0,0.0,1.0,0.0,0.0,0.0,1.0,0
1480336374080563816,297,1480336374075517302,,0,0,46.5183906555,6.56646299362,2.77602830977e-40,1.0,0.0,0.0,0.0,1.0,0.0,0.0,0.0,1.0,0
1480336374183529388,298,1480336374179930048,,0,0,46.5184211731,6.56646680832,2.77602830977e-40,1.0,0.0,0.0,0.0,1.0,0.0,0.0,0.0,1.0,0
1480336374388499136,299,1480336374386459780,,0,0,46.5184326172,6.56646823883,2.77602830977e-40,1.0,0.0,0.0,0.0,1.0,0.0,0.0,0.0,1.0,0
1480336374587270193,300,1480336374583312471,,0,0,46.5184211731,6.56646442413,2.77602830977e-40,1.0,0.0,0.0,0.0,1.0,0.0,0.0,0.0,1.0,0
1480336374803650195,301,1480336374800043355,,0,0,46.5184211731,6.56648015976,2.77602830977e-40,1.0,0.0,0.0,0.0,1.0,0.0,0.0,0.0,1.0,0
1480336375000526271,302,1480336374994316174,,0,0,46.5184288025,6.56650114059,2.77602830977e-40,1.0,0.0,0.0,0.0,1.0,0.0,0.0,0.0,1.0,0
1480336375201992823,303,1480336375197349326,,0,0,46.5184326172,6.56650018692,2.77602830977e-40,1.0,0.0,0.0,0.0,1.0,0.0,0.0,0.0,1.0,0
1480336375534948580,304,1480336375532624175,,0,0,46.5184516907,6.5664973259,2.77602830977e-40,1.0,0.0,0.0,0.0,1.0,0.0,0.0,0.0,1.0,0
1480336376000905349,305,1480336375998882712,,0,0,46.5184516907,6.56649494171,2.77602830977e-40,1.0,0.0,0.0,0.0,1.0,0.0,0.0,0.0,1.0,0
1480336376497664790,306,1480336376494717058,,0,0,46.5184745789,6.56648349762,2.77602830977e-40,1.0,0.0,0.0,0.0,1.0,0.0,0.0,0.0,1.0,0
1480336376903944581,307,1480336376899887016,,0,0,46.5184936523,6.56647396088,2.77602830977e-40,1.0,0.0,0.0,0.0,1.0,0.0,0.0,0.0,1.0,0
1480336377266216410,308,1480336377263750757,,0,0,46.5185317993,6.56646347046,2.77602830977e-40,1.0,0.0,0.0,0.0,1.0,0.0,0.0,0.0,1.0,0
1480336377569079487,309,1480336377561623673,,0,0,46.5185317993,6.56646251678,2.77602830977e-40,1.0,0.0,0.0,0.0,1.0,0.0,0.0,0.0,1.0,0
1480336377688358132,310,1480336377685044726,,0,0,46.5185241699,6.56646537781,2.77602830977e-40,1.0,0.0,0.0,0.0,1.0,0.0,0.0,0.0,1.0,0
1480336377886214354,311,1480336377882062363,,0,0,46.5185432434,6.56646203995,2.77602830977e-40,1.0,0.0,0.0,0.0,1.0,0.0,0.0,0.0,1.0,0
1480336378095982441,312,1480336378089090268,,0,0,46.5185623169,6.56645679474,2.77602830977e-40,1.0,0.0,0.0,0.0,1.0,0.0,0.0,0.0,1.0,0
1480336378411816852,313,1480336378408545425,,0,0,46.518573761,6.5664601326,2.77602830977e-40,1.0,0.0,0.0,0.0,1.0,0.0,0.0,0.0,1.0,0
1480336378932206639,314,1480336378929501301,,0,0,46.5185852051,6.56645584106,2.77602830977e-40,1.0,0.0,0.0,0.0,1.0,0.0,0.0,0.0,1.0,0
1480336379261244673,315,1480336379258878133,,0,0,46.5185852051,6.56643676758,2.77602830977e-40,1.0,0.0,0.0,0.0,1.0,0.0,0.0,0.0,1.0,0
1480336379530590572,316,1480336379528004764,,0,0,46.5186004639,6.5664229393,2.77602830977e-40,1.0,0.0,0.0,0.0,1.0,0.0,0.0,0.0,1.0,0
1480336379809884136,317,1480336379805892039,,0,0,46.5185928345,6.56640052795,2.77602830977e-40,1.0,0.0,0.0,0.0,1.0,0.0,0.0,0.0,1.0,0
1480336380102541270,318,1480336380096332476,,0,0,46.5186004639,6.5663728714,2.77602830977e-40,1.0,0.0,0.0,0.0,1.0,0.0,0.0,0.0,1.0,0
1480336380375505624,319,1480336380372389925,,0,0,46.5186042786,6.5663819313,2.77602830977e-40,1.0,0.0,0.0,0.0,1.0,0.0,0.0,0.0,1.0,0
1480336380528525507,320,1480336380525691472,,0,0,46.5186157227,6.56636047363,2.77602830977e-40,1.0,0.0,0.0,0.0,1.0,0.0,0.0,0.0,1.0,0
1480336380823464806,321,1480336380820499366,,0,0,46.5186080933,6.56634044647,2.77602830977e-40,1.0,0.0,0.0,0.0,1.0,0.0,0.0,0.0,1.0,0
1480336381068931404,322,1480336381066343460,,0,0,46.5186042786,6.56630516052,2.77602830977e-40,1.0,0.0,0.0,0.0,1.0,0.0,0.0,0.0,1.0,0
1480336381286502228,323,1480336381284258344,,0,0,46.5185966492,6.56629323959,2.77602830977e-40,1.0,0.0,0.0,0.0,1.0,0.0,0.0,0.0,1.0,0
1480336381554977563,324,1480336381552550868,,0,0,46.5185966492,6.56631135941,2.77602830977e-40,1.0,0.0,0.0,0.0,1.0,0.0,0.0,0.0,1.0,0
1480336381819935328,325,1480336381817204469,,0,0,46.5185813904,6.56626701355,2.77602830977e-40,1.0,0.0,0.0,0.0,1.0,0.0,0.0,0.0,1.0,0
1480336381938980589,326,1480336381935746610,,0,0,46.518573761,6.56624078751,2.77602830977e-40,1.0,0.0,0.0,0.0,1.0,0.0,0.0,0.0,1.0,0
1480336382110772895,327,1480336382108602083,,0,0,46.5185775757,6.56624364853,2.77602830977e-40,1.0,0.0,0.0,0.0,1.0,0.0,0.0,0.0,1.0,0
1480336382315533426,328,1480336382312456737,,0,0,46.5185699463,6.56624031067,2.77602830977e-40,1.0,0.0,0.0,0.0,1.0,0.0,0.0,0.0,1.0,0
1480336382530463078,329,1480336382527847739,,0,0,46.5185546875,6.56622076035,2.77602830977e-40,1.0,0.0,0.0,0.0,1.0,0.0,0.0,0.0,1.0,0
1480336382765993053,330,1480336382764319111,,0,0,46.5185470581,6.56623744965,2.77602830977e-40,1.0,0.0,0.0,0.0,1.0,0.0,0.0,0.0,1.0,0
1480336382952410375,331,1480336382950049043,,0,0,46.518535614,6.5662317276,2.77602830977e-40,1.0,0.0,0.0,0.0,1.0,0.0,0.0,0.0,1.0,0
1480336383138108693,332,1480336383134888620,,0,0,46.5185279846,6.56624507904,2.77602830977e-40,1.0,0.0,0.0,0.0,1.0,0.0,0.0,0.0,1.0,0
1480336383353649797,333,1480336383351446642,,0,0,46.5185165405,6.56623077393,2.77602830977e-40,1.0,0.0,0.0,0.0,1.0,0.0,0.0,0.0,1.0,0
1480336383508121125,334,1480336383505647607,,0,0,46.5185050964,6.56624078751,2.77602830977e-40,1.0,0.0,0.0,0.0,1.0,0.0,0.0,0.0,1.0,0
1480336383723601969,335,1480336383721155638,,0,0,46.518497467,6.56624126434,2.77602830977e-40,1.0,0.0,0.0,0.0,1.0,0.0,0.0,0.0,1.0,0
1480336383926422467,336,1480336383924444673,,0,0,46.5184860229,6.56625747681,2.77602830977e-40,1.0,0.0,0.0,0.0,1.0,0.0,0.0,0.0,1.0,0
1480336384132189394,337,1480336384128335577,,0,0,46.5184707642,6.56626605988,2.77602830977e-40,1.0,0.0,0.0,0.0,1.0,0.0,0.0,0.0,1.0,0
1480336384335763895,338,1480336384333529541,,0,0,46.5184669495,6.56627941132,2.77602830977e-40,1.0,0.0,0.0,0.0,1.0,0.0,0.0,0.0,1.0,0
1480336384555402355,339,1480336384552767745,,0,0,46.5184211731,6.56627893448,2.77602830977e-40,1.0,0.0,0.0,0.0,1.0,0.0,0.0,0.0,1.0,0
1480336384761648185,340,1480336384758454205,,0,0,46.5184402466,6.56629228592,2.77602830977e-40,1.0,0.0,0.0,0.0,1.0,0.0,0.0,0.0,1.0,0
1480336384946556354,341,1480336384944505228,,0,0,46.5184516907,6.56630039215,2.77602830977e-40,1.0,0.0,0.0,0.0,1.0,0.0,0.0,0.0,1.0,0
1480336385135317508,342,1480336385132352745,,0,0,46.5184402466,6.56631040573,2.77602830977e-40,1.0,0.0,0.0,0.0,1.0,0.0,0.0,0.0,1.0,0
1480336385389703291,343,1480336385385909265,,0,0,46.5184326172,6.56631612778,2.77602830977e-40,1.0,0.0,0.0,0.0,1.0,0.0,0.0,0.0,1.0,0
1480336385694584265,344,1480336385691992259,,0,0,46.5184173584,6.56632852554,2.77602830977e-40,1.0,0.0,0.0,0.0,1.0,0.0,0.0,0.0,1.0,0
1480336385968260540,345,1480336385965913427,,0,0,46.5184326172,6.56632709503,2.77602830977e-40,1.0,0.0,0.0,0.0,1.0,0.0,0.0,0.0,1.0,0
1480336386185348869,346,1480336386183096390,,0,0,46.5184059143,6.56633138657,2.77602830977e-40,1.0,0.0,0.0,0.0,1.0,0.0,0.0,0.0,1.0,0
1480336386478014127,347,1480336386474919105,,0,0,46.5183830261,6.56632947922,2.77602830977e-40,1.0,0.0,0.0,0.0,1.0,0.0,0.0,0.0,1.0,0
1480336386687083367,348,1480336386684139593,,0,0,46.5183677673,6.56633996964,2.77602830977e-40,1.0,0.0,0.0,0.0,1.0,0.0,0.0,0.0,1.0,0
1480336387025833286,349,1480336387019150850,,0,0,46.518371582,6.56634807587,2.77602830977e-40,1.0,0.0,0.0,0.0,1.0,0.0,0.0,0.0,1.0,0
1480336387295655483,350,1480336387290830321,,0,0,46.5183677673,6.56636047363,2.77602830977e-40,1.0,0.0,0.0,0.0,1.0,0.0,0.0,0.0,1.0,0
1480336387589205368,351,1480336387584600986,,0,0,46.5183372498,6.56637048721,2.77602830977e-40,1.0,0.0,0.0,0.0,1.0,0.0,0.0,0.0,1.0,0
1480336387792582163,352,1480336387789383756,,0,0,46.5183334351,6.5663895607,2.77602830977e-40,1.0,0.0,0.0,0.0,1.0,0.0,0.0,0.0,1.0,0
1480336387966167993,353,1480336387963801714,,0,0,46.5183296204,6.56639146805,2.77602830977e-40,1.0,0.0,0.0,0.0,1.0,0.0,0.0,0.0,1.0,0
1480336388185871558,354,1480336388181799514,,0,0,46.5184211731,6.56641435623,2.77602830977e-40,1.0,0.0,0.0,0.0,1.0,0.0,0.0,0.0,1.0,0
1480336388381081868,355,1480336388377992054,,0,0,46.5184135437,6.56642055511,2.77602830977e-40,1.0,0.0,0.0,0.0,1.0,0.0,0.0,0.0,1.0,0
1480336388484089211,356,1480336388481578714,,0,0,46.518409729,6.56643104553,2.77602830977e-40,1.0,0.0,0.0,0.0,1.0,0.0,0.0,0.0,1.0,0
1480336388682171212,357,1480336388678808536,,0,0,46.5183792114,6.5664396286,2.77602830977e-40,1.0,0.0,0.0,0.0,1.0,0.0,0.0,0.0,1.0,0
1480336388886995180,358,1480336388882625170,,0,0,46.5183486938,6.56643915176,2.77602830977e-40,1.0,0.0,0.0,0.0,1.0,0.0,0.0,0.0,1.0,0
1480336389076367265,359,1480336389074435565,,0,0,46.5183525085,6.56645536423,2.77602830977e-40,1.0,0.0,0.0,0.0,1.0,0.0,0.0,0.0,1.0,0
1480336389181100477,360,1480336389176517917,,0,0,46.5183486938,6.56645345688,2.77602830977e-40,1.0,0.0,0.0,0.0,1.0,0.0,0.0,0.0,1.0,0
1480336389271906478,361,1480336389269369263,,0,0,46.5183601379,6.56646251678,2.77602830977e-40,1.0,0.0,0.0,0.0,1.0,0.0,0.0,0.0,1.0,0
1480336389383984828,362,1480336389380439862,,0,0,46.5183486938,6.56646251678,2.77602830977e-40,1.0,0.0,0.0,0.0,1.0,0.0,0.0,0.0,1.0,0
1480336389596905749,363,1480336389594420981,,0,0,46.5183410645,6.5664691925,2.77602830977e-40,1.0,0.0,0.0,0.0,1.0,0.0,0.0,0.0,1.0,0
1480336389785568049,364,1480336389780408047,,0,0,46.5183639526,6.56647348404,2.77602830977e-40,1.0,0.0,0.0,0.0,1.0,0.0,0.0,0.0,1.0,0
1480336389989526140,365,1480336389987107101,,0,0,46.5183677673,6.5664806366,2.77602830977e-40,1.0,0.0,0.0,0.0,1.0,0.0,0.0,0.0,1.0,0
1480336390249944990,366,1480336390247412358,,0,0,46.5183753967,6.56648540497,2.77602830977e-40,1.0,0.0,0.0,0.0,1.0,0.0,0.0,0.0,1.0,0
1480336390390428639,367,1480336390388000277,,0,0,46.5183868408,6.56649255753,2.77602830977e-40,1.0,0.0,0.0,0.0,1.0,0.0,0.0,0.0,1.0,0
1480336390575192435,368,1480336390572953967,,0,0,46.5184020996,6.56650257111,2.77602830977e-40,1.0,0.0,0.0,0.0,1.0,0.0,0.0,0.0,1.0,0
1480336390676419014,369,1480336390674132213,,0,0,46.5184059143,6.56650304794,2.77602830977e-40,1.0,0.0,0.0,0.0,1.0,0.0,0.0,0.0,1.0,0
1480336390801570362,370,1480336390798201020,,0,0,46.518409729,6.56650733948,2.77602830977e-40,1.0,0.0,0.0,0.0,1.0,0.0,0.0,0.0,1.0,0
1480336390984777611,371,1480336390982401957,,0,0,46.5184211731,6.56651973724,2.77602830977e-40,1.0,0.0,0.0,0.0,1.0,0.0,0.0,0.0,1.0,0
1480336391186997802,372,1480336391184886364,,0,0,46.5184211731,6.56652975082,2.77602830977e-40,1.0,0.0,0.0,0.0,1.0,0.0,0.0,0.0,1.0,0
1480336391388199408,373,1480336391380216985,,0,0,46.5184249878,6.56653928757,2.77602830977e-40,1.0,0.0,0.0,0.0,1.0,0.0,0.0,0.0,1.0,0
1480336391591090062,374,1480336391587586241,,0,0,46.5184288025,6.56654644012,2.77602830977e-40,1.0,0.0,0.0,0.0,1.0,0.0,0.0,0.0,1.0,0
1480336391795087683,375,1480336391791606362,,0,0,46.5184288025,6.56655740738,2.77602830977e-40,1.0,0.0,0.0,0.0,1.0,0.0,0.0,0.0,1.0,0
1480336391969631265,376,1480336391967381808,,0,0,46.5184364319,6.56656217575,2.77602830977e-40,1.0,0.0,0.0,0.0,1.0,0.0,0.0,0.0,1.0,0
1480336392094191109,377,1480336392089552508,,0,0,46.5184440613,6.56656646729,2.77602830977e-40,1.0,0.0,0.0,0.0,1.0,0.0,0.0,0.0,1.0,0
1480336392190915127,378,1480336392188414422,,0,0,46.5184516907,6.56657075882,2.77602830977e-40,1.0,0.0,0.0,0.0,1.0,0.0,0.0,0.0,1.0,0
1480336392388215886,379,1480336392381774229,,0,0,46.5184631348,6.56656932831,2.77602830977e-40,1.0,0.0,0.0,0.0,1.0,0.0,0.0,0.0,1.0,0
1480336392593020166,380,1480336392586536322,,0,0,46.5184631348,6.56657266617,2.77602830977e-40,1.0,0.0,0.0,0.0,1.0,0.0,0.0,0.0,1.0,0
1480336393111416691,381,1480336393106296011,,0,0,46.5184669495,6.56657218933,2.77602830977e-40,1.0,0.0,0.0,0.0,1.0,0.0,0.0,0.0,1.0,0
1480336393605758135,382,1480336393603412116,,0,0,46.5184860229,6.56656122208,2.77602830977e-40,1.0,0.0,0.0,0.0,1.0,0.0,0.0,0.0,1.0,0
1480336394137936976,383,1480336394135331949,,0,0,46.5184936523,6.56654262543,2.77602830977e-40,1.0,0.0,0.0,0.0,1.0,0.0,0.0,0.0,1.0,0
1480336394412942925,384,1480336394408558957,,0,0,46.518497467,6.56653499603,2.77602830977e-40,1.0,0.0,0.0,0.0,1.0,0.0,0.0,0.0,1.0,0
1480336394697353263,385,1480336394694409594,,0,0,46.5185012817,6.56653356552,2.77602830977e-40,1.0,0.0,0.0,0.0,1.0,0.0,0.0,0.0,1.0,0
1480336394912114583,386,1480336394907980352,,0,0,46.5185050964,6.56651878357,2.77602830977e-40,1.0,0.0,0.0,0.0,1.0,0.0,0.0,0.0,1.0,0
1480336395130441546,387,1480336395125285033,,0,0,46.5185203552,6.56654167175,2.77602830977e-40,1.0,0.0,0.0,0.0,1.0,0.0,0.0,0.0,1.0,0
1480336395364363672,388,1480336395362273327,,0,0,46.5185241699,6.56654596329,2.77602830977e-40,1.0,0.0,0.0,0.0,1.0,0.0,0.0,0.0,1.0,0
1480336395604282667,389,1480336395600837908,,0,0,46.5185165405,6.5665397644,2.77602830977e-40,1.0,0.0,0.0,0.0,1.0,0.0,0.0,0.0,1.0,0
1480336395911412526,390,1480336395906349345,,0,0,46.5185279846,6.56654405594,2.77602830977e-40,1.0,0.0,0.0,0.0,1.0,0.0,0.0,0.0,1.0,0
1480336396245195774,391,1480336396242275021,,0,0,46.5185203552,6.56654167175,2.77602830977e-40,1.0,0.0,0.0,0.0,1.0,0.0,0.0,0.0,1.0,0
1480336396521927748,392,1480336396516640924,,0,0,46.5185203552,6.56654214859,2.77602830977e-40,1.0,0.0,0.0,0.0,1.0,0.0,0.0,0.0,1.0,0
1480336396827426529,393,1480336396824209060,,0,0,46.518535614,6.56653308868,2.77602830977e-40,1.0,0.0,0.0,0.0,1.0,0.0,0.0,0.0,1.0,0
1480336397145230869,394,1480336397140906431,,0,0,46.5185546875,6.56653881073,2.77602830977e-40,1.0,0.0,0.0,0.0,1.0,0.0,0.0,0.0,1.0,0
1480336397368277682,395,1480336397365001464,,0,0,46.5185432434,6.56655502319,2.77602830977e-40,1.0,0.0,0.0,0.0,1.0,0.0,0.0,0.0,1.0,0
1480336397603484327,396,1480336397593301456,,0,0,46.5185279846,6.56655216217,2.77602830977e-40,1.0,0.0,0.0,0.0,1.0,0.0,0.0,0.0,1.0,0
1480336397962554155,397,1480336397959346217,,0,0,46.518497467,6.56656885147,2.77602830977e-40,1.0,0.0,0.0,0.0,1.0,0.0,0.0,0.0,1.0,0
1480336398086477599,398,1480336398082045558,,0,0,46.518497467,6.56656694412,2.77602830977e-40,1.0,0.0,0.0,0.0,1.0,0.0,0.0,0.0,1.0,0
1480336398290516053,399,1480336398286474373,,0,0,46.5185089111,6.56657981873,2.77602830977e-40,1.0,0.0,0.0,0.0,1.0,0.0,0.0,0.0,1.0,0
1480336398537508991,400,1480336398533209188,,0,0,46.5185089111,6.56657981873,2.77602830977e-40,1.0,0.0,0.0,0.0,1.0,0.0,0.0,0.0,1.0,0
1480336398684061644,401,1480336398679596478,,0,0,46.5185050964,6.56658792496,2.77602830977e-40,1.0,0.0,0.0,0.0,1.0,0.0,0.0,0.0,1.0,0
1480336398878455816,402,1480336398874645905,,0,0,46.5185203552,6.56658840179,2.77602830977e-40,1.0,0.0,0.0,0.0,1.0,0.0,0.0,0.0,1.0,0
1480336399020761896,403,1480336399018955350,,0,0,46.518535614,6.56658792496,2.77602830977e-40,1.0,0.0,0.0,0.0,1.0,0.0,0.0,0.0,1.0,0
1480336399197184887,404,1480336399194297831,,0,0,46.5185241699,6.56658411026,2.77602830977e-40,1.0,0.0,0.0,0.0,1.0,0.0,0.0,0.0,1.0,0
1480336399430697797,405,1480336399427899855,,0,0,46.5185089111,6.56658887863,2.77602830977e-40,1.0,0.0,0.0,0.0,1.0,0.0,0.0,0.0,1.0,0
1480336399584492047,406,1480336399581191506,,0,0,46.5185050964,6.56658983231,2.77602830977e-40,1.0,0.0,0.0,0.0,1.0,0.0,0.0,0.0,1.0,0
1480336399798496917,407,1480336399795438352,,0,0,46.5185012817,6.5666012764,2.77602830977e-40,1.0,0.0,0.0,0.0,1.0,0.0,0.0,0.0,1.0,0
1480336399992806610,408,1480336399990512778,,0,0,46.5185050964,6.56660413742,2.77602830977e-40,1.0,0.0,0.0,0.0,1.0,0.0,0.0,0.0,1.0,0
1480336400193449629,409,1480336400188278481,,0,0,46.5185012817,6.56658887863,2.77602830977e-40,1.0,0.0,0.0,0.0,1.0,0.0,0.0,0.0,1.0,0
1480336400366514944,410,1480336400362710137,,0,0,46.5185127258,6.56659555435,2.77602830977e-40,1.0,0.0,0.0,0.0,1.0,0.0,0.0,0.0,1.0,0
1480336400490100943,411,1480336400486384208,,0,0,46.5185050964,6.56659269333,2.77602830977e-40,1.0,0.0,0.0,0.0,1.0,0.0,0.0,0.0,1.0,0
1480336400686598741,412,1480336400684413814,,0,0,46.5185279846,6.56660461426,2.77602830977e-40,1.0,0.0,0.0,0.0,1.0,0.0,0.0,0.0,1.0,0
1480336400892967017,413,1480336400890834641,,0,0,46.5185050964,6.56660842896,2.77602830977e-40,1.0,0.0,0.0,0.0,1.0,0.0,0.0,0.0,1.0,0
1480336401105988197,414,1480336401093822741,,0,0,46.5185241699,6.56661939621,2.77602830977e-40,1.0,0.0,0.0,0.0,1.0,0.0,0.0,0.0,1.0,0
1480336401304293842,415,1480336401297085162,,0,0,46.518535614,6.56661605835,2.77602830977e-40,1.0,0.0,0.0,0.0,1.0,0.0,0.0,0.0,1.0,0
1480336401496039915,416,1480336401490492000,,0,0,46.5185165405,6.56662034988,2.77602830977e-40,1.0,0.0,0.0,0.0,1.0,0.0,0.0,0.0,1.0,0
1480336401676643439,417,1480336401673609093,,0,0,46.5185089111,6.56662940979,2.77602830977e-40,1.0,0.0,0.0,0.0,1.0,0.0,0.0,0.0,1.0,0
1480336401780868166,418,1480336401776824350,,0,0,46.5184860229,6.56664276123,2.77602830977e-40,1.0,0.0,0.0,0.0,1.0,0.0,0.0,0.0,1.0,0
1480336401894183065,419,1480336401890534194,,0,0,46.5184783936,6.56665086746,2.77602830977e-40,1.0,0.0,0.0,0.0,1.0,0.0,0.0,0.0,1.0,0
1480336402091436012,420,1480336402087887661,,0,0,46.5184936523,6.56666278839,2.77602830977e-40,1.0,0.0,0.0,0.0,1.0,0.0,0.0,0.0,1.0,0
1480336402301461388,421,1480336402294468539,,0,0,46.5185050964,6.56665706635,2.77602830977e-40,1.0,0.0,0.0,0.0,1.0,0.0,0.0,0.0,1.0,0
1480336402494546407,422,1480336402490115772,,0,0,46.5185241699,6.566655159,2.77602830977e-40,1.0,0.0,0.0,0.0,1.0,0.0,0.0,0.0,1.0,0
1480336402687808767,423,1480336402685347228,,0,0,46.5185089111,6.56666135788,2.77602830977e-40,1.0,0.0,0.0,0.0,1.0,0.0,0.0,0.0,1.0,0
1480336402891651182,424,1480336402888346526,,0,0,46.5185241699,6.5666513443,2.77602830977e-40,1.0,0.0,0.0,0.0,1.0,0.0,0.0,0.0,1.0,0
1480336403078081628,425,1480336403075057595,,0,0,46.518535614,6.56666088104,2.77602830977e-40,1.0,0.0,0.0,0.0,1.0,0.0,0.0,0.0,1.0,0
1480336403179707162,426,1480336403177565203,,0,0,46.5185394287,6.56665420532,2.77602830977e-40,1.0,0.0,0.0,0.0,1.0,0.0,0.0,0.0,1.0,0
1480336403292495764,427,1480336403290421878,,0,0,46.5185470581,6.56666088104,2.77602830977e-40,1.0,0.0,0.0,0.0,1.0,0.0,0.0,0.0,1.0,0
1480336403485076100,428,1480336403483112213,,0,0,46.5185546875,6.56666851044,2.77602830977e-40,1.0,0.0,0.0,0.0,1.0,0.0,0.0,0.0,1.0,0
1480336403683804814,429,1480336403680842395,,0,0,46.5185394287,6.56667470932,2.77602830977e-40,1.0,0.0,0.0,0.0,1.0,0.0,0.0,0.0,1.0,0
1480336403883040867,430,1480336403877257849,,0,0,46.5185317993,6.56666660309,2.77602830977e-40,1.0,0.0,0.0,0.0,1.0,0.0,0.0,0.0,1.0,0
1480336404088987793,431,1480336404085573763,,0,0,46.5184745789,6.56669521332,2.77602830977e-40,1.0,0.0,0.0,0.0,1.0,0.0,0.0,0.0,1.0,0
1480336404201919519,432,1480336404195298854,,0,0,46.5184440613,6.56667423248,2.77602830977e-40,1.0,0.0,0.0,0.0,1.0,0.0,0.0,0.0,1.0,0
1480336404391607955,433,1480336404389310373,,0,0,46.5184402466,6.56667613983,2.77602830977e-40,1.0,0.0,0.0,0.0,1.0,0.0,0.0,0.0,1.0,0
1480336404571605912,434,1480336404569690409,,0,0,46.5184402466,6.56667709351,2.77602830977e-40,1.0,0.0,0.0,0.0,1.0,0.0,0.0,0.0,1.0,0
1480336404807829109,435,1480336404803283267,,0,0,46.5184669495,6.56666040421,2.77602830977e-40,1.0,0.0,0.0,0.0,1.0,0.0,0.0,0.0,1.0,0
1480336405101602586,436,1480336405086869655,,0,0,46.5186424255,6.56669235229,2.77602830977e-40,1.0,0.0,0.0,0.0,1.0,0.0,0.0,0.0,1.0,0
1480336405206089081,437,1480336405202711249,,0,0,46.5186347961,6.56669044495,2.77602830977e-40,1.0,0.0,0.0,0.0,1.0,0.0,0.0,0.0,1.0,0
1480336405405250187,438,1480336405403434683,,0,0,46.5186462402,6.56668519974,2.77602830977e-40,1.0,0.0,0.0,0.0,1.0,0.0,0.0,0.0,1.0,0
1480336405601501893,439,1480336405595738928,,0,0,46.5186386108,6.56669950485,2.77602830977e-40,1.0,0.0,0.0,0.0,1.0,0.0,0.0,0.0,1.0,0
1480336405802393503,440,1480336405797603080,,0,0,46.5186347961,6.5666975975,2.77602830977e-40,1.0,0.0,0.0,0.0,1.0,0.0,0.0,0.0,1.0,0
1480336406014943022,441,1480336406010072287,,0,0,46.5186157227,6.5666975975,2.77602830977e-40,1.0,0.0,0.0,0.0,1.0,0.0,0.0,0.0,1.0,0
1480336406195616493,442,1480336406192238348,,0,0,46.5186042786,6.56669616699,2.77602830977e-40,1.0,0.0,0.0,0.0,1.0,0.0,0.0,0.0,1.0,0
1480336406403615482,443,1480336406394473278,,0,0,46.5185966492,6.56669616699,2.77602830977e-40,1.0,0.0,0.0,0.0,1.0,0.0,0.0,0.0,1.0,0
1480336406596540033,444,1480336406594378543,,0,0,46.5185928345,6.56669616699,2.77602830977e-40,1.0,0.0,0.0,0.0,1.0,0.0,0.0,0.0,1.0,0
1480336406810283186,445,1480336406808043155,,0,0,46.5185127258,6.56667852402,2.77602830977e-40,1.0,0.0,0.0,0.0,1.0,0.0,0.0,0.0,1.0,0
1480336407016636931,446,1480336407014417108,,0,0,46.5184364319,6.56698226929,2.77602830977e-40,1.0,0.0,0.0,0.0,1.0,0.0,0.0,0.0,1.0,0
1480336407204421583,447,1480336407196458483,,0,0,46.5184020996,6.56697416306,2.77602830977e-40,1.0,0.0,0.0,0.0,1.0,0.0,0.0,0.0,1.0,0
1480336407400777039,448,1480336407398319666,,0,0,46.5182876587,6.56658744812,2.77602830977e-40,1.0,0.0,0.0,0.0,1.0,0.0,0.0,0.0,1.0,0
1480336407606015534,449,1480336407600829959,,0,0,46.518497467,6.56666851044,2.77602830977e-40,1.0,0.0,0.0,0.0,1.0,0.0,0.0,0.0,1.0,0
1480336407805781946,450,1480336407803193846,,0,0,46.5185127258,6.56663799286,2.77602830977e-40,1.0,0.0,0.0,0.0,1.0,0.0,0.0,0.0,1.0,0
1480336408008322707,451,1480336408005823616,,0,0,46.5185203552,6.56663942337,2.77602830977e-40,1.0,0.0,0.0,0.0,1.0,0.0,0.0,0.0,1.0,0
1480336408210804353,452,1480336408207971620,,0,0,46.5185203552,6.56665658951,2.77602830977e-40,1.0,0.0,0.0,0.0,1.0,0.0,0.0,0.0,1.0,0
1480336408411757421,453,1480336408409262913,,0,0,46.5185089111,6.56665182114,2.77602830977e-40,1.0,0.0,0.0,0.0,1.0,0.0,0.0,0.0,1.0,0
1480336408591942511,454,1480336408588750146,,0,0,46.5185050964,6.56665897369,2.77602830977e-40,1.0,0.0,0.0,0.0,1.0,0.0,0.0,0.0,1.0,0
1480336408699548507,455,1480336408696331819,,0,0,46.5185127258,6.56666564941,2.77602830977e-40,1.0,0.0,0.0,0.0,1.0,0.0,0.0,0.0,1.0,0
1480336408901280474,456,1480336408897394157,,0,0,46.5185089111,6.56666278839,2.77602830977e-40,1.0,0.0,0.0,0.0,1.0,0.0,0.0,0.0,1.0,0
1480336409103705454,457,1480336409101460840,,0,0,46.5185165405,6.56666469574,2.77602830977e-40,1.0,0.0,0.0,0.0,1.0,0.0,0.0,0.0,1.0,0
1480336409286989108,458,1480336409283719817,,0,0,46.5185279846,6.56666755676,2.77602830977e-40,1.0,0.0,0.0,0.0,1.0,0.0,0.0,0.0,1.0,0
1480336409386140290,459,1480336409383055528,,0,0,46.5185279846,6.56666278839,2.77602830977e-40,1.0,0.0,0.0,0.0,1.0,0.0,0.0,0.0,1.0,0
1480336409486411149,460,1480336409482543738,,0,0,46.5185279846,6.56666183472,2.77602830977e-40,1.0,0.0,0.0,0.0,1.0,0.0,0.0,0.0,1.0,0
1480336409607344673,461,1480336409602849248,,0,0,46.5185279846,6.56666278839,2.77602830977e-40,1.0,0.0,0.0,0.0,1.0,0.0,0.0,0.0,1.0,0
1480336409804911419,462,1480336409799945998,,0,0,46.5185203552,6.56665992737,2.77602830977e-40,1.0,0.0,0.0,0.0,1.0,0.0,0.0,0.0,1.0,0
1480336409982797052,463,1480336409978096212,,0,0,46.5185470581,6.56664562225,2.77602830977e-40,1.0,0.0,0.0,0.0,1.0,0.0,0.0,0.0,1.0,0
1480336410101236278,464,1480336410097010746,,0,0,46.5185623169,6.56663656235,2.77602830977e-40,1.0,0.0,0.0,0.0,1.0,0.0,0.0,0.0,1.0,0
1480336410307192370,465,1480336410304518750,,0,0,46.5185585022,6.5666384697,2.77602830977e-40,1.0,0.0,0.0,0.0,1.0,0.0,0.0,0.0,1.0,0
1480336410505680878,466,1480336410502384452,,0,0,46.5185623169,6.5666384697,2.77602830977e-40,1.0,0.0,0.0,0.0,1.0,0.0,0.0,0.0,1.0,0
1480336410694162659,467,1480336410691654611,,0,0,46.5185661316,6.5666384697,2.77602830977e-40,1.0,0.0,0.0,0.0,1.0,0.0,0.0,0.0,1.0,0
1480336410904797092,468,1480336410902384615,,0,0,46.5185623169,6.56663799286,2.77602830977e-40,1.0,0.0,0.0,0.0,1.0,0.0,0.0,0.0,1.0,0
1480336411105842815,469,1480336411102652065,,0,0,46.5185623169,6.56663703918,2.77602830977e-40,1.0,0.0,0.0,0.0,1.0,0.0,0.0,0.0,1.0,0
1480336411293775122,470,1480336411291709049,,0,0,46.5185623169,6.56663799286,2.77602830977e-40,1.0,0.0,0.0,0.0,1.0,0.0,0.0,0.0,1.0,0
1480336411504503252,471,1480336411501179951,,0,0,46.5185623169,6.56663799286,2.77602830977e-40,1.0,0.0,0.0,0.0,1.0,0.0,0.0,0.0,1.0,0
1480336411703930814,472,1480336411701861302,,0,0,46.518573761,6.56663608551,2.77602830977e-40,1.0,0.0,0.0,0.0,1.0,0.0,0.0,0.0,1.0,0
1480336411908635564,473,1480336411903162804,,0,0,46.5185699463,6.56662559509,2.77602830977e-40,1.0,0.0,0.0,0.0,1.0,0.0,0.0,0.0,1.0,0
1480336412105237788,474,1480336412103400774,,0,0,46.5185699463,6.56662464142,2.77602830977e-40,1.0,0.0,0.0,0.0,1.0,0.0,0.0,0.0,1.0,0
1480336412294892058,475,1480336412292771766,,0,0,46.5185699463,6.56662654877,2.77602830977e-40,1.0,0.0,0.0,0.0,1.0,0.0,0.0,0.0,1.0,0
1480336412498952283,476,1480336412496552202,,0,0,46.5185699463,6.56662654877,2.77602830977e-40,1.0,0.0,0.0,0.0,1.0,0.0,0.0,0.0,1.0,0
1480336412691517879,477,1480336412689051913,,0,0,46.5185699463,6.56662654877,2.77602830977e-40,1.0,0.0,0.0,0.0,1.0,0.0,0.0,0.0,1.0,0
1480336412791308742,478,1480336412788949182,,0,0,46.518573761,6.5666270256,2.77602830977e-40,1.0,0.0,0.0,0.0,1.0,0.0,0.0,0.0,1.0,0
1480336412899877907,479,1480336412896799342,,0,0,46.518573761,6.56662750244,2.77602830977e-40,1.0,0.0,0.0,0.0,1.0,0.0,0.0,0.0,1.0,0
1480336413090827372,480,1480336413087705580,,0,0,46.5185699463,6.56662797928,2.77602830977e-40,1.0,0.0,0.0,0.0,1.0,0.0,0.0,0.0,1.0,0
1480336413301453837,481,1480336413298918601,,0,0,46.5185699463,6.56662797928,2.77602830977e-40,1.0,0.0,0.0,0.0,1.0,0.0,0.0,0.0,1.0,0
1480336413494172608,482,1480336413491463103,,0,0,46.5185699463,6.56662845612,2.77602830977e-40,1.0,0.0,0.0,0.0,1.0,0.0,0.0,0.0,1.0,0
1480336413695650358,483,1480336413691981019,,0,0,46.5185699463,6.56662845612,2.77602830977e-40,1.0,0.0,0.0,0.0,1.0,0.0,0.0,0.0,1.0,0
1480336413893841994,484,1480336413891222175,,0,0,46.518573761,6.56662845612,2.77602830977e-40,1.0,0.0,0.0,0.0,1.0,0.0,0.0,0.0,1.0,0
1480336414076200657,485,1480336414073654432,,0,0,46.518573761,6.56663179398,2.77602830977e-40,1.0,0.0,0.0,0.0,1.0,0.0,0.0,0.0,1.0,0
1480336414175010488,486,1480336414171672604,,0,0,46.5185699463,6.56663179398,2.77602830977e-40,1.0,0.0,0.0,0.0,1.0,0.0,0.0,0.0,1.0,0
1480336414286276814,487,1480336414283405800,,0,0,46.5186347961,6.56674003601,2.77602830977e-40,1.0,0.0,0.0,0.0,1.0,0.0,0.0,0.0,1.0,0
