%time,field.header.seq,field.header.stamp,field.header.frame_id,field.temperature,field.variance
1463504476339749644,450,1463504476175885590,,1534.0,-0.479999989271
1463504476341884680,451,1463504476186702369,,1533.0,-0.959999978542
1463504476341974462,452,1463504476196051280,,1534.0,-0.959999978542
1463504476342012375,453,1463504476207925551,,1534.0,-0.959999978542
1463504476342047423,454,1463504476221081302,,1534.0,-0.959999978542
1463504476342079659,455,1463504476234749967,,1534.0,-0.959999978542
1463504476342113510,456,1463504476257677606,,1535.0,-0.839999973774
1463504476342148819,457,1463504476280846313,,1534.0,-0.839999973774
1463504476342179076,458,1463504476290694443,,1535.0,-0.959999978542
1463504476342211833,459,1463504476323371264,,1535.0,-0.959999978542
1463504476351496064,460,1463504476346352126,,1534.0,-0.959999978542
1463504476380387502,461,1463504476358976110,,1534.0,-0.959999978542
1463504476384946085,462,1463504476370506875,,1534.0,-0.959999978542
1463504476390967482,463,1463504476387505971,,1535.0,-0.839999973774
1463504476438445714,464,1463504476403752803,,1534.0,-0.839999973774
1463504476563185656,465,1463504476417446153,,1534.0,-0.839999973774
1463504476563493957,466,1463504476425881255,,1535.0,-0.839999973774
1463504476563776688,467,1463504476435325000,,1535.0,-0.839999973774
1463504476565592643,468,1463504476443608347,,1534.0,-0.839999973774
1463504476566630190,469,1463504476457618696,,1534.0,-0.839999973774
1463504476566739866,470,1463504476462351218,,1534.0,-0.959999978542
1463504476566809337,471,1463504476471660811,,1534.0,-0.959999978542
1463504476566844386,472,1463504476482063883,,1534.0,-0.959999978542
1463504476566879174,473,1463504476501111357,,1534.0,-0.959999978542
1463504476566913545,474,1463504476510694880,,1534.0,-0.959999978542
1463504476567887245,475,1463504476531374526,,1534.0,-0.839999973774
1463504476567941197,476,1463504476560677431,,1535.0,-0.839999973774
1463504476634971434,477,1463504476575308026,,1534.0,-0.839999973774
1463504476635011117,478,1463504476584005809,,1534.0,-0.839999973774
1463504476635416022,479,1463504476625801930,,1534.0,-0.839999973774
1463504476713235070,480,1463504476673218085,,1535.0,-0.959999978542
1463504476731777702,481,1463504476714357973,,1535.0,-0.839999973774
1463504476732028092,482,1463504476725971022,,1534.0,-0.839999973774
1463504476775997579,483,1463504476753328090,,1534.0,-0.959999978542
1463504476805063842,484,1463504476799187169,,1534.0,-0.839999973774
1463504476841754042,485,1463504476836510584,,1535.0,-0.839999973774
1463504476856995667,486,1463504476845486670,,1535.0,-0.839999973774
1463504476889802683,487,1463504476857724966,,1534.0,-0.959999978542
1463504476889860854,488,1463504476873914876,,1534.0,-0.959999978542
1463504476938189308,489,1463504476912295159,,1534.0,-0.839999973774
1463504477005235532,490,1463504476961075545,,1534.0,-0.959999978542
1463504477007245529,491,1463504476997249446,,1534.0,-0.959999978542
1463504477111843958,492,1463504477030870899,,1535.0,-0.839999973774
1463504477113612521,493,1463504477061124473,,1534.0,-0.839999973774
1463504477114090856,494,1463504477092059277,,1534.0,-0.959999978542
1463504477166981882,495,1463504477126705304,,1534.0,-0.839999973774
1463504477167553072,496,1463504477157309571,,1534.0,-0.959999978542
1463504477379584731,497,1463504477189429354,,1534.0,-0.959999978542
1463504477379649724,498,1463504477220634182,,1535.0,-0.839999973774
1463504477384222679,499,1463504477250267301,,1534.0,-0.959999978542
1463504477384275694,500,1463504477282351098,,1534.0,-0.959999978542
1463504477386417499,501,1463504477313932866,,1535.0,-0.839999973774
1463504477390779798,502,1463504477350401877,,1535.0,-0.959999978542
1463504477391333073,503,1463504477381184198,,1534.0,-0.959999978542
1463504477471721194,504,1463504477413419073,,1534.0,-0.959999978542
1463504477475340916,505,1463504477444917411,,1534.0,-0.959999978542
1463504477682253637,506,1463504477476451423,,1534.0,-1.08000004292
1463504477684167653,507,1463504477510768995,,1535.0,-0.839999973774
1463504477684528553,508,1463504477542706246,,1534.0,-0.959999978542
1463504477684869923,509,1463504477575412269,,1534.0,-0.959999978542
1463504477684914814,510,1463504477607139386,,1534.0,-0.959999978542
1463504477685379244,511,1463504477638660118,,1535.0,-0.839999973774
1463504477685766391,512,1463504477671554715,,1534.0,-0.959999978542
1463504478023926124,513,1463504477706779743,,1534.0,-0.959999978542
1463504478024273014,514,1463504477738482331,,1534.0,-0.959999978542
1463504478024583294,515,1463504477769007543,,1535.0,-0.839999973774
1463504478024868732,516,1463504477801151751,,1534.0,-0.839999973774
1463504478025138443,517,1463504477836889590,,1535.0,-0.839999973774
1463504478025407269,518,1463504477867634050,,1535.0,-0.839999973774
1463504478025684583,519,1463504477899271072,,1535.0,-0.839999973774
1463504478030337111,520,1463504477929329042,,1534.0,-0.959999978542
1463504478030433976,521,1463504477960047931,,1535.0,-0.839999973774
1463504478030477565,522,1463504477989964510,,1534.0,-0.959999978542
1463504478032407048,523,1463504478019658087,,1534.0,-0.959999978542
1463504478184685221,524,1463504478050176518,,1535.0,-0.839999973774
1463504478185031955,525,1463504478082444293,,1534.0,-0.959999978542
1463504478185318487,526,1463504478117584160,,1535.0,-0.839999973774
1463504478185792135,527,1463504478149441459,,1534.0,-0.839999973774
1463504478186161523,528,1463504478181513214,,1534.0,-0.959999978542
1463504478480709347,529,1463504478211796617,,1535.0,-0.839999973774
1463504478480966039,530,1463504478241460866,,1534.0,-0.839999973774
1463504478481235958,531,1463504478260817564,,1534.0,-0.959999978542
1463504478481548477,532,1463504478276183330,,1534.0,-0.959999978542
1463504478481595399,533,1463504478290610341,,1534.0,-0.959999978542
1463504478481760694,534,1463504478303472467,,1534.0,-0.959999978542
1463504478482025874,535,1463504478320771674,,1534.0,-0.959999978542
1463504478482069463,536,1463504478350024821,,1535.0,-0.839999973774
1463504478482362193,537,1463504478391931679,,1534.0,-0.959999978542
1463504478484169293,538,1463504478436385558,,1534.0,-0.959999978542
1463504478566253087,539,1463504478484651325,,1534.0,-0.959999978542
1463504478566669970,540,1463504478531875171,,1535.0,-0.839999973774
1463504478582511467,541,1463504478565576544,,1534.0,-0.959999978542
1463504478617955677,542,1463504478611005268,,1534.0,-0.839999973774
1463504478659593344,543,1463504478652189963,,1534.0,-0.959999978542
1463504478681287710,544,1463504478674500409,,1534.0,-0.959999978542
1463504478708980971,545,1463504478697377670,,1534.0,-0.959999978542
1463504478733900776,546,1463504478721600466,,1534.0,-0.959999978542
1463504478734311566,547,1463504478727546033,,1534.0,-0.959999978542
1463504478754942295,548,1463504478745110264,,1534.0,-0.959999978542
1463504478778192537,549,1463504478766041118,,1534.0,-0.959999978542
1463504478808190241,550,1463504478785289337,,1534.0,-0.839999973774
1463504478830504177,551,1463504478809607226,,1534.0,-0.959999978542
1463504478855264051,552,1463504478832827941,,1533.0,-1.08000004292
1463504478880654431,553,1463504478860623639,,1534.0,-0.959999978542
1463504478891311374,554,1463504478885567243,,1534.0,-0.959999978542
1463504478935110895,555,1463504478910330711,,1534.0,-0.839999973774
1463504478943165510,556,1463504478936792227,,1534.0,-0.959999978542
1463504478960432949,557,1463504478947799706,,1535.0,-0.959999978542
1463504479031079876,558,1463504478975393602,,1534.0,-0.959999978542
1463504479031554877,559,1463504478999781693,,1534.0,-0.959999978542
1463504479031946606,560,1463504479015455185,,1534.0,-0.959999978542
1463504479093205294,561,1463504479027835117,,1535.0,-0.839999973774
1463504479093252841,562,1463504479042599847,,1535.0,-0.839999973774
1463504479093290389,563,1463504479049035464,,1535.0,-0.839999973774
1463504479093325437,564,1463504479056696784,,1534.0,-0.839999973774
1463504479093360954,565,1463504479074381308,,1534.0,-0.839999973774
1463504479113906892,566,1463504479089720092,,1534.0,-0.959999978542
1463504479171957119,567,1463504479114920951,,1534.0,-0.959999978542
1463504479172432433,568,1463504479120072382,,1535.0,-0.839999973774
1463504479173270417,569,1463504479134587607,,1535.0,-0.839999973774
1463504479173735784,570,1463504479164956145,,1534.0,-0.839999973774
1463504479192286517,571,1463504479188690806,,1534.0,-0.959999978542
1463504479230695241,572,1463504479221767910,,1535.0,-0.839999973774
1463504479266129178,573,1463504479238447437,,1534.0,-0.839999973774
1463504479266181151,574,1463504479249309353,,1534.0,-0.839999973774
1463504479311522002,575,1463504479259201842,,1534.0,-0.959999978542
1463504479311567726,576,1463504479284446603,,1534.0,-0.959999978542
1463504479311607878,577,1463504479298696492,,1534.0,-0.959999978542
1463504479458268360,578,1463504479310142357,,1535.0,-0.839999973774
1463504479458523697,579,1463504479322112958,,1534.0,-0.839999973774
1463504479458758047,580,1463504479339962099,,1534.0,-0.839999973774
1463504479458996147,581,1463504479356906285,,1534.0,-0.959999978542
1463504479460345170,582,1463504479380350300,,1534.0,-0.959999978542
1463504479460725546,583,1463504479391723933,,1534.0,-0.959999978542
1463504479460976926,584,1463504479409749827,,1534.0,-0.959999978542
1463504479461423701,585,1463504479424636419,,1534.0,-0.360000014305
1463504479461686902,586,1463504479437479323,,1534.0,-0.360000014305
1463504479462034573,587,1463504479451456116,,1534.0,-0.959999978542
1463504479545042716,588,1463504479465593049,,1534.0,-0.959999978542
1463504479545537299,589,1463504479475138439,,1535.0,-0.839999973774
1463504479545794199,590,1463504479494711355,,1535.0,-0.839999973774
1463504479545840392,591,1463504479511567061,,1534.0,-0.839999973774
1463504479546346276,592,1463504479528326215,,1534.0,-0.839999973774
1463504481020789545,593,1463504479555352400,,1534.0,-0.959999978542
1463504481021206063,594,1463504479583973781,,1534.0,-0.959999978542
1463504481021255432,595,1463504479601267408,,1534.0,-0.959999978542
1463504481021537225,596,1463504479630784110,,1534.0,-0.959999978542
1463504481021639037,597,1463504479649074767,,1535.0,-0.839999973774
1463504481021683616,598,1463504479677504137,,1534.0,-0.959999978542
1463504481021745588,599,1463504479706789978,,1535.0,-0.959999978542
1463504481021802926,600,1463504479724605112,,1534.0,-0.959999978542
1463504481021855264,601,1463504479754365851,,1534.0,-0.959999978542
1463504481021976084,602,1463504479783353702,,1534.0,-0.959999978542
1463504481022021496,603,1463504479799720971,,1534.0,-0.959999978542
1463504481022073626,604,1463504479830072271,,1535.0,-0.839999973774
1463504481022113726,605,1463504479848114777,,1534.0,-0.959999978542
1463504481027152717,606,1463504479884237703,,1534.0,-0.959999978542
1463504481027710990,607,1463504479916251378,,1535.0,-0.839999973774
1463504481027764839,608,1463504479941746217,,1534.0,-0.839999973774
1463504481028457837,609,1463504479968126638,,1535.0,-0.959999978542
1463504481028506634,610,1463504479989753033,,1534.0,-0.839999973774
1463504481028719476,611,1463504480013873903,,1534.0,-0.959999978542
1463504481028765565,612,1463504480040688901,,1534.0,-0.959999978542
1463504481028814935,613,1463504480063648479,,1535.0,-0.839999973774
1463504481028928568,614,1463504480087685495,,1533.0,-0.959999978542
1463504481028984812,615,1463504480112869158,,1534.0,-0.959999978542
1463504481029125266,616,1463504480137029337,,1534.0,-0.959999978542
1463504481029190103,617,1463504480162913707,,1534.0,-0.959999978542
1463504481029229213,618,1463504480187940981,,1534.0,-0.959999978542
1463504481029646564,619,1463504480212889826,,1535.0,-0.839999973774
1463504481029695205,620,1463504480235746342,,1534.0,-0.959999978542
1463504481029749157,621,1463504480240220968,,1534.0,-0.959999978542
1463504481029808943,622,1463504480257147962,,1534.0,-0.959999978542
1463504481029859666,623,1463504480284091593,,1534.0,-0.839999973774
1463504481029895340,624,1463504480309036741,,1534.0,-0.959999978542
1463504481030122242,625,1463504480330938984,,1534.0,-0.959999978542
1463504481030177861,626,1463504480358269658,,1534.0,-0.959999978542
1463504481030227439,627,1463504480378736638,,1534.0,-0.839999973774
1463504481030274466,628,1463504480391469965,,1534.0,-0.839999973774
1463504481030312795,629,1463504480407615896,,1534.0,-0.959999978542
1463504481030346541,630,1463504480426822646,,1534.0,-0.959999978542
1463504481030396067,631,1463504480447064546,,1535.0,-0.959999978542
1463504481030439760,632,1463504480466994864,,1534.0,-0.959999978542
1463504481030541104,633,1463504480494513278,,1534.0,-0.959999978542
1463504481031129114,634,1463504480522367854,,1535.0,-0.839999973774
1463504481031618540,635,1463504480549333723,,1534.0,-0.959999978542
1463504481031731080,636,1463504480577276988,,1534.0,-0.959999978542
1463504481031771284,637,1463504480600948209,,1534.0,-0.839999973774
1463504481031809562,638,1463504480629412459,,1534.0,-0.959999978542
1463504481031855598,639,1463504480655249074,,1534.0,-0.959999978542
1463504481031914082,640,1463504480677737035,,1534.0,-0.959999978542
1463504481031979387,641,1463504480702392682,,1534.0,-0.959999978542
1463504481032012613,642,1463504480735774480,,1534.0,-0.839999973774
1463504481032049588,643,1463504480765488493,,1534.0,-0.959999978542
1463504481032083282,644,1463504480788998169,,1534.0,-0.959999978542
1463504481032113071,645,1463504480817492677,,1534.0,-0.839999973774
1463504481037170810,646,1463504480844987291,,1534.0,-0.959999978542
1463504481037892920,647,1463504480872845200,,1534.0,-0.959999978542
1463504481038000564,648,1463504480887068732,,1534.0,-0.839999973774
1463504481038265536,649,1463504480898074692,,1534.0,-0.959999978542
1463504481038328967,650,1463504480908884162,,1534.0,-0.959999978542
1463504481038382607,651,1463504480919990371,,1535.0,-0.839999973774
1463504481038435934,652,1463504480933454141,,1535.0,-0.839999973774
1463504481038487856,653,1463504480945971502,,1535.0,-0.839999973774
1463504481038793136,654,1463504480964875732,,1535.0,-0.839999973774
1463504481038927704,655,1463504480999626707,,1535.0,-0.839999973774
1463504481301189894,656,1463504481056185437,,1534.0,-0.959999978542
1463504481301449866,657,1463504481110754690,,1534.0,-0.959999978542
1463504481301712285,658,1463504481154687687,,1535.0,-0.839999973774
1463504481301995849,659,1463504481182039858,,1535.0,-0.839999973774
1463504481302262539,660,1463504481207132792,,1534.0,-0.959999978542
1463504481302544957,661,1463504481231689638,,1534.0,-0.959999978542
1463504481303199105,662,1463504481253218892,,1534.0,-0.959999978542
1463504481303712123,663,1463504481277416089,,1535.0,-0.839999973774
1463504481304117757,664,1463504481301544803,,1534.0,-0.959999978542
1463504481327519830,665,1463504481322809450,,1534.0,-0.959999978542
1463504481351970386,666,1463504481344354015,,1534.0,-0.959999978542
1463504481365035860,667,1463504481362064876,,1534.0,-0.839999973774
1463504481394863807,668,1463504481384352226,,1534.0,-0.959999978542
1463504481421041208,669,1463504481391823508,,1534.0,-0.839999973774
1463504481423523390,670,1463504481404795450,,1534.0,-0.839999973774
1463504481423999224,671,1463504481415732507,,1534.0,-0.839999973774
1463504481451837229,672,1463504481426201801,,1534.0,-0.839999973774
1463504481452505230,673,1463504481442537913,,1534.0,-0.959999978542
1463504481635723604,674,1463504481452695210,,1534.0,-0.959999978542
1463504481636002376,675,1463504481463969365,,1534.0,-0.959999978542
1463504481636294115,676,1463504481475013285,,1534.0,-0.959999978542
1463504481636691156,677,1463504481493719040,,1534.0,-0.959999978542
1463504481637007476,678,1463504481506036625,,1535.0,-0.839999973774
1463504481637326921,679,1463504481520149226,,1535.0,-0.839999973774
1463504481637414568,680,1463504481534276461,,1534.0,-0.839999973774
1463504481637676311,681,1463504481547516083,,1534.0,-0.959999978542
1463504481638076112,682,1463504481559395434,,1534.0,-0.959999978542
1463504481638123034,683,1463504481570976901,,1534.0,-0.959999978542
1463504481641751447,684,1463504481585068723,,1534.0,-0.959999978542
1463504481642147758,685,1463504481597252156,,1535.0,-0.839999973774
1463504481642554121,686,1463504481608945225,,1535.0,-0.839999973774
1463504481643129684,687,1463504481620783903,,1534.0,-0.839999973774
1463504481643885176,688,1463504481639078869,,1534.0,-0.839999973774
1463504481666071912,689,1463504481655679328,,1535.0,-0.839999973774
1463504481687925610,690,1463504481674490592,,1534.0,-0.839999973774
1463504481700386357,691,1463504481692793994,,1534.0,-0.959999978542
1463504481724075171,692,1463504481718944888,,1535.0,-0.959999978542
1463504481745513653,693,1463504481734166797,,1534.0,-0.959999978542
1463504481758370295,694,1463504481755019873,,1535.0,-0.839999973774
1463504481786720016,695,1463504481777404348,,1535.0,-0.839999973774
1463504481808262133,696,1463504481800665500,,1534.0,-0.959999978542
1463504481829701448,697,1463504481826083607,,1534.0,-0.959999978542
1463504481858468416,698,1463504481849048280,,1535.0,-0.839999973774
1463504481876545696,699,1463504481871774072,,1534.0,-0.839999973774
1463504483116760250,700,1463504481896787796,,1534.0,-0.959999978542
1463504483117086829,701,1463504481919541294,,1534.0,-0.959999978542
1463504483117436948,702,1463504481940112369,,1534.0,-0.959999978542
1463504483117718532,703,1463504481961552726,,1534.0,-0.839999973774
1463504483117988451,704,1463504481986806268,,1534.0,-0.959999978542
1463504483118266858,705,1463504482009690272,,1534.0,-0.959999978542
1463504483118561566,706,1463504482032034222,,1535.0,-0.839999973774
1463504483119178843,707,1463504482057967733,,1534.0,-0.839999973774
1463504483119592756,708,1463504482068217046,,1535.0,-0.839999973774
1463504483119943760,709,1463504482088524132,,1535.0,-0.839999973774
1463504483120254872,710,1463504482104512619,,1534.0,-0.959999978542
1463504483120526822,711,1463504482130522633,,1535.0,-0.839999973774
1463504483120799605,712,1463504482166604739,,1535.0,-0.839999973774
1463504483121105301,713,1463504482208801760,,1534.0,-0.959999978542
1463504483121479584,714,1463504482235422332,,1534.0,-0.959999978542
1463504483121842774,715,1463504482261191799,,1534.0,-0.959999978542
1463504483122128212,716,1463504482284995487,,1534.0,-0.839999973774
1463504483122452187,717,1463504482306984110,,1534.0,-0.959999978542
1463504483122798400,718,1463504482331034594,,1534.0,-0.959999978542
1463504483123580190,719,1463504482354439627,,1534.0,-0.839999973774
1463504483126396917,720,1463504482377979750,,1534.0,-0.959999978542
1463504483126724590,721,1463504482404190419,,1534.0,-0.959999978542
1463504483127417797,722,1463504482428012959,,1534.0,-0.839999973774
1463504483127764270,723,1463504482454304296,,1535.0,-0.959999978542
1463504483128138083,724,1463504482478698337,,1534.0,-0.959999978542
1463504483128421074,725,1463504482500163736,,1534.0,-0.959999978542
1463504483128718542,726,1463504482526850811,,1534.0,-0.959999978542
1463504483128985648,727,1463504482550581226,,1535.0,-0.839999973774
1463504483129225935,728,1463504482583227817,,1534.0,-0.959999978542
1463504483129469138,729,1463504482593947705,,1534.0,-0.959999978542
1463504483129702289,730,1463504482618906893,,1534.0,-0.959999978542
1463504483129952315,731,1463504482637698673,,1535.0,-0.360000014305
1463504483130187966,732,1463504482653182632,,1534.0,-0.959999978542
1463504483130514389,733,1463504482687664702,,1534.0,-0.959999978542
1463504483130870392,734,1463504482723099534,,1535.0,-0.839999973774
1463504483131304564,735,1463504482755252167,,1534.0,-0.959999978542
1463504483131616197,736,1463504482762906239,,1534.0,-0.959999978542
1463504483132100885,737,1463504482777808594,,1534.0,-0.959999978542
1463504483132401477,738,1463504482788411203,,1534.0,-0.959999978542
1463504483132697903,739,1463504482796999549,,1534.0,-0.959999978542
1463504483133042189,740,1463504482802545827,,1535.0,-0.839999973774
1463504483133470216,741,1463504482815894495,,1535.0,-0.839999973774
1463504483135407454,742,1463504482826891697,,1534.0,-0.959999978542
1463504483136540405,743,1463504482832161703,,1534.0,-0.959999978542
1463504483136839175,744,1463504482840180892,,1534.0,-0.959999978542
1463504483137109771,745,1463504482850555869,,1534.0,-0.959999978542
1463504483137360108,746,1463504482860219204,,1534.0,-0.959999978542
1463504483137740432,747,1463504482870211878,,1534.0,-0.959999978542
1463504483138099091,748,1463504482888647550,,1534.0,-0.959999978542
1463504483138412755,749,1463504482902838419,,1534.0,-0.959999978542
1463504483138722409,750,1463504482923954844,,1534.0,-0.959999978542
1463504483138961706,751,1463504482942701837,,1534.0,-0.959999978542
1463504483139287921,752,1463504482962138287,,1535.0,-0.839999973774
1463504483139545601,753,1463504482974053411,,1534.0,-0.839999973774
1463504483139808906,754,1463504482992580323,,1535.0,-0.959999978542
1463504483140056536,755,1463504483018155328,,1534.0,-0.839999973774
1463504483140411549,756,1463504483047439612,,1535.0,-0.839999973774
1463504483140930243,757,1463504483097099613,,1534.0,-0.959999978542
1463504483141203964,758,1463504483118983291,,1534.0,-0.959999978542
1463504483141583454,759,1463504483132467095,,1534.0,-0.959999978542
1463504484439091058,760,1463504483148107906,,1534.0,-0.959999978542
1463504484439161154,761,1463504483188717790,,1535.0,-0.839999973774
1463504484439215888,762,1463504483230448803,,1534.0,-0.959999978542
1463504484448751521,763,1463504483273651949,,1535.0,-0.839999973774
1463504484448837657,764,1463504483315851506,,1534.0,-0.959999978542
1463504484448932178,765,1463504483367141226,,1534.0,-0.839999973774
1463504484449014461,766,1463504483411161472,,1534.0,-0.959999978542
1463504484449049353,767,1463504483444287373,,1535.0,-0.839999973774
1463504484449083829,768,1463504483474216276,,1534.0,-0.839999973774
1463504484449125282,769,1463504483505868326,,1534.0,-0.959999978542
1463504484449170746,770,1463504483536911535,,1534.0,-0.959999978542
1463504484449239072,771,1463504483567726175,,1534.0,-0.959999978542
1463504484449276412,772,1463504483599855674,,1535.0,-0.839999973774
1463504484449378015,773,1463504483635684668,,1534.0,-0.959999978542
1463504484449418011,774,1463504483665487387,,1534.0,-0.959999978542
1463504484449455143,775,1463504483695661784,,1534.0,-0.839999973774
1463504484449498523,776,1463504483725786499,,1534.0,-0.959999978542
1463504484449536488,777,1463504483754417521,,1534.0,-0.959999978542
1463504484449571015,778,1463504483784088170,,1534.0,-0.839999973774
1463504484449610907,779,1463504483810183841,,1534.0,-0.959999978542
1463504484449645591,780,1463504483836176502,,1534.0,-0.959999978542
1463504484449681576,781,1463504483862538915,,1534.0,-0.839999973774
1463504484449716520,782,1463504483890524590,,1534.0,-0.959999978542
1463504484449750579,783,1463504483917065057,,1534.0,-0.839999973774
1463504484449783753,784,1463504483940110068,,1534.0,-0.959999978542
1463504484449819686,785,1463504483951218556,,1534.0,-0.959999978542
1463504484449852652,786,1463504483982551525,,1534.0,-0.959999978542
1463504484449886606,787,1463504484012720194,,1534.0,-0.959999978542
1463504484449920092,788,1463504484048788314,,1534.0,-0.959999978542
1463504484449953630,789,1463504484079236159,,1534.0,-0.959999978542
1463504484449987220,790,1463504484108897319,,1535.0,-0.839999973774
1463504484450021071,791,1463504484138679559,,1534.0,-0.839999973774
1463504484450054921,792,1463504484165920252,,1534.0,-0.959999978542
1463504484450089397,793,1463504484195697910,,1535.0,-0.839999973774
1463504484450123455,794,1463504484220966733,,1534.0,-0.839999973774
1463504484450157827,795,1463504484247454070,,1534.0,-0.959999978542
1463504484450195896,796,1463504484275139090,,1535.0,-0.839999973774
1463504484450414674,797,1463504484299735330,,1534.0,-0.839999973774
1463504484450585905,798,1463504484324149663,,1535.0,-0.839999973774
1463504484451808898,799,1463504484350692046,,1534.0,-0.959999978542
1463504484451859778,800,1463504484376383949,,1535.0,-0.839999973774
1463504484451955601,801,1463504484410576649,,1534.0,-0.839999973774
1463504484452215260,802,1463504484443016413,,1534.0,-0.959999978542
1463504484585710008,803,1463504484476735258,,1534.0,-0.839999973774
1463504484585965032,804,1463504484515054125,,1534.0,-0.959999978542
1463504484586345616,805,1463504484547114036,,1535.0,-0.839999973774
1463504485035407553,806,1463504484587104128,,1534.0,-0.839999973774
1463504485035755536,807,1463504484627186502,,1534.0,-0.839999973774
1463504485036046026,808,1463504484656030875,,1534.0,-0.959999978542
1463504485036326776,809,1463504484667083739,,1534.0,-0.959999978542
1463504485036608204,810,1463504484676285034,,1535.0,-0.839999973774
1463504485036903432,811,1463504484686189012,,1535.0,-0.839999973774
1463504485037181110,812,1463504484704795068,,1533.0,-0.959999978542
1463504485037487535,813,1463504484716826264,,1534.0,-0.959999978542
1463504485037774952,814,1463504484736220359,,1534.0,-0.959999978542
1463504485038082991,815,1463504484744219388,,1534.0,-0.959999978542
1463504485039344625,816,1463504484765869177,,1534.0,-0.959999978542
1463504485041038816,817,1463504484792223924,,1534.0,-0.959999978542
1463504485043423504,818,1463504484821461692,,1534.0,-0.959999978542
1463504485043701755,819,1463504484840410940,,1534.0,-0.839999973774
1463504485043999066,820,1463504484862082654,,1534.0,-0.959999978542
1463504485044262163,821,1463504484883418153,,1534.0,-0.959999978542
1463504485044536404,822,1463504484914109097,,1539.0,-0.959999978542
1463504485044813613,823,1463504484924172329,,1534.0,-0.839999973774
1463504485045083375,824,1463504484950694090,,1534.0,-0.959999978542
1463504485045356783,825,1463504484977245743,,1534.0,-0.959999978542
1463504485045779550,826,1463504485026478993,,1534.0,-0.839999973774
1463504485140767654,827,1463504485080113263,,1534.0,-0.959999978542
1463504485140836344,828,1463504485101012135,,1534.0,-0.959999978542
1463504485140871445,829,1463504485119531422,,1534.0,-0.959999978542
1463504485206632780,830,1463504485145760236,,1534.0,-0.959999978542
1463504485209037571,831,1463504485173634704,,1534.0,-0.839999973774
1463504485209091888,832,1463504485199331700,,1534.0,-0.959999978542
1463504485262668299,833,1463504485246505110,,1534.0,-0.959999978542
1463504485313528027,834,1463504485290684939,,1534.0,-0.959999978542
1463504485377301298,835,1463504485334614900,,1534.0,-0.959999978542
1463504485422108194,836,1463504485375627209,,1534.0,-0.959999978542
1463504485437386636,837,1463504485416745028,,1534.0,-0.959999978542
1463504485480615007,838,1463504485472695660,,1534.0,-0.959999978542
1463504485547107513,839,1463504485529033073,,1535.0,-0.839999973774
1463504485591870247,840,1463504485584929440,,1534.0,-0.959999978542
1463504485648463518,841,1463504485628961733,,1535.0,-0.959999978542
1463504485721997133,842,1463504485676717944,,1534.0,-0.959999978542
1463504485722614983,843,1463504485698891209,,1535.0,-0.839999973774
1463504485723190076,844,1463504485714666629,,1534.0,-0.839999973774
1463504485815509252,845,1463504485725138406,,1534.0,-0.839999973774
1463504485815834842,846,1463504485739774262,,1535.0,-0.839999973774
1463504485816317081,847,1463504485771595696,,1535.0,-0.839999973774
1463504485828837959,848,1463504485815774536,,1534.0,-0.839999973774
1463504485875908723,849,1463504485865322271,,1534.0,-0.959999978542
1463504485932055480,850,1463504485921975795,,1534.0,-0.959999978542
1463504485988934970,851,1463504485979898661,,1535.0,-0.839999973774
1463504486053611875,852,1463504486038644290,,1534.0,-0.839999973774
1463504486110761782,853,1463504486096583486,,1534.0,-0.839999973774
1463504486193287043,854,1463504486140995564,,1534.0,-0.959999978542
1463504486193737098,855,1463504486176568504,,1534.0,-0.839999973774
1463504486309518573,856,1463504486213864745,,1534.0,-0.959999978542
1463504486309799168,857,1463504486244239762,,1534.0,-0.959999978542
1463504486312856855,858,1463504486272909601,,1534.0,-0.959999978542
1463504486313371278,859,1463504486304041098,,1534.0,-0.959999978542
1463504486399972813,860,1463504486333451690,,1534.0,-0.959999978542
1463504486403383378,861,1463504486365500535,,1534.0,-0.959999978542
1463504486403876293,862,1463504486398662175,,1534.0,-0.959999978542
1463504486449656816,863,1463504486435925972,,1529.0,-0.959999978542
1463504486564113905,864,1463504486457914092,,1530.0,-0.959999978542
1463504486564768417,865,1463504486489544337,,1529.0,-0.959999978542
1463504486565628687,866,1463504486520309468,,1530.0,-0.959999978542
1463504486566345015,867,1463504486552148128,,1530.0,-0.959999978542
1463504486667386433,868,1463504486586034949,,1530.0,-0.839999973774
1463504486667958818,869,1463504486618685031,,1530.0,-0.839999973774
1463504486668018759,870,1463504486637152910,,1530.0,-0.959999978542
1463504486698205985,871,1463504486665115222,,1530.0,-0.959999978542
1463504486796359124,872,1463504486695992945,,1530.0,-0.959999978542
1463504486796624720,873,1463504486729719055,,1535.0,-0.839999973774
1463504486797233351,874,1463504486764881206,,1534.0,-0.839999973774
1463504486808211528,875,1463504486795867407,,1534.0,-0.959999978542
1463504486856772112,876,1463504486839216476,,1535.0,-0.839999973774
1463504486917473766,877,1463504486881617316,,1535.0,-0.839999973774
1463504486926464972,878,1463504486919002662,,1580.0,-0.959999978542
1463504486956447376,879,1463504486947252078,,1580.0,-0.839999973774
1463504486971321065,880,1463504486952756321,,1580.0,-0.839999973774
1463504486987334161,881,1463504486982692272,,1580.0,-0.959999978542
1463504487004563113,882,1463504486991861948,,1580.0,-0.839999973774
1463504487006167678,883,1463504487000628751,,1580.0,-0.839999973774
1463504487039493038,884,1463504487008519400,,1580.0,-0.839999973774
1463504487039598808,885,1463504487021872260,,1580.0,-0.839999973774
1463504487039747802,886,1463504487030328209,,1580.0,-0.839999973774
1463504487066483936,887,1463504487045925719,,1580.0,-0.959999978542
1463504487066551845,888,1463504487060698996,,1580.0,-0.839999973774
1463504487089840075,889,1463504487081230549,,1580.0,-0.839999973774
1463504487117157499,890,1463504487102707988,,1580.0,-0.839999973774
1463504487140387141,891,1463504487121135709,,1580.0,-0.600000023842
1463504487140512492,892,1463504487134152408,,1580.0,-0.959999978542
1463504487173110952,893,1463504487163567623,,1580.0,-0.959999978542
1463504487218719758,894,1463504487204000485,,1580.0,-0.839999973774
1463504487239188609,895,1463504487219076750,,1580.0,-0.959999978542
1463504487270556371,896,1463504487231546582,,1580.0,-0.959999978542
1463504487270598970,897,1463504487243212752,,1580.0,-0.959999978542
1463504487271052410,898,1463504487254749665,,1580.0,-0.959999978542
1463504487271131048,899,1463504487262354613,,1580.0,-0.959999978542
1463504487355412804,900,1463504487287781828,,1580.0,-0.959999978542
1463504487355825415,901,1463504487312225764,,1580.0,-0.839999973774
1463504487356194073,902,1463504487334944213,,1580.0,-0.959999978542
1463504487478710286,903,1463504487357324782,,1580.0,-0.959999978542
1463504487478977028,904,1463504487362855374,,1580.0,-0.839999973774
1463504487479265173,905,1463504487393577165,,1580.0,-0.959999978542
1463504487479544934,906,1463504487412263139,,1580.0,-0.839999973774
1463504487481414417,907,1463504487432511233,,1580.0,-0.959999978542
1463504487481764691,908,1463504487462197408,,1580.0,-0.959999978542
1463504487515969902,909,1463504487485882678,,1580.0,-0.839999973774
1463504487516410635,910,1463504487498855163,,1580.0,-6.71999979019
1463504487577763393,911,1463504487505815234,,1580.0,-6.71999979019
1463504487577938843,912,1463504487543972408,,1580.0,-0.959999978542
1463504487609551213,913,1463504487597835101,,1580.0,-0.959999978542
1463504487667412530,914,1463504487623270752,,1580.0,-0.959999978542
1463504487667461588,915,1463504487643361884,,1580.0,-0.959999978542
1463504487668578184,916,1463504487654607787,,1580.0,-0.959999978542
1463504487742772139,917,1463504487671317571,,1580.0,-0.839999973774
1463504487743592206,918,1463504487683811463,,1580.0,1.44000005722
1463504487743938210,919,1463504487695192352,,1580.0,-0.839999973774
1463504487745211924,920,1463504487708091616,,1580.0,-0.839999973774
1463504487745590476,921,1463504487717606511,,1580.0,-0.959999978542
1463504487748217324,922,1463504487733595384,,1580.0,-0.959999978542
1463504487767545050,923,1463504487749510828,,1580.0,-0.959999978542
1463504487767818979,924,1463504487756501000,,1580.0,-0.959999978542
1463504487768242943,925,1463504487762832181,,1580.0,-1.20000004768
1463504487848451500,926,1463504487769118159,,1580.0,-1.20000004768
1463504487848785161,927,1463504487788331315,,1580.0,-1.20000004768
1463504487858403014,928,1463504487846190758,,1580.0,-0.839999973774
1463504487914747883,929,1463504487886539358,,1580.0,-0.839999973774
1463504488053607914,930,1463504487910040586,,1580.0,-0.839999973774
1463504488053822994,931,1463504487929118288,,1580.0,-0.839999973774
1463504488053867364,932,1463504487943886618,,1580.0,-0.839999973774
1463504488054280184,933,1463504487959465848,,1580.0,-1.20000004768
1463504488054334553,934,1463504487979268991,,1580.0,-0.959999978542
1463504488067707978,935,1463504488003364998,,1580.0,-0.839999973774
1463504488067813383,936,1463504488045806167,,1580.0,-0.959999978542
1463504488115531211,937,1463504488061398828,,1580.0,-0.839999973774
1463504488115791963,938,1463504488076214127,,1580.0,-0.839999973774
1463504488115833886,939,1463504488090702742,,1580.0,-0.959999978542
1463504488117741124,940,1463504488108723105,,1580.0,-0.959999978542
1463504488284390408,941,1463504488127824911,,1580.0,2.75999999046
1463504488284643922,942,1463504488144643114,,1580.0,16.7999992371
1463504488284899415,943,1463504488156938273,,1580.0,16.7999992371
1463504488285156209,944,1463504488181632538,,1580.0,16.7999992371
1463504488287131200,945,1463504488205771499,,1580.0,27.0
1463504488288999485,946,1463504488227581393,,1580.0,27.0
1463504488290325016,947,1463504488257354734,,1580.0,26.8799991608
1463504488318450414,948,1463504488301816513,,1580.0,27.0
1463504488430032314,949,1463504488324457410,,1580.0,25.9200000763
1463504488430076007,950,1463504488352891836,,1580.0,27.0
1463504488430116732,951,1463504488377519545,,1580.0,26.8799991608
1463504488430154644,952,1463504488398935785,,1580.0,26.8799991608
1463504488430192244,953,1463504488424128588,,1580.0,27.0
1463504488746557726,954,1463504488445402499,,1580.0,26.8799991608
1463504488746885503,955,1463504488466515751,,1580.0,27.0
1463504488747130319,956,1463504488488778512,,1580.0,27.0
1463504488747391541,957,1463504488509834739,,1580.0,26.8799991608
1463504488747667604,958,1463504488535895885,,1580.0,26.5200004578
1463504488747933044,959,1463504488558568028,,1580.0,26.8799991608
1463504488754553930,960,1463504488581876403,,1580.0,27.0
1463504488754897643,961,1463504488609246936,,1580.0,27.0
1463504488755172508,962,1463504488634212576,,1580.0,27.0
1463504488755481485,963,1463504488659377310,,1580.0,26.8799991608
1463504488755750205,964,1463504488681909677,,1580.0,27.0
1463504488756188074,965,1463504488709366190,,1580.0,27.1200008392
1463504488757580889,966,1463504488729334984,,1580.0,27.3600006104
1463504488758032246,967,1463504488749823044,,1580.0,27.3600006104
1463504488906843751,968,1463504488772265733,,1580.0,27.3600006104
1463504488907117680,969,1463504488797592637,,1580.0,27.4799995422
1463504488908357908,970,1463504488819556576,,1580.0,27.3600006104
1463504488908701568,971,1463504488840784191,,1580.0,24.9599990845
1463504488908971174,972,1463504488864187816,,1580.0,27.2399997711
1463504488909391805,973,1463504488887177840,,1580.0,27.4799995422
1463504489450829043,974,1463504488911629007,,1580.0,27.3600006104
1463504489452298672,975,1463504488937144899,,1580.0,26.1599998474
1463504489458649118,976,1463504488959344334,,1580.0,27.3600006104
1463504489459851016,977,1463504488981278017,,1580.0,27.2399997711
1463504489460173273,978,1463504489004234295,,1580.0,27.3600006104
1463504489460431317,979,1463504489029303198,,1580.0,27.1200008392
1463504489460673530,980,1463504489050626106,,1580.0,26.8799991608
1463504489461972345,981,1463504489072744864,,1580.0,26.8799991608
1463504489462310537,982,1463504489093672608,,1580.0,26.8799991608
1463504489462631595,983,1463504489115179246,,1580.0,27.0
1463504489462920730,984,1463504489139568795,,1580.0,27.0
1463504489463351151,985,1463504489161990957,,1580.0,26.8799991608
1463504489463637578,986,1463504489182721066,,1580.0,26.8799991608
1463504489463908173,987,1463504489206028651,,1580.0,26.8799991608
1463504489464156271,988,1463504489231770499,,1580.0,26.3999996185
1463504489464429938,989,1463504489254763536,,1580.0,26.3999996185
1463504489464696419,990,1463504489276866202,,1580.0,26.3999996185
1463504489464959151,991,1463504489302593103,,1580.0,-12.4799995422
1463504489465238964,992,1463504489324572345,,1580.0,-12.4799995422
1463504489465497216,993,1463504489349014805,,1580.0,-12.6000003815
1463504489465775519,994,1463504489371748027,,1580.0,-13.3199996948
1463504489466024867,995,1463504489396539667,,1580.0,-13.3199996948
1463504489466487003,996,1463504489421985870,,1580.0,-12.1199998856
1463504489466853629,997,1463504489443437462,,1580.0,-0.959999978542
1463504489653280304,998,1463504489465494977,,1580.0,-0.839999973774
1463504489654443509,999,1463504489487149620,,1580.0,-0.839999973774
1463504489654802167,1000,1463504489510995791,,1580.0,-0.959999978542
1463504489655099218,1001,1463504489534259631,,1580.0,-0.959999978542
1463504489655374136,1002,1463504489557018371,,1580.0,-0.959999978542
1463504489655665822,1003,1463504489578272172,,1580.0,-0.839999973774
1463504489660247869,1004,1463504489602004033,,1580.0,-0.839999973774
1463504489660583405,1005,1463504489627188964,,1580.0,-0.959999978542
1463504489661012264,1006,1463504489649449893,,1580.0,-2.16000008583
1463504490743766296,1007,1463504489674603889,,1580.0,-0.839999973774
1463504490744031267,1008,1463504489695177453,,1580.0,-0.839999973774
1463504490746439074,1009,1463504489719073255,,1580.0,-0.839999973774
1463504490746768308,1010,1463504489741803872,,1580.0,7.67999982834
1463504490747151182,1011,1463504489767686486,,1580.0,7.67999982834
1463504490747415788,1012,1463504489790079901,,1580.0,7.67999982834
1463504490747686592,1013,1463504489814064651,,1580.0,7.67999982834
1463504490747956666,1014,1463504489837013890,,1580.0,7.67999982834
1463504490748197264,1015,1463504489859228055,,1580.0,26.8799991608
1463504490748427083,1016,1463504489878877137,,1580.0,26.8799991608
1463504490748672576,1017,1463504489901759144,,1580.0,26.8799991608
1463504490748900312,1018,1463504489922042167,,1580.0,27.1200008392
1463504490749142108,1019,1463504489944425115,,1580.0,27.0
1463504490749373280,1020,1463504489967900963,,1580.0,26.8799991608
1463504490749593724,1021,1463504489988545717,,1580.0,27.1200008392
1463504490749878797,1022,1463504490014663668,,1580.0,27.3600006104
1463504490750120333,1023,1463504490040831187,,1580.0,27.3600006104
1463504490750354630,1024,1463504490062734804,,1580.0,27.3600006104
1463504490750625746,1025,1463504490086320995,,1580.0,27.4799995422
1463504490750894830,1026,1463504490112770672,,1580.0,27.3600006104
1463504490751139022,1027,1463504490136038929,,1580.0,27.3600006104
1463504490751381599,1028,1463504490159540651,,1580.0,27.4799995422
1463504490751616365,1029,1463504490181910519,,1580.0,27.3600006104
1463504490751862588,1030,1463504490205166799,,1580.0,27.7199993134
1463504490752123132,1031,1463504490228915368,,1580.0,27.8400001526
1463504490752396123,1032,1463504490255750939,,1580.0,27.8400001526
1463504490753810966,1033,1463504490278865516,,1580.0,27.8400001526
1463504490753929755,1034,1463504490305487569,,1580.0,27.8400001526
1463504490754255865,1035,1463504490325863908,,1580.0,27.8400001526
1463504490754588484,1036,1463504490349165339,,1580.0,27.8400001526
1463504490754902408,1037,1463504490372569311,,1580.0,27.8400001526
1463504490755199718,1038,1463504490392849410,,1580.0,27.8400001526
1463504490755440681,1039,1463504490421258713,,1580.0,27.9599990845
1463504490755678207,1040,1463504490439206779,,1580.0,27.9599990845
1463504490755934689,1041,1463504490459527810,,1580.0,27.9599990845
1463504490756199608,1042,1463504490480350245,,1580.0,27.7199993134
1463504490756487493,1043,1463504490502600282,,1580.0,27.7199993134
1463504490756754078,1044,1463504490535565384,,1580.0,27.7199993134
1463504490758596582,1045,1463504490561972096,,1580.0,27.9599990845
1463504490758877541,1046,1463504490586171293,,1580.0,27.9599990845
1463504490759119076,1047,1463504490608621932,,1580.0,27.9599990845
1463504490759348947,1048,1463504490630878792,,1580.0,27.8400001526
1463504490759595430,1049,1463504490656400550,,1580.0,27.8400001526
1463504490759832539,1050,1463504490698156189,,1580.0,27.9599990845
1463504490760098239,1051,1463504490718653868,,1580.0,27.8400001526
1463504490760719889,1052,1463504490736830606,,1580.0,27.8400001526
1463504490761145414,1053,1463504490746017922,,1580.0,27.9599990845
1463504491161512864,1054,1463504490761004024,,1580.0,27.8400001526
1463504491161549057,1055,1463504490786888555,,1580.0,27.8400001526
1463504491161856263,1056,1463504490798675896,,1580.0,27.9599990845
1463504491161916777,1057,1463504490811128892,,1580.0,27.9599990845
1463504491161960053,1058,1463504490828083786,,1580.0,27.9599990845
1463504491162176696,1059,1463504490839599699,,1580.0,27.8400001526
1463504491162465258,1060,1463504490848459969,,1580.0,27.8400001526
1463504491162526709,1061,1463504490859725180,,1580.0,27.9599990845
1463504491162580922,1062,1463504490880369353,,1580.0,27.9599990845
1463504491162623365,1063,1463504490892336674,,1580.0,27.9599990845
1463504491162657528,1064,1463504490902611266,,1580.0,27.9599990845
1463504491169452138,1065,1463504490919891124,,1580.0,27.9599990845
1463504491169509423,1066,1463504490954919070,,1580.0,27.8400001526
1463504491169545513,1067,1463504491002335384,,1580.0,29.6399993896
1463504491169756427,1068,1463504491017647957,,1580.0,27.3600006104
1463504491169908181,1069,1463504491034180131,,1580.0,27.3600006104
1463504491170023377,1070,1463504491044099289,,1580.0,27.3600006104
1463504491170063997,1071,1463504491053818627,,1580.0,27.3600006104
1463504491170275432,1072,1463504491064172320,,1580.0,27.3600006104
1463504491170319958,1073,1463504491081151060,,1580.0,27.3600006104
1463504491170543111,1074,1463504491101348973,,1580.0,27.3600006104
1463504491170589668,1075,1463504491111883480,,1580.0,27.3600006104
1463504491170624299,1076,1463504491120042782,,1580.0,27.3600006104
1463504491171441917,1077,1463504491129436426,,1580.0,27.3600006104
1463504491171498577,1078,1463504491141631270,,1580.0,27.3600006104
1463504491171537167,1079,1463504491151177709,,1580.0,27.3600006104
1463504491171576954,1080,1463504491164349476,,1580.0,27.3600006104
1463504491788678468,1081,1463504491183982191,,1580.0,27.3600006104
1463504491788955208,1082,1463504491197665932,,1580.0,27.3600006104
1463504491789239395,1083,1463504491207417453,,1580.0,27.3600006104
1463504491789492544,1084,1463504491216683038,,1580.0,27.3600006104
1463504491789738819,1085,1463504491231051755,,1580.0,27.3600006104
1463504491789983948,1086,1463504491251436262,,1580.0,25.6800003052
1463504491790251054,1087,1463504491269696109,,1580.0,27.3600006104
1463504491790514826,1088,1463504491289543540,,1580.0,27.4799995422
1463504491790780422,1089,1463504491306463848,,1580.0,27.4799995422
1463504491791034352,1090,1463504491351358653,,1580.0,27.4799995422
1463504491791307811,1091,1463504491401992353,,1580.0,27.3600006104
1463504491791555804,1092,1463504491452630426,,1580.0,27.3600006104
1463504491791802704,1093,1463504491505240365,,1580.0,27.3600006104
1463504491792054864,1094,1463504491555209971,,1580.0,27.3600006104
1463504491792304315,1095,1463504491606330960,,1580.0,27.4799995422
1463504491792544965,1096,1463504491654943842,,1580.0,27.3600006104
1463504491794779821,1097,1463504491704522658,,1580.0,27.3600006104
1463504491795110670,1098,1463504491749042297,,1580.0,27.3600006104
1463504491795585721,1099,1463504491779044434,,1580.0,27.1200008392
1463504491881990344,1100,1463504491804038428,,1580.0,26.5200004578
1463504491882685266,1101,1463504491828648091,,1580.0,26.8799991608
1463504491883895132,1102,1463504491846185518,,1580.0,27.0
1463504491885069637,1103,1463504491862525370,,1580.0,27.0
1463504492016162055,1104,1463504491897317860,,1580.0,9.72000026703
1463504492016435774,1105,1463504491918878903,,1580.0,9.11999988556
1463504492016483060,1106,1463504491950092259,,1580.0,-0.72000002861
1463504492017585698,1107,1463504491987190691,,1580.0,2.16000008583
1463504492124854159,1108,1463504492029767048,,1580.0,2.51999998093
1463504492126134694,1109,1463504492070516569,,1580.0,10.6800003052
1463504492126655886,1110,1463504492101211794,,1580.0,26.5200004578
1463504492127090889,1111,1463504492114989217,,1580.0,26.5200004578
1463504492169243796,1112,1463504492138010037,,1580.0,26.8799991608
1463504492234026837,1113,1463504492174851244,,1580.0,27.0
1463504492234360185,1114,1463504492208176020,,1580.0,26.8799991608
1463504492299282169,1115,1463504492254075592,,1580.0,27.0
1463504492323944264,1116,1463504492303533102,,1580.0,27.1200008392
1463504492371323360,1117,1463504492344132015,,1580.0,27.3600006104
1463504492412170839,1118,1463504492385681968,,1580.0,7.19999980927
1463504492438668823,1119,1463504492425894309,,1580.0,-6.71999979019
1463504492491304572,1120,1463504492469182767,,1534.0,3.3599998951
1463504492517840729,1121,1463504492504324267,,1534.0,1.44000005722
1463504492569358947,1122,1463504492543391215,,1534.0,-1.08000004292
1463504492597086117,1123,1463504492586415640,,1502.0,-0.839999973774
1463504492642195413,1124,1463504492629360125,,1442.0,-0.959999978542
1463504492682060397,1125,1463504492674189712,,1425.0,-0.839999973774
1463504492855825564,1126,1463504492704755472,,1389.0,-0.959999978542
1463504492856112459,1127,1463504492714293055,,1402.0,-0.959999978542
1463504492856419613,1128,1463504492723308665,,1310.0,-0.959999978542
1463504492856768845,1129,1463504492735029495,,1310.0,-0.959999978542
1463504492856822953,1130,1463504492745614982,,1295.0,-0.839999973774
1463504492857224731,1131,1463504492759883548,,1295.0,-0.839999973774
1463504492857707438,1132,1463504492775404370,,1294.0,-0.839999973774
1463504492858063804,1133,1463504492794760130,,1304.0,0.239999994636
1463504492858338722,1134,1463504492810783500,,1304.0,0.239999994636
1463504492858883713,1135,1463504492826573772,,1294.0,-0.839999973774
1463504492859277784,1136,1463504492846436558,,1295.0,-0.839999973774
1463504492971620473,1137,1463504492866086244,,1199.0,-0.959999978542
1463504492972047352,1138,1463504492883296930,,1200.0,-0.959999978542
1463504492972498135,1139,1463504492891273749,,1200.0,-0.959999978542
1463504492972575574,1140,1463504492902404905,,1198.0,-2.51999998093
1463504492972617809,1141,1463504492910083216,,1198.0,-2.51999998093
1463504492974610244,1142,1463504492930465528,,1197.0,-0.959999978542
1463504492975193356,1143,1463504492959989581,,1198.0,-0.839999973774
1463504493737460011,1144,1463504492991107259,,1188.0,-0.959999978542
1463504493737697589,1145,1463504493022419077,,1187.0,-0.360000014305
1463504493737905899,1146,1463504493054204898,,1182.0,-0.839999973774
1463504493737978859,1147,1463504493090260450,,1182.0,-0.959999978542
1463504493738029166,1148,1463504493119146699,,1182.0,-0.959999978542
1463504493738542546,1149,1463504493148774324,,1183.0,-0.839999973774
1463504493738765907,1150,1463504493175924829,,1182.0,-0.959999978542
1463504493739193046,1151,1463504493206267999,,1182.0,-0.959999978542
1463504493739239760,1152,1463504493236985033,,1183.0,-0.839999973774
1463504493739276735,1153,1463504493265883156,,1182.0,-0.600000023842
1463504493739311627,1154,1463504493293198331,,1183.0,-0.839999973774
1463504493739653568,1155,1463504493323312360,,1182.0,-0.959999978542
1463504493739700490,1156,1463504493356164312,,1182.0,-0.959999978542
1463504493739742724,1157,1463504493387261043,,1182.0,-0.959999978542
1463504493739774440,1158,1463504493417066356,,1182.0,-0.959999978542
1463504493739929735,1159,1463504493446617167,,1182.0,-0.839999973774
1463504493740018006,1160,1463504493472233157,,1183.0,-0.959999978542
1463504493740154866,1161,1463504493502057270,,1182.0,-1.08000004292
1463504493740192778,1162,1463504493532716498,,1182.0,-0.839999973774
1463504493740469206,1163,1463504493558886020,,1182.0,-0.959999978542
1463504493740511857,1164,1463504493586466269,,1182.0,-0.839999973774
1463504493740544874,1165,1463504493612480235,,1182.0,-0.959999978542
1463504493747757870,1166,1463504493639772340,,1182.0,-0.959999978542
1463504493747813489,1167,1463504493666886027,,1310.0,-0.959999978542
1463504493747871295,1168,1463504493690911205,,1310.0,-0.959999978542
1463504493748338222,1169,1463504493719608361,,1311.0,-0.839999973774
1463504493936392820,1170,1463504493745687320,,1518.0,-0.839999973774
1463504493936438335,1171,1463504493774006341,,1519.0,-0.839999973774
1463504493936473384,1172,1463504493801137058,,1530.0,-0.959999978542
1463504493936677163,1173,1463504493830712813,,1530.0,-0.839999973774
1463504493936714554,1174,1463504493856945349,,1530.0,-0.959999978542
1463504493937196688,1175,1463504493887474227,,1530.0,-0.839999973774
1463504493939163812,1176,1463504493921283103,,1530.0,-0.959999978542
1463504494206222627,1177,1463504493961995582,,1530.0,-0.839999973774
1463504494206520406,1178,1463504494006695063,,1530.0,-0.839999973774
1463504494206783606,1179,1463504494047374198,,1530.0,-0.959999978542
1463504494208880558,1180,1463504494088931983,,1531.0,-0.839999973774
1463504494209264057,1181,1463504494121429483,,1530.0,-0.959999978542
1463504494209556368,1182,1463504494159806584,,1530.0,-0.839999973774
1463504494210029023,1183,1463504494200209604,,1529.0,-0.959999978542
1463504494264015935,1184,1463504494213241163,,1530.0,-0.959999978542
1463504494264670653,1185,1463504494234137360,,1530.0,-0.959999978542
1463504494271291629,1186,1463504494251327202,,1531.0,-0.839999973774
1463504494307200622,1187,1463504494272462331,,1531.0,-0.839999973774
1463504494320626876,1188,1463504494310667056,,1531.0,-0.839999973774
1463504494353481576,1189,1463504494350381923,,1531.0,-0.839999973774
1463504494402300526,1190,1463504494385692702,,1530.0,-0.839999973774
1463504494425599006,1191,1463504494418398980,,1530.0,-0.959999978542
1463504494479636017,1192,1463504494446032234,,1530.0,-0.839999973774
1463504494479677522,1193,1463504494469536368,,1529.0,-0.959999978542
1463504494496310761,1194,1463504494491502290,,1530.0,-0.959999978542
1463504494569072650,1195,1463504494520504348,,1529.0,-0.959999978542
1463504494569493853,1196,1463504494550047649,,1530.0,-0.959999978542
1463504494587578647,1197,1463504494572745779,,1530.0,-0.959999978542
1463504494606729675,1198,1463504494600584219,,1530.0,-0.959999978542
1463504494636327709,1199,1463504494630862853,,1530.0,-0.959999978542
1463504494661926035,1200,1463504494657192295,,1530.0,-0.959999978542
1463504494687337038,1201,1463504494681728293,,1530.0,-0.839999973774
1463504494717827160,1202,1463504494707010717,,1530.0,-0.959999978542
1463504494737521408,1203,1463504494728736144,,1529.0,-0.959999978542
1463504494761688385,1204,1463504494750826999,,1529.0,-0.959999978542
1463504494792293285,1205,1463504494775531676,,1529.0,-0.959999978542
1463504494818459099,1206,1463504494802918968,,1530.0,-0.839999973774
1463504494859683485,1207,1463504494832248490,,1529.0,-1.08000004292
1463504494866427103,1208,1463504494862917705,,1529.0,-0.959999978542
1463504494909576794,1209,1463504494896027064,,1529.0,-0.959999978542
1463504494931287275,1210,1463504494926619465,,1530.0,-0.959999978542
1463504494967725999,1211,1463504494958087029,,1529.0,-0.959999978542
1463504495008603080,1212,1463504494991213573,,1529.0,-0.959999978542
1463504495033985744,1213,1463504495029436569,,1530.0,-0.839999973774
1463504495075326143,1214,1463504495065477303,,1530.0,-0.839999973774
1463504495106336506,1215,1463504495100508829,,1530.0,-0.959999978542
1463504495202020112,1216,1463504495132639431,,1529.0,-0.959999978542
1463504495202599786,1217,1463504495167447857,,1530.0,-0.839999973774
1463504495202659154,1218,1463504495199065080,,1530.0,-0.959999978542
1463504495237745882,1219,1463504495231609177,,1529.0,-0.959999978542
1463504495280522734,1220,1463504495262390035,,1530.0,-0.839999973774
1463504495300749728,1221,1463504495296895527,,1530.0,-0.959999978542
1463504495335500504,1222,1463504495329223398,,1530.0,-0.959999978542
1463504495374597562,1223,1463504495364894071,,1530.0,-0.839999973774
1463504495410037531,1224,1463504495395240082,,1530.0,-0.959999978542
1463504495459783286,1225,1463504495428420827,,1530.0,-0.839999973774
1463504495472745942,1226,1463504495461447005,,1530.0,-0.959999978542
1463504495561740612,1227,1463504495493675773,,1529.0,-0.959999978542
1463504495561808261,1228,1463504495526912449,,1530.0,-0.959999978542
1463504495561852839,1229,1463504495556036827,,1530.0,-0.839999973774
1463504495599323361,1230,1463504495584518882,,1530.0,-0.959999978542
1463504495622108505,1231,1463504495612057397,,1530.0,-0.839999973774
1463504495644783349,1232,1463504495638770067,,1530.0,-0.839999973774
1463504495675785692,1233,1463504495666049809,,1531.0,-0.839999973774
1463504495699436624,1234,1463504495694884168,,1530.0,-0.959999978542
1463504495735871429,1235,1463504495722199323,,1530.0,-0.959999978542
1463504495837332301,1236,1463504495747148598,,1531.0,-0.839999973774
1463504495838332032,1237,1463504495768905003,,1530.0,-0.839999973774
1463504495838384474,1238,1463504495799396050,,1530.0,-0.839999973774
1463504495838420616,1239,1463504495833006434,,1529.0,-0.959999978542
1463504495980539463,1240,1463504495856637264,,1530.0,-0.959999978542
1463504495980586021,1241,1463504495881985973,,1530.0,-0.839999973774
1463504495980623308,1242,1463504495906501599,,1529.0,-0.959999978542
1463504495980658304,1243,1463504495932748540,,1530.0,-0.959999978542
1463504495981681574,1244,1463504495956569297,,1530.0,-0.839999973774
1463504495981734016,1245,1463504495975344371,,1530.0,-0.839999973774
1463504496407467304,1246,1463504495999105238,,1529.0,-0.959999978542
1463504496407505060,1247,1463504496020574171,,1530.0,-0.959999978542
1463504496407541879,1248,1463504496042005761,,1529.0,-0.959999978542
1463504496407577083,1249,1463504496064003538,,1530.0,-0.959999978542
1463504496407623848,1250,1463504496084838320,,1530.0,-0.959999978542
1463504496407661500,1251,1463504496105073535,,1530.0,-0.839999973774
1463504496407703319,1252,1463504496126386493,,1530.0,-0.959999978542
1463504496407751386,1253,1463504496152468287,,1531.0,-0.839999973774
1463504496419896785,1254,1463504496180615786,,1530.0,-0.959999978542
1463504496419971621,1255,1463504496188350225,,1530.0,-0.839999973774
1463504496420033072,1256,1463504496211241598,,1530.0,-0.839999973774
1463504496420143372,1257,1463504496235192071,,1530.0,-0.959999978542
1463504496420183211,1258,1463504496258733943,,1530.0,-0.839999973774
1463504496420218624,1259,1463504496276827629,,1529.0,-0.959999978542
1463504496420261275,1260,1463504496297146533,,1529.0,-0.959999978542
1463504496420295490,1261,1463504496318836167,,1530.0,-0.959999978542
1463504496420329341,1262,1463504496345832233,,1530.0,-0.839999973774
1463504496420410790,1263,1463504496367313557,,1530.0,-0.959999978542
1463504496420508331,1264,1463504496390195035,,1530.0,-0.839999973774
1463504496467199569,1265,1463504496412804149,,1530.0,-0.959999978542
1463504496467924331,1266,1463504496435285829,,1529.0,-0.959999978542
1463504496467985574,1267,1463504496459006067,,1530.0,-0.959999978542
1463504496649877794,1268,1463504496481525555,,1530.0,-0.839999973774
1463504496649916852,1269,1463504496502169370,,1530.0,-0.839999973774
1463504496649955129,1270,1463504496526902306,,1530.0,-0.959999978542
1463504496649998353,1271,1463504496549773317,,1529.0,-0.959999978542
1463504496650036734,1272,1463504496571626318,,1530.0,-0.959999978542
1463504496650132557,1273,1463504496595257920,,1530.0,-0.959999978542
1463504496650178906,1274,1463504496617631852,,1530.0,-0.839999973774
1463504496651029851,1275,1463504496638256346,,1530.0,-0.839999973774
1463504496762129649,1276,1463504496660339373,,1530.0,-0.959999978542
1463504496762553299,1277,1463504496681502347,,1530.0,-0.959999978542
1463504496763022100,1278,1463504496701632470,,1530.0,-0.959999978542
1463504496763606565,1279,1463504496724138418,,1530.0,-0.839999973774
1463504496763992928,1280,1463504496745151774,,1530.0,-0.839999973774
1463504496799418459,1281,1463504496769592452,,1530.0,-0.959999978542
1463504496799947357,1282,1463504496791533620,,1533.0,-0.959999978542
1463504497101754386,1283,1463504496811242644,,1530.0,-0.959999978542
1463504497101852136,1284,1463504496832830519,,1530.0,-0.959999978542
1463504497101903067,1285,1463504496855274078,,1530.0,-0.839999973774
1463504497101952697,1286,1463504496875104495,,1530.0,-0.959999978542
1463504497102029772,1287,1463504496897143725,,1530.0,-0.839999973774
1463504497102173193,1288,1463504496919601658,,1530.0,-0.959999978542
1463504497102219177,1289,1463504496939768755,,1530.0,-0.839999973774
1463504497110323676,1290,1463504496961112751,,1530.0,-0.959999978542
1463504497110393304,1291,1463504496973184513,,1530.0,-0.959999978542
1463504497110528809,1292,1463504496980647993,,1530.0,-0.839999973774
1463504497110574689,1293,1463504496991434848,,1531.0,-0.839999973774
1463504497110612706,1294,1463504496999398688,,1531.0,-0.839999973774
1463504497110651087,1295,1463504497007275507,,1531.0,-0.839999973774
1463504497110688478,1296,1463504497024510898,,1530.0,-0.839999973774
1463504497110722172,1297,1463504497036528860,,1530.0,-0.839999973774
1463504497110757429,1298,1463504497048278257,,1530.0,-0.839999973774
1463504497110794664,1299,1463504497056114036,,1530.0,-0.959999978542
1463504497111089266,1300,1463504497067555865,,1530.0,-0.839999973774
1463504497111136865,1301,1463504497085561846,,1530.0,-0.839999973774
1463504497112040773,1302,1463504497100161702,,1530.0,-0.839999973774
1463504497194180373,1303,1463504497120084237,,1530.0,-0.959999978542
1463504497194409254,1304,1463504497132730044,,1530.0,-0.839999973774
1463504497194500546,1305,1463504497145692638,,1530.0,-0.839999973774
1463504497194535021,1306,1463504497161828674,,1530.0,-0.959999978542
1463504497202140409,1307,1463504497173337839,,1530.0,-0.959999978542
1463504497548120691,1308,1463504497185147491,,1530.0,-0.839999973774
1463504497548161780,1309,1463504497202526251,,1530.0,-0.959999978542
1463504497548449664,1310,1463504497214787258,,1530.0,-0.959999978542
1463504497548700781,1311,1463504497226327461,,1530.0,-0.839999973774
1463504497548975021,1312,1463504497258408357,,1530.0,-0.839999973774
1463504497549237231,1313,1463504497319447536,,1530.0,-0.959999978542
1463504497549702751,1314,1463504497369324958,,1531.0,-0.839999973774
1463504497549758839,1315,1463504497409795581,,1530.0,-0.959999978542
1463504497549797480,1316,1463504497446706972,,1530.0,-0.959999978542
1463504497549833882,1317,1463504497476930423,,1529.0,-0.959999978542
1463504497553860666,1318,1463504497507226678,,1530.0,-0.839999973774
1463504497555704051,1319,1463504497537611309,,1530.0,-0.959999978542
1463504497637455726,1320,1463504497568316111,,1530.0,-0.839999973774
1463504497637510355,1321,1463504497597794334,,1530.0,-0.959999978542
1463504497638040087,1322,1463504497629858149,,1530.0,-0.839999973774
1463504498002494682,1323,1463504497661541851,,1530.0,-0.959999978542
1463504498002917082,1324,1463504497691969029,,1530.0,-0.839999973774
1463504498007063849,1325,1463504497727925476,,1530.0,-0.839999973774
1463504498008268348,1326,1463504497758182934,,1530.0,-0.959999978542
1463504498008341204,1327,1463504497779396780,,1530.0,-0.839999973774
1463504498008663146,1328,1463504497802146911,,1531.0,-0.839999973774
1463504498009320415,1329,1463504497809878900,,1530.0,-0.839999973774
1463504498009373326,1330,1463504497832808594,,1530.0,-0.839999973774
1463504498009941751,1331,1463504497851787589,,1529.0,-0.959999978542
1463504498010392429,1332,1463504497879039190,,1529.0,-0.959999978542
1463504498010754783,1333,1463504497911490878,,1530.0,-0.959999978542
1463504498011276078,1334,1463504497951611540,,1530.0,-0.959999978542
1463504498011659316,1335,1463504497987155586,,1530.0,-0.839999973774
1463504498110357056,1336,1463504498022044906,,1529.0,-0.959999978542
1463504498110813827,1337,1463504498056833192,,1530.0,-0.959999978542
1463504498111772885,1338,1463504498093864660,,1530.0,-0.839999973774
1463504498374687013,1339,1463504498127842257,,1530.0,-0.959999978542
1463504498375585088,1340,1463504498164192292,,1530.0,-0.839999973774
1463504498376317504,1341,1463504498197233224,,1529.0,-0.959999978542
1463504498376982273,1342,1463504498235062882,,1530.0,-0.839999973774
1463504498377051952,1343,1463504498269774979,,1531.0,-0.839999973774
1463504498377096114,1344,1463504498307339876,,1530.0,-0.839999973774
1463504498377629647,1345,1463504498344746405,,1529.0,-0.959999978542
1463504498486592314,1346,1463504498386861202,,1530.0,-0.959999978542
1463504498486651787,1347,1463504498412921105,,1531.0,-0.839999973774
1463504498487411284,1348,1463504498443304214,,1530.0,-0.959999978542
1463504498487898312,1349,1463504498475902123,,1529.0,-1.08000004292
1463504498738617784,1350,1463504498507166486,,1530.0,-0.839999973774
1463504498738654446,1351,1463504498526291969,,1530.0,-0.839999973774
1463504498741566719,1352,1463504498550711068,,1530.0,-0.839999973774
1463504498741910587,1353,1463504498580604494,,1529.0,-0.959999978542
1463504498744379681,1354,1463504498611282986,,1530.0,-0.959999978542
1463504498746971209,1355,1463504498649339546,,1530.0,-0.959999978542
1463504498747461674,1356,1463504498677554099,,1530.0,-0.959999978542
1463504498747967919,1357,1463504498709680239,,1530.0,-0.839999973774
1463504498748413285,1358,1463504498740121779,,1530.0,-0.839999973774
1463504498846188943,1359,1463504498770265437,,1529.0,-0.959999978542
1463504498846837254,1360,1463504498796300498,,1530.0,-0.959999978542
1463504498847226429,1361,1463504498811448152,,1530.0,-0.959999978542
1463504498847569150,1362,1463504498824761847,,1529.0,-0.959999978542
1463504498952747612,1363,1463504498858398701,,1530.0,-0.959999978542
1463504498958128195,1364,1463504498891900466,,1530.0,-0.839999973774
1463504498958245735,1365,1463504498919882910,,1530.0,-0.959999978542
1463504498958924519,1366,1463504498950524376,,1530.0,-0.839999973774
1463504498992299997,1367,1463504498976209901,,1529.0,-0.959999978542
1463504499112845145,1368,1463504498989265637,,1530.0,-0.839999973774
1463504499113300337,1369,1463504499010119266,,1530.0,-0.839999973774
1463504499113581525,1370,1463504499032627466,,1531.0,-0.839999973774
1463504499113840475,1371,1463504499052643747,,1530.0,-0.839999973774
1463504499114101039,1372,1463504499062899963,,1530.0,-0.839999973774
1463504499114435194,1373,1463504499075356513,,1530.0,-0.839999973774
1463504499114917573,1374,1463504499088376924,,1530.0,-0.839999973774
1463504499114959499,1375,1463504499103667944,,1530.0,-0.839999973774
1463504499163801912,1376,1463504499126129351,,1530.0,-0.959999978542
1463504499164263162,1377,1463504499147793759,,1529.0,-0.959999978542
1463504499326140781,1378,1463504499164611027,,1530.0,-0.839999973774
1463504499326502707,1379,1463504499187499497,,1530.0,-0.959999978542
1463504499327007602,1380,1463504499213309767,,1529.0,-0.959999978542
1463504499327130623,1381,1463504499243614353,,1530.0,-0.959999978542
1463504499327175258,1382,1463504499276940705,,1530.0,-0.959999978542
1463504499327213227,1383,1463504499305884303,,1530.0,-0.839999973774
1463504499356748491,1384,1463504499335613057,,1530.0,-0.839999973774
1463504499396784363,1385,1463504499367243838,,1530.0,-0.959999978542
1463504499413975533,1386,1463504499395386136,,1530.0,-0.839999973774
1463504499428003947,1387,1463504499425666451,,1530.0,-0.839999973774
1463504499511371988,1388,1463504499449700735,,1530.0,-0.959999978542
1463504499511937456,1389,1463504499479402040,,1530.0,-0.959999978542
1463504499514167504,1390,1463504499504398145,,1530.0,-0.839999973774
1463504499621972120,1391,1463504499534961168,,1529.0,-0.72000002861
1463504499622025401,1392,1463504499562492217,,1530.0,-0.959999978542
1463504499622459098,1393,1463504499590561650,,1530.0,-0.839999973774
1463504499623089514,1394,1463504499619582384,,1530.0,-0.959999978542
1463504499715103061,1395,1463504499646037653,,1530.0,-0.839999973774
1463504499715608946,1396,1463504499677922028,,1530.0,-0.959999978542
1463504499730779702,1397,1463504499711057286,,1530.0,-0.839999973774
1463504499761099548,1398,1463504499751969563,,1531.0,-0.839999973774
1463504499796790740,1399,1463504499784191438,,1530.0,-0.839999973774
1463504499820945805,1400,1463504499811922590,,1530.0,-0.959999978542
1463504499844773214,1401,1463504499838498901,,1530.0,-0.959999978542
1463504499885902677,1402,1463504499864648858,,1530.0,-0.959999978542
1463504499897899741,1403,1463504499887347571,,1530.0,-0.839999973774
1463504499918769811,1404,1463504499905029782,,1530.0,-0.959999978542
1463504499932040831,1405,1463504499924478916,,1530.0,-0.839999973774
1463504499939105507,1406,1463504499937058115,,1530.0,-0.839999973774
1463504499963003958,1407,1463504499945919558,,1530.0,-0.839999973774
1463504500000629521,1408,1463504499963435155,,1530.0,-0.839999973774
1463504500000667281,1409,1463504499977890235,,1530.0,-0.959999978542
1463504500000843271,1410,1463504499984536006,,1531.0,-0.839999973774
1463504500016065784,1411,1463504500001984206,,1531.0,-0.839999973774
1463504500032382204,1412,1463504500019554631,,1530.0,-0.839999973774
1463504500045338579,1413,1463504500036167559,,1530.0,-0.839999973774
1463504500052773509,1414,1463504500047755552,,1530.0,-0.839999973774
1463504500075540589,1415,1463504500071141485,,1530.0,-0.959999978542
1463504500086510146,1416,1463504500083040207,,1530.0,-0.839999973774
1463504500112692635,1417,1463504500108620041,,1529.0,-0.959999978542
1463504500141680430,1418,1463504500138098251,,1530.0,-0.959999978542
1463504500171594576,1419,1463504500166957296,,1530.0,-0.959999978542
1463504500210139692,1420,1463504500195992903,,1530.0,-0.959999978542
1463504500226332048,1421,1463504500222071069,,1530.0,-0.839999973774
1463504500274449589,1422,1463504500251205843,,1530.0,-0.959999978542
1463504500284353211,1423,1463504500280017388,,1530.0,-0.839999973774
1463504500313388088,1424,1463504500309179869,,1529.0,-0.959999978542
1463504500342699424,1425,1463504500338065841,,1530.0,-0.959999978542
1463504500376627780,1426,1463504500367168948,,1529.0,-0.959999978542
1463504500404611983,1427,1463504500397928353,,1530.0,-0.839999973774
1463504500432473009,1428,1463504500427415261,,1530.0,-0.839999973774
1463504500468840474,1429,1463504500458466749,,1530.0,-0.959999978542
1463504500497008374,1430,1463504500488799748,,1529.0,-1.08000004292
1463504500527324760,1431,1463504500519805194,,1529.0,-0.959999978542
1463504500560361867,1432,1463504500550427621,,1527.0,-1.32000005245
1463504500611876274,1433,1463504500586150243,,1530.0,-0.839999973774
1463504500629977272,1434,1463504500615383349,,1530.0,-0.959999978542
1463504500650044047,1435,1463504500646116400,,1530.0,-0.839999973774
1463504500685575992,1436,1463504500676998201,,1530.0,-0.839999973774
1463504500710696973,1437,1463504500707248961,,1529.0,-0.959999978542
1463504500742901635,1438,1463504500737746908,,1530.0,-0.839999973774
1463504500775670463,1439,1463504500768741365,,1530.0,-0.839999973774
1463504500811294700,1440,1463504500802390554,,1530.0,-0.839999973774
1463504500892886065,1441,1463504500832463346,,1530.0,-0.959999978542
1463504500893321325,1442,1463504500864864102,,1530.0,-0.839999973774
