%time,field.header.seq,field.header.stamp,field.header.frame_id,field.status.status,field.status.service,field.latitude,field.longitude,field.altitude,field.position_covariance0,field.position_covariance1,field.position_covariance2,field.position_covariance3,field.position_covariance4,field.position_covariance5,field.position_covariance6,field.position_covariance7,field.position_covariance8,field.position_covariance_type
1480970799529782700,104,1480970799525373444,,0,0,46.5185165405,6.56667852402,2.77602830977e-40,1.0,0.0,0.0,0.0,1.0,0.0,0.0,0.0,1.0,0
1480970799529833585,105,1480970799526216514,,0,0,46.5185165405,6.56667852402,2.77602830977e-40,1.0,0.0,0.0,0.0,1.0,0.0,0.0,0.0,1.0,0
1480970799711448383,106,1480970799709693493,,0,0,46.5185165405,6.56667900085,2.77602830977e-40,1.0,0.0,0.0,0.0,1.0,0.0,0.0,0.0,1.0,0
1480970799715533057,107,1480970799710366304,,0,0,46.5185165405,6.56667900085,2.77602830977e-40,1.0,0.0,0.0,0.0,1.0,0.0,0.0,0.0,1.0,0
1480970799932549089,108,1480970799927631658,,0,0,46.5185165405,6.56667852402,2.77602830977e-40,1.0,0.0,0.0,0.0,1.0,0.0,0.0,0.0,1.0,0
1480970799932651016,109,1480970799928295145,,0,0,46.5185165405,6.56667852402,2.77602830977e-40,1.0,0.0,0.0,0.0,1.0,0.0,0.0,0.0,1.0,0
1480970800130229926,110,1480970800124901299,,0,0,46.5185203552,6.56668376923,2.77602830977e-40,1.0,0.0,0.0,0.0,1.0,0.0,0.0,0.0,1.0,0
1480970800130318728,111,1480970800126174992,,0,0,46.5185203552,6.56668376923,2.77602830977e-40,1.0,0.0,0.0,0.0,1.0,0.0,0.0,0.0,1.0,0
1480970800326311342,112,1480970800321143860,,0,0,46.5185203552,6.56668615341,2.77602830977e-40,1.0,0.0,0.0,0.0,1.0,0.0,0.0,0.0,1.0,0
1480970800326363113,113,1480970800321930940,,0,0,46.5185203552,6.56668615341,2.77602830977e-40,1.0,0.0,0.0,0.0,1.0,0.0,0.0,0.0,1.0,0
1480970800520412712,114,1480970800515960696,,0,0,46.5185241699,6.56668710709,2.77602830977e-40,1.0,0.0,0.0,0.0,1.0,0.0,0.0,0.0,1.0,0
1480970800520722920,115,1480970800516563767,,0,0,46.5185241699,6.56668710709,2.77602830977e-40,1.0,0.0,0.0,0.0,1.0,0.0,0.0,0.0,1.0,0
1480970800734711775,116,1480970800732267304,,0,0,46.5185279846,6.5666885376,2.77602830977e-40,1.0,0.0,0.0,0.0,1.0,0.0,0.0,0.0,1.0,0
1480970800735672553,117,1480970800733064593,,0,0,46.5185279846,6.5666885376,2.77602830977e-40,1.0,0.0,0.0,0.0,1.0,0.0,0.0,0.0,1.0,0
1480970800919858228,118,1480970800915857772,,0,0,46.5185241699,6.56668329239,2.77602830977e-40,1.0,0.0,0.0,0.0,1.0,0.0,0.0,0.0,1.0,0
1480970800920457236,119,1480970800916437666,,0,0,46.5185241699,6.56668329239,2.77602830977e-40,1.0,0.0,0.0,0.0,1.0,0.0,0.0,0.0,1.0,0
1480970801106950507,120,1480970801102512397,,0,0,46.5185241699,6.56668519974,2.77602830977e-40,1.0,0.0,0.0,0.0,1.0,0.0,0.0,0.0,1.0,0
1480970801107211027,121,1480970801103154583,,0,0,46.5185241699,6.56668519974,2.77602830977e-40,1.0,0.0,0.0,0.0,1.0,0.0,0.0,0.0,1.0,0
1480970801335367126,122,1480970801331968231,,0,0,46.5185165405,6.56667470932,2.77602830977e-40,1.0,0.0,0.0,0.0,1.0,0.0,0.0,0.0,1.0,0
1480970801335473167,123,1480970801332713905,,0,0,46.5185165405,6.56667470932,2.77602830977e-40,1.0,0.0,0.0,0.0,1.0,0.0,0.0,0.0,1.0,0
1480970801528812665,124,1480970801526736891,,0,0,46.5185203552,6.5666809082,2.77602830977e-40,1.0,0.0,0.0,0.0,1.0,0.0,0.0,0.0,1.0,0
1480970801528897144,125,1480970801527345795,,0,0,46.5185203552,6.5666809082,2.77602830977e-40,1.0,0.0,0.0,0.0,1.0,0.0,0.0,0.0,1.0,0
1480970801724664238,126,1480970801721876487,,0,0,46.5185241699,6.56668567657,2.77602830977e-40,1.0,0.0,0.0,0.0,1.0,0.0,0.0,0.0,1.0,0
1480970801724715436,127,1480970801722682161,,0,0,46.5185241699,6.56668567657,2.77602830977e-40,1.0,0.0,0.0,0.0,1.0,0.0,0.0,0.0,1.0,0
1480970801931886136,128,1480970801928199587,,0,0,46.5185241699,6.56668043137,2.77602830977e-40,1.0,0.0,0.0,0.0,1.0,0.0,0.0,0.0,1.0,0
1480970801931987230,129,1480970801928795991,,0,0,46.5185241699,6.56668043137,2.77602830977e-40,1.0,0.0,0.0,0.0,1.0,0.0,0.0,0.0,1.0,0
1480970802125890424,130,1480970802122993611,,0,0,46.5185203552,6.56667995453,2.77602830977e-40,1.0,0.0,0.0,0.0,1.0,0.0,0.0,0.0,1.0,0
1480970802126202454,131,1480970802123603765,,0,0,46.5185203552,6.56667995453,2.77602830977e-40,1.0,0.0,0.0,0.0,1.0,0.0,0.0,0.0,1.0,0
1480970802323445168,132,1480970802319344974,,0,0,46.5185203552,6.56667423248,2.77602830977e-40,1.0,0.0,0.0,0.0,1.0,0.0,0.0,0.0,1.0,0
1480970802323495376,133,1480970802320010128,,0,0,46.5185203552,6.56667423248,2.77602830977e-40,1.0,0.0,0.0,0.0,1.0,0.0,0.0,0.0,1.0,0
1480970802506190900,134,1480970802501847269,,0,0,46.5185165405,6.56667518616,2.77602830977e-40,1.0,0.0,0.0,0.0,1.0,0.0,0.0,0.0,1.0,0
1480970802506875116,135,1480970802502527267,,0,0,46.5185165405,6.56667518616,2.77602830977e-40,1.0,0.0,0.0,0.0,1.0,0.0,0.0,0.0,1.0,0
1480970802721150116,136,1480970802717401119,,0,0,46.5185165405,6.56667375565,2.77602830977e-40,1.0,0.0,0.0,0.0,1.0,0.0,0.0,0.0,1.0,0
1480970802721249335,137,1480970802717982992,,0,0,46.5185165405,6.56667375565,2.77602830977e-40,1.0,0.0,0.0,0.0,1.0,0.0,0.0,0.0,1.0,0
1480970802918551267,138,1480970802914793207,,0,0,46.5185203552,6.56667852402,2.77602830977e-40,1.0,0.0,0.0,0.0,1.0,0.0,0.0,0.0,1.0,0
1480970802918662413,139,1480970802915375861,,0,0,46.5185203552,6.56667852402,2.77602830977e-40,1.0,0.0,0.0,0.0,1.0,0.0,0.0,0.0,1.0,0
1480970803122676978,140,1480970803118433920,,0,0,46.5185127258,6.56667613983,2.77602830977e-40,1.0,0.0,0.0,0.0,1.0,0.0,0.0,0.0,1.0,0
1480970803122763645,141,1480970803119001991,,0,0,46.5185127258,6.56667613983,2.77602830977e-40,1.0,0.0,0.0,0.0,1.0,0.0,0.0,0.0,1.0,0
1480970803319774953,142,1480970803315638144,,0,0,46.5185203552,6.56668710709,2.77602830977e-40,1.0,0.0,0.0,0.0,1.0,0.0,0.0,0.0,1.0,0
1480970803319878651,143,1480970803316253246,,0,0,46.5185203552,6.56668710709,2.77602830977e-40,1.0,0.0,0.0,0.0,1.0,0.0,0.0,0.0,1.0,0
1480970803528503409,144,1480970803523879415,,0,0,46.5185241699,6.56669378281,2.77602830977e-40,1.0,0.0,0.0,0.0,1.0,0.0,0.0,0.0,1.0,0
1480970803528931481,145,1480970803524734985,,0,0,46.5185241699,6.56669378281,2.77602830977e-40,1.0,0.0,0.0,0.0,1.0,0.0,0.0,0.0,1.0,0
1480970803732787245,146,1480970803729574027,,0,0,46.5185203552,6.56668996811,2.77602830977e-40,1.0,0.0,0.0,0.0,1.0,0.0,0.0,0.0,1.0,0
1480970803732994953,147,1480970803730224910,,0,0,46.5185203552,6.56668996811,2.77602830977e-40,1.0,0.0,0.0,0.0,1.0,0.0,0.0,0.0,1.0,0
1480970803904060412,148,1480970803901771045,,0,0,46.5185127258,6.56667995453,2.77602830977e-40,1.0,0.0,0.0,0.0,1.0,0.0,0.0,0.0,1.0,0
1480970803904953846,149,1480970803902672604,,0,0,46.5185127258,6.56667995453,2.77602830977e-40,1.0,0.0,0.0,0.0,1.0,0.0,0.0,0.0,1.0,0
1480970804129783966,150,1480970804125876428,,0,0,46.5185127258,6.56668281555,2.77602830977e-40,1.0,0.0,0.0,0.0,1.0,0.0,0.0,0.0,1.0,0
1480970804129872039,151,1480970804126709133,,0,0,46.5185127258,6.56668281555,2.77602830977e-40,1.0,0.0,0.0,0.0,1.0,0.0,0.0,0.0,1.0,0
1480970804333930771,152,1480970804330022191,,0,0,46.5185203552,6.56669425964,2.77602830977e-40,1.0,0.0,0.0,0.0,1.0,0.0,0.0,0.0,1.0,0
1480970804334036552,153,1480970804330817553,,0,0,46.5185203552,6.56669425964,2.77602830977e-40,1.0,0.0,0.0,0.0,1.0,0.0,0.0,0.0,1.0,0
1480970804527545217,154,1480970804525007256,,0,0,46.5185279846,6.56670570374,2.77602830977e-40,1.0,0.0,0.0,0.0,1.0,0.0,0.0,0.0,1.0,0
1480970804529427814,155,1480970804525714910,,0,0,46.5185279846,6.56670570374,2.77602830977e-40,1.0,0.0,0.0,0.0,1.0,0.0,0.0,0.0,1.0,0
1480970804728180367,156,1480970804722870177,,0,0,46.5185165405,6.56669282913,2.77602830977e-40,1.0,0.0,0.0,0.0,1.0,0.0,0.0,0.0,1.0,0
1480970804728226929,157,1480970804723739809,,0,0,46.5185165405,6.56669282913,2.77602830977e-40,1.0,0.0,0.0,0.0,1.0,0.0,0.0,0.0,1.0,0
1480970804934530550,158,1480970804929553535,,0,0,46.5185165405,6.56669569016,2.77602830977e-40,1.0,0.0,0.0,0.0,1.0,0.0,0.0,0.0,1.0,0
1480970804934633362,159,1480970804930677698,,0,0,46.5185165405,6.56669569016,2.77602830977e-40,1.0,0.0,0.0,0.0,1.0,0.0,0.0,0.0,1.0,0
1480970805128964679,160,1480970805125039537,,0,0,46.5185203552,6.56670427322,2.77602830977e-40,1.0,0.0,0.0,0.0,1.0,0.0,0.0,0.0,1.0,0
1480970805129043169,161,1480970805125915211,,0,0,46.5185203552,6.56670427322,2.77602830977e-40,1.0,0.0,0.0,0.0,1.0,0.0,0.0,0.0,1.0,0
1480970805315401076,162,1480970805310579478,,0,0,46.5185241699,6.56670379639,2.77602830977e-40,1.0,0.0,0.0,0.0,1.0,0.0,0.0,0.0,1.0,0
1480970805316204146,163,1480970805311597339,,0,0,46.5185241699,6.56670379639,2.77602830977e-40,1.0,0.0,0.0,0.0,1.0,0.0,0.0,0.0,1.0,0
1480970805524034220,164,1480970805515411697,,0,0,46.5185203552,6.56669569016,2.77602830977e-40,1.0,0.0,0.0,0.0,1.0,0.0,0.0,0.0,1.0,0
1480970805524128386,165,1480970805516001851,,0,0,46.5185203552,6.56669569016,2.77602830977e-40,1.0,0.0,0.0,0.0,1.0,0.0,0.0,0.0,1.0,0
1480970805725991189,166,1480970805719441940,,0,0,46.5185279846,6.5666975975,2.77602830977e-40,1.0,0.0,0.0,0.0,1.0,0.0,0.0,0.0,1.0,0
1480970805726078167,167,1480970805720286885,,0,0,46.5185279846,6.5666975975,2.77602830977e-40,1.0,0.0,0.0,0.0,1.0,0.0,0.0,0.0,1.0,0
1480970805916886528,168,1480970805912913365,,0,0,46.5185317993,6.56670379639,2.77602830977e-40,1.0,0.0,0.0,0.0,1.0,0.0,0.0,0.0,1.0,0
1480970805917817879,169,1480970805913760289,,0,0,46.5185317993,6.56670379639,2.77602830977e-40,1.0,0.0,0.0,0.0,1.0,0.0,0.0,0.0,1.0,0
1480970806125450245,170,1480970806119565995,,0,0,46.5185279846,6.56669902802,2.77602830977e-40,1.0,0.0,0.0,0.0,1.0,0.0,0.0,0.0,1.0,0
1480970806125820765,171,1480970806120380158,,0,0,46.5185279846,6.56669902802,2.77602830977e-40,1.0,0.0,0.0,0.0,1.0,0.0,0.0,0.0,1.0,0
1480970806329233145,172,1480970806323831810,,0,0,46.5185279846,6.56670188904,2.77602830977e-40,1.0,0.0,0.0,0.0,1.0,0.0,0.0,0.0,1.0,0
1480970806330078611,173,1480970806324657015,,0,0,46.5185279846,6.56670188904,2.77602830977e-40,1.0,0.0,0.0,0.0,1.0,0.0,0.0,0.0,1.0,0
1480970806525966382,174,1480970806520205881,,0,0,46.5185317993,6.56670427322,2.77602830977e-40,1.0,0.0,0.0,0.0,1.0,0.0,0.0,0.0,1.0,0
1480970806526781379,175,1480970806520768691,,0,0,46.5185317993,6.56670427322,2.77602830977e-40,1.0,0.0,0.0,0.0,1.0,0.0,0.0,0.0,1.0,0
1480970806708179251,176,1480970806704333743,,0,0,46.5185279846,6.5667014122,2.77602830977e-40,1.0,0.0,0.0,0.0,1.0,0.0,0.0,0.0,1.0,0
1480970806708648468,177,1480970806704957023,,0,0,46.5185279846,6.5667014122,2.77602830977e-40,1.0,0.0,0.0,0.0,1.0,0.0,0.0,0.0,1.0,0
1480970806925262262,178,1480970806921936440,,0,0,46.5185241699,6.56669569016,2.77602830977e-40,1.0,0.0,0.0,0.0,1.0,0.0,0.0,0.0,1.0,0
1480970806926107676,179,1480970806922711854,,0,0,46.5185241699,6.56669569016,2.77602830977e-40,1.0,0.0,0.0,0.0,1.0,0.0,0.0,0.0,1.0,0
1480970807123967159,180,1480970807117224161,,0,0,46.5185279846,6.56669998169,2.77602830977e-40,1.0,0.0,0.0,0.0,1.0,0.0,0.0,0.0,1.0,0
1480970807124280022,181,1480970807117930825,,0,0,46.5185279846,6.56669998169,2.77602830977e-40,1.0,0.0,0.0,0.0,1.0,0.0,0.0,0.0,1.0,0
1480970807324863089,182,1480970807321698048,,0,0,46.5185279846,6.56669378281,2.77602830977e-40,1.0,0.0,0.0,0.0,1.0,0.0,0.0,0.0,1.0,0
1480970807324906839,183,1480970807322608305,,0,0,46.5185279846,6.56669378281,2.77602830977e-40,1.0,0.0,0.0,0.0,1.0,0.0,0.0,0.0,1.0,0
1480970807525183241,184,1480970807515301555,,0,0,46.5185279846,6.56669378281,2.77602830977e-40,1.0,0.0,0.0,0.0,1.0,0.0,0.0,0.0,1.0,0
1480970807525230480,185,1480970807515868585,,0,0,46.5185279846,6.56669378281,2.77602830977e-40,1.0,0.0,0.0,0.0,1.0,0.0,0.0,0.0,1.0,0
1480970807727753176,186,1480970807718540395,,0,0,46.5185203552,6.56668949127,2.77602830977e-40,1.0,0.0,0.0,0.0,1.0,0.0,0.0,0.0,1.0,0
1480970807727869478,187,1480970807719230445,,0,0,46.5185203552,6.56668949127,2.77602830977e-40,1.0,0.0,0.0,0.0,1.0,0.0,0.0,0.0,1.0,0
1480970807920440853,188,1480970807912682651,,0,0,46.5185165405,6.5666809082,2.77602830977e-40,1.0,0.0,0.0,0.0,1.0,0.0,0.0,0.0,1.0,0
1480970807920657363,189,1480970807914757123,,0,0,46.5185165405,6.5666809082,2.77602830977e-40,1.0,0.0,0.0,0.0,1.0,0.0,0.0,0.0,1.0,0
1480970808113128322,190,1480970808108818702,,0,0,46.5185203552,6.56669282913,2.77602830977e-40,1.0,0.0,0.0,0.0,1.0,0.0,0.0,0.0,1.0,0
1480970808116082427,191,1480970808109658438,,0,0,46.5185203552,6.56669282913,2.77602830977e-40,1.0,0.0,0.0,0.0,1.0,0.0,0.0,0.0,1.0,0
1480970808331494298,192,1480970808327409207,,0,0,46.5185241699,6.56669378281,2.77602830977e-40,1.0,0.0,0.0,0.0,1.0,0.0,0.0,0.0,1.0,0
1480970808331604401,193,1480970808328187590,,0,0,46.5185241699,6.56669378281,2.77602830977e-40,1.0,0.0,0.0,0.0,1.0,0.0,0.0,0.0,1.0,0
1480970808516465335,194,1480970808512414307,,0,0,46.5185203552,6.56668996811,2.77602830977e-40,1.0,0.0,0.0,0.0,1.0,0.0,0.0,0.0,1.0,0
1480970808517355175,195,1480970808513242481,,0,0,46.5185203552,6.56668996811,2.77602830977e-40,1.0,0.0,0.0,0.0,1.0,0.0,0.0,0.0,1.0,0
1480970808725736445,196,1480970808720435109,,0,0,46.5185279846,6.56670188904,2.77602830977e-40,1.0,0.0,0.0,0.0,1.0,0.0,0.0,0.0,1.0,0
1480970808725918476,197,1480970808721344950,,0,0,46.5185279846,6.56670188904,2.77602830977e-40,1.0,0.0,0.0,0.0,1.0,0.0,0.0,0.0,1.0,0
1480970808921939371,198,1480970808915793923,,0,0,46.5185241699,6.56669425964,2.77602830977e-40,1.0,0.0,0.0,0.0,1.0,0.0,0.0,0.0,1.0,0
1480970808922194787,199,1480970808916582462,,0,0,46.5185241699,6.56669425964,2.77602830977e-40,1.0,0.0,0.0,0.0,1.0,0.0,0.0,0.0,1.0,0
1480970809125553469,200,1480970809119169481,,0,0,46.5185203552,6.56668758392,2.77602830977e-40,1.0,0.0,0.0,0.0,1.0,0.0,0.0,0.0,1.0,0
1480970809125603053,201,1480970809120046405,,0,0,46.5185203552,6.56668758392,2.77602830977e-40,1.0,0.0,0.0,0.0,1.0,0.0,0.0,0.0,1.0,0
1480970809318105574,202,1480970809311467993,,0,0,46.5185165405,6.56669282913,2.77602830977e-40,1.0,0.0,0.0,0.0,1.0,0.0,0.0,0.0,1.0,0
1480970809318217918,203,1480970809312274969,,0,0,46.5185165405,6.56669282913,2.77602830977e-40,1.0,0.0,0.0,0.0,1.0,0.0,0.0,0.0,1.0,0
1480970809509803411,204,1480970809506006705,,0,0,46.5185203552,6.5667142868,2.77602830977e-40,1.0,0.0,0.0,0.0,1.0,0.0,0.0,0.0,1.0,0
1480970809509897213,205,1480970809506929411,,0,0,46.5185203552,6.5667142868,2.77602830977e-40,1.0,0.0,0.0,0.0,1.0,0.0,0.0,0.0,1.0,0
1480970809725770436,206,1480970809721279098,,0,0,46.5185241699,6.56671285629,2.77602830977e-40,1.0,0.0,0.0,0.0,1.0,0.0,0.0,0.0,1.0,0
1480970809726034342,207,1480970809721857429,,0,0,46.5185241699,6.56671285629,2.77602830977e-40,1.0,0.0,0.0,0.0,1.0,0.0,0.0,0.0,1.0,0
1480970809923757992,208,1480970809918265562,,0,0,46.5185165405,6.56668710709,2.77602830977e-40,1.0,0.0,0.0,0.0,1.0,0.0,0.0,0.0,1.0,0
1480970809923857106,209,1480970809919156132,,0,0,46.5185165405,6.56668710709,2.77602830977e-40,1.0,0.0,0.0,0.0,1.0,0.0,0.0,0.0,1.0,0
1480970810123240802,210,1480970810114469009,,0,0,46.5185127258,6.56667852402,2.77602830977e-40,1.0,0.0,0.0,0.0,1.0,0.0,0.0,0.0,1.0,0
1480970810123337677,211,1480970810115120673,,0,0,46.5185127258,6.56667852402,2.77602830977e-40,1.0,0.0,0.0,0.0,1.0,0.0,0.0,0.0,1.0,0
1480970810376299941,212,1480970810372055840,,0,0,46.5185089111,6.56667661667,2.77602830977e-40,1.0,0.0,0.0,0.0,1.0,0.0,0.0,0.0,1.0,0
1480970810376427596,213,1480970810372877921,,0,0,46.5185089111,6.56667661667,2.77602830977e-40,1.0,0.0,0.0,0.0,1.0,0.0,0.0,0.0,1.0,0
1480970810735899758,214,1480970810731454148,,0,0,46.5184936523,6.56665754318,2.77602830977e-40,1.0,0.0,0.0,0.0,1.0,0.0,0.0,0.0,1.0,0
1480970810735999445,215,1480970810732741175,,0,0,46.5184936523,6.56665754318,2.77602830977e-40,1.0,0.0,0.0,0.0,1.0,0.0,0.0,0.0,1.0,0
1480970811453320336,216,1480970811451017688,,0,0,46.5184936523,6.56665754318,2.77602830977e-40,1.0,0.0,0.0,0.0,1.0,0.0,0.0,0.0,1.0,0
1480970811453519346,217,1480970811451773102,,0,0,46.5184936523,6.56665754318,2.77602830977e-40,1.0,0.0,0.0,0.0,1.0,0.0,0.0,0.0,1.0,0
1480970812173373041,218,1480970812169142639,,0,0,46.5184669495,6.56662321091,2.77602830977e-40,1.0,0.0,0.0,0.0,1.0,0.0,0.0,0.0,1.0,0
1480970812173443249,219,1480970812169707116,,0,0,46.5184669495,6.56662321091,2.77602830977e-40,1.0,0.0,0.0,0.0,1.0,0.0,0.0,0.0,1.0,0
1480970812683784845,220,1480970812679913817,,0,0,46.5184440613,6.56660413742,2.77602830977e-40,1.0,0.0,0.0,0.0,1.0,0.0,0.0,0.0,1.0,0
1480970812683910157,221,1480970812680607408,,0,0,46.5184440613,6.56660413742,2.77602830977e-40,1.0,0.0,0.0,0.0,1.0,0.0,0.0,0.0,1.0,0
1480970813316369775,222,1480970813312554476,,0,0,46.5184326172,6.56658697128,2.77602830977e-40,1.0,0.0,0.0,0.0,1.0,0.0,0.0,0.0,1.0,0
1480970813316466598,223,1480970813313156974,,0,0,46.5184326172,6.56658697128,2.77602830977e-40,1.0,0.0,0.0,0.0,1.0,0.0,0.0,0.0,1.0,0
1480970813648544373,224,1480970813644072357,,0,0,46.5184020996,6.56653213501,2.77602830977e-40,1.0,0.0,0.0,0.0,1.0,0.0,0.0,0.0,1.0,0
1480970813648869216,225,1480970813644677251,,0,0,46.5184020996,6.56653213501,2.77602830977e-40,1.0,0.0,0.0,0.0,1.0,0.0,0.0,0.0,1.0,0
1480970814029287765,226,1480970814025619652,,0,0,46.5183944702,6.56651306152,2.77602830977e-40,1.0,0.0,0.0,0.0,1.0,0.0,0.0,0.0,1.0,0
1480970814029878752,227,1480970814026396525,,0,0,46.5183944702,6.56651306152,2.77602830977e-40,1.0,0.0,0.0,0.0,1.0,0.0,0.0,0.0,1.0,0
1480970814497960232,228,1480970814494051026,,0,0,46.5183906555,6.56649827957,2.77602830977e-40,1.0,0.0,0.0,0.0,1.0,0.0,0.0,0.0,1.0,0
1480970814498061221,229,1480970814494774982,,0,0,46.5183906555,6.56649827957,2.77602830977e-40,1.0,0.0,0.0,0.0,1.0,0.0,0.0,0.0,1.0,0
1480970814946858703,230,1480970814942590333,,0,0,46.5183906555,6.56646299362,2.77602830977e-40,1.0,0.0,0.0,0.0,1.0,0.0,0.0,0.0,1.0,0
1480970814947126463,231,1480970814943333143,,0,0,46.5183906555,6.56646299362,2.77602830977e-40,1.0,0.0,0.0,0.0,1.0,0.0,0.0,0.0,1.0,0
1480970815442818786,232,1480970815438953903,,0,0,46.5183944702,6.56643295288,2.77602830977e-40,1.0,0.0,0.0,0.0,1.0,0.0,0.0,0.0,1.0,0
1480970815442905609,233,1480970815439591141,,0,0,46.5183944702,6.56643295288,2.77602830977e-40,1.0,0.0,0.0,0.0,1.0,0.0,0.0,0.0,1.0,0
1480970815917284671,234,1480970815913279840,,0,0,46.5184020996,6.56639909744,2.77602830977e-40,1.0,0.0,0.0,0.0,1.0,0.0,0.0,0.0,1.0,0
1480970815917906908,235,1480970815913833120,,0,0,46.5184020996,6.56639909744,2.77602830977e-40,1.0,0.0,0.0,0.0,1.0,0.0,0.0,0.0,1.0,0
1480970816333860180,236,1480970816329272278,,0,0,46.5184173584,6.56637096405,2.77602830977e-40,1.0,0.0,0.0,0.0,1.0,0.0,0.0,0.0,1.0,0
1480970816334007002,237,1480970816329858214,,0,0,46.5184173584,6.56637096405,2.77602830977e-40,1.0,0.0,0.0,0.0,1.0,0.0,0.0,0.0,1.0,0
1480970816916684810,238,1480970816913143937,,0,0,46.5184326172,6.56635713577,2.77602830977e-40,1.0,0.0,0.0,0.0,1.0,0.0,0.0,0.0,1.0,0
1480970816916755591,239,1480970816913782007,,0,0,46.5184326172,6.56635713577,2.77602830977e-40,1.0,0.0,0.0,0.0,1.0,0.0,0.0,0.0,1.0,0
1480970817432772376,240,1480970817429338742,,0,0,46.5184593201,6.56634473801,2.77602830977e-40,1.0,0.0,0.0,0.0,1.0,0.0,0.0,0.0,1.0,0
1480970817432866907,241,1480970817429912281,,0,0,46.5184593201,6.56634473801,2.77602830977e-40,1.0,0.0,0.0,0.0,1.0,0.0,0.0,0.0,1.0,0
1480970817866083765,242,1480970817857396607,,0,0,46.5184822083,6.56635379791,2.77602830977e-40,1.0,0.0,0.0,0.0,1.0,0.0,0.0,0.0,1.0,0
1480970817866486368,243,1480970817857975824,,0,0,46.5184822083,6.56635379791,2.77602830977e-40,1.0,0.0,0.0,0.0,1.0,0.0,0.0,0.0,1.0,0
1480970818143851101,244,1480970818140931423,,0,0,46.5184936523,6.56636238098,2.77602830977e-40,1.0,0.0,0.0,0.0,1.0,0.0,0.0,0.0,1.0,0
1480970818143919642,245,1480970818141516734,,0,0,46.5184936523,6.56636238098,2.77602830977e-40,1.0,0.0,0.0,0.0,1.0,0.0,0.0,0.0,1.0,0
1480970818523570850,246,1480970818519624145,,0,0,46.5185089111,6.56638336182,2.77602830977e-40,1.0,0.0,0.0,0.0,1.0,0.0,0.0,0.0,1.0,0
1480970818525536833,247,1480970818520247163,,0,0,46.5185089111,6.56638336182,2.77602830977e-40,1.0,0.0,0.0,0.0,1.0,0.0,0.0,0.0,1.0,0
1480970818770805164,248,1480970818768646838,,0,0,46.5185127258,6.56640529633,2.77602830977e-40,1.0,0.0,0.0,0.0,1.0,0.0,0.0,0.0,1.0,0
1480970818772689585,249,1480970818769290951,,0,0,46.5185127258,6.56640529633,2.77602830977e-40,1.0,0.0,0.0,0.0,1.0,0.0,0.0,0.0,1.0,0
1480970819224455964,250,1480970819222497689,,0,0,46.5185127258,6.5664191246,2.77602830977e-40,1.0,0.0,0.0,0.0,1.0,0.0,0.0,0.0,1.0,0
1480970819224504453,251,1480970819223112531,,0,0,46.5185127258,6.5664191246,2.77602830977e-40,1.0,0.0,0.0,0.0,1.0,0.0,0.0,0.0,1.0,0
1480970819686475016,252,1480970819684570856,,0,0,46.5185012817,6.56644630432,2.77602830977e-40,1.0,0.0,0.0,0.0,1.0,0.0,0.0,0.0,1.0,0
1480970819686511787,253,1480970819685240124,,0,0,46.5185012817,6.56644630432,2.77602830977e-40,1.0,0.0,0.0,0.0,1.0,0.0,0.0,0.0,1.0,0
1480970820186262377,254,1480970820182269943,,0,0,46.5184898376,6.56646108627,2.77602830977e-40,1.0,0.0,0.0,0.0,1.0,0.0,0.0,0.0,1.0,0
1480970820186301387,255,1480970820183163273,,0,0,46.5184898376,6.56646108627,2.77602830977e-40,1.0,0.0,0.0,0.0,1.0,0.0,0.0,0.0,1.0,0
1480970820486689323,256,1480970820483192824,,0,0,46.5184707642,6.56648159027,2.77602830977e-40,1.0,0.0,0.0,0.0,1.0,0.0,0.0,0.0,1.0,0
1480970820486771041,257,1480970820483822510,,0,0,46.5184707642,6.56648159027,2.77602830977e-40,1.0,0.0,0.0,0.0,1.0,0.0,0.0,0.0,1.0,0
1480970820927279646,258,1480970820925259444,,0,0,46.5184669495,6.56650161743,2.77602830977e-40,1.0,0.0,0.0,0.0,1.0,0.0,0.0,0.0,1.0,0
1480970820929207869,259,1480970820925913765,,0,0,46.5184669495,6.56650161743,2.77602830977e-40,1.0,0.0,0.0,0.0,1.0,0.0,0.0,0.0,1.0,0
1480970821494393861,260,1480970821490644082,,0,0,46.5184555054,6.5665268898,2.77602830977e-40,1.0,0.0,0.0,0.0,1.0,0.0,0.0,0.0,1.0,0
1480970821494785578,261,1480970821491393038,,0,0,46.5184555054,6.5665268898,2.77602830977e-40,1.0,0.0,0.0,0.0,1.0,0.0,0.0,0.0,1.0,0
1480970822107703388,262,1480970822102856894,,0,0,46.5184326172,6.56655311584,2.77602830977e-40,1.0,0.0,0.0,0.0,1.0,0.0,0.0,0.0,1.0,0
1480970822108212240,263,1480970822103502933,,0,0,46.5184326172,6.56655311584,2.77602830977e-40,1.0,0.0,0.0,0.0,1.0,0.0,0.0,0.0,1.0,0
1480970822843984110,264,1480970822838353452,,0,0,46.5183982849,6.5665345192,2.77602830977e-40,1.0,0.0,0.0,0.0,1.0,0.0,0.0,0.0,1.0,0
1480970822844029371,265,1480970822838951940,,0,0,46.5183982849,6.5665345192,2.77602830977e-40,1.0,0.0,0.0,0.0,1.0,0.0,0.0,0.0,1.0,0
1480970823412703164,266,1480970823407561983,,0,0,46.5183677673,6.56652736664,2.77602830977e-40,1.0,0.0,0.0,0.0,1.0,0.0,0.0,0.0,1.0,0
1480970823413317745,267,1480970823408140263,,0,0,46.5183677673,6.56652736664,2.77602830977e-40,1.0,0.0,0.0,0.0,1.0,0.0,0.0,0.0,1.0,0
1480970823967580441,268,1480970823962260407,,0,0,46.5183486938,6.56651973724,2.77602830977e-40,1.0,0.0,0.0,0.0,1.0,0.0,0.0,0.0,1.0,0
1480970823967837732,269,1480970823962972280,,0,0,46.5183486938,6.56651973724,2.77602830977e-40,1.0,0.0,0.0,0.0,1.0,0.0,0.0,0.0,1.0,0
1480970824486528206,270,1480970824479878281,,0,0,46.5183334351,6.56649684906,2.77602830977e-40,1.0,0.0,0.0,0.0,1.0,0.0,0.0,0.0,1.0,0
1480970824486569143,271,1480970824480488227,,0,0,46.5183334351,6.56649684906,2.77602830977e-40,1.0,0.0,0.0,0.0,1.0,0.0,0.0,0.0,1.0,0
1480970824906921879,272,1480970824898814407,,0,0,46.518321991,6.56644821167,2.77602830977e-40,1.0,0.0,0.0,0.0,1.0,0.0,0.0,0.0,1.0,0
1480970824906984431,273,1480970824899421175,,0,0,46.518321991,6.56644821167,2.77602830977e-40,1.0,0.0,0.0,0.0,1.0,0.0,0.0,0.0,1.0,0
1480970825506129474,274,1480970825504104065,,0,0,46.5183181763,6.56642150879,2.77602830977e-40,1.0,0.0,0.0,0.0,1.0,0.0,0.0,0.0,1.0,0
1480970825506477234,275,1480970825504683698,,0,0,46.5183181763,6.56642150879,2.77602830977e-40,1.0,0.0,0.0,0.0,1.0,0.0,0.0,0.0,1.0,0
1480970826049533614,276,1480970826046179615,,0,0,46.5183258057,6.56638622284,2.77602830977e-40,1.0,0.0,0.0,0.0,1.0,0.0,0.0,0.0,1.0,0
1480970826049654603,277,1480970826046789509,,0,0,46.5183258057,6.56638622284,2.77602830977e-40,1.0,0.0,0.0,0.0,1.0,0.0,0.0,0.0,1.0,0
1480970826705171226,278,1480970826701926289,,0,0,46.5183410645,6.5663599968,2.77602830977e-40,1.0,0.0,0.0,0.0,1.0,0.0,0.0,0.0,1.0,0
1480970826705900077,279,1480970826702853734,,0,0,46.5183410645,6.5663599968,2.77602830977e-40,1.0,0.0,0.0,0.0,1.0,0.0,0.0,0.0,1.0,0
1480970827287709711,280,1480970827283424205,,0,0,46.5183639526,6.56632709503,2.77602830977e-40,1.0,0.0,0.0,0.0,1.0,0.0,0.0,0.0,1.0,0
1480970827288043096,281,1480970827284267952,,0,0,46.5183639526,6.56632709503,2.77602830977e-40,1.0,0.0,0.0,0.0,1.0,0.0,0.0,0.0,1.0,0
1480970827768397867,282,1480970827764880274,,0,0,46.5183830261,6.56631946564,2.77602830977e-40,1.0,0.0,0.0,0.0,1.0,0.0,0.0,0.0,1.0,0
1480970827768491929,283,1480970827765589282,,0,0,46.5183830261,6.56631946564,2.77602830977e-40,1.0,0.0,0.0,0.0,1.0,0.0,0.0,0.0,1.0,0
1480970828238738974,284,1480970828236868928,,0,0,46.5184059143,6.56632804871,2.77602830977e-40,1.0,0.0,0.0,0.0,1.0,0.0,0.0,0.0,1.0,0
1480970828238828400,285,1480970828237431426,,0,0,46.5184059143,6.56632804871,2.77602830977e-40,1.0,0.0,0.0,0.0,1.0,0.0,0.0,0.0,1.0,0
1480970828749586037,286,1480970828743960639,,0,0,46.5184211731,6.56633996964,2.77602830977e-40,1.0,0.0,0.0,0.0,1.0,0.0,0.0,0.0,1.0,0
1480970828749910931,287,1480970828744553397,,0,0,46.5184211731,6.56633996964,2.77602830977e-40,1.0,0.0,0.0,0.0,1.0,0.0,0.0,0.0,1.0,0
1480970829126803711,288,1480970829124762051,,0,0,46.5184326172,6.56636810303,2.77602830977e-40,1.0,0.0,0.0,0.0,1.0,0.0,0.0,0.0,1.0,0
1480970829127890478,289,1480970829125364966,,0,0,46.5184326172,6.56636810303,2.77602830977e-40,1.0,0.0,0.0,0.0,1.0,0.0,0.0,0.0,1.0,0
1480970829528735520,290,1480970829526780630,,0,0,46.5184326172,6.56639385223,2.77602830977e-40,1.0,0.0,0.0,0.0,1.0,0.0,0.0,0.0,1.0,0
1480970829528810884,291,1480970829527361826,,0,0,46.5184326172,6.56639385223,2.77602830977e-40,1.0,0.0,0.0,0.0,1.0,0.0,0.0,0.0,1.0,0
1480970829932705238,292,1480970829930667068,,0,0,46.5184288025,6.56642055511,2.77602830977e-40,1.0,0.0,0.0,0.0,1.0,0.0,0.0,0.0,1.0,0
1480970829932782425,293,1480970829931234358,,0,0,46.5184288025,6.56642055511,2.77602830977e-40,1.0,0.0,0.0,0.0,1.0,0.0,0.0,0.0,1.0,0
1480970830404430351,294,1480970830397284073,,0,0,46.5184326172,6.56644296646,2.77602830977e-40,1.0,0.0,0.0,0.0,1.0,0.0,0.0,0.0,1.0,0
1480970830404472642,295,1480970830397931467,,0,0,46.5184326172,6.56644296646,2.77602830977e-40,1.0,0.0,0.0,0.0,1.0,0.0,0.0,0.0,1.0,0
1480970830881789247,296,1480970830877172283,,0,0,46.518447876,6.56646728516,2.77602830977e-40,1.0,0.0,0.0,0.0,1.0,0.0,0.0,0.0,1.0,0
1480970830882163776,297,1480970830877812645,,0,0,46.518447876,6.56646728516,2.77602830977e-40,1.0,0.0,0.0,0.0,1.0,0.0,0.0,0.0,1.0,0
1480970831377774589,298,1480970831373827832,,0,0,46.5184593201,6.56648206711,2.77602830977e-40,1.0,0.0,0.0,0.0,1.0,0.0,0.0,0.0,1.0,0
1480970831377860474,299,1480970831374497673,,0,0,46.5184593201,6.56648206711,2.77602830977e-40,1.0,0.0,0.0,0.0,1.0,0.0,0.0,0.0,1.0,0
1480970831954685334,300,1480970831949337748,,0,0,46.5184822083,6.56648874283,2.77602830977e-40,1.0,0.0,0.0,0.0,1.0,0.0,0.0,0.0,1.0,0
1480970831954814916,301,1480970831949914621,,0,0,46.5184822083,6.56648874283,2.77602830977e-40,1.0,0.0,0.0,0.0,1.0,0.0,0.0,0.0,1.0,0
1480970832678709796,302,1480970832676868865,,0,0,46.5185012817,6.56649112701,2.77602830977e-40,1.0,0.0,0.0,0.0,1.0,0.0,0.0,0.0,1.0,0
1480970832682859886,303,1480970832677521571,,0,0,46.5185012817,6.56649112701,2.77602830977e-40,1.0,0.0,0.0,0.0,1.0,0.0,0.0,0.0,1.0,0
1480970833168383285,304,1480970833163387260,,0,0,46.5185279846,6.56647586823,2.77602830977e-40,1.0,0.0,0.0,0.0,1.0,0.0,0.0,0.0,1.0,0
1480970833168477347,305,1480970833164848349,,0,0,46.5185279846,6.56647586823,2.77602830977e-40,1.0,0.0,0.0,0.0,1.0,0.0,0.0,0.0,1.0,0
1480970833747946885,306,1480970833743520858,,0,0,46.5185546875,6.5664601326,2.77602830977e-40,1.0,0.0,0.0,0.0,1.0,0.0,0.0,0.0,1.0,0
1480970833749432661,307,1480970833744282314,,0,0,46.5185546875,6.5664601326,2.77602830977e-40,1.0,0.0,0.0,0.0,1.0,0.0,0.0,0.0,1.0,0
1480970834256588851,308,1480970834253957246,,0,0,46.518573761,6.56643199921,2.77602830977e-40,1.0,0.0,0.0,0.0,1.0,0.0,0.0,0.0,1.0,0
1480970834256685882,309,1480970834254554952,,0,0,46.518573761,6.56643199921,2.77602830977e-40,1.0,0.0,0.0,0.0,1.0,0.0,0.0,0.0,1.0,0
1480970834762058849,310,1480970834758400841,,0,0,46.518573761,6.56641387939,2.77602830977e-40,1.0,0.0,0.0,0.0,1.0,0.0,0.0,0.0,1.0,0
1480970834762135776,311,1480970834759006516,,0,0,46.518573761,6.56641387939,2.77602830977e-40,1.0,0.0,0.0,0.0,1.0,0.0,0.0,0.0,1.0,0
1480970835223730871,312,1480970835219294480,,0,0,46.5185699463,6.56638002396,2.77602830977e-40,1.0,0.0,0.0,0.0,1.0,0.0,0.0,0.0,1.0,0
1480970835225899926,313,1480970835219896978,,0,0,46.5185699463,6.56638002396,2.77602830977e-40,1.0,0.0,0.0,0.0,1.0,0.0,0.0,0.0,1.0,0
1480970835711574523,314,1480970835707812556,,0,0,46.5185775757,6.56635189056,2.77602830977e-40,1.0,0.0,0.0,0.0,1.0,0.0,0.0,0.0,1.0,0
1480970835711665773,315,1480970835708405054,,0,0,46.5185775757,6.56635189056,2.77602830977e-40,1.0,0.0,0.0,0.0,1.0,0.0,0.0,0.0,1.0,0
1480970836226259125,316,1480970836224291267,,0,0,46.5185623169,6.56630325317,2.77602830977e-40,1.0,0.0,0.0,0.0,1.0,0.0,0.0,0.0,1.0,0
1480970836227045633,317,1480970836224864077,,0,0,46.5185623169,6.56630325317,2.77602830977e-40,1.0,0.0,0.0,0.0,1.0,0.0,0.0,0.0,1.0,0
1480970836664060082,318,1480970836659851867,,0,0,46.5185508728,6.56628036499,2.77602830977e-40,1.0,0.0,0.0,0.0,1.0,0.0,0.0,0.0,1.0,0
1480970836664143467,319,1480970836660470876,,0,0,46.5185508728,6.56628036499,2.77602830977e-40,1.0,0.0,0.0,0.0,1.0,0.0,0.0,0.0,1.0,0
1480970836961877298,320,1480970836955718204,,0,0,46.518535614,6.56626796722,2.77602830977e-40,1.0,0.0,0.0,0.0,1.0,0.0,0.0,0.0,1.0,0
1480970836961952818,321,1480970836956314348,,0,0,46.518535614,6.56626796722,2.77602830977e-40,1.0,0.0,0.0,0.0,1.0,0.0,0.0,0.0,1.0,0
1480970837269266876,322,1480970837265792773,,0,0,46.5185241699,6.56625843048,2.77602830977e-40,1.0,0.0,0.0,0.0,1.0,0.0,0.0,0.0,1.0,0
1480970837269340886,323,1480970837266455688,,0,0,46.5185241699,6.56625843048,2.77602830977e-40,1.0,0.0,0.0,0.0,1.0,0.0,0.0,0.0,1.0,0
1480970837635593389,324,1480970837631688611,,0,0,46.5185127258,6.56625747681,2.77602830977e-40,1.0,0.0,0.0,0.0,1.0,0.0,0.0,0.0,1.0,0
1480970837635691045,325,1480970837632268661,,0,0,46.5185127258,6.56625747681,2.77602830977e-40,1.0,0.0,0.0,0.0,1.0,0.0,0.0,0.0,1.0,0
1480970838194008415,326,1480970838190556760,,0,0,46.5184898376,6.56627082825,2.77602830977e-40,1.0,0.0,0.0,0.0,1.0,0.0,0.0,0.0,1.0,0
1480970838197071686,327,1480970838191187644,,0,0,46.5184898376,6.56627082825,2.77602830977e-40,1.0,0.0,0.0,0.0,1.0,0.0,0.0,0.0,1.0,0
1480970838491841672,328,1480970838489876262,,0,0,46.5184707642,6.56628417969,2.77602830977e-40,1.0,0.0,0.0,0.0,1.0,0.0,0.0,0.0,1.0,0
1480970838493398490,329,1480970838490474906,,0,0,46.5184707642,6.56628417969,2.77602830977e-40,1.0,0.0,0.0,0.0,1.0,0.0,0.0,0.0,1.0,0
1480970839022079815,330,1480970839016509678,,0,0,46.5184593201,6.56630420685,2.77602830977e-40,1.0,0.0,0.0,0.0,1.0,0.0,0.0,0.0,1.0,0
1480970839022489241,331,1480970839017081134,,0,0,46.5184593201,6.56630420685,2.77602830977e-40,1.0,0.0,0.0,0.0,1.0,0.0,0.0,0.0,1.0,0
1480970839486169485,332,1480970839483005746,,0,0,46.5184555054,6.56634044647,2.77602830977e-40,1.0,0.0,0.0,0.0,1.0,0.0,0.0,0.0,1.0,0
1480970839490005878,333,1480970839483734650,,0,0,46.5184555054,6.56634044647,2.77602830977e-40,1.0,0.0,0.0,0.0,1.0,0.0,0.0,0.0,1.0,0
1480970839917946296,334,1480970839913989747,,0,0,46.5184516907,6.56636190414,2.77602830977e-40,1.0,0.0,0.0,0.0,1.0,0.0,0.0,0.0,1.0,0
1480970839918021661,335,1480970839914669589,,0,0,46.5184516907,6.56636190414,2.77602830977e-40,1.0,0.0,0.0,0.0,1.0,0.0,0.0,0.0,1.0,0
1480970840576217024,336,1480970840571743185,,0,0,46.5184631348,6.56638622284,2.77602830977e-40,1.0,0.0,0.0,0.0,1.0,0.0,0.0,0.0,1.0,0
1480970840577622644,337,1480970840572441412,,0,0,46.5184631348,6.56638622284,2.77602830977e-40,1.0,0.0,0.0,0.0,1.0,0.0,0.0,0.0,1.0,0
1480970841050394837,338,1480970841038897532,,0,0,46.5184783936,6.56642150879,2.77602830977e-40,1.0,0.0,0.0,0.0,1.0,0.0,0.0,0.0,1.0,0
1480970841050685826,339,1480970841039523520,,0,0,46.5184783936,6.56642150879,2.77602830977e-40,1.0,0.0,0.0,0.0,1.0,0.0,0.0,0.0,1.0,0
1480970841857867817,340,1480970841854401631,,0,0,46.518497467,6.56643676758,2.77602830977e-40,1.0,0.0,0.0,0.0,1.0,0.0,0.0,0.0,1.0,0
1480970841857936098,341,1480970841855028816,,0,0,46.518497467,6.56643676758,2.77602830977e-40,1.0,0.0,0.0,0.0,1.0,0.0,0.0,0.0,1.0,0
1480970842329908971,342,1480970842327289813,,0,0,46.5185241699,6.56647205353,2.77602830977e-40,1.0,0.0,0.0,0.0,1.0,0.0,0.0,0.0,1.0,0
1480970842330023710,343,1480970842327860801,,0,0,46.5185241699,6.56647205353,2.77602830977e-40,1.0,0.0,0.0,0.0,1.0,0.0,0.0,0.0,1.0,0
1480970842748661035,344,1480970842744949537,,0,0,46.5185470581,6.56647777557,2.77602830977e-40,1.0,0.0,0.0,0.0,1.0,0.0,0.0,0.0,1.0,0
1480970842748734576,345,1480970842745621826,,0,0,46.5185470581,6.56647777557,2.77602830977e-40,1.0,0.0,0.0,0.0,1.0,0.0,0.0,0.0,1.0,0
1480970843206294268,346,1480970843200792881,,0,0,46.5185661316,6.56647443771,2.77602830977e-40,1.0,0.0,0.0,0.0,1.0,0.0,0.0,0.0,1.0,0
1480970843206377549,347,1480970843201423764,,0,0,46.5185661316,6.56647443771,2.77602830977e-40,1.0,0.0,0.0,0.0,1.0,0.0,0.0,0.0,1.0,0
1480970843597447468,348,1480970843594203729,,0,0,46.5185852051,6.56646537781,2.77602830977e-40,1.0,0.0,0.0,0.0,1.0,0.0,0.0,0.0,1.0,0
1480970843598738141,349,1480970843594819769,,0,0,46.5185852051,6.56646537781,2.77602830977e-40,1.0,0.0,0.0,0.0,1.0,0.0,0.0,0.0,1.0,0
1480970844080288897,350,1480970844076868544,,0,0,46.5186004639,6.56645059586,2.77602830977e-40,1.0,0.0,0.0,0.0,1.0,0.0,0.0,0.0,1.0,0
1480970844080377438,351,1480970844077485990,,0,0,46.5186004639,6.56645059586,2.77602830977e-40,1.0,0.0,0.0,0.0,1.0,0.0,0.0,0.0,1.0,0
1480970844498234610,352,1480970844494425612,,0,0,46.5186080933,6.56642103195,2.77602830977e-40,1.0,0.0,0.0,0.0,1.0,0.0,0.0,0.0,1.0,0
1480970844498324089,353,1480970844495125662,,0,0,46.5186080933,6.56642103195,2.77602830977e-40,1.0,0.0,0.0,0.0,1.0,0.0,0.0,0.0,1.0,0
1480970845030477746,354,1480970845022758814,,0,0,46.5186195374,6.56639289856,2.77602830977e-40,1.0,0.0,0.0,0.0,1.0,0.0,0.0,0.0,1.0,0
1480970845031464982,355,1480970845023312978,,0,0,46.5186195374,6.56639289856,2.77602830977e-40,1.0,0.0,0.0,0.0,1.0,0.0,0.0,0.0,1.0,0
1480970845518477491,356,1480970845506675968,,0,0,46.518611908,6.56636047363,2.77602830977e-40,1.0,0.0,0.0,0.0,1.0,0.0,0.0,0.0,1.0,0
1480970845518829104,357,1480970845507339195,,0,0,46.518611908,6.56636047363,2.77602830977e-40,1.0,0.0,0.0,0.0,1.0,0.0,0.0,0.0,1.0,0
1480970846038702855,358,1480970846024766704,,0,0,46.5186004639,6.56632471085,2.77602830977e-40,1.0,0.0,0.0,0.0,1.0,0.0,0.0,0.0,1.0,0
1480970846039024156,359,1480970846026514719,,0,0,46.5186004639,6.56632471085,2.77602830977e-40,1.0,0.0,0.0,0.0,1.0,0.0,0.0,0.0,1.0,0
1480970846456379662,360,1480970846454421388,,0,0,46.5185852051,6.56630468369,2.77602830977e-40,1.0,0.0,0.0,0.0,1.0,0.0,0.0,0.0,1.0,0
1480970846456481172,361,1480970846455000188,,0,0,46.5185852051,6.56630468369,2.77602830977e-40,1.0,0.0,0.0,0.0,1.0,0.0,0.0,0.0,1.0,0
1480970846868023209,362,1480970846865942851,,0,0,46.5185699463,6.56629228592,2.77602830977e-40,1.0,0.0,0.0,0.0,1.0,0.0,0.0,0.0,1.0,0
1480970846868112531,363,1480970846866526755,,0,0,46.5185699463,6.56629228592,2.77602830977e-40,1.0,0.0,0.0,0.0,1.0,0.0,0.0,0.0,1.0,0
1480970847228693335,364,1480970847226719019,,0,0,46.5185508728,6.56629037857,2.77602830977e-40,1.0,0.0,0.0,0.0,1.0,0.0,0.0,0.0,1.0,0
1480970847229869998,365,1480970847227342506,,0,0,46.5185508728,6.56629037857,2.77602830977e-40,1.0,0.0,0.0,0.0,1.0,0.0,0.0,0.0,1.0,0
1480970847717712816,366,1480970847715604646,,0,0,46.5185317993,6.56629610062,2.77602830977e-40,1.0,0.0,0.0,0.0,1.0,0.0,0.0,0.0,1.0,0
1480970847719984058,367,1480970847716256571,,0,0,46.5185317993,6.56629610062,2.77602830977e-40,1.0,0.0,0.0,0.0,1.0,0.0,0.0,0.0,1.0,0
1480970848074968162,368,1480970848072980044,,0,0,46.5185089111,6.56631135941,2.77602830977e-40,1.0,0.0,0.0,0.0,1.0,0.0,0.0,0.0,1.0,0
1480970848077742632,369,1480970848073563532,,0,0,46.5185089111,6.56631135941,2.77602830977e-40,1.0,0.0,0.0,0.0,1.0,0.0,0.0,0.0,1.0,0
1480970848357529023,370,1480970848351592950,,0,0,46.5185012817,6.5663228035,2.77602830977e-40,1.0,0.0,0.0,0.0,1.0,0.0,0.0,0.0,1.0,0
1480970848357595950,371,1480970848352545603,,0,0,46.5185012817,6.5663228035,2.77602830977e-40,1.0,0.0,0.0,0.0,1.0,0.0,0.0,0.0,1.0,0
1480970848716093740,372,1480970848712155316,,0,0,46.518497467,6.56635284424,2.77602830977e-40,1.0,0.0,0.0,0.0,1.0,0.0,0.0,0.0,1.0,0
1480970848716190771,373,1480970848713033021,,0,0,46.518497467,6.56635284424,2.77602830977e-40,1.0,0.0,0.0,0.0,1.0,0.0,0.0,0.0,1.0,0
1480970849227590749,374,1480970849225707422,,0,0,46.5184936523,6.56636619568,2.77602830977e-40,1.0,0.0,0.0,0.0,1.0,0.0,0.0,0.0,1.0,0
1480970849227665540,375,1480970849226276378,,0,0,46.5184936523,6.56636619568,2.77602830977e-40,1.0,0.0,0.0,0.0,1.0,0.0,0.0,0.0,1.0,0
1480970849716643667,376,1480970849714439873,,0,0,46.5184936523,6.5664358139,2.77602830977e-40,1.0,0.0,0.0,0.0,1.0,0.0,0.0,0.0,1.0,0
1480970849716724188,377,1480970849715012787,,0,0,46.5184936523,6.5664358139,2.77602830977e-40,1.0,0.0,0.0,0.0,1.0,0.0,0.0,0.0,1.0,0
1480970850305337340,378,1480970850303318024,,0,0,46.5184936523,6.56646251678,2.77602830977e-40,1.0,0.0,0.0,0.0,1.0,0.0,0.0,0.0,1.0,0
1480970850305634527,379,1480970850303886668,,0,0,46.5184936523,6.56646251678,2.77602830977e-40,1.0,0.0,0.0,0.0,1.0,0.0,0.0,0.0,1.0,0
1480970850954465130,380,1480970850950372540,,0,0,46.5184898376,6.56648635864,2.77602830977e-40,1.0,0.0,0.0,0.0,1.0,0.0,0.0,0.0,1.0,0
1480970850955316065,381,1480970850950954882,,0,0,46.5184898376,6.56648635864,2.77602830977e-40,1.0,0.0,0.0,0.0,1.0,0.0,0.0,0.0,1.0,0
1480970851548156390,382,1480970851543307969,,0,0,46.5184783936,6.56652736664,2.77602830977e-40,1.0,0.0,0.0,0.0,1.0,0.0,0.0,0.0,1.0,0
1480970851548452691,383,1480970851543973384,,0,0,46.5184783936,6.56652736664,2.77602830977e-40,1.0,0.0,0.0,0.0,1.0,0.0,0.0,0.0,1.0,0
1480970852123582556,384,1480970852118004242,,0,0,46.5184555054,6.56654882431,2.77602830977e-40,1.0,0.0,0.0,0.0,1.0,0.0,0.0,0.0,1.0,0
1480970852124114742,385,1480970852118648667,,0,0,46.5184555054,6.56654882431,2.77602830977e-40,1.0,0.0,0.0,0.0,1.0,0.0,0.0,0.0,1.0,0
1480970852829199529,386,1480970852826223445,,0,0,46.5184288025,6.56656503677,2.77602830977e-40,1.0,0.0,0.0,0.0,1.0,0.0,0.0,0.0,1.0,0
1480970852829614371,387,1480970852826866047,,0,0,46.5184288025,6.56656503677,2.77602830977e-40,1.0,0.0,0.0,0.0,1.0,0.0,0.0,0.0,1.0,0
1480970853472935463,388,1480970853471010052,,0,0,46.5183982849,6.56655979156,2.77602830977e-40,1.0,0.0,0.0,0.0,1.0,0.0,0.0,0.0,1.0,0
1480970853473010306,389,1480970853471577134,,0,0,46.5183982849,6.56655979156,2.77602830977e-40,1.0,0.0,0.0,0.0,1.0,0.0,0.0,0.0,1.0,0
1480970854003122303,390,1480970853999287994,,0,0,46.518371582,6.56653594971,2.77602830977e-40,1.0,0.0,0.0,0.0,1.0,0.0,0.0,0.0,1.0,0
1480970854003606208,391,1480970853999948304,,0,0,46.518371582,6.56653594971,2.77602830977e-40,1.0,0.0,0.0,0.0,1.0,0.0,0.0,0.0,1.0,0
1480970854668687017,392,1480970854666474056,,0,0,46.5183525085,6.56650543213,2.77602830977e-40,1.0,0.0,0.0,0.0,1.0,0.0,0.0,0.0,1.0,0
1480970854668730246,393,1480970854667040564,,0,0,46.5183525085,6.56650543213,2.77602830977e-40,1.0,0.0,0.0,0.0,1.0,0.0,0.0,0.0,1.0,0
1480970855146031954,394,1480970855143893316,,0,0,46.5183448792,6.56646633148,2.77602830977e-40,1.0,0.0,0.0,0.0,1.0,0.0,0.0,0.0,1.0,0
1480970855146114402,395,1480970855144458730,,0,0,46.5183448792,6.56646633148,2.77602830977e-40,1.0,0.0,0.0,0.0,1.0,0.0,0.0,0.0,1.0,0
1480970855650335706,396,1480970855646315095,,0,0,46.5183525085,6.56643390656,2.77602830977e-40,1.0,0.0,0.0,0.0,1.0,0.0,0.0,0.0,1.0,0
1480970855650586955,397,1480970855646896603,,0,0,46.5183525085,6.56643390656,2.77602830977e-40,1.0,0.0,0.0,0.0,1.0,0.0,0.0,0.0,1.0,0
1480970856076406339,398,1480970856072755518,,0,0,46.5183677673,6.56640672684,2.77602830977e-40,1.0,0.0,0.0,0.0,1.0,0.0,0.0,0.0,1.0,0
1480970856076561286,399,1480970856073367078,,0,0,46.5183677673,6.56640672684,2.77602830977e-40,1.0,0.0,0.0,0.0,1.0,0.0,0.0,0.0,1.0,0
1480970856400904765,400,1480970856395899418,,0,0,46.5183868408,6.56638669968,2.77602830977e-40,1.0,0.0,0.0,0.0,1.0,0.0,0.0,0.0,1.0,0
1480970856401343358,401,1480970856396495510,,0,0,46.5183868408,6.56638669968,2.77602830977e-40,1.0,0.0,0.0,0.0,1.0,0.0,0.0,0.0,1.0,0
1480970856804448079,402,1480970856796639095,,0,0,46.5184059143,6.56638145447,2.77602830977e-40,1.0,0.0,0.0,0.0,1.0,0.0,0.0,0.0,1.0,0
1480970856804494589,403,1480970856797509040,,0,0,46.5184059143,6.56638145447,2.77602830977e-40,1.0,0.0,0.0,0.0,1.0,0.0,0.0,0.0,1.0,0
1480970857246147825,404,1480970857239307640,,0,0,46.5184249878,6.56638813019,2.77602830977e-40,1.0,0.0,0.0,0.0,1.0,0.0,0.0,0.0,1.0,0
1480970857246416314,405,1480970857239935555,,0,0,46.5184249878,6.56638813019,2.77602830977e-40,1.0,0.0,0.0,0.0,1.0,0.0,0.0,0.0,1.0,0
1480970857608473467,406,1480970857603061767,,0,0,46.518447876,6.56637763977,2.77602830977e-40,1.0,0.0,0.0,0.0,1.0,0.0,0.0,0.0,1.0,0
1480970857608527842,407,1480970857603891347,,0,0,46.518447876,6.56637763977,2.77602830977e-40,1.0,0.0,0.0,0.0,1.0,0.0,0.0,0.0,1.0,0
1480970858022764817,408,1480970858020590137,,0,0,46.5184669495,6.5663690567,2.77602830977e-40,1.0,0.0,0.0,0.0,1.0,0.0,0.0,0.0,1.0,0
1480970858024479811,409,1480970858021221385,,0,0,46.5184669495,6.5663690567,2.77602830977e-40,1.0,0.0,0.0,0.0,1.0,0.0,0.0,0.0,1.0,0
1480970858552971762,410,1480970858547600686,,0,0,46.5184822083,6.56638288498,2.77602830977e-40,1.0,0.0,0.0,0.0,1.0,0.0,0.0,0.0,1.0,0
1480970858553280198,411,1480970858548190945,,0,0,46.5184822083,6.56638288498,2.77602830977e-40,1.0,0.0,0.0,0.0,1.0,0.0,0.0,0.0,1.0,0
1480970858967643059,412,1480970858960091626,,0,0,46.5185089111,6.56637716293,2.77602830977e-40,1.0,0.0,0.0,0.0,1.0,0.0,0.0,0.0,1.0,0
1480970858967910558,413,1480970858960660322,,0,0,46.5185089111,6.56637716293,2.77602830977e-40,1.0,0.0,0.0,0.0,1.0,0.0,0.0,0.0,1.0,0
1480970859397020243,414,1480970859395189468,,0,0,46.5185241699,6.56639671326,2.77602830977e-40,1.0,0.0,0.0,0.0,1.0,0.0,0.0,0.0,1.0,0
1480970859401050541,415,1480970859395781445,,0,0,46.5185241699,6.56639671326,2.77602830977e-40,1.0,0.0,0.0,0.0,1.0,0.0,0.0,0.0,1.0,0
1480970859969320378,416,1480970859966287628,,0,0,46.5185470581,6.56640720367,2.77602830977e-40,1.0,0.0,0.0,0.0,1.0,0.0,0.0,0.0,1.0,0
1480970859970184906,417,1480970859967052625,,0,0,46.5185470581,6.56640720367,2.77602830977e-40,1.0,0.0,0.0,0.0,1.0,0.0,0.0,0.0,1.0,0
1480970860218728279,418,1480970860215482196,,0,0,46.5185699463,6.56640958786,2.77602830977e-40,1.0,0.0,0.0,0.0,1.0,0.0,0.0,0.0,1.0,0
1480970860218826976,419,1480970860216154016,,0,0,46.5185699463,6.56640958786,2.77602830977e-40,1.0,0.0,0.0,0.0,1.0,0.0,0.0,0.0,1.0,0
1480970860652202376,420,1480970860648526867,,0,0,46.5185813904,6.56640863419,2.77602830977e-40,1.0,0.0,0.0,0.0,1.0,0.0,0.0,0.0,1.0,0
1480970860652277323,421,1480970860649259886,,0,0,46.5185813904,6.56640863419,2.77602830977e-40,1.0,0.0,0.0,0.0,1.0,0.0,0.0,0.0,1.0,0
1480970861014621767,422,1480970861009014546,,0,0,46.5186004639,6.56639528275,2.77602830977e-40,1.0,0.0,0.0,0.0,1.0,0.0,0.0,0.0,1.0,0
1480970861015389212,423,1480970861009734440,,0,0,46.5186004639,6.56639528275,2.77602830977e-40,1.0,0.0,0.0,0.0,1.0,0.0,0.0,0.0,1.0,0
1480970861384227384,424,1480970861381477393,,0,0,46.5186042786,6.56637811661,2.77602830977e-40,1.0,0.0,0.0,0.0,1.0,0.0,0.0,0.0,1.0,0
1480970861384278738,425,1480970861382165724,,0,0,46.5186042786,6.56637811661,2.77602830977e-40,1.0,0.0,0.0,0.0,1.0,0.0,0.0,0.0,1.0,0
1480970861839325938,426,1480970861835872461,,0,0,46.518611908,6.56635665894,2.77602830977e-40,1.0,0.0,0.0,0.0,1.0,0.0,0.0,0.0,1.0,0
1480970861839405522,427,1480970861836490375,,0,0,46.518611908,6.56635665894,2.77602830977e-40,1.0,0.0,0.0,0.0,1.0,0.0,0.0,0.0,1.0,0
1480970862376319840,428,1480970862373952504,,0,0,46.5186195374,6.56633138657,2.77602830977e-40,1.0,0.0,0.0,0.0,1.0,0.0,0.0,0.0,1.0,0
1480970862376416245,429,1480970862374796251,,0,0,46.5186195374,6.56633138657,2.77602830977e-40,1.0,0.0,0.0,0.0,1.0,0.0,0.0,0.0,1.0,0
1480970862971307970,430,1480970862965882312,,0,0,46.5186080933,6.56629323959,2.77602830977e-40,1.0,0.0,0.0,0.0,1.0,0.0,0.0,0.0,1.0,0
1480970862971388282,431,1480970862966551997,,0,0,46.5186080933,6.56629323959,2.77602830977e-40,1.0,0.0,0.0,0.0,1.0,0.0,0.0,0.0,1.0,0
1480970863123449536,432,1480970863121136418,,0,0,46.5185890198,6.56625986099,2.77602830977e-40,1.0,0.0,0.0,0.0,1.0,0.0,0.0,0.0,1.0,0
1480970863171466143,433,1480970863166663920,,0,0,46.5185890198,6.56625986099,2.77602830977e-40,1.0,0.0,0.0,0.0,1.0,0.0,0.0,0.0,1.0,0
1480970863307388441,434,1480970863304639544,,0,0,46.5185813904,6.56625652313,2.77602830977e-40,1.0,0.0,0.0,0.0,1.0,0.0,0.0,0.0,1.0,0
1480970863369106303,435,1480970863366675218,,0,0,46.5185813904,6.56625652313,2.77602830977e-40,1.0,0.0,0.0,0.0,1.0,0.0,0.0,0.0,1.0,0
1480970863512531961,436,1480970863509379576,,0,0,46.518573761,6.56625175476,2.77602830977e-40,1.0,0.0,0.0,0.0,1.0,0.0,0.0,0.0,1.0,0
1480970863570693169,437,1480970863566669120,,0,0,46.518573761,6.56625175476,2.77602830977e-40,1.0,0.0,0.0,0.0,1.0,0.0,0.0,0.0,1.0,0
1480970863716793141,438,1480970863714284295,,0,0,46.5185623169,6.56624507904,2.77602830977e-40,1.0,0.0,0.0,0.0,1.0,0.0,0.0,0.0,1.0,0
1480970863769133015,439,1480970863766672398,,0,0,46.5185623169,6.56624507904,2.77602830977e-40,1.0,0.0,0.0,0.0,1.0,0.0,0.0,0.0,1.0,0
1480970863913274243,440,1480970863910337430,,0,0,46.5185546875,6.56624507904,2.77602830977e-40,1.0,0.0,0.0,0.0,1.0,0.0,0.0,0.0,1.0,0
1480970863969003428,441,1480970863966706352,,0,0,46.5185546875,6.56624507904,2.77602830977e-40,1.0,0.0,0.0,0.0,1.0,0.0,0.0,0.0,1.0,0
1480970864173643252,442,1480970864169748057,,0,0,46.5185432434,6.56624317169,2.77602830977e-40,1.0,0.0,0.0,0.0,1.0,0.0,0.0,0.0,1.0,0
1480970864174432208,443,1480970864170322795,,0,0,46.5185432434,6.56624317169,2.77602830977e-40,1.0,0.0,0.0,0.0,1.0,0.0,0.0,0.0,1.0,0
1480970864568553783,444,1480970864563361196,,0,0,46.518535614,6.56625032425,2.77602830977e-40,1.0,0.0,0.0,0.0,1.0,0.0,0.0,0.0,1.0,0
1480970864568636959,445,1480970864565002701,,0,0,46.518535614,6.56625032425,2.77602830977e-40,1.0,0.0,0.0,0.0,1.0,0.0,0.0,0.0,1.0,0
1480970865211689301,446,1480970865207683482,,0,0,46.5185165405,6.56625127792,2.77602830977e-40,1.0,0.0,0.0,0.0,1.0,0.0,0.0,0.0,1.0,0
1480970865211903415,447,1480970865208500146,,0,0,46.5185165405,6.56625127792,2.77602830977e-40,1.0,0.0,0.0,0.0,1.0,0.0,0.0,0.0,1.0,0
1480970865900706174,448,1480970865897063010,,0,0,46.518497467,6.5662946701,2.77602830977e-40,1.0,0.0,0.0,0.0,1.0,0.0,0.0,0.0,1.0,0
1480970865900816382,449,1480970865897691497,,0,0,46.518497467,6.5662946701,2.77602830977e-40,1.0,0.0,0.0,0.0,1.0,0.0,0.0,0.0,1.0,0
1480970866367339690,450,1480970866363488505,,0,0,46.5184898376,6.5663356781,2.77602830977e-40,1.0,0.0,0.0,0.0,1.0,0.0,0.0,0.0,1.0,0
1480970866367416565,451,1480970866364128868,,0,0,46.5184898376,6.5663356781,2.77602830977e-40,1.0,0.0,0.0,0.0,1.0,0.0,0.0,0.0,1.0,0
1480970866723937539,452,1480970866718933129,,0,0,46.5184860229,6.56633615494,2.77602830977e-40,1.0,0.0,0.0,0.0,1.0,0.0,0.0,0.0,1.0,0
1480970866723980768,453,1480970866719518179,,0,0,46.5184860229,6.56633615494,2.77602830977e-40,1.0,0.0,0.0,0.0,1.0,0.0,0.0,0.0,1.0,0
1480970867057481247,454,1480970867055153651,,0,0,46.5184936523,6.56636190414,2.77602830977e-40,1.0,0.0,0.0,0.0,1.0,0.0,0.0,0.0,1.0,0
1480970867057563486,455,1480970867055950992,,0,0,46.5184936523,6.56636190414,2.77602830977e-40,1.0,0.0,0.0,0.0,1.0,0.0,0.0,0.0,1.0,0
1480970867420786937,456,1480970867418308873,,0,0,46.5184898376,6.56635475159,2.77602830977e-40,1.0,0.0,0.0,0.0,1.0,0.0,0.0,0.0,1.0,0
1480970867425513119,457,1480970867418928454,,0,0,46.5184898376,6.56635475159,2.77602830977e-40,1.0,0.0,0.0,0.0,1.0,0.0,0.0,0.0,1.0,0
1480970867876841062,458,1480970867873475865,,0,0,46.5185050964,6.56640148163,2.77602830977e-40,1.0,0.0,0.0,0.0,1.0,0.0,0.0,0.0,1.0,0
1480970867877111113,459,1480970867874057113,,0,0,46.5185050964,6.56640148163,2.77602830977e-40,1.0,0.0,0.0,0.0,1.0,0.0,0.0,0.0,1.0,0
1480970868196634973,460,1480970868192844621,,0,0,46.5185089111,6.56644058228,2.77602830977e-40,1.0,0.0,0.0,0.0,1.0,0.0,0.0,0.0,1.0,0
1480970868197091013,461,1480970868193492952,,0,0,46.5185089111,6.56644058228,2.77602830977e-40,1.0,0.0,0.0,0.0,1.0,0.0,0.0,0.0,1.0,0
1480970868622968105,462,1480970868618058799,,0,0,46.518497467,6.56643819809,2.77602830977e-40,1.0,0.0,0.0,0.0,1.0,0.0,0.0,0.0,1.0,0
1480970868624113101,463,1480970868618632182,,0,0,46.518497467,6.56643819809,2.77602830977e-40,1.0,0.0,0.0,0.0,1.0,0.0,0.0,0.0,1.0,0
1480970869021028104,464,1480970869017548220,,0,0,46.5185050964,6.56648874283,2.77602830977e-40,1.0,0.0,0.0,0.0,1.0,0.0,0.0,0.0,1.0,0
1480970869021115239,465,1480970869018117280,,0,0,46.5185050964,6.56648874283,2.77602830977e-40,1.0,0.0,0.0,0.0,1.0,0.0,0.0,0.0,1.0,0
1480970869427880000,466,1480970869422674861,,0,0,46.5185012817,6.56651926041,2.77602830977e-40,1.0,0.0,0.0,0.0,1.0,0.0,0.0,0.0,1.0,0
1480970869427957760,467,1480970869423729806,,0,0,46.5185012817,6.56651926041,2.77602830977e-40,1.0,0.0,0.0,0.0,1.0,0.0,0.0,0.0,1.0,0
1480970869902644946,468,1480970869897307985,,0,0,46.5184936523,6.56655216217,2.77602830977e-40,1.0,0.0,0.0,0.0,1.0,0.0,0.0,0.0,1.0,0
1480970869903380829,469,1480970869897932150,,0,0,46.5184936523,6.56655216217,2.77602830977e-40,1.0,0.0,0.0,0.0,1.0,0.0,0.0,0.0,1.0,0
1480970870320294983,470,1480970870316012393,,0,0,46.5184898376,6.5665769577,2.77602830977e-40,1.0,0.0,0.0,0.0,1.0,0.0,0.0,0.0,1.0,0
1480970870320389149,471,1480970870316608901,,0,0,46.5184898376,6.5665769577,2.77602830977e-40,1.0,0.0,0.0,0.0,1.0,0.0,0.0,0.0,1.0,0
1480970870768048250,472,1480970870764687428,,0,0,46.5184860229,6.56659078598,2.77602830977e-40,1.0,0.0,0.0,0.0,1.0,0.0,0.0,0.0,1.0,0
1480970870770675949,473,1480970870765454873,,0,0,46.5184860229,6.56659078598,2.77602830977e-40,1.0,0.0,0.0,0.0,1.0,0.0,0.0,0.0,1.0,0
1480970871059182259,474,1480970871055381959,,0,0,46.5184822083,6.56659793854,2.77602830977e-40,1.0,0.0,0.0,0.0,1.0,0.0,0.0,0.0,1.0,0
1480970871059518351,475,1480970871056522685,,0,0,46.5184822083,6.56659793854,2.77602830977e-40,1.0,0.0,0.0,0.0,1.0,0.0,0.0,0.0,1.0,0
1480970871325192499,476,1480970871322029749,,0,0,46.5184745789,6.56659412384,2.77602830977e-40,1.0,0.0,0.0,0.0,1.0,0.0,0.0,0.0,1.0,0
1480970871325228436,477,1480970871322977455,,0,0,46.5184745789,6.56659412384,2.77602830977e-40,1.0,0.0,0.0,0.0,1.0,0.0,0.0,0.0,1.0,0
1480970871645116879,478,1480970871641565537,,0,0,46.5184898376,6.56660985947,2.77602830977e-40,1.0,0.0,0.0,0.0,1.0,0.0,0.0,0.0,1.0,0
1480970871645208701,479,1480970871642154076,,0,0,46.5184898376,6.56660985947,2.77602830977e-40,1.0,0.0,0.0,0.0,1.0,0.0,0.0,0.0,1.0,0
1480970871959052685,480,1480970871957144306,,0,0,46.5184745789,6.56661558151,2.77602830977e-40,1.0,0.0,0.0,0.0,1.0,0.0,0.0,0.0,1.0,0
1480970871959168987,481,1480970871957777325,,0,0,46.5184745789,6.56661558151,2.77602830977e-40,1.0,0.0,0.0,0.0,1.0,0.0,0.0,0.0,1.0,0
1480970872153356971,482,1480970872150581043,,0,0,46.5184783936,6.56661605835,2.77602830977e-40,1.0,0.0,0.0,0.0,1.0,0.0,0.0,0.0,1.0,0
1480970872161313559,483,1480970872157927164,,0,0,46.5184783936,6.56661605835,2.77602830977e-40,1.0,0.0,0.0,0.0,1.0,0.0,0.0,0.0,1.0,0
1480970872367495097,484,1480970872364015785,,0,0,46.5184822083,6.56661272049,2.77602830977e-40,1.0,0.0,0.0,0.0,1.0,0.0,0.0,0.0,1.0,0
1480970872367572180,485,1480970872364797449,,0,0,46.5184822083,6.56661272049,2.77602830977e-40,1.0,0.0,0.0,0.0,1.0,0.0,0.0,0.0,1.0,0
1480970872551654157,486,1480970872549136405,,0,0,46.5184707642,6.56657266617,2.77602830977e-40,1.0,0.0,0.0,0.0,1.0,0.0,0.0,0.0,1.0,0
1480970872560668189,487,1480970872557908042,,0,0,46.5184707642,6.56657266617,2.77602830977e-40,1.0,0.0,0.0,0.0,1.0,0.0,0.0,0.0,1.0,0
1480970872697083714,488,1480970872693858777,,0,0,46.5184745789,6.56659555435,2.77602830977e-40,1.0,0.0,0.0,0.0,1.0,0.0,0.0,0.0,1.0,0
1480970872760559488,489,1480970872757931372,,0,0,46.5184745789,6.56659555435,2.77602830977e-40,1.0,0.0,0.0,0.0,1.0,0.0,0.0,0.0,1.0,0
1480970872923516797,490,1480970872919420770,,0,0,46.5184745789,6.56660985947,2.77602830977e-40,1.0,0.0,0.0,0.0,1.0,0.0,0.0,0.0,1.0,0
1480970872960599692,491,1480970872957885847,,0,0,46.5184745789,6.56660985947,2.77602830977e-40,1.0,0.0,0.0,0.0,1.0,0.0,0.0,0.0,1.0,0
1480970873160035888,492,1480970873157778187,,0,0,46.5184707642,6.56659984589,2.77602830977e-40,1.0,0.0,0.0,0.0,1.0,0.0,0.0,0.0,1.0,0
1480970873160147919,493,1480970873158356154,,0,0,46.5184707642,6.56659984589,2.77602830977e-40,1.0,0.0,0.0,0.0,1.0,0.0,0.0,0.0,1.0,0
1480970873357577924,494,1480970873354973297,,0,0,46.5184631348,6.56660079956,2.77602830977e-40,1.0,0.0,0.0,0.0,1.0,0.0,0.0,0.0,1.0,0
1480970873360996246,495,1480970873358240109,,0,0,46.5184631348,6.56660079956,2.77602830977e-40,1.0,0.0,0.0,0.0,1.0,0.0,0.0,0.0,1.0,0
1480970873511370994,496,1480970873507899443,,0,0,46.5184516907,6.56658744812,2.77602830977e-40,1.0,0.0,0.0,0.0,1.0,0.0,0.0,0.0,1.0,0
1480970873562859829,497,1480970873557889273,,0,0,46.5184516907,6.56658744812,2.77602830977e-40,1.0,0.0,0.0,0.0,1.0,0.0,0.0,0.0,1.0,0
1480970873714771447,498,1480970873711987967,,0,0,46.5184669495,6.56658697128,2.77602830977e-40,1.0,0.0,0.0,0.0,1.0,0.0,0.0,0.0,1.0,0
1480970873759836502,499,1480970873757917030,,0,0,46.5184669495,6.56658697128,2.77602830977e-40,1.0,0.0,0.0,0.0,1.0,0.0,0.0,0.0,1.0,0
1480970873970921461,500,1480970873966913089,,0,0,46.5184707642,6.56658172607,2.77602830977e-40,1.0,0.0,0.0,0.0,1.0,0.0,0.0,0.0,1.0,0
1480970873971012554,501,1480970873967668607,,0,0,46.5184707642,6.56658172607,2.77602830977e-40,1.0,0.0,0.0,0.0,1.0,0.0,0.0,0.0,1.0,0
1480970874167029126,502,1480970874162138466,,0,0,46.5184783936,6.56657266617,2.77602830977e-40,1.0,0.0,0.0,0.0,1.0,0.0,0.0,0.0,1.0,0
1480970874167631416,503,1480970874162811849,,0,0,46.5184783936,6.56657266617,2.77602830977e-40,1.0,0.0,0.0,0.0,1.0,0.0,0.0,0.0,1.0,0
1480970874349817879,504,1480970874346210391,,0,0,46.5184860229,6.56658840179,2.77602830977e-40,1.0,0.0,0.0,0.0,1.0,0.0,0.0,0.0,1.0,0
1480970874362610961,505,1480970874357907904,,0,0,46.5184860229,6.56658840179,2.77602830977e-40,1.0,0.0,0.0,0.0,1.0,0.0,0.0,0.0,1.0,0
1480970874514789349,506,1480970874511363006,,0,0,46.5184822083,6.56656503677,2.77602830977e-40,1.0,0.0,0.0,0.0,1.0,0.0,0.0,0.0,1.0,0
1480970874562037365,507,1480970874557899671,,0,0,46.5184822083,6.56656503677,2.77602830977e-40,1.0,0.0,0.0,0.0,1.0,0.0,0.0,0.0,1.0,0
1480970874699115388,508,1480970874696562845,,0,0,46.5185050964,6.56662416458,2.77602830977e-40,1.0,0.0,0.0,0.0,1.0,0.0,0.0,0.0,1.0,0
1480970874759558776,509,1480970874757902636,,0,0,46.5185050964,6.56662416458,2.77602830977e-40,1.0,0.0,0.0,0.0,1.0,0.0,0.0,0.0,1.0,0
1480970874948211727,510,1480970874946140016,,0,0,46.5185089111,6.56663751602,2.77602830977e-40,1.0,0.0,0.0,0.0,1.0,0.0,0.0,0.0,1.0,0
1480970874959537001,511,1480970874957890445,,0,0,46.5185089111,6.56663751602,2.77602830977e-40,1.0,0.0,0.0,0.0,1.0,0.0,0.0,0.0,1.0,0
1480970875153499414,512,1480970875151290359,,0,0,46.5185623169,6.56669902802,2.77602830977e-40,1.0,0.0,0.0,0.0,1.0,0.0,0.0,0.0,1.0,0
1480970875161121732,513,1480970875157888409,,0,0,46.5185623169,6.56669902802,2.77602830977e-40,1.0,0.0,0.0,0.0,1.0,0.0,0.0,0.0,1.0,0
1480970875361287352,514,1480970875356785337,,0,0,46.5185012817,6.56662464142,2.77602830977e-40,1.0,0.0,0.0,0.0,1.0,0.0,0.0,0.0,1.0,0
1480970875361383290,515,1480970875357874343,,0,0,46.5185012817,6.56662464142,2.77602830977e-40,1.0,0.0,0.0,0.0,1.0,0.0,0.0,0.0,1.0,0
1480970875509904294,516,1480970875505694934,,0,0,46.5185089111,6.56663036346,2.77602830977e-40,1.0,0.0,0.0,0.0,1.0,0.0,0.0,0.0,1.0,0
1480970875562434376,517,1480970875557892516,,0,0,46.5185089111,6.56663036346,2.77602830977e-40,1.0,0.0,0.0,0.0,1.0,0.0,0.0,0.0,1.0,0
1480970875764928999,518,1480970875759177977,,0,0,46.5185317993,6.56665658951,2.77602830977e-40,1.0,0.0,0.0,0.0,1.0,0.0,0.0,0.0,1.0,0
1480970875765379623,519,1480970875759913652,,0,0,46.5185317993,6.56665658951,2.77602830977e-40,1.0,0.0,0.0,0.0,1.0,0.0,0.0,0.0,1.0,0
1480970875946800724,520,1480970875944349795,,0,0,46.5185165405,6.56662321091,2.77602830977e-40,1.0,0.0,0.0,0.0,1.0,0.0,0.0,0.0,1.0,0
1480970875960611041,521,1480970875957910998,,0,0,46.5185165405,6.56662321091,2.77602830977e-40,1.0,0.0,0.0,0.0,1.0,0.0,0.0,0.0,1.0,0
1480970876145229892,522,1480970876140472408,,0,0,46.5185050964,6.56655597687,2.77602830977e-40,1.0,0.0,0.0,0.0,1.0,0.0,0.0,0.0,1.0,0
1480970876160586246,523,1480970876157904536,,0,0,46.5185050964,6.56655597687,2.77602830977e-40,1.0,0.0,0.0,0.0,1.0,0.0,0.0,0.0,1.0,0
1480970876402007716,524,1480970876398141531,,0,0,46.5185661316,6.56664848328,2.77602830977e-40,1.0,0.0,0.0,0.0,1.0,0.0,0.0,0.0,1.0,0
1480970876403186305,525,1480970876398802831,,0,0,46.5185661316,6.56664848328,2.77602830977e-40,1.0,0.0,0.0,0.0,1.0,0.0,0.0,0.0,1.0,0
1480970876712466242,526,1480970876708971827,,0,0,46.5185623169,6.56663656235,2.77602830977e-40,1.0,0.0,0.0,0.0,1.0,0.0,0.0,0.0,1.0,0
1480970876712567804,527,1480970876709541200,,0,0,46.5185623169,6.56663656235,2.77602830977e-40,1.0,0.0,0.0,0.0,1.0,0.0,0.0,0.0,1.0,0
1480970876935182203,528,1480970876933308928,,0,0,46.5185699463,6.56664943695,2.77602830977e-40,1.0,0.0,0.0,0.0,1.0,0.0,0.0,0.0,1.0,0
1480970876935259077,529,1480970876933874134,,0,0,46.5185699463,6.56664943695,2.77602830977e-40,1.0,0.0,0.0,0.0,1.0,0.0,0.0,0.0,1.0,0
1480970877079435618,530,1480970877076277712,,0,0,46.5185890198,6.56662607193,2.77602830977e-40,1.0,0.0,0.0,0.0,1.0,0.0,0.0,0.0,1.0,0
1480970877114032479,531,1480970877109693692,,0,0,46.5185890198,6.56662607193,2.77602830977e-40,1.0,0.0,0.0,0.0,1.0,0.0,0.0,0.0,1.0,0
1480970877212744331,532,1480970877209725747,,0,0,46.518573761,6.56661844254,2.77602830977e-40,1.0,0.0,0.0,0.0,1.0,0.0,0.0,0.0,1.0,0
1480970877312645761,533,1480970877309720303,,0,0,46.518573761,6.56661844254,2.77602830977e-40,1.0,0.0,0.0,0.0,1.0,0.0,0.0,0.0,1.0,0
1480970877412189797,534,1480970877409749129,,0,0,46.5185546875,6.56654453278,2.77602830977e-40,1.0,0.0,0.0,0.0,1.0,0.0,0.0,0.0,1.0,0
1480970877514142575,535,1480970877509751132,,0,0,46.5185546875,6.56654453278,2.77602830977e-40,1.0,0.0,0.0,0.0,1.0,0.0,0.0,0.0,1.0,0
1480970877612281616,536,1480970877609728552,,0,0,46.5185852051,6.56665372849,2.77602830977e-40,1.0,0.0,0.0,0.0,1.0,0.0,0.0,0.0,1.0,0
1480970877713581740,537,1480970877709684566,,0,0,46.5185852051,6.56665372849,2.77602830977e-40,1.0,0.0,0.0,0.0,1.0,0.0,0.0,0.0,1.0,0
1480970877812977391,538,1480970877809716048,,0,0,46.5185890198,6.5666642189,2.77602830977e-40,1.0,0.0,0.0,0.0,1.0,0.0,0.0,0.0,1.0,0
1480970877912374449,539,1480970877909661802,,0,0,46.5185890198,6.5666642189,2.77602830977e-40,1.0,0.0,0.0,0.0,1.0,0.0,0.0,0.0,1.0,0
1480970878012260619,540,1480970878009720211,,0,0,46.518611908,6.56669664383,2.77602830977e-40,1.0,0.0,0.0,0.0,1.0,0.0,0.0,0.0,1.0,0
1480970878112557726,541,1480970878109665288,,0,0,46.518611908,6.56669664383,2.77602830977e-40,1.0,0.0,0.0,0.0,1.0,0.0,0.0,0.0,1.0,0
1480970878211230931,542,1480970878209718332,,0,0,46.5185852051,6.5667014122,2.77602830977e-40,1.0,0.0,0.0,0.0,1.0,0.0,0.0,0.0,1.0,0
1480970878312205327,543,1480970878309654138,,0,0,46.5185852051,6.5667014122,2.77602830977e-40,1.0,0.0,0.0,0.0,1.0,0.0,0.0,0.0,1.0,0
1480970878414327375,544,1480970878409762547,,0,0,46.5186080933,6.56668519974,2.77602830977e-40,1.0,0.0,0.0,0.0,1.0,0.0,0.0,0.0,1.0,0
1480970878512658082,545,1480970878509671061,,0,0,46.5186080933,6.56668519974,2.77602830977e-40,1.0,0.0,0.0,0.0,1.0,0.0,0.0,0.0,1.0,0
1480970878614641589,546,1480970878609905355,,0,0,46.518573761,6.56667089462,2.77602830977e-40,1.0,0.0,0.0,0.0,1.0,0.0,0.0,0.0,1.0,0
1480970878712236986,547,1480970878709671891,,0,0,46.518573761,6.56667089462,2.77602830977e-40,1.0,0.0,0.0,0.0,1.0,0.0,0.0,0.0,1.0,0
1480970878926873912,548,1480970878922608562,,0,0,46.5185470581,6.56668186188,2.77602830977e-40,1.0,0.0,0.0,0.0,1.0,0.0,0.0,0.0,1.0,0
1480970878927330421,549,1480970878923307361,,0,0,46.5185470581,6.56668186188,2.77602830977e-40,1.0,0.0,0.0,0.0,1.0,0.0,0.0,0.0,1.0,0
1480970879255290762,550,1480970879251696920,,0,0,46.518535614,6.56669521332,2.77602830977e-40,1.0,0.0,0.0,0.0,1.0,0.0,0.0,0.0,1.0,0
1480970879255462741,551,1480970879252269002,,0,0,46.518535614,6.56669521332,2.77602830977e-40,1.0,0.0,0.0,0.0,1.0,0.0,0.0,0.0,1.0,0
1480970879541358903,552,1480970879538095529,,0,0,46.5185127258,6.56668567657,2.77602830977e-40,1.0,0.0,0.0,0.0,1.0,0.0,0.0,0.0,1.0,0
1480970879541436559,553,1480970879538659433,,0,0,46.5185127258,6.56668567657,2.77602830977e-40,1.0,0.0,0.0,0.0,1.0,0.0,0.0,0.0,1.0,0
1480970879807587684,554,1480970879805391077,,0,0,46.5185394287,6.56668996811,2.77602830977e-40,1.0,0.0,0.0,0.0,1.0,0.0,0.0,0.0,1.0,0
1480970879807944923,555,1480970879806032221,,0,0,46.5185394287,6.56668996811,2.77602830977e-40,1.0,0.0,0.0,0.0,1.0,0.0,0.0,0.0,1.0,0
1480970880108789628,556,1480970880104921880,,0,0,46.5185203552,6.56668424606,2.77602830977e-40,1.0,0.0,0.0,0.0,1.0,0.0,0.0,0.0,1.0,0
1480970880108875981,557,1480970880105478233,,0,0,46.5185203552,6.56668424606,2.77602830977e-40,1.0,0.0,0.0,0.0,1.0,0.0,0.0,0.0,1.0,0
1480970880382676039,558,1480970880380451724,,0,0,46.5185317993,6.5666847229,2.77602830977e-40,1.0,0.0,0.0,0.0,1.0,0.0,0.0,0.0,1.0,0
1480970880382723747,559,1480970880381052867,,0,0,46.5185317993,6.5666847229,2.77602830977e-40,1.0,0.0,0.0,0.0,1.0,0.0,0.0,0.0,1.0,0
1480970880719180362,560,1480970880715848915,,0,0,46.5185241699,6.56666660309,2.77602830977e-40,1.0,0.0,0.0,0.0,1.0,0.0,0.0,0.0,1.0,0
1480970880719339997,561,1480970880716427767,,0,0,46.5185241699,6.56666660309,2.77602830977e-40,1.0,0.0,0.0,0.0,1.0,0.0,0.0,0.0,1.0,0
1480970881088280564,562,1480970881084567399,,0,0,46.5185279846,6.56666374207,2.77602830977e-40,1.0,0.0,0.0,0.0,1.0,0.0,0.0,0.0,1.0,0
1480970881088359053,563,1480970881085170418,,0,0,46.5185279846,6.56666374207,2.77602830977e-40,1.0,0.0,0.0,0.0,1.0,0.0,0.0,0.0,1.0,0
1480970881367138937,564,1480970881363111503,,0,0,46.518535614,6.56668519974,2.77602830977e-40,1.0,0.0,0.0,0.0,1.0,0.0,0.0,0.0,1.0,0
1480970881367217271,565,1480970881363695199,,0,0,46.518535614,6.56668519974,2.77602830977e-40,1.0,0.0,0.0,0.0,1.0,0.0,0.0,0.0,1.0,0
1480970881604925472,566,1480970881601671160,,0,0,46.5185279846,6.56667566299,2.77602830977e-40,1.0,0.0,0.0,0.0,1.0,0.0,0.0,0.0,1.0,0
1480970881606038957,567,1480970881602273762,,0,0,46.5185279846,6.56667566299,2.77602830977e-40,1.0,0.0,0.0,0.0,1.0,0.0,0.0,0.0,1.0,0
1480970881954204647,568,1480970881951835176,,0,0,46.5185432434,6.56666994095,2.77602830977e-40,1.0,0.0,0.0,0.0,1.0,0.0,0.0,0.0,1.0,0
1480970881954917770,569,1480970881952538455,,0,0,46.5185432434,6.56666994095,2.77602830977e-40,1.0,0.0,0.0,0.0,1.0,0.0,0.0,0.0,1.0,0
1480970882269387428,570,1480970882266072492,,0,0,46.518535614,6.5666885376,2.77602830977e-40,1.0,0.0,0.0,0.0,1.0,0.0,0.0,0.0,1.0,0
1480970882269467741,571,1480970882266698740,,0,0,46.518535614,6.5666885376,2.77602830977e-40,1.0,0.0,0.0,0.0,1.0,0.0,0.0,0.0,1.0,0
1480970882557043584,572,1480970882551135063,,0,0,46.5185241699,6.56668186188,2.77602830977e-40,1.0,0.0,0.0,0.0,1.0,0.0,0.0,0.0,1.0,0
1480970882557151917,573,1480970882551775634,,0,0,46.5185241699,6.56668186188,2.77602830977e-40,1.0,0.0,0.0,0.0,1.0,0.0,0.0,0.0,1.0,0
1480970882883847993,574,1480970882875908176,,0,0,46.5185279846,6.56667375565,2.77602830977e-40,1.0,0.0,0.0,0.0,1.0,0.0,0.0,0.0,1.0,0
1480970882883902836,575,1480970882876491716,,0,0,46.5185279846,6.56667375565,2.77602830977e-40,1.0,0.0,0.0,0.0,1.0,0.0,0.0,0.0,1.0,0
1480970883186967794,576,1480970883184637646,,0,0,46.5185203552,6.56667995453,2.77602830977e-40,1.0,0.0,0.0,0.0,1.0,0.0,0.0,0.0,1.0,0
1480970883187615657,577,1480970883185307696,,0,0,46.5185203552,6.56667995453,2.77602830977e-40,1.0,0.0,0.0,0.0,1.0,0.0,0.0,0.0,1.0,0
1480970883487413594,578,1480970883483925221,,0,0,46.5185127258,6.56667995453,2.77602830977e-40,1.0,0.0,0.0,0.0,1.0,0.0,0.0,0.0,1.0,0
1480970883487507448,579,1480970883484525792,,0,0,46.5185127258,6.56667995453,2.77602830977e-40,1.0,0.0,0.0,0.0,1.0,0.0,0.0,0.0,1.0,0
1480970883822819744,580,1480970883816609661,,0,0,46.5185165405,6.56668186188,2.77602830977e-40,1.0,0.0,0.0,0.0,1.0,0.0,0.0,0.0,1.0,0
1480970883822865681,581,1480970883817285648,,0,0,46.5185165405,6.56668186188,2.77602830977e-40,1.0,0.0,0.0,0.0,1.0,0.0,0.0,0.0,1.0,0
1480970884011646810,582,1480970884009429994,,0,0,46.5185203552,6.56668615341,2.77602830977e-40,1.0,0.0,0.0,0.0,1.0,0.0,0.0,0.0,1.0,0
1480970884021242141,583,1480970884017396634,,0,0,46.5185203552,6.56668615341,2.77602830977e-40,1.0,0.0,0.0,0.0,1.0,0.0,0.0,0.0,1.0,0
1480970884331810355,584,1480970884328002920,,0,0,46.5185241699,6.56668424606,2.77602830977e-40,1.0,0.0,0.0,0.0,1.0,0.0,0.0,0.0,1.0,0
1480970884331896292,585,1480970884328623178,,0,0,46.5185241699,6.56668424606,2.77602830977e-40,1.0,0.0,0.0,0.0,1.0,0.0,0.0,0.0,1.0,0
1480970884627973097,586,1480970884624358630,,0,0,46.5185279846,6.56668424606,2.77602830977e-40,1.0,0.0,0.0,0.0,1.0,0.0,0.0,0.0,1.0,0
1480970884628072055,587,1480970884625230033,,0,0,46.5185279846,6.56668424606,2.77602830977e-40,1.0,0.0,0.0,0.0,1.0,0.0,0.0,0.0,1.0,0
1480970884979267265,588,1480970884975363841,,0,0,46.5185279846,6.56669139862,2.77602830977e-40,1.0,0.0,0.0,0.0,1.0,0.0,0.0,0.0,1.0,0
1480970884979595650,589,1480970884975937225,,0,0,46.5185279846,6.56669139862,2.77602830977e-40,1.0,0.0,0.0,0.0,1.0,0.0,0.0,0.0,1.0,0
1480970885332103356,590,1480970885327958318,,0,0,46.5185203552,6.56668424606,2.77602830977e-40,1.0,0.0,0.0,0.0,1.0,0.0,0.0,0.0,1.0,0
1480970885332237835,591,1480970885328571337,,0,0,46.5185203552,6.56668424606,2.77602830977e-40,1.0,0.0,0.0,0.0,1.0,0.0,0.0,0.0,1.0,0
1480970885741608212,592,1480970885738122547,,0,0,46.5185203552,6.56668424606,2.77602830977e-40,1.0,0.0,0.0,0.0,1.0,0.0,0.0,0.0,1.0,0
1480970885741931231,593,1480970885738689159,,0,0,46.5185203552,6.56668424606,2.77602830977e-40,1.0,0.0,0.0,0.0,1.0,0.0,0.0,0.0,1.0,0
1480970886116903028,594,1480970886114794129,,0,0,46.5185241699,6.5666847229,2.77602830977e-40,1.0,0.0,0.0,0.0,1.0,0.0,0.0,0.0,1.0,0
1480970886117578026,595,1480970886115403814,,0,0,46.5185241699,6.5666847229,2.77602830977e-40,1.0,0.0,0.0,0.0,1.0,0.0,0.0,0.0,1.0,0
1480970886520173634,596,1480970886516289637,,0,0,46.5185241699,6.56668663025,2.77602830977e-40,1.0,0.0,0.0,0.0,1.0,0.0,0.0,0.0,1.0,0
1480970886520252905,597,1480970886516896874,,0,0,46.5185241699,6.56668663025,2.77602830977e-40,1.0,0.0,0.0,0.0,1.0,0.0,0.0,0.0,1.0,0
1480970887025357591,598,1480970887021727812,,0,0,46.5185241699,6.56668615341,2.77602830977e-40,1.0,0.0,0.0,0.0,1.0,0.0,0.0,0.0,1.0,0
1480970887025432487,599,1480970887022494528,,0,0,46.5185241699,6.56668615341,2.77602830977e-40,1.0,0.0,0.0,0.0,1.0,0.0,0.0,0.0,1.0,0
1480970887385220325,600,1480970887381906794,,0,0,46.5185241699,6.56668424606,2.77602830977e-40,1.0,0.0,0.0,0.0,1.0,0.0,0.0,0.0,1.0,0
1480970887385258918,601,1480970887382823354,,0,0,46.5185241699,6.56668424606,2.77602830977e-40,1.0,0.0,0.0,0.0,1.0,0.0,0.0,0.0,1.0,0
1480970887777621332,602,1480970887775566027,,0,0,46.5185203552,6.56668519974,2.77602830977e-40,1.0,0.0,0.0,0.0,1.0,0.0,0.0,0.0,1.0,0
1480970887779058098,603,1480970887776165452,,0,0,46.5185203552,6.56668519974,2.77602830977e-40,1.0,0.0,0.0,0.0,1.0,0.0,0.0,0.0,1.0,0
1480970888107883125,604,1480970888103918503,,0,0,46.5185203552,6.56668424606,2.77602830977e-40,1.0,0.0,0.0,0.0,1.0,0.0,0.0,0.0,1.0,0
1480970888107917448,605,1480970888104589907,,0,0,46.5185203552,6.56668424606,2.77602830977e-40,1.0,0.0,0.0,0.0,1.0,0.0,0.0,0.0,1.0,0
1480970888480139149,606,1480970888476780723,,0,0,46.5185203552,6.5666847229,2.77602830977e-40,1.0,0.0,0.0,0.0,1.0,0.0,0.0,0.0,1.0,0
1480970888480234878,607,1480970888477388169,,0,0,46.5185203552,6.5666847229,2.77602830977e-40,1.0,0.0,0.0,0.0,1.0,0.0,0.0,0.0,1.0,0
1480970888769712174,608,1480970888765851301,,0,0,46.5185203552,6.56668663025,2.77602830977e-40,1.0,0.0,0.0,0.0,1.0,0.0,0.0,0.0,1.0,0
1480970888770005037,609,1480970888766422602,,0,0,46.5185203552,6.56668663025,2.77602830977e-40,1.0,0.0,0.0,0.0,1.0,0.0,0.0,0.0,1.0,0
1480970889081383040,610,1480970889075548945,,0,0,46.5185203552,6.56668663025,2.77602830977e-40,1.0,0.0,0.0,0.0,1.0,0.0,0.0,0.0,1.0,0
1480970889081557414,611,1480970889076136131,,0,0,46.5185203552,6.56668663025,2.77602830977e-40,1.0,0.0,0.0,0.0,1.0,0.0,0.0,0.0,1.0,0
1480970889332716663,612,1480970889326804236,,0,0,46.5185203552,6.56668806076,2.77602830977e-40,1.0,0.0,0.0,0.0,1.0,0.0,0.0,0.0,1.0,0
1480970889333721191,613,1480970889327419650,,0,0,46.5185203552,6.56668806076,2.77602830977e-40,1.0,0.0,0.0,0.0,1.0,0.0,0.0,0.0,1.0,0
1480970889568364247,614,1480970889560758335,,0,0,46.5185203552,6.56668663025,2.77602830977e-40,1.0,0.0,0.0,0.0,1.0,0.0,0.0,0.0,1.0,0
1480970889569242160,615,1480970889561473228,,0,0,46.5185203552,6.56668663025,2.77602830977e-40,1.0,0.0,0.0,0.0,1.0,0.0,0.0,0.0,1.0,0
1480970889890836482,616,1480970889887796544,,0,0,46.5185241699,6.56668758392,2.77602830977e-40,1.0,0.0,0.0,0.0,1.0,0.0,0.0,0.0,1.0,0
1480970889890926846,617,1480970889888375917,,0,0,46.5185241699,6.56668758392,2.77602830977e-40,1.0,0.0,0.0,0.0,1.0,0.0,0.0,0.0,1.0,0
1480970890130537437,618,1480970890126226254,,0,0,46.5185241699,6.56668710709,2.77602830977e-40,1.0,0.0,0.0,0.0,1.0,0.0,0.0,0.0,1.0,0
1480970890130611343,619,1480970890126940314,,0,0,46.5185241699,6.56668710709,2.77602830977e-40,1.0,0.0,0.0,0.0,1.0,0.0,0.0,0.0,1.0,0
1480970890420862698,620,1480970890417689688,,0,0,46.5185241699,6.56668806076,2.77602830977e-40,1.0,0.0,0.0,0.0,1.0,0.0,0.0,0.0,1.0,0
1480970890421295145,621,1480970890418257603,,0,0,46.5185241699,6.56668806076,2.77602830977e-40,1.0,0.0,0.0,0.0,1.0,0.0,0.0,0.0,1.0,0
1480970890665995249,622,1480970890664394109,,0,0,46.5185241699,6.5666885376,2.77602830977e-40,1.0,0.0,0.0,0.0,1.0,0.0,0.0,0.0,1.0,0
1480970890668546855,623,1480970890665063273,,0,0,46.5185241699,6.5666885376,2.77602830977e-40,1.0,0.0,0.0,0.0,1.0,0.0,0.0,0.0,1.0,0
1480970890797741520,624,1480970890796114806,,0,0,46.5185241699,6.5666885376,2.77602830977e-40,1.0,0.0,0.0,0.0,1.0,0.0,0.0,0.0,1.0,0
1480970890820131756,625,1480970890818405772,,0,0,46.5185241699,6.5666885376,2.77602830977e-40,1.0,0.0,0.0,0.0,1.0,0.0,0.0,0.0,1.0,0
1480970891057929384,626,1480970891051449406,,0,0,46.5185279846,6.56668901443,2.77602830977e-40,1.0,0.0,0.0,0.0,1.0,0.0,0.0,0.0,1.0,0
1480970891058008654,627,1480970891052111279,,0,0,46.5185279846,6.56668901443,2.77602830977e-40,1.0,0.0,0.0,0.0,1.0,0.0,0.0,0.0,1.0,0
1480970891272029332,628,1480970891264143109,,0,0,46.5185241699,6.5666885376,2.77602830977e-40,1.0,0.0,0.0,0.0,1.0,0.0,0.0,0.0,1.0,0
1480970891272537455,629,1480970891264812169,,0,0,46.5185241699,6.5666885376,2.77602830977e-40,1.0,0.0,0.0,0.0,1.0,0.0,0.0,0.0,1.0,0
1480970891462580558,630,1480970891456656464,,0,0,46.5185241699,6.56668901443,2.77602830977e-40,1.0,0.0,0.0,0.0,1.0,0.0,0.0,0.0,1.0,0
1480970891462694933,631,1480970891457341878,,0,0,46.5185241699,6.56668901443,2.77602830977e-40,1.0,0.0,0.0,0.0,1.0,0.0,0.0,0.0,1.0,0
1480970891682869288,632,1480970891674517545,,0,0,46.5185241699,6.56669187546,2.77602830977e-40,1.0,0.0,0.0,0.0,1.0,0.0,0.0,0.0,1.0,0
1480970891682957777,633,1480970891675335407,,0,0,46.5185241699,6.56669187546,2.77602830977e-40,1.0,0.0,0.0,0.0,1.0,0.0,0.0,0.0,1.0,0
1480970891873512649,634,1480970891871235782,,0,0,46.5185241699,6.56669139862,2.77602830977e-40,1.0,0.0,0.0,0.0,1.0,0.0,0.0,0.0,1.0,0
1480970891873602753,635,1480970891872007289,,0,0,46.5185241699,6.56669139862,2.77602830977e-40,1.0,0.0,0.0,0.0,1.0,0.0,0.0,0.0,1.0,0
1480970892113446259,636,1480970892109740178,,0,0,46.5185203552,6.56669425964,2.77602830977e-40,1.0,0.0,0.0,0.0,1.0,0.0,0.0,0.0,1.0,0
1480970892113827508,637,1480970892110405384,,0,0,46.5185203552,6.56669425964,2.77602830977e-40,1.0,0.0,0.0,0.0,1.0,0.0,0.0,0.0,1.0,0
1480970892422593019,638,1480970892418526471,,0,0,46.5185203552,6.56669425964,2.77602830977e-40,1.0,0.0,0.0,0.0,1.0,0.0,0.0,0.0,1.0,0
1480970892422845570,639,1480970892419183656,,0,0,46.5185203552,6.56669425964,2.77602830977e-40,1.0,0.0,0.0,0.0,1.0,0.0,0.0,0.0,1.0,0
1480970892726321725,640,1480970892723797827,,0,0,46.5185241699,6.5666847229,2.77602830977e-40,1.0,0.0,0.0,0.0,1.0,0.0,0.0,0.0,1.0,0
1480970892726646203,641,1480970892724374804,,0,0,46.5185241699,6.5666847229,2.77602830977e-40,1.0,0.0,0.0,0.0,1.0,0.0,0.0,0.0,1.0,0
1480970892973445779,642,1480970892968153089,,0,0,46.5185241699,6.56668901443,2.77602830977e-40,1.0,0.0,0.0,0.0,1.0,0.0,0.0,0.0,1.0,0
1480970892973578643,643,1480970892968758087,,0,0,46.5185241699,6.56668901443,2.77602830977e-40,1.0,0.0,0.0,0.0,1.0,0.0,0.0,0.0,1.0,0
1480970893236887903,644,1480970893234794212,,0,0,46.5185241699,6.56668806076,2.77602830977e-40,1.0,0.0,0.0,0.0,1.0,0.0,0.0,0.0,1.0,0
1480970893238086024,645,1480970893235470408,,0,0,46.5185241699,6.56668806076,2.77602830977e-40,1.0,0.0,0.0,0.0,1.0,0.0,0.0,0.0,1.0,0
1480970893521290477,646,1480970893516770440,,0,0,46.5185241699,6.56669092178,2.77602830977e-40,1.0,0.0,0.0,0.0,1.0,0.0,0.0,0.0,1.0,0
1480970893521372143,647,1480970893517383563,,0,0,46.5185241699,6.56669092178,2.77602830977e-40,1.0,0.0,0.0,0.0,1.0,0.0,0.0,0.0,1.0,0
1480970893831247807,648,1480970893826920582,,0,0,46.5185241699,6.56669187546,2.77602830977e-40,1.0,0.0,0.0,0.0,1.0,0.0,0.0,0.0,1.0,0
1480970893831350671,649,1480970893827694902,,0,0,46.5185241699,6.56669187546,2.77602830977e-40,1.0,0.0,0.0,0.0,1.0,0.0,0.0,0.0,1.0,0
1480970894077789363,650,1480970894074409115,,0,0,46.5185241699,6.5666885376,2.77602830977e-40,1.0,0.0,0.0,0.0,1.0,0.0,0.0,0.0,1.0,0
1480970894077877644,651,1480970894075184164,,0,0,46.5185241699,6.5666885376,2.77602830977e-40,1.0,0.0,0.0,0.0,1.0,0.0,0.0,0.0,1.0,0
1480970894273462083,652,1480970894269895168,,0,0,46.5185241699,6.56669139862,2.77602830977e-40,1.0,0.0,0.0,0.0,1.0,0.0,0.0,0.0,1.0,0
1480970894273546666,653,1480970894270701519,,0,0,46.5185241699,6.56669139862,2.77602830977e-40,1.0,0.0,0.0,0.0,1.0,0.0,0.0,0.0,1.0,0
1480970894476926546,654,1480970894472983643,,0,0,46.5185241699,6.56669092178,2.77602830977e-40,1.0,0.0,0.0,0.0,1.0,0.0,0.0,0.0,1.0,0
1480970894477050088,655,1480970894473583068,,0,0,46.5185241699,6.56669092178,2.77602830977e-40,1.0,0.0,0.0,0.0,1.0,0.0,0.0,0.0,1.0,0
1480970894671402811,656,1480970894666900587,,0,0,46.5185241699,6.56668806076,2.77602830977e-40,1.0,0.0,0.0,0.0,1.0,0.0,0.0,0.0,1.0,0
1480970894672684422,657,1480970894667473918,,0,0,46.5185241699,6.56668806076,2.77602830977e-40,1.0,0.0,0.0,0.0,1.0,0.0,0.0,0.0,1.0,0
1480970894872572022,658,1480970894868955785,,0,0,46.5185279846,6.5666847229,2.77602830977e-40,1.0,0.0,0.0,0.0,1.0,0.0,0.0,0.0,1.0,0
1480970894872672022,659,1480970894869572918,,0,0,46.5185279846,6.5666847229,2.77602830977e-40,1.0,0.0,0.0,0.0,1.0,0.0,0.0,0.0,1.0,0
1480970895058030714,660,1480970895054684788,,0,0,46.5185279846,6.5666847229,2.77602830977e-40,1.0,0.0,0.0,0.0,1.0,0.0,0.0,0.0,1.0,0
1480970895058777013,661,1480970895055281140,,0,0,46.5185279846,6.5666847229,2.77602830977e-40,1.0,0.0,0.0,0.0,1.0,0.0,0.0,0.0,1.0,0
1480970895273584720,662,1480970895270237700,,0,0,46.5185241699,6.5666885376,2.77602830977e-40,1.0,0.0,0.0,0.0,1.0,0.0,0.0,0.0,1.0,0
1480970895273697532,663,1480970895270816656,,0,0,46.5185241699,6.5666885376,2.77602830977e-40,1.0,0.0,0.0,0.0,1.0,0.0,0.0,0.0,1.0,0
1480970895469952957,664,1480970895466159064,,0,0,46.5185241699,6.56668710709,2.77602830977e-40,1.0,0.0,0.0,0.0,1.0,0.0,0.0,0.0,1.0,0
1480970895470036134,665,1480970895466746979,,0,0,46.5185241699,6.56668710709,2.77602830977e-40,1.0,0.0,0.0,0.0,1.0,0.0,0.0,0.0,1.0,0
1480970895665501615,666,1480970895662022981,,0,0,46.5185241699,6.56668519974,2.77602830977e-40,1.0,0.0,0.0,0.0,1.0,0.0,0.0,0.0,1.0,0
1480970895665599895,667,1480970895662802978,,0,0,46.5185241699,6.56668519974,2.77602830977e-40,1.0,0.0,0.0,0.0,1.0,0.0,0.0,0.0,1.0,0
1480970895861249542,668,1480970895858394656,,0,0,46.5185241699,6.56668806076,2.77602830977e-40,1.0,0.0,0.0,0.0,1.0,0.0,0.0,0.0,1.0,0
1480970895863546149,669,1480970895858994810,,0,0,46.5185241699,6.56668806076,2.77602830977e-40,1.0,0.0,0.0,0.0,1.0,0.0,0.0,0.0,1.0,0
1480970896109913227,670,1480970896106756102,,0,0,46.5185241699,6.5666885376,2.77602830977e-40,1.0,0.0,0.0,0.0,1.0,0.0,0.0,0.0,1.0,0
1480970896110009007,671,1480970896107376569,,0,0,46.5185241699,6.5666885376,2.77602830977e-40,1.0,0.0,0.0,0.0,1.0,0.0,0.0,0.0,1.0,0
1480970896260074330,672,1480970896256665539,,0,0,46.5185241699,6.56668949127,2.77602830977e-40,1.0,0.0,0.0,0.0,1.0,0.0,0.0,0.0,1.0,0
1480970896260216621,673,1480970896257237517,,0,0,46.5185241699,6.56668949127,2.77602830977e-40,1.0,0.0,0.0,0.0,1.0,0.0,0.0,0.0,1.0,0
1480970896462826036,674,1480970896459572036,,0,0,46.5185241699,6.56668901443,2.77602830977e-40,1.0,0.0,0.0,0.0,1.0,0.0,0.0,0.0,1.0,0
1480970896465214309,675,1480970896460285628,,0,0,46.5185241699,6.56668901443,2.77602830977e-40,1.0,0.0,0.0,0.0,1.0,0.0,0.0,0.0,1.0,0
1480970896669039448,676,1480970896663064573,,0,0,46.5185241699,6.5666885376,2.77602830977e-40,1.0,0.0,0.0,0.0,1.0,0.0,0.0,0.0,1.0,0
1480970896669112885,677,1480970896663873164,,0,0,46.5185241699,6.5666885376,2.77602830977e-40,1.0,0.0,0.0,0.0,1.0,0.0,0.0,0.0,1.0,0
1480970896865164405,678,1480970896860037548,,0,0,46.5185241699,6.56669044495,2.77602830977e-40,1.0,0.0,0.0,0.0,1.0,0.0,0.0,0.0,1.0,0
1480970896865264665,679,1480970896860696660,,0,0,46.5185241699,6.56669044495,2.77602830977e-40,1.0,0.0,0.0,0.0,1.0,0.0,0.0,0.0,1.0,0
1480970897075257180,680,1480970897068403609,,0,0,46.5185241699,6.56668949127,2.77602830977e-40,1.0,0.0,0.0,0.0,1.0,0.0,0.0,0.0,1.0,0
1480970897075520252,681,1480970897069041836,,0,0,46.5185241699,6.56668949127,2.77602830977e-40,1.0,0.0,0.0,0.0,1.0,0.0,0.0,0.0,1.0,0
1480970897282147309,682,1480970897275856913,,0,0,46.5185241699,6.56668710709,2.77602830977e-40,1.0,0.0,0.0,0.0,1.0,0.0,0.0,0.0,1.0,0
1480970897282236840,683,1480970897276515140,,0,0,46.5185241699,6.56668710709,2.77602830977e-40,1.0,0.0,0.0,0.0,1.0,0.0,0.0,0.0,1.0,0
1480970897413651288,684,1480970897409882291,,0,0,46.5185241699,6.56669044495,2.77602830977e-40,1.0,0.0,0.0,0.0,1.0,0.0,0.0,0.0,1.0,0
1480970897431288155,685,1480970897427833740,,0,0,46.5185241699,6.56669044495,2.77602830977e-40,1.0,0.0,0.0,0.0,1.0,0.0,0.0,0.0,1.0,0
1480970897617433355,686,1480970897615666330,,0,0,46.5185241699,6.56669044495,2.77602830977e-40,1.0,0.0,0.0,0.0,1.0,0.0,0.0,0.0,1.0,0
1480970897631414141,687,1480970897627995819,,0,0,46.5185241699,6.56669044495,2.77602830977e-40,1.0,0.0,0.0,0.0,1.0,0.0,0.0,0.0,1.0,0
1480970897866259018,688,1480970897861129244,,0,0,46.5185241699,6.56669044495,2.77602830977e-40,1.0,0.0,0.0,0.0,1.0,0.0,0.0,0.0,1.0,0
1480970897866338705,689,1480970897861718565,,0,0,46.5185241699,6.56669044495,2.77602830977e-40,1.0,0.0,0.0,0.0,1.0,0.0,0.0,0.0,1.0,0
1480970898067574166,690,1480970898064123240,,0,0,46.5185241699,6.56668996811,2.77602830977e-40,1.0,0.0,0.0,0.0,1.0,0.0,0.0,0.0,1.0,0
1480970898067668801,691,1480970898064728655,,0,0,46.5185241699,6.56668996811,2.77602830977e-40,1.0,0.0,0.0,0.0,1.0,0.0,0.0,0.0,1.0,0
1480970898302637741,692,1480970898298307756,,0,0,46.5185241699,6.56669044495,2.77602830977e-40,1.0,0.0,0.0,0.0,1.0,0.0,0.0,0.0,1.0,0
1480970898302720553,693,1480970898298986451,,0,0,46.5185241699,6.56669044495,2.77602830977e-40,1.0,0.0,0.0,0.0,1.0,0.0,0.0,0.0,1.0,0
1480970898515686755,694,1480970898512514006,,0,0,46.5185241699,6.56669187546,2.77602830977e-40,1.0,0.0,0.0,0.0,1.0,0.0,0.0,0.0,1.0,0
1480970898515961494,695,1480970898513107181,,0,0,46.5185241699,6.56669187546,2.77602830977e-40,1.0,0.0,0.0,0.0,1.0,0.0,0.0,0.0,1.0,0
1480970898779082473,696,1480970898774807227,,0,0,46.5185279846,6.56669139862,2.77602830977e-40,1.0,0.0,0.0,0.0,1.0,0.0,0.0,0.0,1.0,0
1480970898779799241,697,1480970898775386184,,0,0,46.5185279846,6.56669139862,2.77602830977e-40,1.0,0.0,0.0,0.0,1.0,0.0,0.0,0.0,1.0,0
1480970898919064549,698,1480970898915974090,,0,0,46.5185279846,6.56669139862,2.77602830977e-40,1.0,0.0,0.0,0.0,1.0,0.0,0.0,0.0,1.0,0
1480970898978489450,699,1480970898975509773,,0,0,46.5185279846,6.56669139862,2.77602830977e-40,1.0,0.0,0.0,0.0,1.0,0.0,0.0,0.0,1.0,0
1480970899145783933,700,1480970899141741915,,0,0,46.5185241699,6.56669187546,2.77602830977e-40,1.0,0.0,0.0,0.0,1.0,0.0,0.0,0.0,1.0,0
1480970899178389082,701,1480970899175537321,,0,0,46.5185241699,6.56669187546,2.77602830977e-40,1.0,0.0,0.0,0.0,1.0,0.0,0.0,0.0,1.0,0
1480970899321931354,702,1480970899318100638,,0,0,46.5185279846,6.56669187546,2.77602830977e-40,1.0,0.0,0.0,0.0,1.0,0.0,0.0,0.0,1.0,0
1480970899378451422,703,1480970899375509974,,0,0,46.5185279846,6.56669187546,2.77602830977e-40,1.0,0.0,0.0,0.0,1.0,0.0,0.0,0.0,1.0,0
1480970899578411575,704,1480970899573990131,,0,0,46.5185279846,6.56669187546,2.77602830977e-40,1.0,0.0,0.0,0.0,1.0,0.0,0.0,0.0,1.0,0
1480970899578489804,705,1480970899575585022,,0,0,46.5185279846,6.56669187546,2.77602830977e-40,1.0,0.0,0.0,0.0,1.0,0.0,0.0,0.0,1.0,0
1480970899718096568,706,1480970899715156161,,0,0,46.5185241699,6.56669092178,2.77602830977e-40,1.0,0.0,0.0,0.0,1.0,0.0,0.0,0.0,1.0,0
1480970899778549591,707,1480970899775538612,,0,0,46.5185241699,6.56669092178,2.77602830977e-40,1.0,0.0,0.0,0.0,1.0,0.0,0.0,0.0,1.0,0
1480970899911570232,708,1480970899908593055,,0,0,46.5185279846,6.56668996811,2.77602830977e-40,1.0,0.0,0.0,0.0,1.0,0.0,0.0,0.0,1.0,0
1480970899979094534,709,1480970899975523660,,0,0,46.5185279846,6.56668996811,2.77602830977e-40,1.0,0.0,0.0,0.0,1.0,0.0,0.0,0.0,1.0,0
1480970900166776759,710,1480970900161829172,,0,0,46.5185279846,6.56668949127,2.77602830977e-40,1.0,0.0,0.0,0.0,1.0,0.0,0.0,0.0,1.0,0
1480970900178254324,711,1480970900175546781,,0,0,46.5185279846,6.56668949127,2.77602830977e-40,1.0,0.0,0.0,0.0,1.0,0.0,0.0,0.0,1.0,0
1480970900385513775,712,1480970900369833724,,0,0,46.5185279846,6.56668996811,2.77602830977e-40,1.0,0.0,0.0,0.0,1.0,0.0,0.0,0.0,1.0,0
1480970900385591535,713,1480970900375845006,,0,0,46.5185279846,6.56668996811,2.77602830977e-40,1.0,0.0,0.0,0.0,1.0,0.0,0.0,0.0,1.0,0
1480970900547803170,714,1480970900545657605,,0,0,46.5185241699,6.56668996811,2.77602830977e-40,1.0,0.0,0.0,0.0,1.0,0.0,0.0,0.0,1.0,0
1480970900579756655,715,1480970900575530368,,0,0,46.5185241699,6.56668996811,2.77602830977e-40,1.0,0.0,0.0,0.0,1.0,0.0,0.0,0.0,1.0,0
1480970900773576516,716,1480970900771813241,,0,0,46.5185279846,6.56669044495,2.77602830977e-40,1.0,0.0,0.0,0.0,1.0,0.0,0.0,0.0,1.0,0
1480970900777252077,717,1480970900775590884,,0,0,46.5185279846,6.56669044495,2.77602830977e-40,1.0,0.0,0.0,0.0,1.0,0.0,0.0,0.0,1.0,0
1480970900917600036,718,1480970900915874417,,0,0,46.5185241699,6.56668996811,2.77602830977e-40,1.0,0.0,0.0,0.0,1.0,0.0,0.0,0.0,1.0,0
1480970900979752325,719,1480970900975542808,,0,0,46.5185241699,6.56668996811,2.77602830977e-40,1.0,0.0,0.0,0.0,1.0,0.0,0.0,0.0,1.0,0
1480970901168292048,720,1480970901165183204,,0,0,46.5185279846,6.56669187546,2.77602830977e-40,1.0,0.0,0.0,0.0,1.0,0.0,0.0,0.0,1.0,0
1480970901178080452,721,1480970901175526033,,0,0,46.5185279846,6.56669187546,2.77602830977e-40,1.0,0.0,0.0,0.0,1.0,0.0,0.0,0.0,1.0,0
1480970901319279815,722,1480970901316618105,,0,0,46.5185279846,6.56669139862,2.77602830977e-40,1.0,0.0,0.0,0.0,1.0,0.0,0.0,0.0,1.0,0
1480970901377317898,723,1480970901375544675,,0,0,46.5185279846,6.56669139862,2.77602830977e-40,1.0,0.0,0.0,0.0,1.0,0.0,0.0,0.0,1.0,0
1480970901565644132,724,1480970901561526073,,0,0,46.5185241699,6.56669044495,2.77602830977e-40,1.0,0.0,0.0,0.0,1.0,0.0,0.0,0.0,1.0,0
1480970901578816119,725,1480970901575544880,,0,0,46.5185241699,6.56669044495,2.77602830977e-40,1.0,0.0,0.0,0.0,1.0,0.0,0.0,0.0,1.0,0
1480970901756839263,726,1480970901754050835,,0,0,46.5185279846,6.56669044495,2.77602830977e-40,1.0,0.0,0.0,0.0,1.0,0.0,0.0,0.0,1.0,0
1480970901778556741,727,1480970901775524720,,0,0,46.5185279846,6.56669044495,2.77602830977e-40,1.0,0.0,0.0,0.0,1.0,0.0,0.0,0.0,1.0,0
1480970901907333854,728,1480970901903764179,,0,0,46.5185279846,6.56669139862,2.77602830977e-40,1.0,0.0,0.0,0.0,1.0,0.0,0.0,0.0,1.0,0
1480970901978401790,729,1480970901975554924,,0,0,46.5185279846,6.56669139862,2.77602830977e-40,1.0,0.0,0.0,0.0,1.0,0.0,0.0,0.0,1.0,0
1480970902116887672,730,1480970902112221022,,0,0,46.5185279846,6.56669044495,2.77602830977e-40,1.0,0.0,0.0,0.0,1.0,0.0,0.0,0.0,1.0,0
1480970902178297776,731,1480970902175482942,,0,0,46.5185279846,6.56669044495,2.77602830977e-40,1.0,0.0,0.0,0.0,1.0,0.0,0.0,0.0,1.0,0
1480970902370727485,732,1480970902368746763,,0,0,46.5185279846,6.56669044495,2.77602830977e-40,1.0,0.0,0.0,0.0,1.0,0.0,0.0,0.0,1.0,0
1480970902378153710,733,1480970902375538146,,0,0,46.5185279846,6.56669044495,2.77602830977e-40,1.0,0.0,0.0,0.0,1.0,0.0,0.0,0.0,1.0,0
1480970902567451503,734,1480970902565658228,,0,0,46.5185279846,6.56669187546,2.77602830977e-40,1.0,0.0,0.0,0.0,1.0,0.0,0.0,0.0,1.0,0
1480970902577548760,735,1480970902575523611,,0,0,46.5185279846,6.56669187546,2.77602830977e-40,1.0,0.0,0.0,0.0,1.0,0.0,0.0,0.0,1.0,0
1480970902779875415,736,1480970902776237251,,0,0,46.5185279846,6.56669282913,2.77602830977e-40,1.0,0.0,0.0,0.0,1.0,0.0,0.0,0.0,1.0,0
1480970902779977030,737,1480970902776896259,,0,0,46.5185279846,6.56669282913,2.77602830977e-40,1.0,0.0,0.0,0.0,1.0,0.0,0.0,0.0,1.0,0
1480970902982270976,738,1480970902980278483,,0,0,46.5185279846,6.56669187546,2.77602830977e-40,1.0,0.0,0.0,0.0,1.0,0.0,0.0,0.0,1.0,0
1480970902982864880,739,1480970902980842752,,0,0,46.5185279846,6.56669187546,2.77602830977e-40,1.0,0.0,0.0,0.0,1.0,0.0,0.0,0.0,1.0,0
1480970903117540828,740,1480970903114214590,,0,0,46.5185279846,6.56669139862,2.77602830977e-40,1.0,0.0,0.0,0.0,1.0,0.0,0.0,0.0,1.0,0
1480970903177920935,741,1480970903175551099,,0,0,46.5185279846,6.56669139862,2.77602830977e-40,1.0,0.0,0.0,0.0,1.0,0.0,0.0,0.0,1.0,0
1480970903361615258,742,1480970903358433341,,0,0,46.5185279846,6.56669139862,2.77602830977e-40,1.0,0.0,0.0,0.0,1.0,0.0,0.0,0.0,1.0,0
1480970903379198479,743,1480970903375527502,,0,0,46.5185279846,6.56669139862,2.77602830977e-40,1.0,0.0,0.0,0.0,1.0,0.0,0.0,0.0,1.0,0
1480970903572826049,744,1480970903569809132,,0,0,46.5185279846,6.56669092178,2.77602830977e-40,1.0,0.0,0.0,0.0,1.0,0.0,0.0,0.0,1.0,0
1480970903578182281,745,1480970903575501717,,0,0,46.5185279846,6.56669092178,2.77602830977e-40,1.0,0.0,0.0,0.0,1.0,0.0,0.0,0.0,1.0,0
1480970903778478109,746,1480970903774211718,,0,0,46.5185279846,6.56669044495,2.77602830977e-40,1.0,0.0,0.0,0.0,1.0,0.0,0.0,0.0,1.0,0
1480970903778911650,747,1480970903775530047,,0,0,46.5185279846,6.56669044495,2.77602830977e-40,1.0,0.0,0.0,0.0,1.0,0.0,0.0,0.0,1.0,0
1480970903973308957,748,1480970903970310373,,0,0,46.5185279846,6.56669044495,2.77602830977e-40,1.0,0.0,0.0,0.0,1.0,0.0,0.0,0.0,1.0,0
1480970903978300033,749,1480970903975497282,,0,0,46.5185279846,6.56669044495,2.77602830977e-40,1.0,0.0,0.0,0.0,1.0,0.0,0.0,0.0,1.0,0
1480970904127568536,750,1480970904124081047,,0,0,46.5185279846,6.56669044495,2.77602830977e-40,1.0,0.0,0.0,0.0,1.0,0.0,0.0,0.0,1.0,0
1480970904178181072,751,1480970904175506810,,0,0,46.5185279846,6.56669044495,2.77602830977e-40,1.0,0.0,0.0,0.0,1.0,0.0,0.0,0.0,1.0,0
1480970904374925975,752,1480970904372248015,,0,0,46.5185279846,6.56669139862,2.77602830977e-40,1.0,0.0,0.0,0.0,1.0,0.0,0.0,0.0,1.0,0
1480970904378240963,753,1480970904375525452,,0,0,46.5185279846,6.56669139862,2.77602830977e-40,1.0,0.0,0.0,0.0,1.0,0.0,0.0,0.0,1.0,0
1480970904551551728,754,1480970904549356787,,0,0,46.5185279846,6.56669187546,2.77602830977e-40,1.0,0.0,0.0,0.0,1.0,0.0,0.0,0.0,1.0,0
1480970904577924815,755,1480970904575507167,,0,0,46.5185279846,6.56669187546,2.77602830977e-40,1.0,0.0,0.0,0.0,1.0,0.0,0.0,0.0,1.0,0
1480970904757632484,756,1480970904753794581,,0,0,46.5185279846,6.56669282913,2.77602830977e-40,1.0,0.0,0.0,0.0,1.0,0.0,0.0,0.0,1.0,0
1480970904777236897,757,1480970904775507319,,0,0,46.5185279846,6.56669282913,2.77602830977e-40,1.0,0.0,0.0,0.0,1.0,0.0,0.0,0.0,1.0,0
1480970904957214774,758,1480970904954847438,,0,0,46.5185279846,6.56669235229,2.77602830977e-40,1.0,0.0,0.0,0.0,1.0,0.0,0.0,0.0,1.0,0
1480970904978540795,759,1480970904975526586,,0,0,46.5185279846,6.56669235229,2.77602830977e-40,1.0,0.0,0.0,0.0,1.0,0.0,0.0,0.0,1.0,0
1480970905172556280,760,1480970905169923789,,0,0,46.5185279846,6.56669187546,2.77602830977e-40,1.0,0.0,0.0,0.0,1.0,0.0,0.0,0.0,1.0,0
1480970905179577090,761,1480970905175562364,,0,0,46.5185279846,6.56669187546,2.77602830977e-40,1.0,0.0,0.0,0.0,1.0,0.0,0.0,0.0,1.0,0
1480970905312636428,762,1480970905310816278,,0,0,46.5185279846,6.56669282913,2.77602830977e-40,1.0,0.0,0.0,0.0,1.0,0.0,0.0,0.0,1.0,0
1480970905380171823,763,1480970905375537412,,0,0,46.5185279846,6.56669282913,2.77602830977e-40,1.0,0.0,0.0,0.0,1.0,0.0,0.0,0.0,1.0,0
1480970905561967090,764,1480970905558884288,,0,0,46.5185279846,6.56669282913,2.77602830977e-40,1.0,0.0,0.0,0.0,1.0,0.0,0.0,0.0,1.0,0
1480970905578809324,765,1480970905575508242,,0,0,46.5185279846,6.56669282913,2.77602830977e-40,1.0,0.0,0.0,0.0,1.0,0.0,0.0,0.0,1.0,0
1480970905772207572,766,1480970905767317432,,0,0,46.5185279846,6.56669139862,2.77602830977e-40,1.0,0.0,0.0,0.0,1.0,0.0,0.0,0.0,1.0,0
1480970905777370940,767,1480970905775510477,,0,0,46.5185279846,6.56669139862,2.77602830977e-40,1.0,0.0,0.0,0.0,1.0,0.0,0.0,0.0,1.0,0
1480970905906133158,768,1480970905903094626,,0,0,46.5185279846,6.56669139862,2.77602830977e-40,1.0,0.0,0.0,0.0,1.0,0.0,0.0,0.0,1.0,0
1480970905978191454,769,1480970905975556567,,0,0,46.5185279846,6.56669139862,2.77602830977e-40,1.0,0.0,0.0,0.0,1.0,0.0,0.0,0.0,1.0,0
1480970906111223449,770,1480970906106790079,,0,0,46.5185279846,6.56669139862,2.77602830977e-40,1.0,0.0,0.0,0.0,1.0,0.0,0.0,0.0,1.0,0
1480970906179268530,771,1480970906175523126,,0,0,46.5185279846,6.56669139862,2.77602830977e-40,1.0,0.0,0.0,0.0,1.0,0.0,0.0,0.0,1.0,0
1480970906362535823,772,1480970906359717447,,0,0,46.5185279846,6.56669139862,2.77602830977e-40,1.0,0.0,0.0,0.0,1.0,0.0,0.0,0.0,1.0,0
1480970906378190926,773,1480970906375560830,,0,0,46.5185279846,6.56669139862,2.77602830977e-40,1.0,0.0,0.0,0.0,1.0,0.0,0.0,0.0,1.0,0
