%time,field.header.seq,field.header.stamp,field.header.frame_id,field.status.status,field.status.service,field.latitude,field.longitude,field.altitude,field.position_covariance0,field.position_covariance1,field.position_covariance2,field.position_covariance3,field.position_covariance4,field.position_covariance5,field.position_covariance6,field.position_covariance7,field.position_covariance8,field.position_covariance_type
1480510035700100169,52,1480510035696704864,,0,0,46.5185050964,6.56665754318,2.77602830977e-40,1.0,0.0,0.0,0.0,1.0,0.0,0.0,0.0,1.0,0
1480510035891992138,53,1480510035890210058,,0,0,46.5185050964,6.56665754318,2.77602830977e-40,1.0,0.0,0.0,0.0,1.0,0.0,0.0,0.0,1.0,0
1480510036101898497,54,1480510036095732728,,0,0,46.5185050964,6.56665754318,2.77602830977e-40,1.0,0.0,0.0,0.0,1.0,0.0,0.0,0.0,1.0,0
1480510036290973127,55,1480510036286714021,,0,0,46.5185050964,6.56665754318,2.77602830977e-40,1.0,0.0,0.0,0.0,1.0,0.0,0.0,0.0,1.0,0
1480510036503285628,56,1480510036498758294,,0,0,46.5185050964,6.56665754318,2.77602830977e-40,1.0,0.0,0.0,0.0,1.0,0.0,0.0,0.0,1.0,0
1480510036693270986,57,1480510036690459429,,0,0,46.5185050964,6.56665754318,2.77602830977e-40,1.0,0.0,0.0,0.0,1.0,0.0,0.0,0.0,1.0,0
1480510036894978664,58,1480510036892717158,,0,0,46.5185050964,6.56665754318,2.77602830977e-40,1.0,0.0,0.0,0.0,1.0,0.0,0.0,0.0,1.0,0
1480510037090783541,59,1480510037087006205,,0,0,46.5185050964,6.56665754318,2.77602830977e-40,1.0,0.0,0.0,0.0,1.0,0.0,0.0,0.0,1.0,0
1480510037292053564,60,1480510037288793310,,0,0,46.5185050964,6.56665754318,2.77602830977e-40,1.0,0.0,0.0,0.0,1.0,0.0,0.0,0.0,1.0,0
1480510037496388216,61,1480510037492664786,,0,0,46.5185050964,6.56665754318,2.77602830977e-40,1.0,0.0,0.0,0.0,1.0,0.0,0.0,0.0,1.0,0
1480510037689057943,62,1480510037687170186,,0,0,46.5185050964,6.56665754318,2.77602830977e-40,1.0,0.0,0.0,0.0,1.0,0.0,0.0,0.0,1.0,0
1480510037881472618,63,1480510037879691216,,0,0,46.5185050964,6.56665754318,2.77602830977e-40,1.0,0.0,0.0,0.0,1.0,0.0,0.0,0.0,1.0,0
1480510038095331054,64,1480510038091196791,,0,0,46.5185050964,6.56665754318,2.77602830977e-40,1.0,0.0,0.0,0.0,1.0,0.0,0.0,0.0,1.0,0
1480510038292525303,65,1480510038290262391,,0,0,46.5185050964,6.56665754318,2.77602830977e-40,1.0,0.0,0.0,0.0,1.0,0.0,0.0,0.0,1.0,0
1480510038495268344,66,1480510038492150017,,0,0,46.5185050964,6.56665754318,2.77602830977e-40,1.0,0.0,0.0,0.0,1.0,0.0,0.0,0.0,1.0,0
1480510038697174980,67,1480510038693951549,,0,0,46.5185050964,6.56665754318,2.77602830977e-40,1.0,0.0,0.0,0.0,1.0,0.0,0.0,0.0,1.0,0
1480510038894087563,68,1480510038887026640,,0,0,46.5185050964,6.56665754318,2.77602830977e-40,1.0,0.0,0.0,0.0,1.0,0.0,0.0,0.0,1.0,0
1480510039084306618,69,1480510039079126003,,0,0,46.5185050964,6.56665754318,2.77602830977e-40,1.0,0.0,0.0,0.0,1.0,0.0,0.0,0.0,1.0,0
1480510039294806467,70,1480510039291197151,,0,0,46.5185050964,6.56665754318,2.77602830977e-40,1.0,0.0,0.0,0.0,1.0,0.0,0.0,0.0,1.0,0
1480510039496380499,71,1480510039493512223,,0,0,46.5185050964,6.56665754318,2.77602830977e-40,1.0,0.0,0.0,0.0,1.0,0.0,0.0,0.0,1.0,0
1480510039691674023,72,1480510039687618875,,0,0,46.5185050964,6.56665754318,2.77602830977e-40,1.0,0.0,0.0,0.0,1.0,0.0,0.0,0.0,1.0,0
1480510039890639832,73,1480510039887955462,,0,0,46.5185050964,6.56665754318,2.77602830977e-40,1.0,0.0,0.0,0.0,1.0,0.0,0.0,0.0,1.0,0
1480510040082565185,74,1480510040078387902,,0,0,46.5185050964,6.56665754318,2.77602830977e-40,1.0,0.0,0.0,0.0,1.0,0.0,0.0,0.0,1.0,0
1480510040292496180,75,1480510040288349678,,0,0,46.5185050964,6.56665754318,2.77602830977e-40,1.0,0.0,0.0,0.0,1.0,0.0,0.0,0.0,1.0,0
1480510040483093932,76,1480510040479263992,,0,0,46.5185050964,6.56665754318,2.77602830977e-40,1.0,0.0,0.0,0.0,1.0,0.0,0.0,0.0,1.0,0
1480510040692638730,77,1480510040690450662,,0,0,46.5185050964,6.56665754318,2.77602830977e-40,1.0,0.0,0.0,0.0,1.0,0.0,0.0,0.0,1.0,0
1480510040895297084,78,1480510040892213756,,0,0,46.5185050964,6.56665754318,2.77602830977e-40,1.0,0.0,0.0,0.0,1.0,0.0,0.0,0.0,1.0,0
1480510041097928198,79,1480510041094729923,,0,0,46.5185050964,6.56665754318,2.77602830977e-40,1.0,0.0,0.0,0.0,1.0,0.0,0.0,0.0,1.0,0
1480510041292158651,80,1480510041288673033,,0,0,46.5185050964,6.56665754318,2.77602830977e-40,1.0,0.0,0.0,0.0,1.0,0.0,0.0,0.0,1.0,0
1480510041494239453,81,1480510041488556443,,0,0,46.5185050964,6.56665754318,2.77602830977e-40,1.0,0.0,0.0,0.0,1.0,0.0,0.0,0.0,1.0,0
1480510041694251666,82,1480510041691748077,,0,0,46.5185050964,6.56665754318,2.77602830977e-40,1.0,0.0,0.0,0.0,1.0,0.0,0.0,0.0,1.0,0
1480510041885358271,83,1480510041883561868,,0,0,46.5185050964,6.56665754318,2.77602830977e-40,1.0,0.0,0.0,0.0,1.0,0.0,0.0,0.0,1.0,0
1480510042098723114,84,1480510042096493222,,0,0,46.5185050964,6.56665754318,2.77602830977e-40,1.0,0.0,0.0,0.0,1.0,0.0,0.0,0.0,1.0,0
1480510042298409546,85,1480510042296348300,,0,0,46.5185050964,6.56665754318,2.77602830977e-40,1.0,0.0,0.0,0.0,1.0,0.0,0.0,0.0,1.0,0
1480510042490951669,86,1480510042487735894,,0,0,46.5185050964,6.56665754318,2.77602830977e-40,1.0,0.0,0.0,0.0,1.0,0.0,0.0,0.0,1.0,0
1480510042692748357,87,1480510042689689926,,0,0,46.5185050964,6.56665754318,2.77602830977e-40,1.0,0.0,0.0,0.0,1.0,0.0,0.0,0.0,1.0,0
1480510042896046553,88,1480510042893326350,,0,0,46.5185050964,6.56665754318,2.77602830977e-40,1.0,0.0,0.0,0.0,1.0,0.0,0.0,0.0,1.0,0
1480510043088986905,89,1480510043086390503,,0,0,46.5185050964,6.56665754318,2.77602830977e-40,1.0,0.0,0.0,0.0,1.0,0.0,0.0,0.0,1.0,0
1480510043282825692,90,1480510043278309971,,0,0,46.5185050964,6.56665754318,2.77602830977e-40,1.0,0.0,0.0,0.0,1.0,0.0,0.0,0.0,1.0,0
1480510043491763720,91,1480510043490146640,,0,0,46.5185050964,6.56665754318,2.77602830977e-40,1.0,0.0,0.0,0.0,1.0,0.0,0.0,0.0,1.0,0
1480510043704662783,92,1480510043701390237,,0,0,46.5185050964,6.56665754318,2.77602830977e-40,1.0,0.0,0.0,0.0,1.0,0.0,0.0,0.0,1.0,0
1480510043885908418,93,1480510043883609516,,0,0,46.5185050964,6.56665754318,2.77602830977e-40,1.0,0.0,0.0,0.0,1.0,0.0,0.0,0.0,1.0,0
1480510044088581406,94,1480510044086413442,,0,0,46.5185050964,6.56665754318,2.77602830977e-40,1.0,0.0,0.0,0.0,1.0,0.0,0.0,0.0,1.0,0
1480510044290038564,95,1480510044287534454,,0,0,46.5185050964,6.56665754318,2.77602830977e-40,1.0,0.0,0.0,0.0,1.0,0.0,0.0,0.0,1.0,0
1480510044517897076,96,1480510044515454269,,0,0,46.5185050964,6.56665754318,2.77602830977e-40,1.0,0.0,0.0,0.0,1.0,0.0,0.0,0.0,1.0,0
1480510044680440560,97,1480510044677180202,,0,0,46.5185050964,6.56665754318,2.77602830977e-40,1.0,0.0,0.0,0.0,1.0,0.0,0.0,0.0,1.0,0
1480510044881572250,98,1480510044879810847,,0,0,46.5185050964,6.56665754318,2.77602830977e-40,1.0,0.0,0.0,0.0,1.0,0.0,0.0,0.0,1.0,0
1480510045083762740,99,1480510045081095505,,0,0,46.5185050964,6.56665754318,2.77602830977e-40,1.0,0.0,0.0,0.0,1.0,0.0,0.0,0.0,1.0,0
1480510045289027807,100,1480510045282492611,,0,0,46.5185050964,6.56665754318,2.77602830977e-40,1.0,0.0,0.0,0.0,1.0,0.0,0.0,0.0,1.0,0
1480510045487212575,101,1480510045484795080,,0,0,46.5185050964,6.56665754318,2.77602830977e-40,1.0,0.0,0.0,0.0,1.0,0.0,0.0,0.0,1.0,0
1480510045691592852,102,1480510045689495773,,0,0,46.5185050964,6.56665754318,2.77602830977e-40,1.0,0.0,0.0,0.0,1.0,0.0,0.0,0.0,1.0,0
1480510045896573440,103,1480510045892925687,,0,0,46.5185050964,6.56665754318,2.77602830977e-40,1.0,0.0,0.0,0.0,1.0,0.0,0.0,0.0,1.0,0
1480510046077584440,104,1480510046075519184,,0,0,46.5185050964,6.56665754318,2.77602830977e-40,1.0,0.0,0.0,0.0,1.0,0.0,0.0,0.0,1.0,0
1480510046282238623,105,1480510046279567691,,0,0,46.5185050964,6.56665706635,2.77602830977e-40,1.0,0.0,0.0,0.0,1.0,0.0,0.0,0.0,1.0,0
1480510046494862269,106,1480510046492942169,,0,0,46.5185050964,6.56665754318,2.77602830977e-40,1.0,0.0,0.0,0.0,1.0,0.0,0.0,0.0,1.0,0
1480510046697199165,107,1480510046694552816,,0,0,46.5185050964,6.56665706635,2.77602830977e-40,1.0,0.0,0.0,0.0,1.0,0.0,0.0,0.0,1.0,0
1480510046911412183,108,1480510046908820678,,0,0,46.5185050964,6.56665611267,2.77602830977e-40,1.0,0.0,0.0,0.0,1.0,0.0,0.0,0.0,1.0,0
1480510047094179534,109,1480510047091022665,,0,0,46.5185050964,6.56665420532,2.77602830977e-40,1.0,0.0,0.0,0.0,1.0,0.0,0.0,0.0,1.0,0
1480510047294703672,110,1480510047291165450,,0,0,46.5185050964,6.5666513443,2.77602830977e-40,1.0,0.0,0.0,0.0,1.0,0.0,0.0,0.0,1.0,0
1480510047476703420,111,1480510047473052542,,0,0,46.5185012817,6.56664705276,2.77602830977e-40,1.0,0.0,0.0,0.0,1.0,0.0,0.0,0.0,1.0,0
1480510047697973873,112,1480510047694761275,,0,0,46.5185012817,6.56664180756,2.77602830977e-40,1.0,0.0,0.0,0.0,1.0,0.0,0.0,0.0,1.0,0
1480510047951258116,113,1480510047948139581,,0,0,46.518497467,6.56663608551,2.77602830977e-40,1.0,0.0,0.0,0.0,1.0,0.0,0.0,0.0,1.0,0
1480510048157536306,114,1480510048153206679,,0,0,46.5184936523,6.5666308403,2.77602830977e-40,1.0,0.0,0.0,0.0,1.0,0.0,0.0,0.0,1.0,0
1480510048418839909,115,1480510048415565749,,0,0,46.5184936523,6.56662464142,2.77602830977e-40,1.0,0.0,0.0,0.0,1.0,0.0,0.0,0.0,1.0,0
1480510048775586295,116,1480510048772215520,,0,0,46.5184860229,6.56661510468,2.77602830977e-40,1.0,0.0,0.0,0.0,1.0,0.0,0.0,0.0,1.0,0
1480510049425726637,117,1480510049415842281,,0,0,46.5184783936,6.56659889221,2.77602830977e-40,1.0,0.0,0.0,0.0,1.0,0.0,0.0,0.0,1.0,0
1480510049913059745,118,1480510049910700010,,0,0,46.5184631348,6.56656932831,2.77602830977e-40,1.0,0.0,0.0,0.0,1.0,0.0,0.0,0.0,1.0,0
1480510050298251439,119,1480510050295074414,,0,0,46.5184516907,6.56654405594,2.77602830977e-40,1.0,0.0,0.0,0.0,1.0,0.0,0.0,0.0,1.0,0
1480510050625475382,120,1480510050621897264,,0,0,46.5184364319,6.56652402878,2.77602830977e-40,1.0,0.0,0.0,0.0,1.0,0.0,0.0,0.0,1.0,0
1480510050967905701,121,1480510050965948153,,0,0,46.5184288025,6.56650924683,2.77602830977e-40,1.0,0.0,0.0,0.0,1.0,0.0,0.0,0.0,1.0,0
1480510051433962810,122,1480510051429792818,,0,0,46.5184173584,6.56648874283,2.77602830977e-40,1.0,0.0,0.0,0.0,1.0,0.0,0.0,0.0,1.0,0
1480510051814140191,123,1480510051810101709,,0,0,46.5184059143,6.56646633148,2.77602830977e-40,1.0,0.0,0.0,0.0,1.0,0.0,0.0,0.0,1.0,0
1480510052216478153,124,1480510052213965189,,0,0,46.5183982849,6.56644010544,2.77602830977e-40,1.0,0.0,0.0,0.0,1.0,0.0,0.0,0.0,1.0,0
1480510052613454512,125,1480510052611323162,,0,0,46.5183906555,6.56641101837,2.77602830977e-40,1.0,0.0,0.0,0.0,1.0,0.0,0.0,0.0,1.0,0
1480510052920949118,126,1480510052918711206,,0,0,46.5183906555,6.56638002396,2.77602830977e-40,1.0,0.0,0.0,0.0,1.0,0.0,0.0,0.0,1.0,0
1480510053133604900,127,1480510053131929434,,0,0,46.5183906555,6.5663561821,2.77602830977e-40,1.0,0.0,0.0,0.0,1.0,0.0,0.0,0.0,1.0,0
1480510053295633020,128,1480510053292406776,,0,0,46.5183944702,6.56634044647,2.77602830977e-40,1.0,0.0,0.0,0.0,1.0,0.0,0.0,0.0,1.0,0
1480510053555806938,129,1480510053553713452,,0,0,46.5183982849,6.56632471085,2.77602830977e-40,1.0,0.0,0.0,0.0,1.0,0.0,0.0,0.0,1.0,0
1480510053776815412,130,1480510053775223071,,0,0,46.5184020996,6.56630897522,2.77602830977e-40,1.0,0.0,0.0,0.0,1.0,0.0,0.0,0.0,1.0,0
1480510054105706174,131,1480510054099320770,,0,0,46.518409729,6.56628704071,2.77602830977e-40,1.0,0.0,0.0,0.0,1.0,0.0,0.0,0.0,1.0,0
1480510054383689953,132,1480510054380256835,,0,0,46.5184173584,6.56626653671,2.77602830977e-40,1.0,0.0,0.0,0.0,1.0,0.0,0.0,0.0,1.0,0
1480510054843899677,133,1480510054842015879,,0,0,46.5184288025,6.56624746323,2.77602830977e-40,1.0,0.0,0.0,0.0,1.0,0.0,0.0,0.0,1.0,0
1480510055191537590,134,1480510055189574157,,0,0,46.518447876,6.56622505188,2.77602830977e-40,1.0,0.0,0.0,0.0,1.0,0.0,0.0,0.0,1.0,0
1480510055542476955,135,1480510055539893106,,0,0,46.5184669495,6.56620693207,2.77602830977e-40,1.0,0.0,0.0,0.0,1.0,0.0,0.0,0.0,1.0,0
1480510055871890425,136,1480510055870328293,,0,0,46.5184822083,6.56619644165,2.77602830977e-40,1.0,0.0,0.0,0.0,1.0,0.0,0.0,0.0,1.0,0
1480510056304022809,137,1480510056298799850,,0,0,46.5185050964,6.56618642807,2.77602830977e-40,1.0,0.0,0.0,0.0,1.0,0.0,0.0,0.0,1.0,0
1480510056733109521,138,1480510056729940673,,0,0,46.5185279846,6.5661816597,2.77602830977e-40,1.0,0.0,0.0,0.0,1.0,0.0,0.0,0.0,1.0,0
1480510057081156079,139,1480510057077280670,,0,0,46.5185546875,6.56618261337,2.77602830977e-40,1.0,0.0,0.0,0.0,1.0,0.0,0.0,0.0,1.0,0
1480510057545433452,140,1480510057543306477,,0,0,46.5185775757,6.56619024277,2.77602830977e-40,1.0,0.0,0.0,0.0,1.0,0.0,0.0,0.0,1.0,0
1480510057786770323,141,1480510057783801579,,0,0,46.5185966492,6.56620597839,2.77602830977e-40,1.0,0.0,0.0,0.0,1.0,0.0,0.0,0.0,1.0,0
1480510058216324691,142,1480510058213786050,,0,0,46.518611908,6.56622219086,2.77602830977e-40,1.0,0.0,0.0,0.0,1.0,0.0,0.0,0.0,1.0,0
1480510058617273854,143,1480510058614634015,,0,0,46.5186271667,6.56624889374,2.77602830977e-40,1.0,0.0,0.0,0.0,1.0,0.0,0.0,0.0,1.0,0
1480510058950675389,144,1480510058948030081,,0,0,46.5186347961,6.56627941132,2.77602830977e-40,1.0,0.0,0.0,0.0,1.0,0.0,0.0,0.0,1.0,0
1480510059242576432,145,1480510059237302848,,0,0,46.5186386108,6.56630373001,2.77602830977e-40,1.0,0.0,0.0,0.0,1.0,0.0,0.0,0.0,1.0,0
1480510059552414263,146,1480510059548342448,,0,0,46.5186386108,6.56632852554,2.77602830977e-40,1.0,0.0,0.0,0.0,1.0,0.0,0.0,0.0,1.0,0
1480510059835635844,147,1480510059831760383,,0,0,46.5186347961,6.56635189056,2.77602830977e-40,1.0,0.0,0.0,0.0,1.0,0.0,0.0,0.0,1.0,0
1480510060345577398,148,1480510060342291206,,0,0,46.5186271667,6.56637239456,2.77602830977e-40,1.0,0.0,0.0,0.0,1.0,0.0,0.0,0.0,1.0,0
1480510060750399887,149,1480510060748156245,,0,0,46.5186080933,6.56639814377,2.77602830977e-40,1.0,0.0,0.0,0.0,1.0,0.0,0.0,0.0,1.0,0
1480510061122974366,150,1480510061121291921,,0,0,46.5185890198,6.56641101837,2.77602830977e-40,1.0,0.0,0.0,0.0,1.0,0.0,0.0,0.0,1.0,0
1480510061552656754,151,1480510061549999311,,0,0,46.5185699463,6.56641674042,2.77602830977e-40,1.0,0.0,0.0,0.0,1.0,0.0,0.0,0.0,1.0,0
1480510061951500973,152,1480510061948379469,,0,0,46.5185508728,6.56641292572,2.77602830977e-40,1.0,0.0,0.0,0.0,1.0,0.0,0.0,0.0,1.0,0
1480510062462025443,153,1480510062454720092,,0,0,46.5185317993,6.56640005112,2.77602830977e-40,1.0,0.0,0.0,0.0,1.0,0.0,0.0,0.0,1.0,0
1480510063027030326,154,1480510063021769920,,0,0,46.5185165405,6.5663728714,2.77602830977e-40,1.0,0.0,0.0,0.0,1.0,0.0,0.0,0.0,1.0,0
1480510063518859051,155,1480510063516048380,,0,0,46.5185089111,6.56633138657,2.77602830977e-40,1.0,0.0,0.0,0.0,1.0,0.0,0.0,0.0,1.0,0
1480510064064801420,156,1480510064060484970,,0,0,46.5185127258,6.56629562378,2.77602830977e-40,1.0,0.0,0.0,0.0,1.0,0.0,0.0,0.0,1.0,0
1480510064417419324,157,1480510064414425736,,0,0,46.5185127258,6.56625986099,2.77602830977e-40,1.0,0.0,0.0,0.0,1.0,0.0,0.0,0.0,1.0,0
1480510064710655989,158,1480510064708357869,,0,0,46.5185089111,6.56623268127,2.77602830977e-40,1.0,0.0,0.0,0.0,1.0,0.0,0.0,0.0,1.0,0
1480510064924505727,159,1480510064922182294,,0,0,46.5185012817,6.5662150383,2.77602830977e-40,1.0,0.0,0.0,0.0,1.0,0.0,0.0,0.0,1.0,0
1480510065189675937,160,1480510065187087192,,0,0,46.5184936523,6.56620502472,2.77602830977e-40,1.0,0.0,0.0,0.0,1.0,0.0,0.0,0.0,1.0,0
1480510065565955305,161,1480510065562137864,,0,0,46.5184822083,6.5661945343,2.77602830977e-40,1.0,0.0,0.0,0.0,1.0,0.0,0.0,0.0,1.0,0
1480510065866143363,162,1480510065862180871,,0,0,46.5184669495,6.56618928909,2.77602830977e-40,1.0,0.0,0.0,0.0,1.0,0.0,0.0,0.0,1.0,0
1480510066216318823,163,1480510066213821276,,0,0,46.5184516907,6.56618881226,2.77602830977e-40,1.0,0.0,0.0,0.0,1.0,0.0,0.0,0.0,1.0,0
1480510066648478602,164,1480510066642086219,,0,0,46.5184364319,6.5661945343,2.77602830977e-40,1.0,0.0,0.0,0.0,1.0,0.0,0.0,0.0,1.0,0
1480510067071241212,165,1480510067062724719,,0,0,46.5184173584,6.56620645523,2.77602830977e-40,1.0,0.0,0.0,0.0,1.0,0.0,0.0,0.0,1.0,0
1480510067567433314,166,1480510067564149050,,0,0,46.5184059143,6.56622314453,2.77602830977e-40,1.0,0.0,0.0,0.0,1.0,0.0,0.0,0.0,1.0,0
1480510068122532175,167,1480510068118064059,,0,0,46.5183906555,6.5662484169,2.77602830977e-40,1.0,0.0,0.0,0.0,1.0,0.0,0.0,0.0,1.0,0
1480510068560833036,168,1480510068558200281,,0,0,46.5183830261,6.56628370285,2.77602830977e-40,1.0,0.0,0.0,0.0,1.0,0.0,0.0,0.0,1.0,0
1480510068823748772,169,1480510068820795444,,0,0,46.5183792114,6.56630849838,2.77602830977e-40,1.0,0.0,0.0,0.0,1.0,0.0,0.0,0.0,1.0,0
1480510069223296635,170,1480510069218217322,,0,0,46.5183792114,6.56632804871,2.77602830977e-40,1.0,0.0,0.0,0.0,1.0,0.0,0.0,0.0,1.0,0
1480510069542016428,171,1480510069539717162,,0,0,46.5183830261,6.56635475159,2.77602830977e-40,1.0,0.0,0.0,0.0,1.0,0.0,0.0,0.0,1.0,0
1480510069795888744,172,1480510069792421615,,0,0,46.5183868408,6.56637382507,2.77602830977e-40,1.0,0.0,0.0,0.0,1.0,0.0,0.0,0.0,1.0,0
1480510070137900835,173,1480510070135541100,,0,0,46.5183906555,6.56639194489,2.77602830977e-40,1.0,0.0,0.0,0.0,1.0,0.0,0.0,0.0,1.0,0
1480510070555305591,174,1480510070553089085,,0,0,46.5183982849,6.56640768051,2.77602830977e-40,1.0,0.0,0.0,0.0,1.0,0.0,0.0,0.0,1.0,0
1480510071027242479,175,1480510071024218214,,0,0,46.5184135437,6.56642389297,2.77602830977e-40,1.0,0.0,0.0,0.0,1.0,0.0,0.0,0.0,1.0,0
1480510071545212611,176,1480510071540701266,,0,0,46.5184326172,6.56643438339,2.77602830977e-40,1.0,0.0,0.0,0.0,1.0,0.0,0.0,0.0,1.0,0
1480510072057474630,177,1480510072054264011,,0,0,46.5184555054,6.56643676758,2.77602830977e-40,1.0,0.0,0.0,0.0,1.0,0.0,0.0,0.0,1.0,0
1480510072572721850,178,1480510072569387950,,0,0,46.5184783936,6.56642961502,2.77602830977e-40,1.0,0.0,0.0,0.0,1.0,0.0,0.0,0.0,1.0,0
1480510073048999876,179,1480510073046987641,,0,0,46.5185012817,6.56641530991,2.77602830977e-40,1.0,0.0,0.0,0.0,1.0,0.0,0.0,0.0,1.0,0
1480510073577418061,180,1480510073574090515,,0,0,46.5185165405,6.56639385223,2.77602830977e-40,1.0,0.0,0.0,0.0,1.0,0.0,0.0,0.0,1.0,0
1480510074181135837,181,1480510074177608188,,0,0,46.518535614,6.56636285782,2.77602830977e-40,1.0,0.0,0.0,0.0,1.0,0.0,0.0,0.0,1.0,0
1480510074575043712,182,1480510074573464705,,0,0,46.5185623169,6.56634569168,2.77602830977e-40,1.0,0.0,0.0,0.0,1.0,0.0,0.0,0.0,1.0,0
1480510075113438648,183,1480510075109883134,,0,0,46.5185813904,6.5663433075,2.77602830977e-40,1.0,0.0,0.0,0.0,1.0,0.0,0.0,0.0,1.0,0
1480510075665353557,184,1480510075663068614,,0,0,46.5186042786,6.56633424759,2.77602830977e-40,1.0,0.0,0.0,0.0,1.0,0.0,0.0,0.0,1.0,0
1480510076390943335,185,1480510076387827195,,0,0,46.5186233521,6.56630706787,2.77602830977e-40,1.0,0.0,0.0,0.0,1.0,0.0,0.0,0.0,1.0,0
1480510076871420988,186,1480510076865442354,,0,0,46.5186386108,6.56626176834,2.77602830977e-40,1.0,0.0,0.0,0.0,1.0,0.0,0.0,0.0,1.0,0
1480510077244850622,187,1480510077239712351,,0,0,46.5186386108,6.56623220444,2.77602830977e-40,1.0,0.0,0.0,0.0,1.0,0.0,0.0,0.0,1.0,0
1480510077507353493,188,1480510077505056935,,0,0,46.5186347961,6.56620550156,2.77602830977e-40,1.0,0.0,0.0,0.0,1.0,0.0,0.0,0.0,1.0,0
1480510077720417295,189,1480510077717060270,,0,0,46.5186157227,6.56618928909,2.77602830977e-40,1.0,0.0,0.0,0.0,1.0,0.0,0.0,0.0,1.0,0
1480510077945163470,190,1480510077943309463,,0,0,46.518611908,6.56617736816,2.77602830977e-40,1.0,0.0,0.0,0.0,1.0,0.0,0.0,0.0,1.0,0
1480510078181079779,191,1480510078177761244,,0,0,46.5186042786,6.56616640091,2.77602830977e-40,1.0,0.0,0.0,0.0,1.0,0.0,0.0,0.0,1.0,0
1480510078559503934,192,1480510078556083680,,0,0,46.5185966492,6.56615161896,2.77602830977e-40,1.0,0.0,0.0,0.0,1.0,0.0,0.0,0.0,1.0,0
1480510078910364966,193,1480510078905507944,,0,0,46.5185813904,6.56613683701,2.77602830977e-40,1.0,0.0,0.0,0.0,1.0,0.0,0.0,0.0,1.0,0
1480510079197779768,194,1480510079195769251,,0,0,46.5185699463,6.56612873077,2.77602830977e-40,1.0,0.0,0.0,0.0,1.0,0.0,0.0,0.0,1.0,0
1480510079591615195,195,1480510079588148066,,0,0,46.5185546875,6.56612491608,2.77602830977e-40,1.0,0.0,0.0,0.0,1.0,0.0,0.0,0.0,1.0,0
1480510079937740507,196,1480510079934743690,,0,0,46.518535614,6.56612348557,2.77602830977e-40,1.0,0.0,0.0,0.0,1.0,0.0,0.0,0.0,1.0,0
1480510080273457923,197,1480510080270923032,,0,0,46.5185203552,6.5661277771,2.77602830977e-40,1.0,0.0,0.0,0.0,1.0,0.0,0.0,0.0,1.0,0
1480510080666170748,198,1480510080663276379,,0,0,46.5185012817,6.56613683701,2.77602830977e-40,1.0,0.0,0.0,0.0,1.0,0.0,0.0,0.0,1.0,0
1480510081100725887,199,1480510081097758341,,0,0,46.5184860229,6.56615304947,2.77602830977e-40,1.0,0.0,0.0,0.0,1.0,0.0,0.0,0.0,1.0,0
1480510081553133803,200,1480510081550096414,,0,0,46.5184745789,6.56617546082,2.77602830977e-40,1.0,0.0,0.0,0.0,1.0,0.0,0.0,0.0,1.0,0
1480510081856325814,201,1480510081852804259,,0,0,46.5184631348,6.56620025635,2.77602830977e-40,1.0,0.0,0.0,0.0,1.0,0.0,0.0,0.0,1.0,0
1480510082195533067,202,1480510082189814328,,0,0,46.5184593201,6.56622838974,2.77602830977e-40,1.0,0.0,0.0,0.0,1.0,0.0,0.0,0.0,1.0,0
1480510082492893474,203,1480510082489268013,,0,0,46.5184555054,6.56625127792,2.77602830977e-40,1.0,0.0,0.0,0.0,1.0,0.0,0.0,0.0,1.0,0
1480510082791756744,204,1480510082786553889,,0,0,46.5184593201,6.56626796722,2.77602830977e-40,1.0,0.0,0.0,0.0,1.0,0.0,0.0,0.0,1.0,0
1480510083147240944,205,1480510083144496418,,0,0,46.5184593201,6.5662856102,2.77602830977e-40,1.0,0.0,0.0,0.0,1.0,0.0,0.0,0.0,1.0,0
1480510083493310579,206,1480510083490998031,,0,0,46.5184822083,6.56632137299,2.77602830977e-40,1.0,0.0,0.0,0.0,1.0,0.0,0.0,0.0,1.0,0
1480510083966321163,207,1480510083960477633,,0,0,46.5184822083,6.56632661819,2.77602830977e-40,1.0,0.0,0.0,0.0,1.0,0.0,0.0,0.0,1.0,0
1480510084427096251,208,1480510084424849380,,0,0,46.5185012817,6.56635570526,2.77602830977e-40,1.0,0.0,0.0,0.0,1.0,0.0,0.0,0.0,1.0,0
1480510084676677533,209,1480510084674321861,,0,0,46.5185089111,6.56637954712,2.77602830977e-40,1.0,0.0,0.0,0.0,1.0,0.0,0.0,0.0,1.0,0
1480510085089216309,210,1480510085086379596,,0,0,46.5185050964,6.56639194489,2.77602830977e-40,1.0,0.0,0.0,0.0,1.0,0.0,0.0,0.0,1.0,0
1480510085637814142,211,1480510085635619354,,0,0,46.5185279846,6.56644868851,2.77602830977e-40,1.0,0.0,0.0,0.0,1.0,0.0,0.0,0.0,1.0,0
1480510086163476758,212,1480510086158019738,,0,0,46.5185165405,6.56647777557,2.77602830977e-40,1.0,0.0,0.0,0.0,1.0,0.0,0.0,0.0,1.0,0
1480510086806495760,213,1480510086803844776,,0,0,46.5184822083,6.56649446487,2.77602830977e-40,1.0,0.0,0.0,0.0,1.0,0.0,0.0,0.0,1.0,0
1480510087373474442,214,1480510087369098669,,0,0,46.5184516907,6.56650161743,2.77602830977e-40,1.0,0.0,0.0,0.0,1.0,0.0,0.0,0.0,1.0,0
1480510087907630063,215,1480510087905469703,,0,0,46.5184288025,6.56650686264,2.77602830977e-40,1.0,0.0,0.0,0.0,1.0,0.0,0.0,0.0,1.0,0
1480510088653587249,216,1480510088650894546,,0,0,46.5184059143,6.56648683548,2.77602830977e-40,1.0,0.0,0.0,0.0,1.0,0.0,0.0,0.0,1.0,0
1480510089194246034,217,1480510089190595677,,0,0,46.5183753967,6.56643486023,2.77602830977e-40,1.0,0.0,0.0,0.0,1.0,0.0,0.0,0.0,1.0,0
1480510089699288692,218,1480510089697654216,,0,0,46.5183639526,6.5663895607,2.77602830977e-40,1.0,0.0,0.0,0.0,1.0,0.0,0.0,0.0,1.0,0
1480510090144362821,219,1480510090142975115,,0,0,46.5183563232,6.56636571884,2.77602830977e-40,1.0,0.0,0.0,0.0,1.0,0.0,0.0,0.0,1.0,0
1480510090489108292,220,1480510090487360222,,0,0,46.5183525085,6.56633996964,2.77602830977e-40,1.0,0.0,0.0,0.0,1.0,0.0,0.0,0.0,1.0,0
1480510090885475172,221,1480510090882874448,,0,0,46.5183448792,6.56631135941,2.77602830977e-40,1.0,0.0,0.0,0.0,1.0,0.0,0.0,0.0,1.0,0
1480510091195647065,222,1480510091193874360,,0,0,46.5183525085,6.56628847122,2.77602830977e-40,1.0,0.0,0.0,0.0,1.0,0.0,0.0,0.0,1.0,0
1480510091570610706,223,1480510091565119206,,0,0,46.518371582,6.56629276276,2.77602830977e-40,1.0,0.0,0.0,0.0,1.0,0.0,0.0,0.0,1.0,0
1480510091898804386,224,1480510091895019758,,0,0,46.518371582,6.56626033783,2.77602830977e-40,1.0,0.0,0.0,0.0,1.0,0.0,0.0,0.0,1.0,0
1480510092203698894,225,1480510092201405148,,0,0,46.5183868408,6.56625556946,2.77602830977e-40,1.0,0.0,0.0,0.0,1.0,0.0,0.0,0.0,1.0,0
1480510092520042858,226,1480510092517552863,,0,0,46.5183944702,6.56623363495,2.77602830977e-40,1.0,0.0,0.0,0.0,1.0,0.0,0.0,0.0,1.0,0
1480510092848159872,227,1480510092845939251,,0,0,46.518409729,6.56622600555,2.77602830977e-40,1.0,0.0,0.0,0.0,1.0,0.0,0.0,0.0,1.0,0
1480510093066801267,228,1480510093063475232,,0,0,46.5184249878,6.56622934341,2.77602830977e-40,1.0,0.0,0.0,0.0,1.0,0.0,0.0,0.0,1.0,0
1480510093386327569,229,1480510093384682051,,0,0,46.5184364319,6.56622457504,2.77602830977e-40,1.0,0.0,0.0,0.0,1.0,0.0,0.0,0.0,1.0,0
1480510093725053728,230,1480510093722584098,,0,0,46.5184288025,6.56620597839,2.77602830977e-40,1.0,0.0,0.0,0.0,1.0,0.0,0.0,0.0,1.0,0
1480510094069346909,231,1480510094067618110,,0,0,46.5184783936,6.56626319885,2.77602830977e-40,1.0,0.0,0.0,0.0,1.0,0.0,0.0,0.0,1.0,0
1480510094397689599,232,1480510094395417781,,0,0,46.5184707642,6.56628084183,2.77602830977e-40,1.0,0.0,0.0,0.0,1.0,0.0,0.0,0.0,1.0,0
1480510094698063178,233,1480510094695968390,,0,0,46.5184898376,6.56630182266,2.77602830977e-40,1.0,0.0,0.0,0.0,1.0,0.0,0.0,0.0,1.0,0
1480510094980028043,234,1480510094976469404,,0,0,46.5185050964,6.56631374359,2.77602830977e-40,1.0,0.0,0.0,0.0,1.0,0.0,0.0,0.0,1.0,0
1480510095450608893,235,1480510095448247283,,0,0,46.5184669495,6.56632852554,2.77602830977e-40,1.0,0.0,0.0,0.0,1.0,0.0,0.0,0.0,1.0,0
1480510095915940169,236,1480510095913612830,,0,0,46.5184631348,6.56635332108,2.77602830977e-40,1.0,0.0,0.0,0.0,1.0,0.0,0.0,0.0,1.0,0
1480510096378737805,237,1480510096376341247,,0,0,46.5184593201,6.56639242172,2.77602830977e-40,1.0,0.0,0.0,0.0,1.0,0.0,0.0,0.0,1.0,0
1480510096865334926,238,1480510096861992849,,0,0,46.5184402466,6.56638765335,2.77602830977e-40,1.0,0.0,0.0,0.0,1.0,0.0,0.0,0.0,1.0,0
1480510097407648499,239,1480510097404377516,,0,0,46.518409729,6.56638145447,2.77602830977e-40,1.0,0.0,0.0,0.0,1.0,0.0,0.0,0.0,1.0,0
1480510097947524005,240,1480510097945677394,,0,0,46.5183944702,6.56636857986,2.77602830977e-40,1.0,0.0,0.0,0.0,1.0,0.0,0.0,0.0,1.0,0
1480510098309469755,241,1480510098306909552,,0,0,46.5183753967,6.5663433075,2.77602830977e-40,1.0,0.0,0.0,0.0,1.0,0.0,0.0,0.0,1.0,0
1480510098629440639,242,1480510098627033613,,0,0,46.5183639526,6.56631278992,2.77602830977e-40,1.0,0.0,0.0,0.0,1.0,0.0,0.0,0.0,1.0,0
1480510098936701704,243,1480510098934476657,,0,0,46.5183525085,6.56629371643,2.77602830977e-40,1.0,0.0,0.0,0.0,1.0,0.0,0.0,0.0,1.0,0
1480510099201117749,244,1480510099197676610,,0,0,46.5183525085,6.56627321243,2.77602830977e-40,1.0,0.0,0.0,0.0,1.0,0.0,0.0,0.0,1.0,0
1480510099620394168,245,1480510099617090893,,0,0,46.5183677673,6.56625509262,2.77602830977e-40,1.0,0.0,0.0,0.0,1.0,0.0,0.0,0.0,1.0,0
1480510099909217197,246,1480510099905766422,,0,0,46.5183830261,6.56622743607,2.77602830977e-40,1.0,0.0,0.0,0.0,1.0,0.0,0.0,0.0,1.0,0
1480510100233498541,247,1480510100227892094,,0,0,46.5183906555,6.56621313095,2.77602830977e-40,1.0,0.0,0.0,0.0,1.0,0.0,0.0,0.0,1.0,0
1480510100572664961,248,1480510100567110128,,0,0,46.518409729,6.56620454788,2.77602830977e-40,1.0,0.0,0.0,0.0,1.0,0.0,0.0,0.0,1.0,0
1480510100976493181,249,1480510100974183498,,0,0,46.5184326172,6.56620264053,2.77602830977e-40,1.0,0.0,0.0,0.0,1.0,0.0,0.0,0.0,1.0,0
1480510101305388891,250,1480510101301099368,,0,0,46.5184555054,6.56620740891,2.77602830977e-40,1.0,0.0,0.0,0.0,1.0,0.0,0.0,0.0,1.0,0
1480510101717972719,251,1480510101715616578,,0,0,46.5184669495,6.56621789932,2.77602830977e-40,1.0,0.0,0.0,0.0,1.0,0.0,0.0,0.0,1.0,0
1480510102147820211,252,1480510102145196153,,0,0,46.5184822083,6.56622695923,2.77602830977e-40,1.0,0.0,0.0,0.0,1.0,0.0,0.0,0.0,1.0,0
1480510102576072445,253,1480510102573874221,,0,0,46.518497467,6.56625413895,2.77602830977e-40,1.0,0.0,0.0,0.0,1.0,0.0,0.0,0.0,1.0,0
1480510102990214551,254,1480510102988472836,,0,0,46.5185089111,6.56627702713,2.77602830977e-40,1.0,0.0,0.0,0.0,1.0,0.0,0.0,0.0,1.0,0
1480510103549473040,255,1480510103545478152,,0,0,46.5185317993,6.56629800797,2.77602830977e-40,1.0,0.0,0.0,0.0,1.0,0.0,0.0,0.0,1.0,0
1480510104083676213,256,1480510104080617782,,0,0,46.5185432434,6.56630849838,2.77602830977e-40,1.0,0.0,0.0,0.0,1.0,0.0,0.0,0.0,1.0,0
1480510104530656692,257,1480510104528283885,,0,0,46.5185699463,6.56634235382,2.77602830977e-40,1.0,0.0,0.0,0.0,1.0,0.0,0.0,0.0,1.0,0
1480510104931463929,258,1480510104929086381,,0,0,46.5185852051,6.56636285782,2.77602830977e-40,1.0,0.0,0.0,0.0,1.0,0.0,0.0,0.0,1.0,0
1480510105254402151,259,1480510105249240338,,0,0,46.5186004639,6.5663819313,2.77602830977e-40,1.0,0.0,0.0,0.0,1.0,0.0,0.0,0.0,1.0,0
1480510105666096970,260,1480510105662741508,,0,0,46.5186042786,6.56640958786,2.77602830977e-40,1.0,0.0,0.0,0.0,1.0,0.0,0.0,0.0,1.0,0
1480510106021955180,261,1480510106018142948,,0,0,46.5186042786,6.56643676758,2.77602830977e-40,1.0,0.0,0.0,0.0,1.0,0.0,0.0,0.0,1.0,0
1480510106355902599,262,1480510106353599010,,0,0,46.5186042786,6.56645822525,2.77602830977e-40,1.0,0.0,0.0,0.0,1.0,0.0,0.0,0.0,1.0,0
1480510106748571049,263,1480510106744537515,,0,0,46.5185928345,6.56648397446,2.77602830977e-40,1.0,0.0,0.0,0.0,1.0,0.0,0.0,0.0,1.0,0
1480510107057231591,264,1480510107053673108,,0,0,46.5185852051,6.56650400162,2.77602830977e-40,1.0,0.0,0.0,0.0,1.0,0.0,0.0,0.0,1.0,0
1480510107459615855,265,1480510107455316437,,0,0,46.5185699463,6.56650924683,2.77602830977e-40,1.0,0.0,0.0,0.0,1.0,0.0,0.0,0.0,1.0,0
1480510107909826224,266,1480510107903705403,,0,0,46.5185546875,6.56654167175,2.77602830977e-40,1.0,0.0,0.0,0.0,1.0,0.0,0.0,0.0,1.0,0
1480510108284864084,267,1480510108279732948,,0,0,46.518535614,6.56655454636,2.77602830977e-40,1.0,0.0,0.0,0.0,1.0,0.0,0.0,0.0,1.0,0
1480510108697023381,268,1480510108693967137,,0,0,46.5185165405,6.56655836105,2.77602830977e-40,1.0,0.0,0.0,0.0,1.0,0.0,0.0,0.0,1.0,0
1480510109170300892,269,1480510109168719281,,0,0,46.518497467,6.56655216217,2.77602830977e-40,1.0,0.0,0.0,0.0,1.0,0.0,0.0,0.0,1.0,0
1480510109811781772,270,1480510109809214485,,0,0,46.5184745789,6.56653404236,2.77602830977e-40,1.0,0.0,0.0,0.0,1.0,0.0,0.0,0.0,1.0,0
1480510110512645765,271,1480510110509916083,,0,0,46.5184555054,6.56649827957,2.77602830977e-40,1.0,0.0,0.0,0.0,1.0,0.0,0.0,0.0,1.0,0
1480510111072486440,272,1480510111070882693,,0,0,46.5184440613,6.56644916534,2.77602830977e-40,1.0,0.0,0.0,0.0,1.0,0.0,0.0,0.0,1.0,0
1480510111764156180,273,1480510111761749830,,0,0,46.5184555054,6.56640768051,2.77602830977e-40,1.0,0.0,0.0,0.0,1.0,0.0,0.0,0.0,1.0,0
1480510112340222656,274,1480510112337347089,,0,0,46.5184707642,6.56636476517,2.77602830977e-40,1.0,0.0,0.0,0.0,1.0,0.0,0.0,0.0,1.0,0
1480510112973442719,275,1480510112971126578,,0,0,46.5184936523,6.56634998322,2.77602830977e-40,1.0,0.0,0.0,0.0,1.0,0.0,0.0,0.0,1.0,0
1480510113570101811,276,1480510113568336867,,0,0,46.5185241699,6.56633090973,2.77602830977e-40,1.0,0.0,0.0,0.0,1.0,0.0,0.0,0.0,1.0,0
1480510114222271004,277,1480510114219417311,,0,0,46.5185546875,6.56630516052,2.77602830977e-40,1.0,0.0,0.0,0.0,1.0,0.0,0.0,0.0,1.0,0
1480510114721722630,278,1480510114718550345,,0,0,46.5185623169,6.5662651062,2.77602830977e-40,1.0,0.0,0.0,0.0,1.0,0.0,0.0,0.0,1.0,0
1480510115264330839,279,1480510115258123716,,0,0,46.5185661316,6.56622886658,2.77602830977e-40,1.0,0.0,0.0,0.0,1.0,0.0,0.0,0.0,1.0,0
1480510115890654769,280,1480510115888322638,,0,0,46.5185546875,6.56618499756,2.77602830977e-40,1.0,0.0,0.0,0.0,1.0,0.0,0.0,0.0,1.0,0
1480510116318406901,281,1480510116316284144,,0,0,46.5185317993,6.56615257263,2.77602830977e-40,1.0,0.0,0.0,0.0,1.0,0.0,0.0,0.0,1.0,0
1480510116724452408,282,1480510116722582464,,0,0,46.5185165405,6.5661406517,2.77602830977e-40,1.0,0.0,0.0,0.0,1.0,0.0,0.0,0.0,1.0,0
1480510117108662229,283,1480510117103062396,,0,0,46.518497467,6.56613445282,2.77602830977e-40,1.0,0.0,0.0,0.0,1.0,0.0,0.0,0.0,1.0,0
1480510117560151553,284,1480510117556387498,,0,0,46.5184745789,6.56613302231,2.77602830977e-40,1.0,0.0,0.0,0.0,1.0,0.0,0.0,0.0,1.0,0
1480510117983150153,285,1480510117980695574,,0,0,46.5184555054,6.56613636017,2.77602830977e-40,1.0,0.0,0.0,0.0,1.0,0.0,0.0,0.0,1.0,0
1480510118405571774,286,1480510118402937821,,0,0,46.5184288025,6.56613445282,2.77602830977e-40,1.0,0.0,0.0,0.0,1.0,0.0,0.0,0.0,1.0,0
1480510118838267489,287,1480510118836425878,,0,0,46.5184135437,6.56613492966,2.77602830977e-40,1.0,0.0,0.0,0.0,1.0,0.0,0.0,0.0,1.0,0
1480510119148596205,288,1480510119147088916,,0,0,46.5183906555,6.56613445282,2.77602830977e-40,1.0,0.0,0.0,0.0,1.0,0.0,0.0,0.0,1.0,0
1480510119417520783,289,1480510119414310580,,0,0,46.5183753967,6.56613588333,2.77602830977e-40,1.0,0.0,0.0,0.0,1.0,0.0,0.0,0.0,1.0,0
1480510119874261191,290,1480510119872100674,,0,0,46.5183563232,6.56614112854,2.77602830977e-40,1.0,0.0,0.0,0.0,1.0,0.0,0.0,0.0,1.0,0
1480510120391766376,291,1480510120387767477,,0,0,46.5183143616,6.56616592407,2.77602830977e-40,1.0,0.0,0.0,0.0,1.0,0.0,0.0,0.0,1.0,0
1480510120903532249,292,1480510120900029131,,0,0,46.5183296204,6.5661854744,2.77602830977e-40,1.0,0.0,0.0,0.0,1.0,0.0,0.0,0.0,1.0,0
1480510121366007385,293,1480510121363380255,,0,0,46.5183143616,6.56621742249,2.77602830977e-40,1.0,0.0,0.0,0.0,1.0,0.0,0.0,0.0,1.0,0
1480510121907681273,294,1480510121903852478,,0,0,46.5183143616,6.56624794006,2.77602830977e-40,1.0,0.0,0.0,0.0,1.0,0.0,0.0,0.0,1.0,0
1480510122430094261,295,1480510122427766505,,0,0,46.5183105469,6.56628322601,2.77602830977e-40,1.0,0.0,0.0,0.0,1.0,0.0,0.0,0.0,1.0,0
1480510122889324508,296,1480510122882789729,,0,0,46.5183105469,6.56631946564,2.77602830977e-40,1.0,0.0,0.0,0.0,1.0,0.0,0.0,0.0,1.0,0
1480510123346803821,297,1480510123344928356,,0,0,46.5183258057,6.56634998322,2.77602830977e-40,1.0,0.0,0.0,0.0,1.0,0.0,0.0,0.0,1.0,0
1480510123774551942,298,1480510123772336269,,0,0,46.5183372498,6.56637144089,2.77602830977e-40,1.0,0.0,0.0,0.0,1.0,0.0,0.0,0.0,1.0,0
1480510124280949544,299,1480510124277512572,,0,0,46.5183639526,6.56639099121,2.77602830977e-40,1.0,0.0,0.0,0.0,1.0,0.0,0.0,0.0,1.0,0
1480510124663008588,300,1480510124659767240,,0,0,46.5183868408,6.56640291214,2.77602830977e-40,1.0,0.0,0.0,0.0,1.0,0.0,0.0,0.0,1.0,0
1480510125150821279,301,1480510125148701283,,0,0,46.5184020996,6.56640958786,2.77602830977e-40,1.0,0.0,0.0,0.0,1.0,0.0,0.0,0.0,1.0,0
1480510125605496535,302,1480510125598513372,,0,0,46.5184211731,6.56640291214,2.77602830977e-40,1.0,0.0,0.0,0.0,1.0,0.0,0.0,0.0,1.0,0
1480510126095127660,303,1480510126092995737,,0,0,46.5184440613,6.56639003754,2.77602830977e-40,1.0,0.0,0.0,0.0,1.0,0.0,0.0,0.0,1.0,0
1480510126679400683,304,1480510126674514338,,0,0,46.5184593201,6.56636762619,2.77602830977e-40,1.0,0.0,0.0,0.0,1.0,0.0,0.0,0.0,1.0,0
1480510127330719148,305,1480510127328951234,,0,0,46.5184822083,6.56633472443,2.77602830977e-40,1.0,0.0,0.0,0.0,1.0,0.0,0.0,0.0,1.0,0
1480510127984180421,306,1480510127979528242,,0,0,46.5184898376,6.56629228592,2.77602830977e-40,1.0,0.0,0.0,0.0,1.0,0.0,0.0,0.0,1.0,0
1480510128732797966,307,1480510128730480991,,0,0,46.5185089111,6.56624746323,2.77602830977e-40,1.0,0.0,0.0,0.0,1.0,0.0,0.0,0.0,1.0,0
1480510129167085657,308,1480510129164662850,,0,0,46.5185394287,6.56622457504,2.77602830977e-40,1.0,0.0,0.0,0.0,1.0,0.0,0.0,0.0,1.0,0
1480510129629183815,309,1480510129627404965,,0,0,46.5185661316,6.56622314453,2.77602830977e-40,1.0,0.0,0.0,0.0,1.0,0.0,0.0,0.0,1.0,0
1480510129946613402,310,1480510129944709396,,0,0,46.5185890198,6.56623220444,2.77602830977e-40,1.0,0.0,0.0,0.0,1.0,0.0,0.0,0.0,1.0,0
1480510130263484397,311,1480510130260711590,,0,0,46.5186004639,6.5662446022,2.77602830977e-40,1.0,0.0,0.0,0.0,1.0,0.0,0.0,0.0,1.0,0
1480510130608898877,312,1480510130605810081,,0,0,46.5186157227,6.56626415253,2.77602830977e-40,1.0,0.0,0.0,0.0,1.0,0.0,0.0,0.0,1.0,0
1480510130878193975,313,1480510130876657155,,0,0,46.5186233521,6.56628227234,2.77602830977e-40,1.0,0.0,0.0,0.0,1.0,0.0,0.0,0.0,1.0,0
1480510131189546386,314,1480510131186724621,,0,0,46.5186386108,6.56630659103,2.77602830977e-40,1.0,0.0,0.0,0.0,1.0,0.0,0.0,0.0,1.0,0
1480510131468874746,315,1480510131465296940,,0,0,46.5186042786,6.56633996964,2.77602830977e-40,1.0,0.0,0.0,0.0,1.0,0.0,0.0,0.0,1.0,0
1480510131753332001,316,1480510131749542738,,0,0,46.5186195374,6.56635379791,2.77602830977e-40,1.0,0.0,0.0,0.0,1.0,0.0,0.0,0.0,1.0,0
1480510132023831889,317,1480510132020787155,,0,0,46.518611908,6.56638526917,2.77602830977e-40,1.0,0.0,0.0,0.0,1.0,0.0,0.0,0.0,1.0,0
1480510132229143466,318,1480510132224676443,,0,0,46.5186233521,6.5663599968,2.77602830977e-40,1.0,0.0,0.0,0.0,1.0,0.0,0.0,0.0,1.0,0
1480510132466328470,319,1480510132464350037,,0,0,46.5186195374,6.56636857986,2.77602830977e-40,1.0,0.0,0.0,0.0,1.0,0.0,0.0,0.0,1.0,0
1480510132703898943,320,1480510132701330823,,0,0,46.5186157227,6.56642341614,2.77602830977e-40,1.0,0.0,0.0,0.0,1.0,0.0,0.0,0.0,1.0,0
1480510132889434413,321,1480510132886317544,,0,0,46.5186386108,6.56637382507,2.77602830977e-40,1.0,0.0,0.0,0.0,1.0,0.0,0.0,0.0,1.0,0
1480510133053360811,322,1480510133051114149,,0,0,46.5186157227,6.56637859344,2.77602830977e-40,1.0,0.0,0.0,0.0,1.0,0.0,0.0,0.0,1.0,0
1480510133261716497,323,1480510133259965667,,0,0,46.5186347961,6.56633853912,2.77602830977e-40,1.0,0.0,0.0,0.0,1.0,0.0,0.0,0.0,1.0,0
1480510133477859355,324,1480510133474924152,,0,0,46.5185813904,6.56642723083,2.77602830977e-40,1.0,0.0,0.0,0.0,1.0,0.0,0.0,0.0,1.0,0
1480510133681626456,325,1480510133678810420,,0,0,46.5185966492,6.5664305687,2.77602830977e-40,1.0,0.0,0.0,0.0,1.0,0.0,0.0,0.0,1.0,0
1480510133873659622,326,1480510133869467755,,0,0,46.5185775757,6.56643629074,2.77602830977e-40,1.0,0.0,0.0,0.0,1.0,0.0,0.0,0.0,1.0,0
1480510134068676167,327,1480510134066699869,,0,0,46.5185394287,6.56645774841,2.77602830977e-40,1.0,0.0,0.0,0.0,1.0,0.0,0.0,0.0,1.0,0
1480510134266914477,328,1480510134264853596,,0,0,46.5185585022,6.56646728516,2.77602830977e-40,1.0,0.0,0.0,0.0,1.0,0.0,0.0,0.0,1.0,0
1480510134472623502,329,1480510134470367152,,0,0,46.5185317993,6.56648397446,2.77602830977e-40,1.0,0.0,0.0,0.0,1.0,0.0,0.0,0.0,1.0,0
1480510134681752415,330,1480510134677739038,,0,0,46.5185203552,6.56650066376,2.77602830977e-40,1.0,0.0,0.0,0.0,1.0,0.0,0.0,0.0,1.0,0
1480510134886413733,331,1480510134882609939,,0,0,46.5185203552,6.56647872925,2.77602830977e-40,1.0,0.0,0.0,0.0,1.0,0.0,0.0,0.0,1.0,0
1480510135084319648,332,1480510135080508249,,0,0,46.5185012817,6.56649971008,2.77602830977e-40,1.0,0.0,0.0,0.0,1.0,0.0,0.0,0.0,1.0,0
1480510135265398356,333,1480510135261066958,,0,0,46.5185012817,6.56649827957,2.77602830977e-40,1.0,0.0,0.0,0.0,1.0,0.0,0.0,0.0,1.0,0
1480510135467677491,334,1480510135465350256,,0,0,46.5184860229,6.56649494171,2.77602830977e-40,1.0,0.0,0.0,0.0,1.0,0.0,0.0,0.0,1.0,0
1480510135664407731,335,1480510135660021021,,0,0,46.5184783936,6.56650972366,2.77602830977e-40,1.0,0.0,0.0,0.0,1.0,0.0,0.0,0.0,1.0,0
1480510135873328781,336,1480510135871314722,,0,0,46.5184593201,6.56650781631,2.77602830977e-40,1.0,0.0,0.0,0.0,1.0,0.0,0.0,0.0,1.0,0
1480510136069568084,337,1480510136067350641,,0,0,46.5184631348,6.56651067734,2.77602830977e-40,1.0,0.0,0.0,0.0,1.0,0.0,0.0,0.0,1.0,0
1480510136266855510,338,1480510136265112024,,0,0,46.5184516907,6.56651496887,2.77602830977e-40,1.0,0.0,0.0,0.0,1.0,0.0,0.0,0.0,1.0,0
1480510136470701049,339,1480510136469192927,,0,0,46.5184364319,6.56651973724,2.77602830977e-40,1.0,0.0,0.0,0.0,1.0,0.0,0.0,0.0,1.0,0
1480510136773141186,340,1480510136771368169,,0,0,46.5184288025,6.56651592255,2.77602830977e-40,1.0,0.0,0.0,0.0,1.0,0.0,0.0,0.0,1.0,0
1480510137069264617,341,1480510137067615401,,0,0,46.518409729,6.56651353836,2.77602830977e-40,1.0,0.0,0.0,0.0,1.0,0.0,0.0,0.0,1.0,0
1480510137372933293,342,1480510137370728298,,0,0,46.5183982849,6.56651878357,2.77602830977e-40,1.0,0.0,0.0,0.0,1.0,0.0,0.0,0.0,1.0,0
1480510137585374232,343,1480510137582881580,,0,0,46.5183868408,6.56650972366,2.77602830977e-40,1.0,0.0,0.0,0.0,1.0,0.0,0.0,0.0,1.0,0
1480510137783560198,344,1480510137778159479,,0,0,46.5183753967,6.56651926041,2.77602830977e-40,1.0,0.0,0.0,0.0,1.0,0.0,0.0,0.0,1.0,0
1480510137976577112,345,1480510137974052898,,0,0,46.5183677673,6.56651639938,2.77602830977e-40,1.0,0.0,0.0,0.0,1.0,0.0,0.0,0.0,1.0,0
1480510138180489473,346,1480510138178013905,,0,0,46.5183563232,6.5665140152,2.77602830977e-40,1.0,0.0,0.0,0.0,1.0,0.0,0.0,0.0,1.0,0
1480510138382145953,347,1480510138380496113,,0,0,46.5183448792,6.56651973724,2.77602830977e-40,1.0,0.0,0.0,0.0,1.0,0.0,0.0,0.0,1.0,0
1480510138570931886,348,1480510138566006114,,0,0,46.5183334351,6.56651449203,2.77602830977e-40,1.0,0.0,0.0,0.0,1.0,0.0,0.0,0.0,1.0,0
1480510138781506109,349,1480510138777882731,,0,0,46.5183334351,6.56651639938,2.77602830977e-40,1.0,0.0,0.0,0.0,1.0,0.0,0.0,0.0,1.0,0
1480510139029689686,350,1480510139027013858,,0,0,46.518321991,6.56652402878,2.77602830977e-40,1.0,0.0,0.0,0.0,1.0,0.0,0.0,0.0,1.0,0
1480510139189672394,351,1480510139187551981,,0,0,46.5183105469,6.5665268898,2.77602830977e-40,1.0,0.0,0.0,0.0,1.0,0.0,0.0,0.0,1.0,0
1480510139392649184,352,1480510139390085803,,0,0,46.5183067322,6.56652355194,2.77602830977e-40,1.0,0.0,0.0,0.0,1.0,0.0,0.0,0.0,1.0,0
1480510139590616400,353,1480510139587876770,,0,0,46.5182991028,6.56652927399,2.77602830977e-40,1.0,0.0,0.0,0.0,1.0,0.0,0.0,0.0,1.0,0
1480510139796114123,354,1480510139793250014,,0,0,46.5182991028,6.56652498245,2.77602830977e-40,1.0,0.0,0.0,0.0,1.0,0.0,0.0,0.0,1.0,0
1480510139981341677,355,1480510139979302723,,0,0,46.5182914734,6.56653118134,2.77602830977e-40,1.0,0.0,0.0,0.0,1.0,0.0,0.0,0.0,1.0,0
1480510140187953877,356,1480510140186142370,,0,0,46.518283844,6.56653594971,2.77602830977e-40,1.0,0.0,0.0,0.0,1.0,0.0,0.0,0.0,1.0,0
1480510140502683261,357,1480510140501051337,,0,0,46.5182800293,6.56653642654,2.77602830977e-40,1.0,0.0,0.0,0.0,1.0,0.0,0.0,0.0,1.0,0
1480510140931187370,358,1480510140926774827,,0,0,46.5182723999,6.56653261185,2.77602830977e-40,1.0,0.0,0.0,0.0,1.0,0.0,0.0,0.0,1.0,0
1480510141298511860,359,1480510141295468376,,0,0,46.5182647705,6.56652832031,2.77602830977e-40,1.0,0.0,0.0,0.0,1.0,0.0,0.0,0.0,1.0,0
1480510141754117322,360,1480510141750773214,,0,0,46.5182609558,6.56651973724,2.77602830977e-40,1.0,0.0,0.0,0.0,1.0,0.0,0.0,0.0,1.0,0
1480510142184702729,361,1480510142182925597,,0,0,46.5182495117,6.5665140152,2.77602830977e-40,1.0,0.0,0.0,0.0,1.0,0.0,0.0,0.0,1.0,0
1480510142689867469,362,1480510142687489245,,0,0,46.5182723999,6.56652450562,2.77602830977e-40,1.0,0.0,0.0,0.0,1.0,0.0,0.0,0.0,1.0,0
1480510143219402839,363,1480510143216063627,,0,0,46.5182762146,6.56652927399,2.77602830977e-40,1.0,0.0,0.0,0.0,1.0,0.0,0.0,0.0,1.0,0
1480510143621558146,364,1480510143618099611,,0,0,46.5182647705,6.56649875641,2.77602830977e-40,1.0,0.0,0.0,0.0,1.0,0.0,0.0,0.0,1.0,0
1480510144033595725,365,1480510144031306667,,0,0,46.5182723999,6.56652212143,2.77602830977e-40,1.0,0.0,0.0,0.0,1.0,0.0,0.0,0.0,1.0,0
1480510144294257819,366,1480510144291363554,,0,0,46.5182571411,6.56650495529,2.77602830977e-40,1.0,0.0,0.0,0.0,1.0,0.0,0.0,0.0,1.0,0
1480510144551092524,367,1480510144548675550,,0,0,46.5182647705,6.56651592255,2.77602830977e-40,1.0,0.0,0.0,0.0,1.0,0.0,0.0,0.0,1.0,0
1480510144768674650,368,1480510144761730081,,0,0,46.5182723999,6.56651973724,2.77602830977e-40,1.0,0.0,0.0,0.0,1.0,0.0,0.0,0.0,1.0,0
1480510145105381752,369,1480510145102917955,,0,0,46.5182685852,6.56651067734,2.77602830977e-40,1.0,0.0,0.0,0.0,1.0,0.0,0.0,0.0,1.0,0
1480510145333236306,370,1480510145330465322,,0,0,46.5182533264,6.56651496887,2.77602830977e-40,1.0,0.0,0.0,0.0,1.0,0.0,0.0,0.0,1.0,0
1480510145475404100,371,1480510145472820251,,0,0,46.5182609558,6.56652355194,2.77602830977e-40,1.0,0.0,0.0,0.0,1.0,0.0,0.0,0.0,1.0,0
1480510145668347004,372,1480510145666117633,,0,0,46.5182495117,6.56653022766,2.77602830977e-40,1.0,0.0,0.0,0.0,1.0,0.0,0.0,0.0,1.0,0
1480510145872574156,373,1480510145870430359,,0,0,46.5182495117,6.56655025482,2.77602830977e-40,1.0,0.0,0.0,0.0,1.0,0.0,0.0,0.0,1.0,0
1480510146227496483,374,1480510146225090081,,0,0,46.5182647705,6.56655931473,2.77602830977e-40,1.0,0.0,0.0,0.0,1.0,0.0,0.0,0.0,1.0,0
1480510146555370112,375,1480510146553615375,,0,0,46.5182685852,6.56657028198,2.77602830977e-40,1.0,0.0,0.0,0.0,1.0,0.0,0.0,0.0,1.0,0
1480510146720201924,376,1480510146718065314,,0,0,46.5182762146,6.56655597687,2.77602830977e-40,1.0,0.0,0.0,0.0,1.0,0.0,0.0,0.0,1.0,0
1480510146968298835,377,1480510146966586494,,0,0,46.5182914734,6.5665602684,2.77602830977e-40,1.0,0.0,0.0,0.0,1.0,0.0,0.0,0.0,1.0,0
1480510147403483504,378,1480510147399486220,,0,0,46.5182914734,6.56654500961,2.77602830977e-40,1.0,0.0,0.0,0.0,1.0,0.0,0.0,0.0,1.0,0
1480510147697890271,379,1480510147695182151,,0,0,46.5183105469,6.56656742096,2.77602830977e-40,1.0,0.0,0.0,0.0,1.0,0.0,0.0,0.0,1.0,0
1480510147932465333,380,1480510147929505911,,0,0,46.5182991028,6.56654310226,2.77602830977e-40,1.0,0.0,0.0,0.0,1.0,0.0,0.0,0.0,1.0,0
1480510148261353231,381,1480510148258433601,,0,0,46.5183029175,6.56657075882,2.77602830977e-40,1.0,0.0,0.0,0.0,1.0,0.0,0.0,0.0,1.0,0
1480510148570653875,382,1480510148568184453,,0,0,46.5183181763,6.56655836105,2.77602830977e-40,1.0,0.0,0.0,0.0,1.0,0.0,0.0,0.0,1.0,0
1480510148904548222,383,1480510148899294013,,0,0,46.5183143616,6.56655406952,2.77602830977e-40,1.0,0.0,0.0,0.0,1.0,0.0,0.0,0.0,1.0,0
1480510149203741230,384,1480510149201925817,,0,0,46.5183410645,6.56655454636,2.77602830977e-40,1.0,0.0,0.0,0.0,1.0,0.0,0.0,0.0,1.0,0
1480510149465664988,385,1480510149463170410,,0,0,46.5183143616,6.56657075882,2.77602830977e-40,1.0,0.0,0.0,0.0,1.0,0.0,0.0,0.0,1.0,0
1480510149764009612,386,1480510149758455040,,0,0,46.5183181763,6.56656837463,2.77602830977e-40,1.0,0.0,0.0,0.0,1.0,0.0,0.0,0.0,1.0,0
1480510149986895634,387,1480510149985259023,,0,0,46.5183334351,6.56656455994,2.77602830977e-40,1.0,0.0,0.0,0.0,1.0,0.0,0.0,0.0,1.0,0
1480510150192862002,388,1480510150190212216,,0,0,46.5183563232,6.56658840179,2.77602830977e-40,1.0,0.0,0.0,0.0,1.0,0.0,0.0,0.0,1.0,0
1480510150400145034,389,1480510150396326395,,0,0,46.5183639526,6.56656551361,2.77602830977e-40,1.0,0.0,0.0,0.0,1.0,0.0,0.0,0.0,1.0,0
1480510150601424796,390,1480510150598507041,,0,0,46.5183639526,6.56659603119,2.77602830977e-40,1.0,0.0,0.0,0.0,1.0,0.0,0.0,0.0,1.0,0
1480510150788630003,391,1480510150786150580,,0,0,46.5183601379,6.56659984589,2.77602830977e-40,1.0,0.0,0.0,0.0,1.0,0.0,0.0,0.0,1.0,0
1480510150981453844,392,1480510150978621245,,0,0,46.518371582,6.56659698486,2.77602830977e-40,1.0,0.0,0.0,0.0,1.0,0.0,0.0,0.0,1.0,0
1480510151194354938,393,1480510151192210931,,0,0,46.518371582,6.56659078598,2.77602830977e-40,1.0,0.0,0.0,0.0,1.0,0.0,0.0,0.0,1.0,0
1480510151388335287,394,1480510151386272374,,0,0,46.5183563232,6.5665769577,2.77602830977e-40,1.0,0.0,0.0,0.0,1.0,0.0,0.0,0.0,1.0,0
1480510151593684416,395,1480510151591696556,,0,0,46.5183601379,6.5665845871,2.77602830977e-40,1.0,0.0,0.0,0.0,1.0,0.0,0.0,0.0,1.0,0
1480510151789768303,396,1480510151787591224,,0,0,46.5183830261,6.56659269333,2.77602830977e-40,1.0,0.0,0.0,0.0,1.0,0.0,0.0,0.0,1.0,0
1480510151986761564,397,1480510151984539745,,0,0,46.5183677673,6.56658554077,2.77602830977e-40,1.0,0.0,0.0,0.0,1.0,0.0,0.0,0.0,1.0,0
1480510152182971492,398,1480510152181128735,,0,0,46.5183563232,6.56658124924,2.77602830977e-40,1.0,0.0,0.0,0.0,1.0,0.0,0.0,0.0,1.0,0
1480510152378887202,399,1480510152377417674,,0,0,46.5183753967,6.56658744812,2.77602830977e-40,1.0,0.0,0.0,0.0,1.0,0.0,0.0,0.0,1.0,0
1480510152593209439,400,1480510152591383036,,0,0,46.5183677673,6.56659078598,2.77602830977e-40,1.0,0.0,0.0,0.0,1.0,0.0,0.0,0.0,1.0,0
1480510152788760358,401,1480510152786676196,,0,0,46.5183753967,6.56660938263,2.77602830977e-40,1.0,0.0,0.0,0.0,1.0,0.0,0.0,0.0,1.0,0
1480510152994656883,402,1480510152992206887,,0,0,46.5183677673,6.56659889221,2.77602830977e-40,1.0,0.0,0.0,0.0,1.0,0.0,0.0,0.0,1.0,0
1480510153188689107,403,1480510153185537134,,0,0,46.5183753967,6.56659650803,2.77602830977e-40,1.0,0.0,0.0,0.0,1.0,0.0,0.0,0.0,1.0,0
1480510153394192142,404,1480510153391498918,,0,0,46.5183639526,6.56659412384,2.77602830977e-40,1.0,0.0,0.0,0.0,1.0,0.0,0.0,0.0,1.0,0
1480510153587455149,405,1480510153584220781,,0,0,46.5183868408,6.56660223007,2.77602830977e-40,1.0,0.0,0.0,0.0,1.0,0.0,0.0,0.0,1.0,0
1480510153780002116,406,1480510153778489567,,0,0,46.5183906555,6.56660604477,2.77602830977e-40,1.0,0.0,0.0,0.0,1.0,0.0,0.0,0.0,1.0,0
1480510153990895974,407,1480510153984654268,,0,0,46.5183868408,6.56660556793,2.77602830977e-40,1.0,0.0,0.0,0.0,1.0,0.0,0.0,0.0,1.0,0
1480510154203661183,408,1480510154201666655,,0,0,46.5183830261,6.56660985947,2.77602830977e-40,1.0,0.0,0.0,0.0,1.0,0.0,0.0,0.0,1.0,0
1480510154395765442,409,1480510154394115133,,0,0,46.5183906555,6.56661176682,2.77602830977e-40,1.0,0.0,0.0,0.0,1.0,0.0,0.0,0.0,1.0,0
1480510154599273169,410,1480510154597079579,,0,0,46.5183944702,6.56661224365,2.77602830977e-40,1.0,0.0,0.0,0.0,1.0,0.0,0.0,0.0,1.0,0
1480510154791657844,411,1480510154789063110,,0,0,46.5184059143,6.566614151,2.77602830977e-40,1.0,0.0,0.0,0.0,1.0,0.0,0.0,0.0,1.0,0
1480510154976251181,412,1480510154974154414,,0,0,46.5184059143,6.56661558151,2.77602830977e-40,1.0,0.0,0.0,0.0,1.0,0.0,0.0,0.0,1.0,0
1480510155184519107,413,1480510155182491767,,0,0,46.5184059143,6.56661701202,2.77602830977e-40,1.0,0.0,0.0,0.0,1.0,0.0,0.0,0.0,1.0,0
1480510155393407864,414,1480510155389340476,,0,0,46.5184135437,6.56661891937,2.77602830977e-40,1.0,0.0,0.0,0.0,1.0,0.0,0.0,0.0,1.0,0
1480510155596418092,415,1480510155594049399,,0,0,46.518409729,6.56661987305,2.77602830977e-40,1.0,0.0,0.0,0.0,1.0,0.0,0.0,0.0,1.0,0
1480510155794185726,416,1480510155789105006,,0,0,46.5184135437,6.56662225723,2.77602830977e-40,1.0,0.0,0.0,0.0,1.0,0.0,0.0,0.0,1.0,0
1480510155993287471,417,1480510155991633620,,0,0,46.5184135437,6.56662082672,2.77602830977e-40,1.0,0.0,0.0,0.0,1.0,0.0,0.0,0.0,1.0,0
1480510156188570631,418,1480510156185660845,,0,0,46.5184173584,6.56662321091,2.77602830977e-40,1.0,0.0,0.0,0.0,1.0,0.0,0.0,0.0,1.0,0
1480510156387512169,419,1480510156381740253,,0,0,46.5184249878,6.56662845612,2.77602830977e-40,1.0,0.0,0.0,0.0,1.0,0.0,0.0,0.0,1.0,0
1480510156587863131,420,1480510156585769124,,0,0,46.5184249878,6.56663227081,2.77602830977e-40,1.0,0.0,0.0,0.0,1.0,0.0,0.0,0.0,1.0,0
1480510156786942845,421,1480510156782682593,,0,0,46.5184364319,6.56663608551,2.77602830977e-40,1.0,0.0,0.0,0.0,1.0,0.0,0.0,0.0,1.0,0
1480510156994705615,422,1480510156990719894,,0,0,46.5184326172,6.56663513184,2.77602830977e-40,1.0,0.0,0.0,0.0,1.0,0.0,0.0,0.0,1.0,0
1480510157191695282,423,1480510157188462320,,0,0,46.5184288025,6.56663370132,2.77602830977e-40,1.0,0.0,0.0,0.0,1.0,0.0,0.0,0.0,1.0,0
1480510157394660562,424,1480510157392625982,,0,0,46.5184402466,6.56663751602,2.77602830977e-40,1.0,0.0,0.0,0.0,1.0,0.0,0.0,0.0,1.0,0
1480510157597251988,425,1480510157594891003,,0,0,46.5184402466,6.56663894653,2.77602830977e-40,1.0,0.0,0.0,0.0,1.0,0.0,0.0,0.0,1.0,0
1480510157772709197,426,1480510157768308268,,0,0,46.518447876,6.56664037704,2.77602830977e-40,1.0,0.0,0.0,0.0,1.0,0.0,0.0,0.0,1.0,0
1480510157984234720,427,1480510157981072435,,0,0,46.5184555054,6.56664514542,2.77602830977e-40,1.0,0.0,0.0,0.0,1.0,0.0,0.0,0.0,1.0,0
1480510158195726858,428,1480510158193103947,,0,0,46.5184555054,6.56664466858,2.77602830977e-40,1.0,0.0,0.0,0.0,1.0,0.0,0.0,0.0,1.0,0
1480510158390609862,429,1480510158388547679,,0,0,46.5184593201,6.56664848328,2.77602830977e-40,1.0,0.0,0.0,0.0,1.0,0.0,0.0,0.0,1.0,0
1480510158595593784,430,1480510158592124051,,0,0,46.5184593201,6.56664848328,2.77602830977e-40,1.0,0.0,0.0,0.0,1.0,0.0,0.0,0.0,1.0,0
1480510158791226891,431,1480510158788448146,,0,0,46.5184555054,6.56664705276,2.77602830977e-40,1.0,0.0,0.0,0.0,1.0,0.0,0.0,0.0,1.0,0
1480510158988233640,432,1480510158985845676,,0,0,46.5184555054,6.56664657593,2.77602830977e-40,1.0,0.0,0.0,0.0,1.0,0.0,0.0,0.0,1.0,0
1480510159206796494,433,1480510159204650144,,0,0,46.5184593201,6.5666475296,2.77602830977e-40,1.0,0.0,0.0,0.0,1.0,0.0,0.0,0.0,1.0,0
1480510159392521807,434,1480510159385835987,,0,0,46.5184631348,6.56664896011,2.77602830977e-40,1.0,0.0,0.0,0.0,1.0,0.0,0.0,0.0,1.0,0
1480510159607141023,435,1480510159604083685,,0,0,46.5184669495,6.56665039062,2.77602830977e-40,1.0,0.0,0.0,0.0,1.0,0.0,0.0,0.0,1.0,0
1480510159785374111,436,1480510159783678125,,0,0,46.5184707642,6.5666513443,2.77602830977e-40,1.0,0.0,0.0,0.0,1.0,0.0,0.0,0.0,1.0,0
1480510159981303624,437,1480510159976813997,,0,0,46.5184860229,6.56665992737,2.77602830977e-40,1.0,0.0,0.0,0.0,1.0,0.0,0.0,0.0,1.0,0
1480510160177389334,438,1480510160173929393,,0,0,46.5184936523,6.56666374207,2.77602830977e-40,1.0,0.0,0.0,0.0,1.0,0.0,0.0,0.0,1.0,0
1480510160383501274,439,1480510160379756958,,0,0,46.5184898376,6.56666088104,2.77602830977e-40,1.0,0.0,0.0,0.0,1.0,0.0,0.0,0.0,1.0,0
1480510160578315788,440,1480510160574638348,,0,0,46.5184860229,6.56665849686,2.77602830977e-40,1.0,0.0,0.0,0.0,1.0,0.0,0.0,0.0,1.0,0
1480510160794190158,441,1480510160791677090,,0,0,46.5184898376,6.56666040421,2.77602830977e-40,1.0,0.0,0.0,0.0,1.0,0.0,0.0,0.0,1.0,0
1480510160989673837,442,1480510160987606967,,0,0,46.5184936523,6.56666135788,2.77602830977e-40,1.0,0.0,0.0,0.0,1.0,0.0,0.0,0.0,1.0,0
1480510161183246219,443,1480510161179386591,,0,0,46.5184936523,6.56666278839,2.77602830977e-40,1.0,0.0,0.0,0.0,1.0,0.0,0.0,0.0,1.0,0
1480510161387073372,444,1480510161384205774,,0,0,46.5185127258,6.56665706635,2.77602830977e-40,1.0,0.0,0.0,0.0,1.0,0.0,0.0,0.0,1.0,0
1480510161591241618,445,1480510161587910531,,0,0,46.5184936523,6.56665706635,2.77602830977e-40,1.0,0.0,0.0,0.0,1.0,0.0,0.0,0.0,1.0,0
1480510161793790284,446,1480510161790433885,,0,0,46.518497467,6.56665420532,2.77602830977e-40,1.0,0.0,0.0,0.0,1.0,0.0,0.0,0.0,1.0,0
1480510161976554145,447,1480510161974969305,,0,0,46.5185089111,6.56665897369,2.77602830977e-40,1.0,0.0,0.0,0.0,1.0,0.0,0.0,0.0,1.0,0
1480510162185796236,448,1480510162183085877,,0,0,46.5184936523,6.56665563583,2.77602830977e-40,1.0,0.0,0.0,0.0,1.0,0.0,0.0,0.0,1.0,0
1480510162390979532,449,1480510162387414122,,0,0,46.5184936523,6.56665849686,2.77602830977e-40,1.0,0.0,0.0,0.0,1.0,0.0,0.0,0.0,1.0,0
1480510162585384933,450,1480510162581970877,,0,0,46.5184936523,6.56666564941,2.77602830977e-40,1.0,0.0,0.0,0.0,1.0,0.0,0.0,0.0,1.0,0
1480510162799156389,451,1480510162796144208,,0,0,46.5184936523,6.56666088104,2.77602830977e-40,1.0,0.0,0.0,0.0,1.0,0.0,0.0,0.0,1.0,0
1480510162990690910,452,1480510162988880393,,0,0,46.518497467,6.56666755676,2.77602830977e-40,1.0,0.0,0.0,0.0,1.0,0.0,0.0,0.0,1.0,0
1480510163184739593,453,1480510163182546576,,0,0,46.5184860229,6.56666040421,2.77602830977e-40,1.0,0.0,0.0,0.0,1.0,0.0,0.0,0.0,1.0,0
1480510163369696054,454,1480510163367635537,,0,0,46.5184898376,6.56665325165,2.77602830977e-40,1.0,0.0,0.0,0.0,1.0,0.0,0.0,0.0,1.0,0
1480510163597142588,455,1480510163594189052,,0,0,46.5184898376,6.56664943695,2.77602830977e-40,1.0,0.0,0.0,0.0,1.0,0.0,0.0,0.0,1.0,0
1480510163790557991,456,1480510163788757890,,0,0,46.5184898376,6.56664228439,2.77602830977e-40,1.0,0.0,0.0,0.0,1.0,0.0,0.0,0.0,1.0,0
1480510163990700203,457,1480510163985581775,,0,0,46.5184898376,6.56663799286,2.77602830977e-40,1.0,0.0,0.0,0.0,1.0,0.0,0.0,0.0,1.0,0
1480510164194901470,458,1480510164191783091,,0,0,46.5184936523,6.56663322449,2.77602830977e-40,1.0,0.0,0.0,0.0,1.0,0.0,0.0,0.0,1.0,0
1480510164382845217,459,1480510164378603558,,0,0,46.5185012817,6.56662893295,2.77602830977e-40,1.0,0.0,0.0,0.0,1.0,0.0,0.0,0.0,1.0,0
1480510164586117267,460,1480510164583802948,,0,0,46.5185089111,6.56663322449,2.77602830977e-40,1.0,0.0,0.0,0.0,1.0,0.0,0.0,0.0,1.0,0
1480510164772849401,461,1480510164769658939,,0,0,46.518497467,6.566634655,2.77602830977e-40,1.0,0.0,0.0,0.0,1.0,0.0,0.0,0.0,1.0,0
1480510165006458683,462,1480510164994600738,,0,0,46.5184936523,6.56663417816,2.77602830977e-40,1.0,0.0,0.0,0.0,1.0,0.0,0.0,0.0,1.0,0
1480510165191998008,463,1480510165188227599,,0,0,46.5184898376,6.5666384697,2.77602830977e-40,1.0,0.0,0.0,0.0,1.0,0.0,0.0,0.0,1.0,0
1480510165386503721,464,1480510165381757116,,0,0,46.5184860229,6.56664228439,2.77602830977e-40,1.0,0.0,0.0,0.0,1.0,0.0,0.0,0.0,1.0,0
1480510165590932539,465,1480510165585955778,,0,0,46.5184860229,6.56663942337,2.77602830977e-40,1.0,0.0,0.0,0.0,1.0,0.0,0.0,0.0,1.0,0
1480510165783536381,466,1480510165779113994,,0,0,46.5184822083,6.5666475296,2.77602830977e-40,1.0,0.0,0.0,0.0,1.0,0.0,0.0,0.0,1.0,0
1480510165979289227,467,1480510165975938973,,0,0,46.518497467,6.56661939621,2.77602830977e-40,1.0,0.0,0.0,0.0,1.0,0.0,0.0,0.0,1.0,0
1480510166175396656,468,1480510166171901246,,0,0,46.5184898376,6.56664180756,2.77602830977e-40,1.0,0.0,0.0,0.0,1.0,0.0,0.0,0.0,1.0,0
1480510166380042349,469,1480510166376387356,,0,0,46.5184822083,6.56663274765,2.77602830977e-40,1.0,0.0,0.0,0.0,1.0,0.0,0.0,0.0,1.0,0
1480510166593914222,470,1480510166590514489,,0,0,46.5185012817,6.56662368774,2.77602830977e-40,1.0,0.0,0.0,0.0,1.0,0.0,0.0,0.0,1.0,0
1480510166788482591,471,1480510166782824790,,0,0,46.5184898376,6.56662893295,2.77602830977e-40,1.0,0.0,0.0,0.0,1.0,0.0,0.0,0.0,1.0,0
1480510166988030430,472,1480510166986352777,,0,0,46.5184936523,6.56660461426,2.77602830977e-40,1.0,0.0,0.0,0.0,1.0,0.0,0.0,0.0,1.0,0
1480510167184309889,473,1480510167182091456,,0,0,46.5184936523,6.56662368774,2.77602830977e-40,1.0,0.0,0.0,0.0,1.0,0.0,0.0,0.0,1.0,0
1480510167378435343,474,1480510167376449878,,0,0,46.5184898376,6.56662368774,2.77602830977e-40,1.0,0.0,0.0,0.0,1.0,0.0,0.0,0.0,1.0,0
1480510167585341396,475,1480510167581160831,,0,0,46.5184860229,6.56663560867,2.77602830977e-40,1.0,0.0,0.0,0.0,1.0,0.0,0.0,0.0,1.0,0
1480510167791440211,476,1480510167787753292,,0,0,46.518497467,6.56664085388,2.77602830977e-40,1.0,0.0,0.0,0.0,1.0,0.0,0.0,0.0,1.0,0
1480510167982906035,477,1480510167981171298,,0,0,46.5184936523,6.5666384697,2.77602830977e-40,1.0,0.0,0.0,0.0,1.0,0.0,0.0,0.0,1.0,0
1480510168186692042,478,1480510168184731837,,0,0,46.5184898376,6.56665802002,2.77602830977e-40,1.0,0.0,0.0,0.0,1.0,0.0,0.0,0.0,1.0,0
1480510168390874715,479,1480510168387686857,,0,0,46.518497467,6.56664085388,2.77602830977e-40,1.0,0.0,0.0,0.0,1.0,0.0,0.0,0.0,1.0,0
1480510168585259335,480,1480510168580184918,,0,0,46.5184860229,6.56665182114,2.77602830977e-40,1.0,0.0,0.0,0.0,1.0,0.0,0.0,0.0,1.0,0
1480510168788170240,481,1480510168785869150,,0,0,46.5184822083,6.56665611267,2.77602830977e-40,1.0,0.0,0.0,0.0,1.0,0.0,0.0,0.0,1.0,0
1480510168982126058,482,1480510168979254084,,0,0,46.5184822083,6.56665468216,2.77602830977e-40,1.0,0.0,0.0,0.0,1.0,0.0,0.0,0.0,1.0,0
1480510169186205242,483,1480510169181787386,,0,0,46.5184822083,6.56665468216,2.77602830977e-40,1.0,0.0,0.0,0.0,1.0,0.0,0.0,0.0,1.0,0
1480510169389875781,484,1480510169387190578,,0,0,46.5184860229,6.56665658951,2.77602830977e-40,1.0,0.0,0.0,0.0,1.0,0.0,0.0,0.0,1.0,0
1480510169593066633,485,1480510169590110962,,0,0,46.5184898376,6.566655159,2.77602830977e-40,1.0,0.0,0.0,0.0,1.0,0.0,0.0,0.0,1.0,0
1480510169788371928,486,1480510169784715893,,0,0,46.5184898376,6.56665706635,2.77602830977e-40,1.0,0.0,0.0,0.0,1.0,0.0,0.0,0.0,1.0,0
1480510169988206641,487,1480510169985953728,,0,0,46.5184936523,6.56665086746,2.77602830977e-40,1.0,0.0,0.0,0.0,1.0,0.0,0.0,0.0,1.0,0
1480510170184513913,488,1480510170178744966,,0,0,46.518497467,6.56663560867,2.77602830977e-40,1.0,0.0,0.0,0.0,1.0,0.0,0.0,0.0,1.0,0
1480510170385855914,489,1480510170383479877,,0,0,46.5184860229,6.56664896011,2.77602830977e-40,1.0,0.0,0.0,0.0,1.0,0.0,0.0,0.0,1.0,0
1480510170591104992,490,1480510170588781923,,0,0,46.5184898376,6.56664800644,2.77602830977e-40,1.0,0.0,0.0,0.0,1.0,0.0,0.0,0.0,1.0,0
1480510170788756897,491,1480510170786609036,,0,0,46.5184898376,6.56664466858,2.77602830977e-40,1.0,0.0,0.0,0.0,1.0,0.0,0.0,0.0,1.0,0
1480510170992974466,492,1480510170990495043,,0,0,46.5184936523,6.56664466858,2.77602830977e-40,1.0,0.0,0.0,0.0,1.0,0.0,0.0,0.0,1.0,0
1480510171189250696,493,1480510171187189190,,0,0,46.5184898376,6.5666475296,2.77602830977e-40,1.0,0.0,0.0,0.0,1.0,0.0,0.0,0.0,1.0,0
1480510171386442289,494,1480510171384294273,,0,0,46.5184936523,6.56664896011,2.77602830977e-40,1.0,0.0,0.0,0.0,1.0,0.0,0.0,0.0,1.0,0
1480510171588286946,495,1480510171586525075,,0,0,46.5184860229,6.56665706635,2.77602830977e-40,1.0,0.0,0.0,0.0,1.0,0.0,0.0,0.0,1.0,0
1480510171781752765,496,1480510171779664801,,0,0,46.5184898376,6.56665277481,2.77602830977e-40,1.0,0.0,0.0,0.0,1.0,0.0,0.0,0.0,1.0,0
1480510171985511117,497,1480510171983546433,,0,0,46.5184860229,6.56665229797,2.77602830977e-40,1.0,0.0,0.0,0.0,1.0,0.0,0.0,0.0,1.0,0
1480510172179946465,498,1480510172177624230,,0,0,46.5184898376,6.56664800644,2.77602830977e-40,1.0,0.0,0.0,0.0,1.0,0.0,0.0,0.0,1.0,0
1480510172385734500,499,1480510172382701433,,0,0,46.5184898376,6.56664943695,2.77602830977e-40,1.0,0.0,0.0,0.0,1.0,0.0,0.0,0.0,1.0,0
1480510172604665738,500,1480510172599322519,,0,0,46.5184898376,6.56665039062,2.77602830977e-40,1.0,0.0,0.0,0.0,1.0,0.0,0.0,0.0,1.0,0
1480510172790936988,501,1480510172784554865,,0,0,46.5184898376,6.56664991379,2.77602830977e-40,1.0,0.0,0.0,0.0,1.0,0.0,0.0,0.0,1.0,0
1480510172971542728,502,1480510172968649661,,0,0,46.5184898376,6.56665229797,2.77602830977e-40,1.0,0.0,0.0,0.0,1.0,0.0,0.0,0.0,1.0,0
1480510173185778299,503,1480510173182552315,,0,0,46.5184898376,6.56665182114,2.77602830977e-40,1.0,0.0,0.0,0.0,1.0,0.0,0.0,0.0,1.0,0
1480510173386711759,504,1480510173383218745,,0,0,46.5184898376,6.56665420532,2.77602830977e-40,1.0,0.0,0.0,0.0,1.0,0.0,0.0,0.0,1.0,0
1480510173608456950,505,1480510173606652318,,0,0,46.5184898376,6.56665372849,2.77602830977e-40,1.0,0.0,0.0,0.0,1.0,0.0,0.0,0.0,1.0,0
1480510173791493780,506,1480510173788826129,,0,0,46.5184898376,6.56665325165,2.77602830977e-40,1.0,0.0,0.0,0.0,1.0,0.0,0.0,0.0,1.0,0
1480510173987127459,507,1480510173985511941,,0,0,46.5184898376,6.56665229797,2.77602830977e-40,1.0,0.0,0.0,0.0,1.0,0.0,0.0,0.0,1.0,0
