%time,field.header.seq,field.header.stamp,field.header.frame_id,field.status.status,field.status.service,field.latitude,field.longitude,field.altitude,field.position_covariance0,field.position_covariance1,field.position_covariance2,field.position_covariance3,field.position_covariance4,field.position_covariance5,field.position_covariance6,field.position_covariance7,field.position_covariance8,field.position_covariance_type
1480336022590109851,54,1480336022586551396,,0,0,46.5185470581,6.56662511826,2.77602830977e-40,1.0,0.0,0.0,0.0,1.0,0.0,0.0,0.0,1.0,0
1480336022710503120,55,1480336022701759923,,0,0,46.5185470581,6.56662559509,2.77602830977e-40,1.0,0.0,0.0,0.0,1.0,0.0,0.0,0.0,1.0,0
1480336022904990000,56,1480336022899819268,,0,0,46.5185470581,6.56662559509,2.77602830977e-40,1.0,0.0,0.0,0.0,1.0,0.0,0.0,0.0,1.0,0
1480336023098059498,57,1480336023092975953,,0,0,46.5185470581,6.56662607193,2.77602830977e-40,1.0,0.0,0.0,0.0,1.0,0.0,0.0,0.0,1.0,0
1480336023291147328,58,1480336023286258052,,0,0,46.5185470581,6.5666270256,2.77602830977e-40,1.0,0.0,0.0,0.0,1.0,0.0,0.0,0.0,1.0,0
1480336023494534279,59,1480336023490242184,,0,0,46.5185470581,6.56662607193,2.77602830977e-40,1.0,0.0,0.0,0.0,1.0,0.0,0.0,0.0,1.0,0
1480336023688766629,60,1480336023684630628,,0,0,46.5185470581,6.56662607193,2.77602830977e-40,1.0,0.0,0.0,0.0,1.0,0.0,0.0,0.0,1.0,0
1480336023790867314,61,1480336023785516272,,0,0,46.5185470581,6.56662654877,2.77602830977e-40,1.0,0.0,0.0,0.0,1.0,0.0,0.0,0.0,1.0,0
1480336023895273602,62,1480336023888761998,,0,0,46.5185470581,6.5666270256,2.77602830977e-40,1.0,0.0,0.0,0.0,1.0,0.0,0.0,0.0,1.0,0
1480336023996316901,63,1480336023988876973,,0,0,46.5185470581,6.5666270256,2.77602830977e-40,1.0,0.0,0.0,0.0,1.0,0.0,0.0,0.0,1.0,0
1480336024094501790,64,1480336024091313852,,0,0,46.5185470581,6.5666270256,2.77602830977e-40,1.0,0.0,0.0,0.0,1.0,0.0,0.0,0.0,1.0,0
1480336024196488726,65,1480336024192844803,,0,0,46.5185470581,6.5666270256,2.77602830977e-40,1.0,0.0,0.0,0.0,1.0,0.0,0.0,0.0,1.0,0
1480336024299125708,66,1480336024295495482,,0,0,46.5185470581,6.5666270256,2.77602830977e-40,1.0,0.0,0.0,0.0,1.0,0.0,0.0,0.0,1.0,0
1480336024502678073,67,1480336024499682008,,0,0,46.5185508728,6.5666270256,2.77602830977e-40,1.0,0.0,0.0,0.0,1.0,0.0,0.0,0.0,1.0,0
1480336024707127618,68,1480336024702700837,,0,0,46.5185508728,6.56662750244,2.77602830977e-40,1.0,0.0,0.0,0.0,1.0,0.0,0.0,0.0,1.0,0
1480336024890786737,69,1480336024886330321,,0,0,46.5185508728,6.56662750244,2.77602830977e-40,1.0,0.0,0.0,0.0,1.0,0.0,0.0,0.0,1.0,0
1480336024989978023,70,1480336024985300411,,0,0,46.5185508728,6.56662750244,2.77602830977e-40,1.0,0.0,0.0,0.0,1.0,0.0,0.0,0.0,1.0,0
1480336025091018093,71,1480336025086616677,,0,0,46.5185508728,6.56662797928,2.77602830977e-40,1.0,0.0,0.0,0.0,1.0,0.0,0.0,0.0,1.0,0
1480336025192238265,72,1480336025188823715,,0,0,46.5185508728,6.56662797928,2.77602830977e-40,1.0,0.0,0.0,0.0,1.0,0.0,0.0,0.0,1.0,0
1480336025294090567,73,1480336025291456478,,0,0,46.5185508728,6.56662845612,2.77602830977e-40,1.0,0.0,0.0,0.0,1.0,0.0,0.0,0.0,1.0,0
1480336025489045984,74,1480336025486274292,,0,0,46.5185508728,6.56662845612,2.77602830977e-40,1.0,0.0,0.0,0.0,1.0,0.0,0.0,0.0,1.0,0
1480336025603918421,75,1480336025599189977,,0,0,46.5185508728,6.56662845612,2.77602830977e-40,1.0,0.0,0.0,0.0,1.0,0.0,0.0,0.0,1.0,0
1480336025794644868,76,1480336025792460201,,0,0,46.5185508728,6.56662845612,2.77602830977e-40,1.0,0.0,0.0,0.0,1.0,0.0,0.0,0.0,1.0,0
1480336025898537671,77,1480336025896053476,,0,0,46.518535614,6.56660747528,2.77602830977e-40,1.0,0.0,0.0,0.0,1.0,0.0,0.0,0.0,1.0,0
1480336025993976389,78,1480336025990061374,,0,0,46.5185317993,6.56659841537,2.77602830977e-40,1.0,0.0,0.0,0.0,1.0,0.0,0.0,0.0,1.0,0
1480336026096979981,79,1480336026093649284,,0,0,46.5185317993,6.56659221649,2.77602830977e-40,1.0,0.0,0.0,0.0,1.0,0.0,0.0,0.0,1.0,0
1480336026201884962,80,1480336026196892406,,0,0,46.5185279846,6.56658792496,2.77602830977e-40,1.0,0.0,0.0,0.0,1.0,0.0,0.0,0.0,1.0,0
1480336026393380621,81,1480336026389944716,,0,0,46.5185279846,6.56658506393,2.77602830977e-40,1.0,0.0,0.0,0.0,1.0,0.0,0.0,0.0,1.0,0
1480336026507875665,82,1480336026501204323,,0,0,46.5185279846,6.56658267975,2.77602830977e-40,1.0,0.0,0.0,0.0,1.0,0.0,0.0,0.0,1.0,0
1480336026691664523,83,1480336026685184325,,0,0,46.5185279846,6.5665807724,2.77602830977e-40,1.0,0.0,0.0,0.0,1.0,0.0,0.0,0.0,1.0,0
1480336026809420109,84,1480336026806127954,,0,0,46.5185241699,6.56657934189,2.77602830977e-40,1.0,0.0,0.0,0.0,1.0,0.0,0.0,0.0,1.0,0
1480336027007598308,85,1480336027004818439,,0,0,46.5185241699,6.56657838821,2.77602830977e-40,1.0,0.0,0.0,0.0,1.0,0.0,0.0,0.0,1.0,0
1480336027208285909,86,1480336027198197517,,0,0,46.5185241699,6.56657743454,2.77602830977e-40,1.0,0.0,0.0,0.0,1.0,0.0,0.0,0.0,1.0,0
1480336027393570325,87,1480336027383501464,,0,0,46.5185241699,6.56657648087,2.77602830977e-40,1.0,0.0,0.0,0.0,1.0,0.0,0.0,0.0,1.0,0
1480336027493237283,88,1480336027487772961,,0,0,46.5185241699,6.56657552719,2.77602830977e-40,1.0,0.0,0.0,0.0,1.0,0.0,0.0,0.0,1.0,0
1480336027592598203,89,1480336027589502764,,0,0,46.5185241699,6.56657505035,2.77602830977e-40,1.0,0.0,0.0,0.0,1.0,0.0,0.0,0.0,1.0,0
1480336027690572834,90,1480336027682870929,,0,0,46.5185241699,6.56657457352,2.77602830977e-40,1.0,0.0,0.0,0.0,1.0,0.0,0.0,0.0,1.0,0
1480336027796226297,91,1480336027793853768,,0,0,46.5185241699,6.56657409668,2.77602830977e-40,1.0,0.0,0.0,0.0,1.0,0.0,0.0,0.0,1.0,0
1480336027890644035,92,1480336027886928446,,0,0,46.5185241699,6.56657361984,2.77602830977e-40,1.0,0.0,0.0,0.0,1.0,0.0,0.0,0.0,1.0,0
1480336027992473108,93,1480336027989844487,,0,0,46.5185241699,6.56657314301,2.77602830977e-40,1.0,0.0,0.0,0.0,1.0,0.0,0.0,0.0,1.0,0
1480336028095464409,94,1480336028093026464,,0,0,46.5185241699,6.56657314301,2.77602830977e-40,1.0,0.0,0.0,0.0,1.0,0.0,0.0,0.0,1.0,0
1480336028191420622,95,1480336028183627103,,0,0,46.5185241699,6.56657266617,2.77602830977e-40,1.0,0.0,0.0,0.0,1.0,0.0,0.0,0.0,1.0,0
1480336028288424168,96,1480336028284635506,,0,0,46.5185241699,6.56657266617,2.77602830977e-40,1.0,0.0,0.0,0.0,1.0,0.0,0.0,0.0,1.0,0
1480336028387192593,97,1480336028384578608,,0,0,46.5185241699,6.56657218933,2.77602830977e-40,1.0,0.0,0.0,0.0,1.0,0.0,0.0,0.0,1.0,0
1480336028491447320,98,1480336028485457690,,0,0,46.5185241699,6.56657218933,2.77602830977e-40,1.0,0.0,0.0,0.0,1.0,0.0,0.0,0.0,1.0,0
1480336028589483616,99,1480336028585499071,,0,0,46.5185241699,6.56657218933,2.77602830977e-40,1.0,0.0,0.0,0.0,1.0,0.0,0.0,0.0,1.0,0
1480336028690912589,100,1480336028687643610,,0,0,46.5185241699,6.56657171249,2.77602830977e-40,1.0,0.0,0.0,0.0,1.0,0.0,0.0,0.0,1.0,0
1480336028812974696,101,1480336028810262587,,0,0,46.5185241699,6.56657171249,2.77602830977e-40,1.0,0.0,0.0,0.0,1.0,0.0,0.0,0.0,1.0,0
1480336028996064759,102,1480336028994148996,,0,0,46.5185241699,6.56657171249,2.77602830977e-40,1.0,0.0,0.0,0.0,1.0,0.0,0.0,0.0,1.0,0
1480336029082224138,103,1480336029075267799,,0,0,46.5185241699,6.56657171249,2.77602830977e-40,1.0,0.0,0.0,0.0,1.0,0.0,0.0,0.0,1.0,0
1480336029189948363,104,1480336029187292451,,0,0,46.5185241699,6.56657171249,2.77602830977e-40,1.0,0.0,0.0,0.0,1.0,0.0,0.0,0.0,1.0,0
1480336029290642968,105,1480336029288486582,,0,0,46.5185241699,6.56657171249,2.77602830977e-40,1.0,0.0,0.0,0.0,1.0,0.0,0.0,0.0,1.0,0
1480336029393652446,106,1480336029390403623,,0,0,46.5185241699,6.56657171249,2.77602830977e-40,1.0,0.0,0.0,0.0,1.0,0.0,0.0,0.0,1.0,0
1480336029490086675,107,1480336029486800508,,0,0,46.5185241699,6.56657171249,2.77602830977e-40,1.0,0.0,0.0,0.0,1.0,0.0,0.0,0.0,1.0,0
1480336029594040571,108,1480336029590338575,,0,0,46.5185241699,6.56657171249,2.77602830977e-40,1.0,0.0,0.0,0.0,1.0,0.0,0.0,0.0,1.0,0
1480336029695964851,109,1480336029693094670,,0,0,46.5185241699,6.56657171249,2.77602830977e-40,1.0,0.0,0.0,0.0,1.0,0.0,0.0,0.0,1.0,0
1480336029797311429,110,1480336029793847972,,0,0,46.5185241699,6.56657171249,2.77602830977e-40,1.0,0.0,0.0,0.0,1.0,0.0,0.0,0.0,1.0,0
1480336029899721746,111,1480336029895825481,,0,0,46.5185241699,6.56657171249,2.77602830977e-40,1.0,0.0,0.0,0.0,1.0,0.0,0.0,0.0,1.0,0
1480336030082110252,112,1480336030079617151,,0,0,46.5185241699,6.56657266617,2.77602830977e-40,1.0,0.0,0.0,0.0,1.0,0.0,0.0,0.0,1.0,0
1480336030187580696,113,1480336030181410704,,0,0,46.5185241699,6.56657266617,2.77602830977e-40,1.0,0.0,0.0,0.0,1.0,0.0,0.0,0.0,1.0,0
1480336030287165103,114,1480336030281530626,,0,0,46.5185241699,6.56657266617,2.77602830977e-40,1.0,0.0,0.0,0.0,1.0,0.0,0.0,0.0,1.0,0
1480336030387311744,115,1480336030382698403,,0,0,46.5185241699,6.56657266617,2.77602830977e-40,1.0,0.0,0.0,0.0,1.0,0.0,0.0,0.0,1.0,0
1480336030480701888,116,1480336030473931745,,0,0,46.5185241699,6.56657266617,2.77602830977e-40,1.0,0.0,0.0,0.0,1.0,0.0,0.0,0.0,1.0,0
1480336030577182002,117,1480336030573751931,,0,0,46.5185241699,6.56657266617,2.77602830977e-40,1.0,0.0,0.0,0.0,1.0,0.0,0.0,0.0,1.0,0
1480336030689603473,118,1480336030685751687,,0,0,46.5185241699,6.56657266617,2.77602830977e-40,1.0,0.0,0.0,0.0,1.0,0.0,0.0,0.0,1.0,0
1480336030803364514,119,1480336030796638589,,0,0,46.5185241699,6.56657314301,2.77602830977e-40,1.0,0.0,0.0,0.0,1.0,0.0,0.0,0.0,1.0,0
1480336030891806008,120,1480336030888122085,,0,0,46.5185241699,6.56657314301,2.77602830977e-40,1.0,0.0,0.0,0.0,1.0,0.0,0.0,0.0,1.0,0
1480336030992914098,121,1480336030988979396,,0,0,46.5185241699,6.56657266617,2.77602830977e-40,1.0,0.0,0.0,0.0,1.0,0.0,0.0,0.0,1.0,0
1480336031095261343,122,1480336031092399547,,0,0,46.5185241699,6.56657266617,2.77602830977e-40,1.0,0.0,0.0,0.0,1.0,0.0,0.0,0.0,1.0,0
1480336031199258051,123,1480336031194497003,,0,0,46.5185241699,6.56657171249,2.77602830977e-40,1.0,0.0,0.0,0.0,1.0,0.0,0.0,0.0,1.0,0
1480336031276846471,124,1480336031274178060,,0,0,46.5185241699,6.56657075882,2.77602830977e-40,1.0,0.0,0.0,0.0,1.0,0.0,0.0,0.0,1.0,0
1480336031389477055,125,1480336031387393013,,0,0,46.5185241699,6.56656980515,2.77602830977e-40,1.0,0.0,0.0,0.0,1.0,0.0,0.0,0.0,1.0,0
1480336031491653937,126,1480336031489613436,,0,0,46.5185241699,6.56656837463,2.77602830977e-40,1.0,0.0,0.0,0.0,1.0,0.0,0.0,0.0,1.0,0
1480336031584027059,127,1480336031581305210,,0,0,46.5185241699,6.56656694412,2.77602830977e-40,1.0,0.0,0.0,0.0,1.0,0.0,0.0,0.0,1.0,0
1480336031688352358,128,1480336031682180751,,0,0,46.5185203552,6.56656455994,2.77602830977e-40,1.0,0.0,0.0,0.0,1.0,0.0,0.0,0.0,1.0,0
1480336031787038336,129,1480336031782512130,,0,0,46.5185241699,6.56656312943,2.77602830977e-40,1.0,0.0,0.0,0.0,1.0,0.0,0.0,0.0,1.0,0
1480336031875576964,130,1480336031872953708,,0,0,46.5185241699,6.56656122208,2.77602830977e-40,1.0,0.0,0.0,0.0,1.0,0.0,0.0,0.0,1.0,0
1480336031986849331,131,1480336031984584874,,0,0,46.5185241699,6.56655836105,2.77602830977e-40,1.0,0.0,0.0,0.0,1.0,0.0,0.0,0.0,1.0,0
1480336032089543187,132,1480336032085181667,,0,0,46.5185279846,6.56655454636,2.77602830977e-40,1.0,0.0,0.0,0.0,1.0,0.0,0.0,0.0,1.0,0
1480336032365262671,133,1480336032363239410,,0,0,46.5185279846,6.56654644012,2.77602830977e-40,1.0,0.0,0.0,0.0,1.0,0.0,0.0,0.0,1.0,0
1480336032570947568,134,1480336032568103846,,0,0,46.5185279846,6.56653690338,2.77602830977e-40,1.0,0.0,0.0,0.0,1.0,0.0,0.0,0.0,1.0,0
1480336032778742758,135,1480336032771647045,,0,0,46.5185279846,6.56652593613,2.77602830977e-40,1.0,0.0,0.0,0.0,1.0,0.0,0.0,0.0,1.0,0
1480336033012823580,136,1480336033006658535,,0,0,46.5185317993,6.56651449203,2.77602830977e-40,1.0,0.0,0.0,0.0,1.0,0.0,0.0,0.0,1.0,0
1480336033337543478,137,1480336033334375227,,0,0,46.5185317993,6.56649541855,2.77602830977e-40,1.0,0.0,0.0,0.0,1.0,0.0,0.0,0.0,1.0,0
1480336033647507789,138,1480336033641017695,,0,0,46.5185317993,6.56647634506,2.77602830977e-40,1.0,0.0,0.0,0.0,1.0,0.0,0.0,0.0,1.0,0
1480336033939557949,139,1480336033937061358,,0,0,46.5185317993,6.56645536423,2.77602830977e-40,1.0,0.0,0.0,0.0,1.0,0.0,0.0,0.0,1.0,0
1480336034236404886,140,1480336034234287771,,0,0,46.518535614,6.56643390656,2.77602830977e-40,1.0,0.0,0.0,0.0,1.0,0.0,0.0,0.0,1.0,0
1480336034543169801,141,1480336034539269630,,0,0,46.5185394287,6.56641292572,2.77602830977e-40,1.0,0.0,0.0,0.0,1.0,0.0,0.0,0.0,1.0,0
1480336034807282000,142,1480336034802756523,,0,0,46.5185432434,6.56639194489,2.77602830977e-40,1.0,0.0,0.0,0.0,1.0,0.0,0.0,0.0,1.0,0
1480336035059420409,143,1480336035055475343,,0,0,46.5185699463,6.56635522842,2.77602830977e-40,1.0,0.0,0.0,0.0,1.0,0.0,0.0,0.0,1.0,0
1480336035249884254,144,1480336035247203343,,0,0,46.5185623169,6.56635284424,2.77602830977e-40,1.0,0.0,0.0,0.0,1.0,0.0,0.0,0.0,1.0,0
1480336035453232195,145,1480336035448516355,,0,0,46.5186500549,6.56626033783,2.77602830977e-40,1.0,0.0,0.0,0.0,1.0,0.0,0.0,0.0,1.0,0
1480336035652590226,146,1480336035650283112,,0,0,46.5186424255,6.56626176834,2.77602830977e-40,1.0,0.0,0.0,0.0,1.0,0.0,0.0,0.0,1.0,0
1480336035856064206,147,1480336035852228670,,0,0,46.5186538696,6.56623888016,2.77602830977e-40,1.0,0.0,0.0,0.0,1.0,0.0,0.0,0.0,1.0,0
1480336036037173402,148,1480336036034637229,,0,0,46.5185775757,6.56630468369,2.77602830977e-40,1.0,0.0,0.0,0.0,1.0,0.0,0.0,0.0,1.0,0
1480336036189857142,149,1480336036184953700,,0,0,46.5185813904,6.56628990173,2.77602830977e-40,1.0,0.0,0.0,0.0,1.0,0.0,0.0,0.0,1.0,0
1480336036288129739,150,1480336036284310713,,0,0,46.5185813904,6.56628227234,2.77602830977e-40,1.0,0.0,0.0,0.0,1.0,0.0,0.0,0.0,1.0,0
1480336036376526545,151,1480336036374056725,,0,0,46.5186576843,6.56619691849,2.77602830977e-40,1.0,0.0,0.0,0.0,1.0,0.0,0.0,0.0,1.0,0
1480336036477935101,152,1480336036474171648,,0,0,46.5185661316,6.56625699997,2.77602830977e-40,1.0,0.0,0.0,0.0,1.0,0.0,0.0,0.0,1.0,0
1480336036609247693,153,1480336036605680279,,0,0,46.5185699463,6.56625366211,2.77602830977e-40,1.0,0.0,0.0,0.0,1.0,0.0,0.0,0.0,1.0,0
1480336036790520429,154,1480336036788701488,,0,0,46.5186424255,6.56617021561,2.77602830977e-40,1.0,0.0,0.0,0.0,1.0,0.0,0.0,0.0,1.0,0
1480336036885800866,155,1480336036881094922,,0,0,46.5186462402,6.56616067886,2.77602830977e-40,1.0,0.0,0.0,0.0,1.0,0.0,0.0,0.0,1.0,0
1480336036983738466,156,1480336036979120229,,0,0,46.5185699463,6.56622743607,2.77602830977e-40,1.0,0.0,0.0,0.0,1.0,0.0,0.0,0.0,1.0,0
1480336037156945134,157,1480336037153586729,,0,0,46.5185623169,6.56622552872,2.77602830977e-40,1.0,0.0,0.0,0.0,1.0,0.0,0.0,0.0,1.0,0
1480336037391826677,158,1480336037388681030,,0,0,46.5185241699,6.56624126434,2.77602830977e-40,1.0,0.0,0.0,0.0,1.0,0.0,0.0,0.0,1.0,0
1480336037635047776,159,1480336037632373427,,0,0,46.5185317993,6.56622123718,2.77602830977e-40,1.0,0.0,0.0,0.0,1.0,0.0,0.0,0.0,1.0,0
1480336037933493135,160,1480336037931468832,,0,0,46.5185089111,6.56622314453,2.77602830977e-40,1.0,0.0,0.0,0.0,1.0,0.0,0.0,0.0,1.0,0
1480336038276160100,161,1480336038273655853,,0,0,46.5184936523,6.56621932983,2.77602830977e-40,1.0,0.0,0.0,0.0,1.0,0.0,0.0,0.0,1.0,0
1480336038472563784,162,1480336038465879630,,0,0,46.5184669495,6.566218853,2.77602830977e-40,1.0,0.0,0.0,0.0,1.0,0.0,0.0,0.0,1.0,0
1480336038709585984,163,1480336038707221997,,0,0,46.5184516907,6.56622219086,2.77602830977e-40,1.0,0.0,0.0,0.0,1.0,0.0,0.0,0.0,1.0,0
1480336039015900903,164,1480336039012555831,,0,0,46.5184326172,6.5662279129,2.77602830977e-40,1.0,0.0,0.0,0.0,1.0,0.0,0.0,0.0,1.0,0
1480336039309586881,165,1480336039298948546,,0,0,46.5184173584,6.56623411179,2.77602830977e-40,1.0,0.0,0.0,0.0,1.0,0.0,0.0,0.0,1.0,0
1480336039799273214,166,1480336039794149357,,0,0,46.5184020996,6.56624126434,2.77602830977e-40,1.0,0.0,0.0,0.0,1.0,0.0,0.0,0.0,1.0,0
1480336040193384528,167,1480336040191261475,,0,0,46.5183792114,6.56625032425,2.77602830977e-40,1.0,0.0,0.0,0.0,1.0,0.0,0.0,0.0,1.0,0
1480336040457481155,168,1480336040455452685,,0,0,46.5183525085,6.56626749039,2.77602830977e-40,1.0,0.0,0.0,0.0,1.0,0.0,0.0,0.0,1.0,0
1480336040735974154,169,1480336040733748811,,0,0,46.5183448792,6.56627750397,2.77602830977e-40,1.0,0.0,0.0,0.0,1.0,0.0,0.0,0.0,1.0,0
1480336041032320106,170,1480336041029960910,,0,0,46.518409729,6.56628656387,2.77602830977e-40,1.0,0.0,0.0,0.0,1.0,0.0,0.0,0.0,1.0,0
1480336041297768751,171,1480336041295192474,,0,0,46.5183486938,6.56629228592,2.77602830977e-40,1.0,0.0,0.0,0.0,1.0,0.0,0.0,0.0,1.0,0
1480336041551643810,172,1480336041549475081,,0,0,46.5183410645,6.56631374359,2.77602830977e-40,1.0,0.0,0.0,0.0,1.0,0.0,0.0,0.0,1.0,0
1480336041766825334,173,1480336041763516877,,0,0,46.5183372498,6.56632852554,2.77602830977e-40,1.0,0.0,0.0,0.0,1.0,0.0,0.0,0.0,1.0,0
1480336041958059641,174,1480336041955472791,,0,0,46.5183334351,6.56634378433,2.77602830977e-40,1.0,0.0,0.0,0.0,1.0,0.0,0.0,0.0,1.0,0
1480336042158293862,175,1480336042154926915,,0,0,46.5183448792,6.56636190414,2.77602830977e-40,1.0,0.0,0.0,0.0,1.0,0.0,0.0,0.0,1.0,0
1480336042323711594,176,1480336042317233062,,0,0,46.5183334351,6.56636762619,2.77602830977e-40,1.0,0.0,0.0,0.0,1.0,0.0,0.0,0.0,1.0,0
1480336042511850357,177,1480336042509968136,,0,0,46.5184211731,6.5662946701,2.77602830977e-40,1.0,0.0,0.0,0.0,1.0,0.0,0.0,0.0,1.0,0
1480336042725374658,178,1480336042722881193,,0,0,46.5184211731,6.56630897522,2.77602830977e-40,1.0,0.0,0.0,0.0,1.0,0.0,0.0,0.0,1.0,0
1480336042874827127,179,1480336042872500118,,0,0,46.5183448792,6.56639862061,2.77602830977e-40,1.0,0.0,0.0,0.0,1.0,0.0,0.0,0.0,1.0,0
1480336043014809115,180,1480336043012399815,,0,0,46.5184288025,6.56632757187,2.77602830977e-40,1.0,0.0,0.0,0.0,1.0,0.0,0.0,0.0,1.0,0
1480336043453089327,181,1480336043450670236,,0,0,46.5183563232,6.56643342972,2.77602830977e-40,1.0,0.0,0.0,0.0,1.0,0.0,0.0,0.0,1.0,0
1480336043626543076,182,1480336043624310493,,0,0,46.5183601379,6.56644678116,2.77602830977e-40,1.0,0.0,0.0,0.0,1.0,0.0,0.0,0.0,1.0,0
1480336043837149748,183,1480336043834700657,,0,0,46.5183639526,6.56645822525,2.77602830977e-40,1.0,0.0,0.0,0.0,1.0,0.0,0.0,0.0,1.0,0
1480336044110046447,184,1480336044107519179,,0,0,46.5183677673,6.56647014618,2.77602830977e-40,1.0,0.0,0.0,0.0,1.0,0.0,0.0,0.0,1.0,0
1480336044397374673,185,1480336044394151579,,0,0,46.5183753967,6.56648445129,2.77602830977e-40,1.0,0.0,0.0,0.0,1.0,0.0,0.0,0.0,1.0,0
1480336044645992595,186,1480336044637966266,,0,0,46.5183830261,6.56649303436,2.77602830977e-40,1.0,0.0,0.0,0.0,1.0,0.0,0.0,0.0,1.0,0
1480336044963693706,187,1480336044960665819,,0,0,46.5183944702,6.56650257111,2.77602830977e-40,1.0,0.0,0.0,0.0,1.0,0.0,0.0,0.0,1.0,0
1480336045286443207,188,1480336045283171572,,0,0,46.518409729,6.56650733948,2.77602830977e-40,1.0,0.0,0.0,0.0,1.0,0.0,0.0,0.0,1.0,0
1480336045590905487,189,1480336045586252824,,0,0,46.5184288025,6.56650924683,2.77602830977e-40,1.0,0.0,0.0,0.0,1.0,0.0,0.0,0.0,1.0,0
1480336045987551777,190,1480336045984621857,,0,0,46.5184402466,6.56650114059,2.77602830977e-40,1.0,0.0,0.0,0.0,1.0,0.0,0.0,0.0,1.0,0
1480336046274712401,191,1480336046272713514,,0,0,46.5184555054,6.56648874283,2.77602830977e-40,1.0,0.0,0.0,0.0,1.0,0.0,0.0,0.0,1.0,0
1480336046639244000,192,1480336046634985187,,0,0,46.5184669495,6.56647729874,2.77602830977e-40,1.0,0.0,0.0,0.0,1.0,0.0,0.0,0.0,1.0,0
1480336047051548160,193,1480336047048674021,,0,0,46.5184860229,6.56646156311,2.77602830977e-40,1.0,0.0,0.0,0.0,1.0,0.0,0.0,0.0,1.0,0
1480336047374312764,194,1480336047371931589,,0,0,46.5185012817,6.56644916534,2.77602830977e-40,1.0,0.0,0.0,0.0,1.0,0.0,0.0,0.0,1.0,0
1480336047705686401,195,1480336047701375244,,0,0,46.5185165405,6.56644153595,2.77602830977e-40,1.0,0.0,0.0,0.0,1.0,0.0,0.0,0.0,1.0,0
1480336048114268201,196,1480336048110004388,,0,0,46.5185317993,6.56642913818,2.77602830977e-40,1.0,0.0,0.0,0.0,1.0,0.0,0.0,0.0,1.0,0
1480336048464178482,197,1480336048459447485,,0,0,46.5185508728,6.56641483307,2.77602830977e-40,1.0,0.0,0.0,0.0,1.0,0.0,0.0,0.0,1.0,0
1480336048870001089,198,1480336048867808142,,0,0,46.5185623169,6.56640148163,2.77602830977e-40,1.0,0.0,0.0,0.0,1.0,0.0,0.0,0.0,1.0,0
1480336049343384350,199,1480336049337906173,,0,0,46.5185775757,6.56638050079,2.77602830977e-40,1.0,0.0,0.0,0.0,1.0,0.0,0.0,0.0,1.0,0
1480336049762743963,200,1480336049758936239,,0,0,46.5185813904,6.56634187698,2.77602830977e-40,1.0,0.0,0.0,0.0,1.0,0.0,0.0,0.0,1.0,0
1480336050060991043,201,1480336050057162225,,0,0,46.5185890198,6.56631183624,2.77602830977e-40,1.0,0.0,0.0,0.0,1.0,0.0,0.0,0.0,1.0,0
1480336050386110260,202,1480336050382983155,,0,0,46.5185928345,6.56629133224,2.77602830977e-40,1.0,0.0,0.0,0.0,1.0,0.0,0.0,0.0,1.0,0
1480336050637912474,203,1480336050635664735,,0,0,46.5186004639,6.56627082825,2.77602830977e-40,1.0,0.0,0.0,0.0,1.0,0.0,0.0,0.0,1.0,0
1480336050954636199,204,1480336050952118046,,0,0,46.518611908,6.56625270844,2.77602830977e-40,1.0,0.0,0.0,0.0,1.0,0.0,0.0,0.0,1.0,0
1480336051156514101,205,1480336051154041000,,0,0,46.518611908,6.56622838974,2.77602830977e-40,1.0,0.0,0.0,0.0,1.0,0.0,0.0,0.0,1.0,0
1480336051339916869,206,1480336051337289759,,0,0,46.518611908,6.56621313095,2.77602830977e-40,1.0,0.0,0.0,0.0,1.0,0.0,0.0,0.0,1.0,0
1480336051533867556,207,1480336051530784408,,0,0,46.518611908,6.566198349,2.77602830977e-40,1.0,0.0,0.0,0.0,1.0,0.0,0.0,0.0,1.0,0
1480336051747974039,208,1480336051745937964,,0,0,46.5186080933,6.56618404388,2.77602830977e-40,1.0,0.0,0.0,0.0,1.0,0.0,0.0,0.0,1.0,0
1480336051962658224,209,1480336051959777523,,0,0,46.5186004639,6.56617164612,2.77602830977e-40,1.0,0.0,0.0,0.0,1.0,0.0,0.0,0.0,1.0,0
1480336052278382271,210,1480336052274798712,,0,0,46.518611908,6.56616449356,2.77602830977e-40,1.0,0.0,0.0,0.0,1.0,0.0,0.0,0.0,1.0,0
1480336052511082273,211,1480336052507163196,,0,0,46.5185928345,6.56614637375,2.77602830977e-40,1.0,0.0,0.0,0.0,1.0,0.0,0.0,0.0,1.0,0
1480336052829522544,212,1480336052822158240,,0,0,46.518573761,6.56613302231,2.77602830977e-40,1.0,0.0,0.0,0.0,1.0,0.0,0.0,0.0,1.0,0
1480336053132889210,213,1480336053130315381,,0,0,46.5185585022,6.56612539291,2.77602830977e-40,1.0,0.0,0.0,0.0,1.0,0.0,0.0,0.0,1.0,0
1480336053463518583,214,1480336053459538048,,0,0,46.518535614,6.56612110138,2.77602830977e-40,1.0,0.0,0.0,0.0,1.0,0.0,0.0,0.0,1.0,0
1480336053801973349,215,1480336053796655535,,0,0,46.5185241699,6.56612491608,2.77602830977e-40,1.0,0.0,0.0,0.0,1.0,0.0,0.0,0.0,1.0,0
1480336054087361177,216,1480336054081435036,,0,0,46.5185012817,6.56613397598,2.77602830977e-40,1.0,0.0,0.0,0.0,1.0,0.0,0.0,0.0,1.0,0
1480336054336967423,217,1480336054334630102,,0,0,46.5184936523,6.5661406517,2.77602830977e-40,1.0,0.0,0.0,0.0,1.0,0.0,0.0,0.0,1.0,0
1480336054666303006,218,1480336054662576323,,0,0,46.5184783936,6.56615400314,2.77602830977e-40,1.0,0.0,0.0,0.0,1.0,0.0,0.0,0.0,1.0,0
1480336055015318660,219,1480336055013274305,,0,0,46.5184669495,6.56617069244,2.77602830977e-40,1.0,0.0,0.0,0.0,1.0,0.0,0.0,0.0,1.0,0
1480336055441580863,220,1480336055438243759,,0,0,46.5184555054,6.56619787216,2.77602830977e-40,1.0,0.0,0.0,0.0,1.0,0.0,0.0,0.0,1.0,0
1480336055734862209,221,1480336055732492544,,0,0,46.5184669495,6.56623363495,2.77602830977e-40,1.0,0.0,0.0,0.0,1.0,0.0,0.0,0.0,1.0,0
1480336056029453595,222,1480336056027064035,,0,0,46.5184402466,6.56624984741,2.77602830977e-40,1.0,0.0,0.0,0.0,1.0,0.0,0.0,0.0,1.0,0
1480336056328463115,223,1480336056324125032,,0,0,46.5184364319,6.5662727356,2.77602830977e-40,1.0,0.0,0.0,0.0,1.0,0.0,0.0,0.0,1.0,0
1480336056615276711,224,1480336056612135127,,0,0,46.5184288025,6.56629562378,2.77602830977e-40,1.0,0.0,0.0,0.0,1.0,0.0,0.0,0.0,1.0,0
1480336056866203465,225,1480336056864149110,,0,0,46.5185241699,6.56622457504,2.77602830977e-40,1.0,0.0,0.0,0.0,1.0,0.0,0.0,0.0,1.0,0
1480336057109952215,226,1480336057105804703,,0,0,46.518535614,6.56622838974,2.77602830977e-40,1.0,0.0,0.0,0.0,1.0,0.0,0.0,0.0,1.0,0
1480336057393503082,227,1480336057387867928,,0,0,46.518535614,6.56625509262,2.77602830977e-40,1.0,0.0,0.0,0.0,1.0,0.0,0.0,0.0,1.0,0
1480336057666191709,228,1480336057660967541,,0,0,46.5184135437,6.56638717651,2.77602830977e-40,1.0,0.0,0.0,0.0,1.0,0.0,0.0,0.0,1.0,0
1480336057989809222,229,1480336057984893697,,0,0,46.5185317993,6.5662984848,2.77602830977e-40,1.0,0.0,0.0,0.0,1.0,0.0,0.0,0.0,1.0,0
1480336058253177627,230,1480336058250463278,,0,0,46.518535614,6.56631994247,2.77602830977e-40,1.0,0.0,0.0,0.0,1.0,0.0,0.0,0.0,1.0,0
1480336058632592729,231,1480336058629817859,,0,0,46.5185852051,6.56633710861,2.77602830977e-40,1.0,0.0,0.0,0.0,1.0,0.0,0.0,0.0,1.0,0
1480336059013554690,232,1480336059010832008,,0,0,46.5184593201,6.56644582748,2.77602830977e-40,1.0,0.0,0.0,0.0,1.0,0.0,0.0,0.0,1.0,0
1480336059411644091,233,1480336059409171771,,0,0,46.5184783936,6.56646203995,2.77602830977e-40,1.0,0.0,0.0,0.0,1.0,0.0,0.0,0.0,1.0,0
1480336059738064858,234,1480336059733667401,,0,0,46.5184936523,6.56645298004,2.77602830977e-40,1.0,0.0,0.0,0.0,1.0,0.0,0.0,0.0,1.0,0
1480336060186036748,235,1480336060175769035,,0,0,46.5185165405,6.56643676758,2.77602830977e-40,1.0,0.0,0.0,0.0,1.0,0.0,0.0,0.0,1.0,0
1480336060536607596,236,1480336060534294597,,0,0,46.518535614,6.56641864777,2.77602830977e-40,1.0,0.0,0.0,0.0,1.0,0.0,0.0,0.0,1.0,0
1480336061027486677,237,1480336061023996503,,0,0,46.5185508728,6.56640338898,2.77602830977e-40,1.0,0.0,0.0,0.0,1.0,0.0,0.0,0.0,1.0,0
1480336061537420107,238,1480336061534444406,,0,0,46.5185699463,6.56637620926,2.77602830977e-40,1.0,0.0,0.0,0.0,1.0,0.0,0.0,0.0,1.0,0
1480336061942046580,239,1480336061935057533,,0,0,46.5185852051,6.56634044647,2.77602830977e-40,1.0,0.0,0.0,0.0,1.0,0.0,0.0,0.0,1.0,0
1480336062153984699,240,1480336062151208736,,0,0,46.5185890198,6.56630754471,2.77602830977e-40,1.0,0.0,0.0,0.0,1.0,0.0,0.0,0.0,1.0,0
1480336062284156259,241,1480336062282062321,,0,0,46.5185928345,6.56628990173,2.77602830977e-40,1.0,0.0,0.0,0.0,1.0,0.0,0.0,0.0,1.0,0
1480336062391451842,242,1480336062387800575,,0,0,46.5185890198,6.56628322601,2.77602830977e-40,1.0,0.0,0.0,0.0,1.0,0.0,0.0,0.0,1.0,0
1480336062491676139,243,1480336062489025643,,0,0,46.5185890198,6.56627464294,2.77602830977e-40,1.0,0.0,0.0,0.0,1.0,0.0,0.0,0.0,1.0,0
1480336062586631371,244,1480336062580433098,,0,0,46.5185852051,6.56626796722,2.77602830977e-40,1.0,0.0,0.0,0.0,1.0,0.0,0.0,0.0,1.0,0
1480336062695598553,245,1480336062692311293,,0,0,46.5185852051,6.56625938416,2.77602830977e-40,1.0,0.0,0.0,0.0,1.0,0.0,0.0,0.0,1.0,0
1480336062796780965,246,1480336062793568965,,0,0,46.5185813904,6.56625080109,2.77602830977e-40,1.0,0.0,0.0,0.0,1.0,0.0,0.0,0.0,1.0,0
1480336062887879620,247,1480336062884968607,,0,0,46.5185813904,6.56624269485,2.77602830977e-40,1.0,0.0,0.0,0.0,1.0,0.0,0.0,0.0,1.0,0
1480336062988986669,248,1480336062986924293,,0,0,46.5185775757,6.56623506546,2.77602830977e-40,1.0,0.0,0.0,0.0,1.0,0.0,0.0,0.0,1.0,0
1480336063089840178,249,1480336063087268588,,0,0,46.518573761,6.56622838974,2.77602830977e-40,1.0,0.0,0.0,0.0,1.0,0.0,0.0,0.0,1.0,0
1480336063190545876,250,1480336063187938818,,0,0,46.5185699463,6.56622219086,2.77602830977e-40,1.0,0.0,0.0,0.0,1.0,0.0,0.0,0.0,1.0,0
1480336063282691032,251,1480336063279643717,,0,0,46.5185661316,6.56621646881,2.77602830977e-40,1.0,0.0,0.0,0.0,1.0,0.0,0.0,0.0,1.0,0
1480336063386797895,252,1480336063381639716,,0,0,46.5185623169,6.56621026993,2.77602830977e-40,1.0,0.0,0.0,0.0,1.0,0.0,0.0,0.0,1.0,0
1480336063486313865,253,1480336063481746201,,0,0,46.5185585022,6.56620407104,2.77602830977e-40,1.0,0.0,0.0,0.0,1.0,0.0,0.0,0.0,1.0,0
1480336063575891650,254,1480336063572905220,,0,0,46.5185546875,6.56619930267,2.77602830977e-40,1.0,0.0,0.0,0.0,1.0,0.0,0.0,0.0,1.0,0
1480336063675228820,255,1480336063672785510,,0,0,46.5185470581,6.56619501114,2.77602830977e-40,1.0,0.0,0.0,0.0,1.0,0.0,0.0,0.0,1.0,0
1480336063849749954,256,1480336063845819002,,0,0,46.5185432434,6.5661907196,2.77602830977e-40,1.0,0.0,0.0,0.0,1.0,0.0,0.0,0.0,1.0,0
1480336064176412802,257,1480336064174186001,,0,0,46.5185317993,6.56618261337,2.77602830977e-40,1.0,0.0,0.0,0.0,1.0,0.0,0.0,0.0,1.0,0
1480336064503073463,258,1480336064498669651,,0,0,46.5185165405,6.5661740303,2.77602830977e-40,1.0,0.0,0.0,0.0,1.0,0.0,0.0,0.0,1.0,0
1480336064991410954,259,1480336064988980509,,0,0,46.5185203552,6.56623220444,2.77602830977e-40,1.0,0.0,0.0,0.0,1.0,0.0,0.0,0.0,1.0,0
1480336065498093269,260,1480336065495135902,,0,0,46.5184783936,6.56624317169,2.77602830977e-40,1.0,0.0,0.0,0.0,1.0,0.0,0.0,0.0,1.0,0
1480336066004743137,261,1480336065996912899,,0,0,46.5184516907,6.56624794006,2.77602830977e-40,1.0,0.0,0.0,0.0,1.0,0.0,0.0,0.0,1.0,0
1480336066396083123,262,1480336066393689344,,0,0,46.5184173584,6.56626844406,2.77602830977e-40,1.0,0.0,0.0,0.0,1.0,0.0,0.0,0.0,1.0,0
1480336066735992823,263,1480336066733888781,,0,0,46.518409729,6.56628513336,2.77602830977e-40,1.0,0.0,0.0,0.0,1.0,0.0,0.0,0.0,1.0,0
1480336067056504689,264,1480336067053491541,,0,0,46.5183944702,6.56630277634,2.77602830977e-40,1.0,0.0,0.0,0.0,1.0,0.0,0.0,0.0,1.0,0
1480336067263863841,265,1480336067259084147,,0,0,46.518371582,6.56630706787,2.77602830977e-40,1.0,0.0,0.0,0.0,1.0,0.0,0.0,0.0,1.0,0
1480336067445661988,266,1480336067443578154,,0,0,46.5183639526,6.56631755829,2.77602830977e-40,1.0,0.0,0.0,0.0,1.0,0.0,0.0,0.0,1.0,0
1480336067654399200,267,1480336067651822662,,0,0,46.5183601379,6.56637430191,2.77602830977e-40,1.0,0.0,0.0,0.0,1.0,0.0,0.0,0.0,1.0,0
1480336067776123498,268,1480336067773596283,,0,0,46.5183372498,6.56636571884,2.77602830977e-40,1.0,0.0,0.0,0.0,1.0,0.0,0.0,0.0,1.0,0
1480336067898309927,269,1480336067896076876,,0,0,46.5183334351,6.56636238098,2.77602830977e-40,1.0,0.0,0.0,0.0,1.0,0.0,0.0,0.0,1.0,0
1480336068092064158,270,1480336068089696420,,0,0,46.5183258057,6.56638622284,2.77602830977e-40,1.0,0.0,0.0,0.0,1.0,0.0,0.0,0.0,1.0,0
1480336068264860673,271,1480336068262843870,,0,0,46.518371582,6.56635951996,2.77602830977e-40,1.0,0.0,0.0,0.0,1.0,0.0,0.0,0.0,1.0,0
1480336068370025339,272,1480336068365877202,,0,0,46.5183563232,6.56637048721,2.77602830977e-40,1.0,0.0,0.0,0.0,1.0,0.0,0.0,0.0,1.0,0
1480336068502762864,273,1480336068498965609,,0,0,46.5183525085,6.56638383865,2.77602830977e-40,1.0,0.0,0.0,0.0,1.0,0.0,0.0,0.0,1.0,0
1480336068698259995,274,1480336068692235470,,0,0,46.5183334351,6.56640577316,2.77602830977e-40,1.0,0.0,0.0,0.0,1.0,0.0,0.0,0.0,1.0,0
1480336068974676920,275,1480336068972697043,,0,0,46.5183258057,6.56641292572,2.77602830977e-40,1.0,0.0,0.0,0.0,1.0,0.0,0.0,0.0,1.0,0
1480336069129148508,276,1480336069123492989,,0,0,46.5183296204,6.566365242,2.77602830977e-40,1.0,0.0,0.0,0.0,1.0,0.0,0.0,0.0,1.0,0
1480336069376876698,277,1480336069374612918,,0,0,46.5183258057,6.56639242172,2.77602830977e-40,1.0,0.0,0.0,0.0,1.0,0.0,0.0,0.0,1.0,0
1480336069588028470,278,1480336069585142508,,0,0,46.5183067322,6.56646203995,2.77602830977e-40,1.0,0.0,0.0,0.0,1.0,0.0,0.0,0.0,1.0,0
1480336069905381564,279,1480336069901133948,,0,0,46.5183143616,6.56646490097,2.77602830977e-40,1.0,0.0,0.0,0.0,1.0,0.0,0.0,0.0,1.0,0
1480336070210644097,280,1480336070208087090,,0,0,46.5182952881,6.56636714935,2.77602830977e-40,1.0,0.0,0.0,0.0,1.0,0.0,0.0,0.0,1.0,0
1480336070492961695,281,1480336070488139501,,0,0,46.5183105469,6.56648778915,2.77602830977e-40,1.0,0.0,0.0,0.0,1.0,0.0,0.0,0.0,1.0,0
1480336070770349912,282,1480336070768138371,,0,0,46.5183143616,6.5665178299,2.77602830977e-40,1.0,0.0,0.0,0.0,1.0,0.0,0.0,0.0,1.0,0
1480336070955335061,283,1480336070952987531,,0,0,46.518321991,6.5665268898,2.77602830977e-40,1.0,0.0,0.0,0.0,1.0,0.0,0.0,0.0,1.0,0
1480336071151600777,284,1480336071147060457,,0,0,46.5183181763,6.56654310226,2.77602830977e-40,1.0,0.0,0.0,0.0,1.0,0.0,0.0,0.0,1.0,0
1480336071387480853,285,1480336071380658262,,0,0,46.5183296204,6.56653356552,2.77602830977e-40,1.0,0.0,0.0,0.0,1.0,0.0,0.0,0.0,1.0,0
1480336071709517339,286,1480336071707074811,,0,0,46.5183372498,6.56653881073,2.77602830977e-40,1.0,0.0,0.0,0.0,1.0,0.0,0.0,0.0,1.0,0
1480336071957562923,287,1480336071955251174,,0,0,46.5183410645,6.56652879715,2.77602830977e-40,1.0,0.0,0.0,0.0,1.0,0.0,0.0,0.0,1.0,0
1480336072144483261,288,1480336072142192241,,0,0,46.5183525085,6.56656503677,2.77602830977e-40,1.0,0.0,0.0,0.0,1.0,0.0,0.0,0.0,1.0,0
1480336072331187194,289,1480336072328944247,,0,0,46.5183639526,6.56658887863,2.77602830977e-40,1.0,0.0,0.0,0.0,1.0,0.0,0.0,0.0,1.0,0
1480336072548780414,290,1480336072546114294,,0,0,46.5183601379,6.56657218933,2.77602830977e-40,1.0,0.0,0.0,0.0,1.0,0.0,0.0,0.0,1.0,0
1480336072756126337,291,1480336072754033284,,0,0,46.5183563232,6.56656551361,2.77602830977e-40,1.0,0.0,0.0,0.0,1.0,0.0,0.0,0.0,1.0,0
1480336072932012614,292,1480336072929571805,,0,0,46.518371582,6.56659078598,2.77602830977e-40,1.0,0.0,0.0,0.0,1.0,0.0,0.0,0.0,1.0,0
1480336073073918073,293,1480336073071454399,,0,0,46.518371582,6.56659460068,2.77602830977e-40,1.0,0.0,0.0,0.0,1.0,0.0,0.0,0.0,1.0,0
1480336073174581376,294,1480336073172008796,,0,0,46.5183830261,6.56659889221,2.77602830977e-40,1.0,0.0,0.0,0.0,1.0,0.0,0.0,0.0,1.0,0
1480336073266069402,295,1480336073262981098,,0,0,46.5183830261,6.56658267975,2.77602830977e-40,1.0,0.0,0.0,0.0,1.0,0.0,0.0,0.0,1.0,0
1480336073367779622,296,1480336073365059336,,0,0,46.5183906555,6.56659793854,2.77602830977e-40,1.0,0.0,0.0,0.0,1.0,0.0,0.0,0.0,1.0,0
1480336073470242491,297,1480336073467730536,,0,0,46.5183944702,6.5666012764,2.77602830977e-40,1.0,0.0,0.0,0.0,1.0,0.0,0.0,0.0,1.0,0
1480336073572215625,298,1480336073569849345,,0,0,46.5183982849,6.56660461426,2.77602830977e-40,1.0,0.0,0.0,0.0,1.0,0.0,0.0,0.0,1.0,0
1480336073674730003,299,1480336073672263256,,0,0,46.5183982849,6.56660652161,2.77602830977e-40,1.0,0.0,0.0,0.0,1.0,0.0,0.0,0.0,1.0,0
1480336073771517406,300,1480336073766661776,,0,0,46.5184020996,6.5666012764,2.77602830977e-40,1.0,0.0,0.0,0.0,1.0,0.0,0.0,0.0,1.0,0
1480336073872755651,301,1480336073870251769,,0,0,46.5184059143,6.56659317017,2.77602830977e-40,1.0,0.0,0.0,0.0,1.0,0.0,0.0,0.0,1.0,0
1480336073970366223,302,1480336073963980711,,0,0,46.5184135437,6.56662321091,2.77602830977e-40,1.0,0.0,0.0,0.0,1.0,0.0,0.0,0.0,1.0,0
1480336074070646977,303,1480336074065890825,,0,0,46.5184135437,6.56661510468,2.77602830977e-40,1.0,0.0,0.0,0.0,1.0,0.0,0.0,0.0,1.0,0
1480336074185788214,304,1480336074179881916,,0,0,46.5184135437,6.56661987305,2.77602830977e-40,1.0,0.0,0.0,0.0,1.0,0.0,0.0,0.0,1.0,0
1480336074276141460,305,1480336074272362642,,0,0,46.5184173584,6.56661844254,2.77602830977e-40,1.0,0.0,0.0,0.0,1.0,0.0,0.0,0.0,1.0,0
1480336074414376589,306,1480336074398119922,,0,0,46.5184249878,6.56661319733,2.77602830977e-40,1.0,0.0,0.0,0.0,1.0,0.0,0.0,0.0,1.0,0
1480336074471154688,307,1480336074467464359,,0,0,46.5184249878,6.56660413742,2.77602830977e-40,1.0,0.0,0.0,0.0,1.0,0.0,0.0,0.0,1.0,0
1480336074574347029,308,1480336074570159518,,0,0,46.5184288025,6.56660318375,2.77602830977e-40,1.0,0.0,0.0,0.0,1.0,0.0,0.0,0.0,1.0,0
1480336074664647515,309,1480336074660841093,,0,0,46.5184326172,6.56659841537,2.77602830977e-40,1.0,0.0,0.0,0.0,1.0,0.0,0.0,0.0,1.0,0
1480336074786254419,310,1480336074783002992,,0,0,46.5184326172,6.56659698486,2.77602830977e-40,1.0,0.0,0.0,0.0,1.0,0.0,0.0,0.0,1.0,0
1480336074879648833,311,1480336074874734818,,0,0,46.5184326172,6.56658124924,2.77602830977e-40,1.0,0.0,0.0,0.0,1.0,0.0,0.0,0.0,1.0,0
1480336074984235692,312,1480336074978130386,,0,0,46.5184364319,6.56658315659,2.77602830977e-40,1.0,0.0,0.0,0.0,1.0,0.0,0.0,0.0,1.0,0
1480336075072250314,313,1480336075069381227,,0,0,46.5184402466,6.56658506393,2.77602830977e-40,1.0,0.0,0.0,0.0,1.0,0.0,0.0,0.0,1.0,0
1480336075173764442,314,1480336075170815148,,0,0,46.5184440613,6.56658840179,2.77602830977e-40,1.0,0.0,0.0,0.0,1.0,0.0,0.0,0.0,1.0,0
1480336075277568756,315,1480336075272819010,,0,0,46.518447876,6.56658601761,2.77602830977e-40,1.0,0.0,0.0,0.0,1.0,0.0,0.0,0.0,1.0,0
1480336075378286330,316,1480336075375716875,,0,0,46.5184555054,6.56658792496,2.77602830977e-40,1.0,0.0,0.0,0.0,1.0,0.0,0.0,0.0,1.0,0
1480336075471870950,317,1480336075469535921,,0,0,46.5184555054,6.56658840179,2.77602830977e-40,1.0,0.0,0.0,0.0,1.0,0.0,0.0,0.0,1.0,0
1480336075579556009,318,1480336075573758669,,0,0,46.5184593201,6.56658840179,2.77602830977e-40,1.0,0.0,0.0,0.0,1.0,0.0,0.0,0.0,1.0,0
1480336075673944945,319,1480336075668185417,,0,0,46.5184593201,6.56658267975,2.77602830977e-40,1.0,0.0,0.0,0.0,1.0,0.0,0.0,0.0,1.0,0
1480336075784642109,320,1480336075780913656,,0,0,46.5184593201,6.56657171249,2.77602830977e-40,1.0,0.0,0.0,0.0,1.0,0.0,0.0,0.0,1.0,0
1480336075876495497,321,1480336075873550473,,0,0,46.5184631348,6.56657075882,2.77602830977e-40,1.0,0.0,0.0,0.0,1.0,0.0,0.0,0.0,1.0,0
1480336075969755798,322,1480336075966855670,,0,0,46.5184669495,6.56656694412,2.77602830977e-40,1.0,0.0,0.0,0.0,1.0,0.0,0.0,0.0,1.0,0
1480336076065778572,323,1480336076059300301,,0,0,46.5184707642,6.56656980515,2.77602830977e-40,1.0,0.0,0.0,0.0,1.0,0.0,0.0,0.0,1.0,0
1480336076177805881,324,1480336076173545609,,0,0,46.5184745789,6.56657838821,2.77602830977e-40,1.0,0.0,0.0,0.0,1.0,0.0,0.0,0.0,1.0,0
1480336076282205502,325,1480336076276209934,,0,0,46.5184745789,6.56656932831,2.77602830977e-40,1.0,0.0,0.0,0.0,1.0,0.0,0.0,0.0,1.0,0
1480336076372389791,326,1480336076369394090,,0,0,46.5184783936,6.56656694412,2.77602830977e-40,1.0,0.0,0.0,0.0,1.0,0.0,0.0,0.0,1.0,0
1480336076473849544,327,1480336076470958322,,0,0,46.5184783936,6.56656265259,2.77602830977e-40,1.0,0.0,0.0,0.0,1.0,0.0,0.0,0.0,1.0,0
1480336076574939666,328,1480336076572507241,,0,0,46.5184783936,6.56655502319,2.77602830977e-40,1.0,0.0,0.0,0.0,1.0,0.0,0.0,0.0,1.0,0
1480336076677490815,329,1480336076675148233,,0,0,46.5184822083,6.56654930115,2.77602830977e-40,1.0,0.0,0.0,0.0,1.0,0.0,0.0,0.0,1.0,0
1480336076786309352,330,1480336076778232502,,0,0,46.5184860229,6.56654548645,2.77602830977e-40,1.0,0.0,0.0,0.0,1.0,0.0,0.0,0.0,1.0,0
1480336076872377170,331,1480336076868938766,,0,0,46.5184860229,6.56653738022,2.77602830977e-40,1.0,0.0,0.0,0.0,1.0,0.0,0.0,0.0,1.0,0
1480336076984394843,332,1480336076981614088,,0,0,46.5184898376,6.56653356552,2.77602830977e-40,1.0,0.0,0.0,0.0,1.0,0.0,0.0,0.0,1.0,0
1480336077075948702,333,1480336077072244623,,0,0,46.5184936523,6.56652975082,2.77602830977e-40,1.0,0.0,0.0,0.0,1.0,0.0,0.0,0.0,1.0,0
1480336077177179239,334,1480336077175146394,,0,0,46.5184936523,6.56652784348,2.77602830977e-40,1.0,0.0,0.0,0.0,1.0,0.0,0.0,0.0,1.0,0
1480336077280969543,335,1480336077278825866,,0,0,46.518497467,6.56652212143,2.77602830977e-40,1.0,0.0,0.0,0.0,1.0,0.0,0.0,0.0,1.0,0
1480336077373411258,336,1480336077371049458,,0,0,46.5185012817,6.56652116776,2.77602830977e-40,1.0,0.0,0.0,0.0,1.0,0.0,0.0,0.0,1.0,0
1480336077468056181,337,1480336077462831440,,0,0,46.5185050964,6.56651687622,2.77602830977e-40,1.0,0.0,0.0,0.0,1.0,0.0,0.0,0.0,1.0,0
1480336077580696296,338,1480336077576471545,,0,0,46.5185050964,6.56651210785,2.77602830977e-40,1.0,0.0,0.0,0.0,1.0,0.0,0.0,0.0,1.0,0
1480336077672543277,339,1480336077668763366,,0,0,46.5185089111,6.56651210785,2.77602830977e-40,1.0,0.0,0.0,0.0,1.0,0.0,0.0,0.0,1.0,0
1480336077775619474,340,1480336077772319974,,0,0,46.5185127258,6.5665063858,2.77602830977e-40,1.0,0.0,0.0,0.0,1.0,0.0,0.0,0.0,1.0,0
1480336077878194685,341,1480336077874222484,,0,0,46.5185127258,6.56650495529,2.77602830977e-40,1.0,0.0,0.0,0.0,1.0,0.0,0.0,0.0,1.0,0
1480336077972050605,342,1480336077968734804,,0,0,46.5185203552,6.5665102005,2.77602830977e-40,1.0,0.0,0.0,0.0,1.0,0.0,0.0,0.0,1.0,0
1480336078074681389,343,1480336078071374598,,0,0,46.5185241699,6.56650018692,2.77602830977e-40,1.0,0.0,0.0,0.0,1.0,0.0,0.0,0.0,1.0,0
1480336078177118738,344,1480336078173783249,,0,0,46.5185203552,6.56649398804,2.77602830977e-40,1.0,0.0,0.0,0.0,1.0,0.0,0.0,0.0,1.0,0
1480336078280900396,345,1480336078275044306,,0,0,46.5185279846,6.56648826599,2.77602830977e-40,1.0,0.0,0.0,0.0,1.0,0.0,0.0,0.0,1.0,0
1480336078383421910,346,1480336078378293522,,0,0,46.5185317993,6.56648540497,2.77602830977e-40,1.0,0.0,0.0,0.0,1.0,0.0,0.0,0.0,1.0,0
1480336078472513605,347,1480336078469271605,,0,0,46.5185317993,6.56648015976,2.77602830977e-40,1.0,0.0,0.0,0.0,1.0,0.0,0.0,0.0,1.0,0
1480336078575122254,348,1480336078571831921,,0,0,46.5185317993,6.5664768219,2.77602830977e-40,1.0,0.0,0.0,0.0,1.0,0.0,0.0,0.0,1.0,0
1480336078676471592,349,1480336078673697296,,0,0,46.5185317993,6.56646871567,2.77602830977e-40,1.0,0.0,0.0,0.0,1.0,0.0,0.0,0.0,1.0,0
1480336078767683944,350,1480336078764759962,,0,0,46.518535614,6.56646490097,2.77602830977e-40,1.0,0.0,0.0,0.0,1.0,0.0,0.0,0.0,1.0,0
1480336078873673237,351,1480336078869899628,,0,0,46.518535614,6.56645727158,2.77602830977e-40,1.0,0.0,0.0,0.0,1.0,0.0,0.0,0.0,1.0,0
1480336078998534797,352,1480336078994368743,,0,0,46.518535614,6.56644964218,2.77602830977e-40,1.0,0.0,0.0,0.0,1.0,0.0,0.0,0.0,1.0,0
1480336079117880160,353,1480336079114997635,,0,0,46.518535614,6.56644439697,2.77602830977e-40,1.0,0.0,0.0,0.0,1.0,0.0,0.0,0.0,1.0,0
1480336079270929104,354,1480336079268576315,,0,0,46.5185394287,6.5664305687,2.77602830977e-40,1.0,0.0,0.0,0.0,1.0,0.0,0.0,0.0,1.0,0
1480336079425317984,355,1480336079422310253,,0,0,46.5185394287,6.56642007828,2.77602830977e-40,1.0,0.0,0.0,0.0,1.0,0.0,0.0,0.0,1.0,0
1480336079571857148,356,1480336079568041820,,0,0,46.5185432434,6.56641149521,2.77602830977e-40,1.0,0.0,0.0,0.0,1.0,0.0,0.0,0.0,1.0,0
1480336079675828961,357,1480336079670585209,,0,0,46.5185470581,6.56640529633,2.77602830977e-40,1.0,0.0,0.0,0.0,1.0,0.0,0.0,0.0,1.0,0
1480336079778029332,358,1480336079774483064,,0,0,46.5185470581,6.56639623642,2.77602830977e-40,1.0,0.0,0.0,0.0,1.0,0.0,0.0,0.0,1.0,0
1480336079867699668,359,1480336079865517814,,0,0,46.5185508728,6.56638860703,2.77602830977e-40,1.0,0.0,0.0,0.0,1.0,0.0,0.0,0.0,1.0,0
1480336079973969896,360,1480336079968302554,,0,0,46.5185508728,6.5663819313,2.77602830977e-40,1.0,0.0,0.0,0.0,1.0,0.0,0.0,0.0,1.0,0
1480336080074720125,361,1480336080070836048,,0,0,46.5185546875,6.56637859344,2.77602830977e-40,1.0,0.0,0.0,0.0,1.0,0.0,0.0,0.0,1.0,0
1480336080273505713,362,1480336080271520993,,0,0,46.5185585022,6.56637573242,2.77602830977e-40,1.0,0.0,0.0,0.0,1.0,0.0,0.0,0.0,1.0,0
1480336080490650500,363,1480336080487433656,,0,0,46.5185699463,6.56636619568,2.77602830977e-40,1.0,0.0,0.0,0.0,1.0,0.0,0.0,0.0,1.0,0
1480336080947653136,364,1480336080939747171,,0,0,46.5185699463,6.56633806229,2.77602830977e-40,1.0,0.0,0.0,0.0,1.0,0.0,0.0,0.0,1.0,0
1480336081294539228,365,1480336081291430039,,0,0,46.5185699463,6.56630039215,2.77602830977e-40,1.0,0.0,0.0,0.0,1.0,0.0,0.0,0.0,1.0,0
1480336081675013329,366,1480336081672224085,,0,0,46.5185699463,6.56628322601,2.77602830977e-40,1.0,0.0,0.0,0.0,1.0,0.0,0.0,0.0,1.0,0
1480336082002141954,367,1480336081997760955,,0,0,46.5185699463,6.56627035141,2.77602830977e-40,1.0,0.0,0.0,0.0,1.0,0.0,0.0,0.0,1.0,0
1480336082403532678,368,1480336082396976126,,0,0,46.5185508728,6.56624555588,2.77602830977e-40,1.0,0.0,0.0,0.0,1.0,0.0,0.0,0.0,1.0,0
1480336082781218942,369,1480336082778012774,,0,0,46.5185432434,6.56623744965,2.77602830977e-40,1.0,0.0,0.0,0.0,1.0,0.0,0.0,0.0,1.0,0
1480336083058059769,370,1480336083055676250,,0,0,46.5185279846,6.56621456146,2.77602830977e-40,1.0,0.0,0.0,0.0,1.0,0.0,0.0,0.0,1.0,0
1480336083387145615,371,1480336083383538879,,0,0,46.518497467,6.56620550156,2.77602830977e-40,1.0,0.0,0.0,0.0,1.0,0.0,0.0,0.0,1.0,0
1480336083773556482,372,1480336083771183172,,0,0,46.5184707642,6.56619262695,2.77602830977e-40,1.0,0.0,0.0,0.0,1.0,0.0,0.0,0.0,1.0,0
1480336084037594828,373,1480336084034930062,,0,0,46.5184288025,6.56620311737,2.77602830977e-40,1.0,0.0,0.0,0.0,1.0,0.0,0.0,0.0,1.0,0
1480336084348971938,374,1480336084346475608,,0,0,46.5184059143,6.56621360779,2.77602830977e-40,1.0,0.0,0.0,0.0,1.0,0.0,0.0,0.0,1.0,0
1480336084602217263,375,1480336084595660816,,0,0,46.5184211731,6.56621456146,2.77602830977e-40,1.0,0.0,0.0,0.0,1.0,0.0,0.0,0.0,1.0,0
1480336084895883085,376,1480336084892558013,,0,0,46.5183753967,6.56625080109,2.77602830977e-40,1.0,0.0,0.0,0.0,1.0,0.0,0.0,0.0,1.0,0
1480336085180833626,377,1480336085178618960,,0,0,46.5183601379,6.56626605988,2.77602830977e-40,1.0,0.0,0.0,0.0,1.0,0.0,0.0,0.0,1.0,0
1480336085509036251,378,1480336085502897404,,0,0,46.5183601379,6.56627988815,2.77602830977e-40,1.0,0.0,0.0,0.0,1.0,0.0,0.0,0.0,1.0,0
1480336085825289668,379,1480336085818353068,,0,0,46.5183677673,6.56629419327,2.77602830977e-40,1.0,0.0,0.0,0.0,1.0,0.0,0.0,0.0,1.0,0
1480336086039375370,380,1480336086035754467,,0,0,46.5183525085,6.56629705429,2.77602830977e-40,1.0,0.0,0.0,0.0,1.0,0.0,0.0,0.0,1.0,0
1480336086265236219,381,1480336086261225476,,0,0,46.5183372498,6.56630945206,2.77602830977e-40,1.0,0.0,0.0,0.0,1.0,0.0,0.0,0.0,1.0,0
1480336086468287600,382,1480336086466132308,,0,0,46.5183258057,6.56632232666,2.77602830977e-40,1.0,0.0,0.0,0.0,1.0,0.0,0.0,0.0,1.0,0
1480336086830439534,383,1480336086828360126,,0,0,46.5183258057,6.56634140015,2.77602830977e-40,1.0,0.0,0.0,0.0,1.0,0.0,0.0,0.0,1.0,0
1480336087151436551,384,1480336087145156924,,0,0,46.5183372498,6.56642818451,2.77602830977e-40,1.0,0.0,0.0,0.0,1.0,0.0,0.0,0.0,1.0,0
1480336087362393845,385,1480336087359454707,,0,0,46.5183448792,6.56640577316,2.77602830977e-40,1.0,0.0,0.0,0.0,1.0,0.0,0.0,0.0,1.0,0
1480336087587605013,386,1480336087583382970,,0,0,46.5183105469,6.56638288498,2.77602830977e-40,1.0,0.0,0.0,0.0,1.0,0.0,0.0,0.0,1.0,0
1480336087967887397,387,1480336087965744293,,0,0,46.518321991,6.56639575958,2.77602830977e-40,1.0,0.0,0.0,0.0,1.0,0.0,0.0,0.0,1.0,0
1480336088184608907,388,1480336088180627018,,0,0,46.5183181763,6.56642103195,2.77602830977e-40,1.0,0.0,0.0,0.0,1.0,0.0,0.0,0.0,1.0,0
1480336088509344586,389,1480336088503097042,,0,0,46.5183029175,6.56644105911,2.77602830977e-40,1.0,0.0,0.0,0.0,1.0,0.0,0.0,0.0,1.0,0
1480336088802649630,390,1480336088800269653,,0,0,46.5183143616,6.56645870209,2.77602830977e-40,1.0,0.0,0.0,0.0,1.0,0.0,0.0,0.0,1.0,0
1480336089099127665,391,1480336089095634677,,0,0,46.5183143616,6.56648921967,2.77602830977e-40,1.0,0.0,0.0,0.0,1.0,0.0,0.0,0.0,1.0,0
1480336089332334224,392,1480336089329857946,,0,0,46.5183143616,6.5664896965,2.77602830977e-40,1.0,0.0,0.0,0.0,1.0,0.0,0.0,0.0,1.0,0
1480336089583783994,393,1480336089578235089,,0,0,46.5182991028,6.56649398804,2.77602830977e-40,1.0,0.0,0.0,0.0,1.0,0.0,0.0,0.0,1.0,0
1480336089674618120,394,1480336089671352787,,0,0,46.5182914734,6.56649065018,2.77602830977e-40,1.0,0.0,0.0,0.0,1.0,0.0,0.0,0.0,1.0,0
1480336089756873058,395,1480336089752833358,,0,0,46.5182914734,6.56647205353,2.77602830977e-40,1.0,0.0,0.0,0.0,1.0,0.0,0.0,0.0,1.0,0
1480336089868628390,396,1480336089866458150,,0,0,46.5182991028,6.56649065018,2.77602830977e-40,1.0,0.0,0.0,0.0,1.0,0.0,0.0,0.0,1.0,0
1480336089983321974,397,1480336089980083464,,0,0,46.5183105469,6.56648492813,2.77602830977e-40,1.0,0.0,0.0,0.0,1.0,0.0,0.0,0.0,1.0,0
1480336090180877054,398,1480336090178479264,,0,0,46.5183181763,6.56648206711,2.77602830977e-40,1.0,0.0,0.0,0.0,1.0,0.0,0.0,0.0,1.0,0
1480336090283214143,399,1480336090281186141,,0,0,46.5183181763,6.56651592255,2.77602830977e-40,1.0,0.0,0.0,0.0,1.0,0.0,0.0,0.0,1.0,0
1480336090386471379,400,1480336090384308118,,0,0,46.518321991,6.56652927399,2.77602830977e-40,1.0,0.0,0.0,0.0,1.0,0.0,0.0,0.0,1.0,0
1480336090488596126,401,1480336090484475124,,0,0,46.5183143616,6.56655550003,2.77602830977e-40,1.0,0.0,0.0,0.0,1.0,0.0,0.0,0.0,1.0,0
1480336090580106444,402,1480336090577121056,,0,0,46.5183181763,6.56658744812,2.77602830977e-40,1.0,0.0,0.0,0.0,1.0,0.0,0.0,0.0,1.0,0
1480336090683306701,403,1480336090679422572,,0,0,46.5183258057,6.56657648087,2.77602830977e-40,1.0,0.0,0.0,0.0,1.0,0.0,0.0,0.0,1.0,0
1480336090790912802,404,1480336090781894139,,0,0,46.5183258057,6.56657648087,2.77602830977e-40,1.0,0.0,0.0,0.0,1.0,0.0,0.0,0.0,1.0,0
1480336090977281374,405,1480336090974828638,,0,0,46.5183410645,6.5665845871,2.77602830977e-40,1.0,0.0,0.0,0.0,1.0,0.0,0.0,0.0,1.0,0
1480336091084420396,406,1480336091078665868,,0,0,46.5183334351,6.56656694412,2.77602830977e-40,1.0,0.0,0.0,0.0,1.0,0.0,0.0,0.0,1.0,0
1480336091169299840,407,1480336091161318459,,0,0,46.5183296204,6.56656980515,2.77602830977e-40,1.0,0.0,0.0,0.0,1.0,0.0,0.0,0.0,1.0,0
1480336091280633978,408,1480336091275545277,,0,0,46.5183258057,6.56657361984,2.77602830977e-40,1.0,0.0,0.0,0.0,1.0,0.0,0.0,0.0,1.0,0
1480336091387763989,409,1480336091380093751,,0,0,46.5183296204,6.56658744812,2.77602830977e-40,1.0,0.0,0.0,0.0,1.0,0.0,0.0,0.0,1.0,0
1480336091476637926,410,1480336091473368062,,0,0,46.5183410645,6.56660175323,2.77602830977e-40,1.0,0.0,0.0,0.0,1.0,0.0,0.0,0.0,1.0,0
1480336091577731225,411,1480336091575066511,,0,0,46.5183410645,6.56659412384,2.77602830977e-40,1.0,0.0,0.0,0.0,1.0,0.0,0.0,0.0,1.0,0
1480336091683287450,412,1480336091679723890,,0,0,46.5183486938,6.566593647,2.77602830977e-40,1.0,0.0,0.0,0.0,1.0,0.0,0.0,0.0,1.0,0
1480336091787068743,413,1480336091782388840,,0,0,46.5183448792,6.56659984589,2.77602830977e-40,1.0,0.0,0.0,0.0,1.0,0.0,0.0,0.0,1.0,0
1480336091877191679,414,1480336091875086751,,0,0,46.5183448792,6.56660985947,2.77602830977e-40,1.0,0.0,0.0,0.0,1.0,0.0,0.0,0.0,1.0,0
1480336091984782207,415,1480336091979198719,,0,0,46.5183486938,6.56660223007,2.77602830977e-40,1.0,0.0,0.0,0.0,1.0,0.0,0.0,0.0,1.0,0
1480336092086248106,416,1480336092080881387,,0,0,46.5183486938,6.56659841537,2.77602830977e-40,1.0,0.0,0.0,0.0,1.0,0.0,0.0,0.0,1.0,0
1480336092192609531,417,1480336092183708887,,0,0,46.5183448792,6.566593647,2.77602830977e-40,1.0,0.0,0.0,0.0,1.0,0.0,0.0,0.0,1.0,0
1480336092278119073,418,1480336092275895813,,0,0,46.5183486938,6.56659698486,2.77602830977e-40,1.0,0.0,0.0,0.0,1.0,0.0,0.0,0.0,1.0,0
1480336092382001720,419,1480336092378590920,,0,0,46.5183525085,6.56659460068,2.77602830977e-40,1.0,0.0,0.0,0.0,1.0,0.0,0.0,0.0,1.0,0
1480336092475759777,420,1480336092470947011,,0,0,46.5183601379,6.56660366058,2.77602830977e-40,1.0,0.0,0.0,0.0,1.0,0.0,0.0,0.0,1.0,0
1480336092565372457,421,1480336092563369038,,0,0,46.518371582,6.56661653519,2.77602830977e-40,1.0,0.0,0.0,0.0,1.0,0.0,0.0,0.0,1.0,0
1480336092680244477,422,1480336092675044475,,0,0,46.518371582,6.56661701202,2.77602830977e-40,1.0,0.0,0.0,0.0,1.0,0.0,0.0,0.0,1.0,0
1480336092790467740,423,1480336092787791255,,0,0,46.5183753967,6.56661558151,2.77602830977e-40,1.0,0.0,0.0,0.0,1.0,0.0,0.0,0.0,1.0,0
1480336092988008236,424,1480336092984366084,,0,0,46.5183792114,6.56662082672,2.77602830977e-40,1.0,0.0,0.0,0.0,1.0,0.0,0.0,0.0,1.0,0
1480336093186670649,425,1480336093178981868,,0,0,46.5183830261,6.56661605835,2.77602830977e-40,1.0,0.0,0.0,0.0,1.0,0.0,0.0,0.0,1.0,0
1480336093275232193,426,1480336093272339356,,0,0,46.5183868408,6.56661748886,2.77602830977e-40,1.0,0.0,0.0,0.0,1.0,0.0,0.0,0.0,1.0,0
1480336093377936518,427,1480336093374558009,,0,0,46.5183906555,6.56661987305,2.77602830977e-40,1.0,0.0,0.0,0.0,1.0,0.0,0.0,0.0,1.0,0
1480336093481550157,428,1480336093477847171,,0,0,46.5183944702,6.56661653519,2.77602830977e-40,1.0,0.0,0.0,0.0,1.0,0.0,0.0,0.0,1.0,0
1480336093584982287,429,1480336093580638735,,0,0,46.5183944702,6.5666179657,2.77602830977e-40,1.0,0.0,0.0,0.0,1.0,0.0,0.0,0.0,1.0,0
1480336093677207911,430,1480336093674487624,,0,0,46.5183982849,6.56662082672,2.77602830977e-40,1.0,0.0,0.0,0.0,1.0,0.0,0.0,0.0,1.0,0
1480336093780545511,431,1480336093777659705,,0,0,46.5184020996,6.56663036346,2.77602830977e-40,1.0,0.0,0.0,0.0,1.0,0.0,0.0,0.0,1.0,0
1480336093974805882,432,1480336093971019564,,0,0,46.5184135437,6.56662750244,2.77602830977e-40,1.0,0.0,0.0,0.0,1.0,0.0,0.0,0.0,1.0,0
1480336094074770650,433,1480336094072088332,,0,0,46.5184173584,6.56662321091,2.77602830977e-40,1.0,0.0,0.0,0.0,1.0,0.0,0.0,0.0,1.0,0
1480336094177805076,434,1480336094174150944,,0,0,46.5184173584,6.5666308403,2.77602830977e-40,1.0,0.0,0.0,0.0,1.0,0.0,0.0,0.0,1.0,0
1480336094282001470,435,1480336094275214868,,0,0,46.5184249878,6.56662845612,2.77602830977e-40,1.0,0.0,0.0,0.0,1.0,0.0,0.0,0.0,1.0,0
1480336094466917087,436,1480336094450122561,,0,0,46.5184326172,6.56663656235,2.77602830977e-40,1.0,0.0,0.0,0.0,1.0,0.0,0.0,0.0,1.0,0
1480336094574735165,437,1480336094571892744,,0,0,46.5184211731,6.56664228439,2.77602830977e-40,1.0,0.0,0.0,0.0,1.0,0.0,0.0,0.0,1.0,0
1480336094676854756,438,1480336094674723787,,0,0,46.5184173584,6.5666475296,2.77602830977e-40,1.0,0.0,0.0,0.0,1.0,0.0,0.0,0.0,1.0,0
1480336094787611660,439,1480336094778935701,,0,0,46.5184211731,6.56663274765,2.77602830977e-40,1.0,0.0,0.0,0.0,1.0,0.0,0.0,0.0,1.0,0
1480336094889416618,440,1480336094882190385,,0,0,46.5184288025,6.5666217804,2.77602830977e-40,1.0,0.0,0.0,0.0,1.0,0.0,0.0,0.0,1.0,0
1480336094991092046,441,1480336094985606058,,0,0,46.5184288025,6.56661462784,2.77602830977e-40,1.0,0.0,0.0,0.0,1.0,0.0,0.0,0.0,1.0,0
1480336095238895966,442,1480336095235342093,,0,0,46.5184288025,6.56662082672,2.77602830977e-40,1.0,0.0,0.0,0.0,1.0,0.0,0.0,0.0,1.0,0
1480336095455887212,443,1480336095452449693,,0,0,46.5184288025,6.56663417816,2.77602830977e-40,1.0,0.0,0.0,0.0,1.0,0.0,0.0,0.0,1.0,0
1480336095710174350,444,1480336095707400002,,0,0,46.5184249878,6.56663036346,2.77602830977e-40,1.0,0.0,0.0,0.0,1.0,0.0,0.0,0.0,1.0,0
1480336095975032272,445,1480336095972459380,,0,0,46.5184135437,6.56662511826,2.77602830977e-40,1.0,0.0,0.0,0.0,1.0,0.0,0.0,0.0,1.0,0
1480336096178177245,446,1480336096175289617,,0,0,46.5184211731,6.5666270256,2.77602830977e-40,1.0,0.0,0.0,0.0,1.0,0.0,0.0,0.0,1.0,0
1480336096379665881,447,1480336096371975226,,0,0,46.5184135437,6.56661510468,2.77602830977e-40,1.0,0.0,0.0,0.0,1.0,0.0,0.0,0.0,1.0,0
1480336096572888502,448,1480336096569675720,,0,0,46.518409729,6.566634655,2.77602830977e-40,1.0,0.0,0.0,0.0,1.0,0.0,0.0,0.0,1.0,0
1480336096800231941,449,1480336096797078273,,0,0,46.518409729,6.566634655,2.77602830977e-40,1.0,0.0,0.0,0.0,1.0,0.0,0.0,0.0,1.0,0
1480336097069990232,450,1480336097066584275,,0,0,46.5183982849,6.56661891937,2.77602830977e-40,1.0,0.0,0.0,0.0,1.0,0.0,0.0,0.0,1.0,0
1480336097336386524,451,1480336097333749518,,0,0,46.5184402466,6.56658554077,2.77602830977e-40,1.0,0.0,0.0,0.0,1.0,0.0,0.0,0.0,1.0,0
1480336097619158284,452,1480336097614927960,,0,0,46.5184745789,6.56658124924,2.77602830977e-40,1.0,0.0,0.0,0.0,1.0,0.0,0.0,0.0,1.0,0
1480336097909897415,453,1480336097906260836,,0,0,46.5184288025,6.56662130356,2.77602830977e-40,1.0,0.0,0.0,0.0,1.0,0.0,0.0,0.0,1.0,0
1480336098152472218,454,1480336098149003189,,0,0,46.5184211731,6.56661367416,2.77602830977e-40,1.0,0.0,0.0,0.0,1.0,0.0,0.0,0.0,1.0,0
1480336098445067529,455,1480336098443045570,,0,0,46.5184440613,6.56660938263,2.77602830977e-40,1.0,0.0,0.0,0.0,1.0,0.0,0.0,0.0,1.0,0
1480336098718016675,456,1480336098715444825,,0,0,46.5184860229,6.56662416458,2.77602830977e-40,1.0,0.0,0.0,0.0,1.0,0.0,0.0,0.0,1.0,0
1480336098984694632,457,1480336098980479568,,0,0,46.5185241699,6.56664419174,2.77602830977e-40,1.0,0.0,0.0,0.0,1.0,0.0,0.0,0.0,1.0,0
1480336099187657732,458,1480336099181246335,,0,0,46.5185241699,6.56662893295,2.77602830977e-40,1.0,0.0,0.0,0.0,1.0,0.0,0.0,0.0,1.0,0
1480336099386954982,459,1480336099383451682,,0,0,46.5185546875,6.56664180756,2.77602830977e-40,1.0,0.0,0.0,0.0,1.0,0.0,0.0,0.0,1.0,0
1480336099574225733,460,1480336099571442166,,0,0,46.5185852051,6.56665945053,2.77602830977e-40,1.0,0.0,0.0,0.0,1.0,0.0,0.0,0.0,1.0,0
1480336099787112384,461,1480336099783690646,,0,0,46.5185966492,6.56666517258,2.77602830977e-40,1.0,0.0,0.0,0.0,1.0,0.0,0.0,0.0,1.0,0
1480336099980396879,462,1480336099974758496,,0,0,46.5186004639,6.5666642189,2.77602830977e-40,1.0,0.0,0.0,0.0,1.0,0.0,0.0,0.0,1.0,0
1480336100220503373,463,1480336100217313039,,0,0,46.5186042786,6.56666564941,2.77602830977e-40,1.0,0.0,0.0,0.0,1.0,0.0,0.0,0.0,1.0,0
1480336100443606331,464,1480336100441096616,,0,0,46.5185279846,6.56660890579,2.77602830977e-40,1.0,0.0,0.0,0.0,1.0,0.0,0.0,0.0,1.0,0
1480336100687976585,465,1480336100685574473,,0,0,46.5185661316,6.56663703918,2.77602830977e-40,1.0,0.0,0.0,0.0,1.0,0.0,0.0,0.0,1.0,0
1480336100837060673,466,1480336100833595446,,0,0,46.5185775757,6.56664705276,2.77602830977e-40,1.0,0.0,0.0,0.0,1.0,0.0,0.0,0.0,1.0,0
1480336101049797794,467,1480336101043856080,,0,0,46.5185775757,6.56665086746,2.77602830977e-40,1.0,0.0,0.0,0.0,1.0,0.0,0.0,0.0,1.0,0
1480336101249419416,468,1480336101246623245,,0,0,46.5185775757,6.56665277481,2.77602830977e-40,1.0,0.0,0.0,0.0,1.0,0.0,0.0,0.0,1.0,0
1480336101437450368,469,1480336101434763883,,0,0,46.518573761,6.56665086746,2.77602830977e-40,1.0,0.0,0.0,0.0,1.0,0.0,0.0,0.0,1.0,0
1480336101646825906,470,1480336101644124839,,0,0,46.518573761,6.5666513443,2.77602830977e-40,1.0,0.0,0.0,0.0,1.0,0.0,0.0,0.0,1.0,0
1480336101839411450,471,1480336101835473363,,0,0,46.518573761,6.5666513443,2.77602830977e-40,1.0,0.0,0.0,0.0,1.0,0.0,0.0,0.0,1.0,0
1480336102036635752,472,1480336102034191608,,0,0,46.5184631348,6.56657361984,2.77602830977e-40,1.0,0.0,0.0,0.0,1.0,0.0,0.0,0.0,1.0,0
1480336102228444949,473,1480336102223640516,,0,0,46.5185203552,6.56663799286,2.77602830977e-40,1.0,0.0,0.0,0.0,1.0,0.0,0.0,0.0,1.0,0
1480336102438551991,474,1480336102436269669,,0,0,46.5184249878,6.56655454636,2.77602830977e-40,1.0,0.0,0.0,0.0,1.0,0.0,0.0,0.0,1.0,0
1480336102639701931,475,1480336102634671355,,0,0,46.5185279846,6.56663322449,2.77602830977e-40,1.0,0.0,0.0,0.0,1.0,0.0,0.0,0.0,1.0,0
1480336102853415866,476,1480336102846970928,,0,0,46.5185317993,6.56663370132,2.77602830977e-40,1.0,0.0,0.0,0.0,1.0,0.0,0.0,0.0,1.0,0
1480336103044652100,477,1480336103038664970,,0,0,46.5185279846,6.56663370132,2.77602830977e-40,1.0,0.0,0.0,0.0,1.0,0.0,0.0,0.0,1.0,0
1480336103232633365,478,1480336103227902577,,0,0,46.5185317993,6.56663417816,2.77602830977e-40,1.0,0.0,0.0,0.0,1.0,0.0,0.0,0.0,1.0,0
1480336103432618473,479,1480336103430092612,,0,0,46.5183563232,6.56680297852,2.77602830977e-40,1.0,0.0,0.0,0.0,1.0,0.0,0.0,0.0,1.0,0
1480336103613840480,480,1480336103611605450,,0,0,46.5183563232,6.5668053627,2.77602830977e-40,1.0,0.0,0.0,0.0,1.0,0.0,0.0,0.0,1.0,0
1480336103836666462,481,1480336103833950655,,0,0,46.5183563232,6.56680679321,2.77602830977e-40,1.0,0.0,0.0,0.0,1.0,0.0,0.0,0.0,1.0,0
1480336104041777563,482,1480336104037355783,,0,0,46.5184669495,6.56669950485,2.77602830977e-40,1.0,0.0,0.0,0.0,1.0,0.0,0.0,0.0,1.0,0
1480336104242204125,483,1480336104238837439,,0,0,46.5183830261,6.56661605835,2.77602830977e-40,1.0,0.0,0.0,0.0,1.0,0.0,0.0,0.0,1.0,0
1480336104430245702,484,1480336104428508323,,0,0,46.5183372498,6.56661891937,2.77602830977e-40,1.0,0.0,0.0,0.0,1.0,0.0,0.0,0.0,1.0,0
1480336104641207424,485,1480336104639805562,,0,0,46.5183067322,6.56659126282,2.77602830977e-40,1.0,0.0,0.0,0.0,1.0,0.0,0.0,0.0,1.0,0
1480336104813879617,486,1480336104812018177,,0,0,46.5183105469,6.5665807724,2.77602830977e-40,1.0,0.0,0.0,0.0,1.0,0.0,0.0,0.0,1.0,0
1480336104983384237,487,1480336104981645400,,0,0,46.5184593201,6.56657600403,2.77602830977e-40,1.0,0.0,0.0,0.0,1.0,0.0,0.0,0.0,1.0,0
1480336105083623325,488,1480336105080955643,,0,0,46.5184745789,6.56659078598,2.77602830977e-40,1.0,0.0,0.0,0.0,1.0,0.0,0.0,0.0,1.0,0
1480336105201506410,489,1480336105199789239,,0,0,46.5185012817,6.56659650803,2.77602830977e-40,1.0,0.0,0.0,0.0,1.0,0.0,0.0,0.0,1.0,0
1480336105429440729,490,1480336105427363353,,0,0,46.5184593201,6.56655597687,2.77602830977e-40,1.0,0.0,0.0,0.0,1.0,0.0,0.0,0.0,1.0,0
1480336105625835715,491,1480336105601292358,,0,0,46.5184936523,6.56658315659,2.77602830977e-40,1.0,0.0,0.0,0.0,1.0,0.0,0.0,0.0,1.0,0
1480336105813146102,492,1480336105810563731,,0,0,46.5185165405,6.56658792496,2.77602830977e-40,1.0,0.0,0.0,0.0,1.0,0.0,0.0,0.0,1.0,0
1480336106012680329,493,1480336106010340716,,0,0,46.5185050964,6.56657886505,2.77602830977e-40,1.0,0.0,0.0,0.0,1.0,0.0,0.0,0.0,1.0,0
1480336106205327434,494,1480336106201483096,,0,0,46.5185050964,6.56657886505,2.77602830977e-40,1.0,0.0,0.0,0.0,1.0,0.0,0.0,0.0,1.0,0
1480336106385693096,495,1480336106382021256,,0,0,46.5185089111,6.56657886505,2.77602830977e-40,1.0,0.0,0.0,0.0,1.0,0.0,0.0,0.0,1.0,0
1480336106482197324,496,1480336106480517913,,0,0,46.5185089111,6.56657886505,2.77602830977e-40,1.0,0.0,0.0,0.0,1.0,0.0,0.0,0.0,1.0,0
1480336106587766517,497,1480336106584736911,,0,0,46.5185089111,6.56657791138,2.77602830977e-40,1.0,0.0,0.0,0.0,1.0,0.0,0.0,0.0,1.0,0
1480336106695803863,498,1480336106693801226,,0,0,46.5185089111,6.56657886505,2.77602830977e-40,1.0,0.0,0.0,0.0,1.0,0.0,0.0,0.0,1.0,0
1480336106896208863,499,1480336106894390443,,0,0,46.5185127258,6.56657981873,2.77602830977e-40,1.0,0.0,0.0,0.0,1.0,0.0,0.0,0.0,1.0,0
1480336107089516744,500,1480336107087667595,,0,0,46.5185165405,6.56657981873,2.77602830977e-40,1.0,0.0,0.0,0.0,1.0,0.0,0.0,0.0,1.0,0
1480336107200151722,501,1480336107197393467,,0,0,46.5185127258,6.56657886505,2.77602830977e-40,1.0,0.0,0.0,0.0,1.0,0.0,0.0,0.0,1.0,0
1480336107388637409,502,1480336107386456701,,0,0,46.5184860229,6.56660175323,2.77602830977e-40,1.0,0.0,0.0,0.0,1.0,0.0,0.0,0.0,1.0,0
1480336107490561950,503,1480336107484670236,,0,0,46.5185012817,6.56658601761,2.77602830977e-40,1.0,0.0,0.0,0.0,1.0,0.0,0.0,0.0,1.0,0
1480336107586533892,504,1480336107582640544,,0,0,46.5185012817,6.56658267975,2.77602830977e-40,1.0,0.0,0.0,0.0,1.0,0.0,0.0,0.0,1.0,0
1480336107687568128,505,1480336107680949234,,0,0,46.5185050964,6.56657743454,2.77602830977e-40,1.0,0.0,0.0,0.0,1.0,0.0,0.0,0.0,1.0,0
1480336107786900975,506,1480336107778737981,,0,0,46.5185050964,6.56657218933,2.77602830977e-40,1.0,0.0,0.0,0.0,1.0,0.0,0.0,0.0,1.0,0
1480336107889330771,507,1480336107887173500,,0,0,46.5185012817,6.56657028198,2.77602830977e-40,1.0,0.0,0.0,0.0,1.0,0.0,0.0,0.0,1.0,0
1480336107996635260,508,1480336107994571270,,0,0,46.518497467,6.56657171249,2.77602830977e-40,1.0,0.0,0.0,0.0,1.0,0.0,0.0,0.0,1.0,0
1480336108188291074,509,1480336108184112572,,0,0,46.5184936523,6.56657409668,2.77602830977e-40,1.0,0.0,0.0,0.0,1.0,0.0,0.0,0.0,1.0,0
1480336108288922189,510,1480336108281173253,,0,0,46.518497467,6.56657218933,2.77602830977e-40,1.0,0.0,0.0,0.0,1.0,0.0,0.0,0.0,1.0,0
1480336108402066518,511,1480336108398655926,,0,0,46.5184860229,6.56655883789,2.77602830977e-40,1.0,0.0,0.0,0.0,1.0,0.0,0.0,0.0,1.0,0
1480336108590669131,512,1480336108588619620,,0,0,46.5184822083,6.56655788422,2.77602830977e-40,1.0,0.0,0.0,0.0,1.0,0.0,0.0,0.0,1.0,0
1480336108802788445,513,1480336108798237031,,0,0,46.5184936523,6.56656503677,2.77602830977e-40,1.0,0.0,0.0,0.0,1.0,0.0,0.0,0.0,1.0,0
1480336108991180905,514,1480336108988070310,,0,0,46.5185012817,6.56656646729,2.77602830977e-40,1.0,0.0,0.0,0.0,1.0,0.0,0.0,0.0,1.0,0
1480336109191126013,515,1480336109188280311,,0,0,46.5185012817,6.5665640831,2.77602830977e-40,1.0,0.0,0.0,0.0,1.0,0.0,0.0,0.0,1.0,0
1480336109392216788,516,1480336109389643739,,0,0,46.5185127258,6.56657314301,2.77602830977e-40,1.0,0.0,0.0,0.0,1.0,0.0,0.0,0.0,1.0,0
1480336109492388168,517,1480336109486988272,,0,0,46.5185127258,6.56657361984,2.77602830977e-40,1.0,0.0,0.0,0.0,1.0,0.0,0.0,0.0,1.0,0
1480336109590677327,518,1480336109586661220,,0,0,46.518497467,6.56656122208,2.77602830977e-40,1.0,0.0,0.0,0.0,1.0,0.0,0.0,0.0,1.0,0
1480336109691284328,519,1480336109686659217,,0,0,46.5185279846,6.56658506393,2.77602830977e-40,1.0,0.0,0.0,0.0,1.0,0.0,0.0,0.0,1.0,0
1480336109788292302,520,1480336109785128322,,0,0,46.5185203552,6.56657838821,2.77602830977e-40,1.0,0.0,0.0,0.0,1.0,0.0,0.0,0.0,1.0,0
1480336109895722206,521,1480336109893765819,,0,0,46.5185165405,6.56657266617,2.77602830977e-40,1.0,0.0,0.0,0.0,1.0,0.0,0.0,0.0,1.0,0
1480336110085783087,522,1480336110083576598,,0,0,46.5185050964,6.56656551361,2.77602830977e-40,1.0,0.0,0.0,0.0,1.0,0.0,0.0,0.0,1.0,0
1480336110193264761,523,1480336110190863378,,0,0,46.5185012817,6.56655979156,2.77602830977e-40,1.0,0.0,0.0,0.0,1.0,0.0,0.0,0.0,1.0,0
1480336110405334233,524,1480336110400870525,,0,0,46.5185241699,6.5665769577,2.77602830977e-40,1.0,0.0,0.0,0.0,1.0,0.0,0.0,0.0,1.0,0
1480336110620282686,525,1480336110617614014,,0,0,46.5185279846,6.56657981873,2.77602830977e-40,1.0,0.0,0.0,0.0,1.0,0.0,0.0,0.0,1.0,0
1480336110698150271,526,1480336110695530452,,0,0,46.5185203552,6.56657409668,2.77602830977e-40,1.0,0.0,0.0,0.0,1.0,0.0,0.0,0.0,1.0,0
1480336110899490678,527,1480336110896871329,,0,0,46.5185508728,6.56659555435,2.77602830977e-40,1.0,0.0,0.0,0.0,1.0,0.0,0.0,0.0,1.0,0
1480336111102160500,528,1480336111100235779,,0,0,46.5185470581,6.56659173965,2.77602830977e-40,1.0,0.0,0.0,0.0,1.0,0.0,0.0,0.0,1.0,0
1480336111292997728,529,1480336111291129829,,0,0,46.5185470581,6.56658983231,2.77602830977e-40,1.0,0.0,0.0,0.0,1.0,0.0,0.0,0.0,1.0,0
1480336111513507065,530,1480336111511256410,,0,0,46.5185432434,6.56659078598,2.77602830977e-40,1.0,0.0,0.0,0.0,1.0,0.0,0.0,0.0,1.0,0
1480336111704270491,531,1480336111702239157,,0,0,46.5185432434,6.56658792496,2.77602830977e-40,1.0,0.0,0.0,0.0,1.0,0.0,0.0,0.0,1.0,0
1480336111886369157,532,1480336111883215489,,0,0,46.5185241699,6.56661176682,2.77602830977e-40,1.0,0.0,0.0,0.0,1.0,0.0,0.0,0.0,1.0,0
1480336111998072301,533,1480336111994346504,,0,0,46.5185279846,6.56661272049,2.77602830977e-40,1.0,0.0,0.0,0.0,1.0,0.0,0.0,0.0,1.0,0
1480336112108208065,534,1480336112105134032,,0,0,46.5185279846,6.56661319733,2.77602830977e-40,1.0,0.0,0.0,0.0,1.0,0.0,0.0,0.0,1.0,0
1480336112302923172,535,1480336112300556528,,0,0,46.5185279846,6.56661510468,2.77602830977e-40,1.0,0.0,0.0,0.0,1.0,0.0,0.0,0.0,1.0,0
1480336112504822793,536,1480336112501804593,,0,0,46.5185317993,6.56661701202,2.77602830977e-40,1.0,0.0,0.0,0.0,1.0,0.0,0.0,0.0,1.0,0
1480336112709665458,537,1480336112706831892,,0,0,46.518535614,6.56661891937,2.77602830977e-40,1.0,0.0,0.0,0.0,1.0,0.0,0.0,0.0,1.0,0
1480336112903689895,538,1480336112899120772,,0,0,46.518535614,6.56662130356,2.77602830977e-40,1.0,0.0,0.0,0.0,1.0,0.0,0.0,0.0,1.0,0
1480336113098102608,539,1480336113094946024,,0,0,46.5185394287,6.56662368774,2.77602830977e-40,1.0,0.0,0.0,0.0,1.0,0.0,0.0,0.0,1.0,0
1480336113284864250,540,1480336113278475197,,0,0,46.5185394287,6.56662654877,2.77602830977e-40,1.0,0.0,0.0,0.0,1.0,0.0,0.0,0.0,1.0,0
1480336113384031109,541,1480336113380573486,,0,0,46.5185432434,6.56662750244,2.77602830977e-40,1.0,0.0,0.0,0.0,1.0,0.0,0.0,0.0,1.0,0
1480336113493716460,542,1480336113491024195,,0,0,46.5185432434,6.56662893295,2.77602830977e-40,1.0,0.0,0.0,0.0,1.0,0.0,0.0,0.0,1.0,0
1480336113595790843,543,1480336113592648894,,0,0,46.5185432434,6.56662988663,2.77602830977e-40,1.0,0.0,0.0,0.0,1.0,0.0,0.0,0.0,1.0,0
1480336113694345885,544,1480336113692120125,,0,0,46.5185432434,6.56663131714,2.77602830977e-40,1.0,0.0,0.0,0.0,1.0,0.0,0.0,0.0,1.0,0
1480336113889252448,545,1480336113884614003,,0,0,46.5185470581,6.56663417816,2.77602830977e-40,1.0,0.0,0.0,0.0,1.0,0.0,0.0,0.0,1.0,0
1480336113989349142,546,1480336113985355899,,0,0,46.5185508728,6.56663513184,2.77602830977e-40,1.0,0.0,0.0,0.0,1.0,0.0,0.0,0.0,1.0,0
1480336114089825155,547,1480336114085492176,,0,0,46.5185508728,6.56663799286,2.77602830977e-40,1.0,0.0,0.0,0.0,1.0,0.0,0.0,0.0,1.0,0
1480336114188793682,548,1480336114185391111,,0,0,46.5185508728,6.56663894653,2.77602830977e-40,1.0,0.0,0.0,0.0,1.0,0.0,0.0,0.0,1.0,0
1480336114301496505,549,1480336114295406824,,0,0,46.5185508728,6.56663942337,2.77602830977e-40,1.0,0.0,0.0,0.0,1.0,0.0,0.0,0.0,1.0,0
1480336114397596206,550,1480336114394939877,,0,0,46.5185394287,6.56663131714,2.77602830977e-40,1.0,0.0,0.0,0.0,1.0,0.0,0.0,0.0,1.0,0
1480336114498201384,551,1480336114495667033,,0,0,46.5185623169,6.56664609909,2.77602830977e-40,1.0,0.0,0.0,0.0,1.0,0.0,0.0,0.0,1.0,0
1480336114692365767,552,1480336114689223505,,0,0,46.5185508728,6.56663703918,2.77602830977e-40,1.0,0.0,0.0,0.0,1.0,0.0,0.0,0.0,1.0,0
1480336114812762838,553,1480336114810133645,,0,0,46.5185508728,6.56663942337,2.77602830977e-40,1.0,0.0,0.0,0.0,1.0,0.0,0.0,0.0,1.0,0
1480336114997472885,554,1480336114994587288,,0,0,46.5185585022,6.56664228439,2.77602830977e-40,1.0,0.0,0.0,0.0,1.0,0.0,0.0,0.0,1.0,0
1480336115090709957,555,1480336115087363635,,0,0,46.5185585022,6.56664276123,2.77602830977e-40,1.0,0.0,0.0,0.0,1.0,0.0,0.0,0.0,1.0,0
1480336115192596061,556,1480336115189369008,,0,0,46.5185585022,6.56664323807,2.77602830977e-40,1.0,0.0,0.0,0.0,1.0,0.0,0.0,0.0,1.0,0
1480336115303435776,557,1480336115295367885,,0,0,46.5185317993,6.56662225723,2.77602830977e-40,1.0,0.0,0.0,0.0,1.0,0.0,0.0,0.0,1.0,0
1480336115390197025,558,1480336115387594133,,0,0,46.5185432434,6.56663227081,2.77602830977e-40,1.0,0.0,0.0,0.0,1.0,0.0,0.0,0.0,1.0,0
1480336115492615832,559,1480336115488541600,,0,0,46.5185546875,6.56663942337,2.77602830977e-40,1.0,0.0,0.0,0.0,1.0,0.0,0.0,0.0,1.0,0
1480336115596922224,560,1480336115590538588,,0,0,46.5185508728,6.56663894653,2.77602830977e-40,1.0,0.0,0.0,0.0,1.0,0.0,0.0,0.0,1.0,0
1480336115704984727,561,1480336115699034420,,0,0,46.5185508728,6.56664085388,2.77602830977e-40,1.0,0.0,0.0,0.0,1.0,0.0,0.0,0.0,1.0,0
1480336115895673831,562,1480336115893164376,,0,0,46.518661499,6.5665473938,2.77602830977e-40,1.0,0.0,0.0,0.0,1.0,0.0,0.0,0.0,1.0,0
1480336115982928460,563,1480336115980976969,,0,0,46.518661499,6.56654787064,2.77602830977e-40,1.0,0.0,0.0,0.0,1.0,0.0,0.0,0.0,1.0,0
1480336116083751032,564,1480336116081108818,,0,0,46.5185546875,6.5666475296,2.77602830977e-40,1.0,0.0,0.0,0.0,1.0,0.0,0.0,0.0,1.0,0
1480336116196022765,565,1480336116191946086,,0,0,46.5185508728,6.56664276123,2.77602830977e-40,1.0,0.0,0.0,0.0,1.0,0.0,0.0,0.0,1.0,0
1480336116389267834,566,1480336116386832649,,0,0,46.5185470581,6.56664562225,2.77602830977e-40,1.0,0.0,0.0,0.0,1.0,0.0,0.0,0.0,1.0,0
1480336116488075113,567,1480336116485769302,,0,0,46.5185432434,6.56664848328,2.77602830977e-40,1.0,0.0,0.0,0.0,1.0,0.0,0.0,0.0,1.0,0
1480336116590699178,568,1480336116586494687,,0,0,46.5185394287,6.56664896011,2.77602830977e-40,1.0,0.0,0.0,0.0,1.0,0.0,0.0,0.0,1.0,0
1480336116692329555,569,1480336116687299968,,0,0,46.5185394287,6.56664896011,2.77602830977e-40,1.0,0.0,0.0,0.0,1.0,0.0,0.0,0.0,1.0,0
1480336116805809974,570,1480336116797300212,,0,0,46.5185394287,6.56664943695,2.77602830977e-40,1.0,0.0,0.0,0.0,1.0,0.0,0.0,0.0,1.0,0
1480336117003053546,571,1480336116999607121,,0,0,46.5185394287,6.56664991379,2.77602830977e-40,1.0,0.0,0.0,0.0,1.0,0.0,0.0,0.0,1.0,0
1480336117185923871,572,1480336117182868119,,0,0,46.5185394287,6.56664991379,2.77602830977e-40,1.0,0.0,0.0,0.0,1.0,0.0,0.0,0.0,1.0,0
1480336117288044295,573,1480336117284967658,,0,0,46.5185394287,6.56665277481,2.77602830977e-40,1.0,0.0,0.0,0.0,1.0,0.0,0.0,0.0,1.0,0
1480336117386082779,574,1480336117384306911,,0,0,46.5185394287,6.566655159,2.77602830977e-40,1.0,0.0,0.0,0.0,1.0,0.0,0.0,0.0,1.0,0
1480336117476209673,575,1480336117473930945,,0,0,46.5185394287,6.566655159,2.77602830977e-40,1.0,0.0,0.0,0.0,1.0,0.0,0.0,0.0,1.0,0
1480336117601441698,576,1480336117597701474,,0,0,46.5185432434,6.56665802002,2.77602830977e-40,1.0,0.0,0.0,0.0,1.0,0.0,0.0,0.0,1.0,0
1480336117813211693,577,1480336117810205472,,0,0,46.5185432434,6.56665945053,2.77602830977e-40,1.0,0.0,0.0,0.0,1.0,0.0,0.0,0.0,1.0,0
1480336118004953703,578,1480336118002938045,,0,0,46.5185432434,6.56665945053,2.77602830977e-40,1.0,0.0,0.0,0.0,1.0,0.0,0.0,0.0,1.0,0
1480336118205975989,579,1480336118203689136,,0,0,46.5185432434,6.56666088104,2.77602830977e-40,1.0,0.0,0.0,0.0,1.0,0.0,0.0,0.0,1.0,0
1480336118390347809,580,1480336118385381034,,0,0,46.5185470581,6.56666183472,2.77602830977e-40,1.0,0.0,0.0,0.0,1.0,0.0,0.0,0.0,1.0,0
1480336118490508461,581,1480336118487358074,,0,0,46.5185470581,6.56666326523,2.77602830977e-40,1.0,0.0,0.0,0.0,1.0,0.0,0.0,0.0,1.0,0
1480336118591459990,582,1480336118588426738,,0,0,46.5185470581,6.5666642189,2.77602830977e-40,1.0,0.0,0.0,0.0,1.0,0.0,0.0,0.0,1.0,0
1480336118693192449,583,1480336118690779191,,0,0,46.5185470581,6.56666469574,2.77602830977e-40,1.0,0.0,0.0,0.0,1.0,0.0,0.0,0.0,1.0,0
1480336118785766663,584,1480336118780046822,,0,0,46.5185508728,6.56666660309,2.77602830977e-40,1.0,0.0,0.0,0.0,1.0,0.0,0.0,0.0,1.0,0
1480336118883137498,585,1480336118880636324,,0,0,46.5185508728,6.56666755676,2.77602830977e-40,1.0,0.0,0.0,0.0,1.0,0.0,0.0,0.0,1.0,0
1480336118992099419,586,1480336118989831367,,0,0,46.5185508728,6.56666755676,2.77602830977e-40,1.0,0.0,0.0,0.0,1.0,0.0,0.0,0.0,1.0,0
1480336119093053708,587,1480336119089707022,,0,0,46.5185508728,6.56667041779,2.77602830977e-40,1.0,0.0,0.0,0.0,1.0,0.0,0.0,0.0,1.0,0
1480336119286304923,588,1480336119283634636,,0,0,46.5185508728,6.56667041779,2.77602830977e-40,1.0,0.0,0.0,0.0,1.0,0.0,0.0,0.0,1.0,0
1480336119385361366,589,1480336119382854150,,0,0,46.5185546875,6.56667137146,2.77602830977e-40,1.0,0.0,0.0,0.0,1.0,0.0,0.0,0.0,1.0,0
1480336119482433922,590,1480336119480256547,,0,0,46.5185546875,6.56667137146,2.77602830977e-40,1.0,0.0,0.0,0.0,1.0,0.0,0.0,0.0,1.0,0
