%time,field.header.seq,field.header.stamp,field.header.frame_id,field.temperature,field.variance
1463751270238187413,296,1463751270236645701,,0.0,0.0
1463751270258596180,297,1463751270256642543,,0.0,0.0
1463751270278309325,298,1463751270276573655,,0.0,0.0
1463751270298023720,299,1463751270296637059,,0.0,0.0
1463751270318313373,300,1463751270316635984,,0.0,0.0
1463751270338045267,301,1463751270336619388,,0.0,0.0
1463751270358474868,302,1463751270356636021,,0.0,0.0
1463751270378454938,303,1463751270376663436,,0.0,0.0
1463751270398398968,304,1463751270396672986,,0.0,0.0
1463751270418144612,305,1463751270416645504,,0.0,0.0
1463751270438037288,306,1463751270436655575,,0.0,0.0
1463751270458075275,307,1463751270456656375,,0.0,0.0
1463751270478327584,308,1463751270476639831,,0.0,0.0
1463751270498005834,309,1463751270496636725,,0.0,0.0
1463751270518125800,310,1463751270516651587,,0.0,0.0
1463751270538059204,311,1463751270536684002,,0.0,0.0
1463751270558042764,312,1463751270556654541,,0.0,0.0
1463751270579007675,313,1463751270577395807,,0.0,0.0
1463751270598382175,314,1463751270596903744,,0.0,0.0
1463751270618566360,315,1463751270616938502,,0.0,0.0
1463751270638150859,316,1463751270636632949,,0.0,0.0
1463751270658348481,317,1463751270656868696,,0.0,0.0
1463751270678498499,318,1463751270676821996,,0.0,0.0
1463751270698312894,319,1463751270696855296,,0.0,0.0
1463751270718318173,320,1463751270716855367,,0.0,0.0
1463751270738637930,321,1463751270737206217,,0.0,0.0
1463751270758298523,322,1463751270756893998,,0.0,0.0
1463751270778422187,323,1463751270776819277,,0.0,0.0
1463751270798462622,324,1463751270796894660,,0.0,0.0
1463751270818883524,325,1463751270816890199,,0.0,0.0
1463751270838534586,326,1463751270836939697,,0.0,0.0
1463751270858945749,327,1463751270856979820,,0.0,0.0
1463751270879055038,328,1463751270877215619,,0.0,0.0
1463751270898682975,329,1463751270896925638,,0.0,0.0
1463751270918076746,330,1463751270916623002,,0.0,0.0
1463751270938242545,331,1463751270936643281,,0.0,0.0
1463751270958105950,332,1463751270956684862,,0.0,0.0
1463751270978454248,333,1463751270976860140,,0.0,0.0
1463751270998208695,334,1463751270996631879,,0.0,0.0
1463751271018886627,335,1463751271016648929,,0.0,0.0
1463751271038067327,336,1463751271036645718,,0.0,0.0
1463751271058687134,337,1463751271056641101,,0.0,0.0
1463751271078706945,338,1463751271076640391,,0.0,0.0
1463751271098718526,339,1463751271096632597,,0.0,0.0
1463751271118669638,340,1463751271116642928,,0.0,0.0
1463751271138704448,341,1463751271136649249,,0.0,0.0
1463751271158331760,342,1463751271156626924,,0.0,0.0
1463751271178056676,343,1463751271176654130,,0.0,0.0
1463751271198617421,344,1463751271196897012,,0.0,0.0
1463751271218713950,345,1463751271217258019,,0.0,0.0
1463751271238674854,346,1463751271236760383,,0.0,0.0
1463751271265740572,347,1463751271264144485,,0.0,0.0
1463751271278591715,348,1463751271276600734,,0.0,0.0
1463751271298669546,349,1463751271296856585,,0.0,0.0
1463751271318555607,350,1463751271316865093,,0.0,0.0
1463751271338454688,351,1463751271336753706,,0.0,0.0
1463751271359749441,352,1463751271356653100,,0.0,0.0
1463751271379181025,353,1463751271376643848,,0.0,0.0
1463751271399023388,354,1463751271396998032,,0.0,0.0
1463751271418953927,355,1463751271416812374,,0.0,0.0
1463751271438442073,356,1463751271436904319,,0.0,0.0
1463751271459516879,357,1463751271456807516,,0.0,0.0
1463751271478200966,358,1463751271476694514,,0.0,0.0
1463751271498307130,359,1463751271496694428,,0.0,0.0
1463751271518660845,360,1463751271516665176,,0.0,0.0
1463751271538009929,361,1463751271536658789,,0.0,0.0
1463751271558926558,362,1463751271556654120,,0.0,0.0
1463751271577789082,363,1463751271576668514,,0.0,0.0
1463751271597747017,364,1463751271596662699,,0.0,0.0
1463751271618150159,365,1463751271616637405,,0.0,0.0
1463751271638398510,366,1463751271636641851,,0.0,0.0
1463751271658600715,367,1463751271656655724,,0.0,0.0
1463751271678580213,368,1463751271676668086,,0.0,0.0
1463751271698591586,369,1463751271696673261,,0.0,0.0
1463751271718249627,370,1463751271716643332,,0.0,0.0
1463751271738356416,371,1463751271736647830,,0.0,0.0
1463751271758069196,372,1463751271756640192,,0.0,0.0
1463751271777965517,373,1463751271776551149,,0.0,0.0
1463751271798064807,374,1463751271796656740,,0.0,0.0
1463751271818037950,375,1463751271816651550,,0.0,0.0
1463751271838088125,376,1463751271836670110,,0.0,0.0
1463751271858083404,377,1463751271856647733,,0.0,0.0
1463751271878160818,378,1463751271876681241,,0.0,0.0
1463751271898109535,379,1463751271896666625,,0.0,0.0
1463751271918069814,380,1463751271916649560,,0.0,0.0
1463751271938025198,381,1463751271936630620,,0.0,0.0
1463751271958074122,382,1463751271956641576,,0.0,0.0
1463751271978079506,383,1463751271976656751,,0.0,0.0
1463751271998113639,384,1463751271996682239,,0.0,0.0
1463751272018175428,385,1463751272016638507,,0.0,0.0
1463751272038084770,386,1463751272036653474,,0.0,0.0
1463751272057992862,387,1463751272056613232,,0.0,0.0
1463751272078229286,388,1463751272076659293,,0.0,0.0
1463751272098215815,389,1463751272096654207,,0.0,0.0
1463751272118210677,390,1463751272116656934,,0.0,0.0
1463751272138220488,391,1463751272136640130,,0.0,0.0
1463751272159483418,392,1463751272156715877,,0.0,0.0
1463751272178122869,393,1463751272176678969,,0.0,0.0
1463751272198087992,394,1463751272196668936,,0.0,0.0
1463751272218130146,395,1463751272216697808,,0.0,0.0
1463751272238160217,396,1463751272236650067,,0.0,0.0
1463751272258239506,397,1463751272256653002,,0.0,0.0
1463751272278205097,398,1463751272276588021,,0.0,0.0
1463751272298885009,399,1463751272296652310,,0.0,0.0
1463751272318684456,400,1463751272316648839,,0.0,0.0
1463751272338765776,401,1463751272336664900,,0.0,0.0
1463751272358034496,402,1463751272356660179,,0.0,0.0
1463751272378772949,403,1463751272376642333,,0.0,0.0
1463751272398694634,404,1463751272396659018,,0.0,0.0
1463751272418656112,405,1463751272416622474,,0.0,0.0
1463751272438092174,406,1463751272436657285,,0.0,0.0
1463751272458026777,407,1463751272456653189,,0.0,0.0
1463751272478087524,408,1463751272476660551,,0.0,0.0
1463751272498081762,409,1463751272496663851,,0.0,0.0
1463751272518088030,410,1463751272516645901,,0.0,0.0
1463751272537980862,411,1463751272536647222,,0.0,0.0
1463751272558092130,412,1463751272556654532,,0.0,0.0
1463751272578692459,413,1463751272576684290,,0.0,0.0
1463751272598651800,414,1463751272596648840,,0.0,0.0
1463751272618712913,415,1463751272616654744,,0.0,0.0
1463751272638703035,416,1463751272636635180,,0.0,0.0
1463751272657988682,417,1463751272656638532,,0.0,0.0
1463751272678732500,418,1463751272676650738,,0.0,0.0
1463751272698716477,419,1463751272696646590,,0.0,0.0
1463751272718652329,420,1463751272716640983,,0.0,0.0
1463751272738098288,421,1463751272736650325,,0.0,0.0
1463751272758018567,422,1463751272756649719,,0.0,0.0
1463751272778063117,423,1463751272776645623,,0.0,0.0
1463751272798060427,424,1463751272796652673,,0.0,0.0
1463751272818035342,425,1463751272816655972,,0.0,0.0
1463751272838075620,426,1463751272836662918,,0.0,0.0
1463751272858030431,427,1463751272856623406,,0.0,0.0
1463751272878057272,428,1463751272876653737,,0.0,0.0
1463751272898085051,429,1463751272896653651,,0.0,0.0
1463751272918042883,430,1463751272916643878,,0.0,0.0
1463751272938098682,431,1463751272936665459,,0.0,0.0
1463751272958085628,432,1463751272956661468,,0.0,0.0
1463751272978150178,433,1463751272976693934,,0.0,0.0
1463751272998078686,434,1463751272996641609,,0.0,0.0
1463751273018031257,435,1463751273016637409,,0.0,0.0
1463751273038118880,436,1463751273036661230,,0.0,0.0
1463751273058083117,437,1463751273056697446,,0.0,0.0
1463751273078113136,438,1463751273076653246,,0.0,0.0
1463751273098107790,439,1463751273096664515,,0.0,0.0
1463751273118066819,440,1463751273116657346,,0.0,0.0
1463751273138120275,441,1463751273136694500,,0.0,0.0
1463751273158366699,442,1463751273156688790,,0.0,0.0
1463751273178060417,443,1463751273176644902,,0.0,0.0
1463751273198068613,444,1463751273196662056,,0.0,0.0
1463751273218185506,445,1463751273216657491,,0.0,0.0
1463751273238117764,446,1463751273236681573,,0.0,0.0
1463751273258119085,447,1463751273256692060,,0.0,0.0
1463751273278120145,448,1463751273276680099,,0.0,0.0
1463751273298743234,449,1463751273296648295,,0.0,0.0
1463751273318656326,450,1463751273316649824,,0.0,0.0
1463751273338696657,451,1463751273336654895,,0.0,0.0
1463751273358018345,452,1463751273356663716,,0.0,0.0
1463751273378120082,453,1463751273376632485,,0.0,0.0
1463751273398077237,454,1463751273396661149,,0.0,0.0
1463751273418035276,455,1463751273416641220,,0.0,0.0
1463751273438113888,456,1463751273436677020,,0.0,0.0
1463751273458052970,457,1463751273456668549,,0.0,0.0
1463751273478075228,458,1463751273476652838,,0.0,0.0
1463751273498077747,459,1463751273496663638,,0.0,0.0
1463751273518219431,460,1463751273516681000,,0.0,0.0
1463751273538257419,461,1463751273536650290,,0.0,0.0
1463751273558221864,462,1463751273556652600,,0.0,0.0
1463751273578250008,463,1463751273576667879,,0.0,0.0
1463751273598152631,464,1463751273596673158,,0.0,0.0
1463751273618087286,465,1463751273616645313,,0.0,0.0
1463751273638341834,466,1463751273636654238,,0.0,0.0
1463751273658070031,467,1463751273656639933,,0.0,0.0
1463751273677976040,468,1463751273676658546,,0.0,0.0
1463751273699730478,469,1463751273696696220,,0.0,0.0
1463751273718902063,470,1463751273716658635,,0.0,0.0
1463751273737759639,471,1463751273736661414,,0.0,0.0
1463751273757720230,472,1463751273756644297,,0.0,0.0
1463751273777867436,473,1463751273776644837,,0.0,0.0
1463751273797742403,474,1463751273796676053,,0.0,0.0
1463751273817722474,475,1463751273816644458,,0.0,0.0
1463751273837722545,476,1463751273836642080,,0.0,0.0
1463751273857746105,477,1463751273856665589,,0.0,0.0
1463751273877770707,478,1463751273876689201,,0.0,0.0
1463751273897685413,479,1463751273896633178,,0.0,0.0
1463751273917668349,480,1463751273916622676,,0.0,0.0
1463751273937696961,481,1463751273936645403,,0.0,0.0
1463751273957687500,482,1463751273956637349,,0.0,0.0
1463751273977721425,483,1463751273976663148,,0.0,0.0
1463751273997701808,484,1463751273996649938,,0.0,0.0
1463751274017752816,485,1463751274016633498,,0.0,0.0
1463751274037777002,486,1463751274036650965,,0.0,0.0
1463751274057737750,487,1463751274056631869,,0.0,0.0
1463751274077804851,488,1463751274076668658,,0.0,0.0
1463751274097794037,489,1463751274096636594,,0.0,0.0
1463751274117904003,490,1463751274116646300,,0.0,0.0
1463751274138174072,491,1463751274137125483,,0.0,0.0
1463751274160215384,492,1463751274156874461,,0.0,0.0
1463751274178674108,493,1463751274176868647,,0.0,0.0
1463751274198834230,494,1463751274196881582,,0.0,0.0
1463751274218767530,495,1463751274216718320,,0.0,0.0
1463751274238812392,496,1463751274236752922,,0.0,0.0
1463751274259219805,497,1463751274256996429,,0.0,0.0
1463751274279080605,498,1463751274276752230,,0.0,0.0
1463751274299103020,499,1463751274296811988,,0.0,0.0
1463751274319021841,500,1463751274316733674,,0.0,0.0
1463751274339222640,501,1463751274337000722,,0.0,0.0
1463751274359006930,502,1463751274356889492,,0.0,0.0
1463751274379692675,503,1463751274376848312,,0.0,0.0
1463751274400224775,504,1463751274396715571,,0.0,0.0
1463751274417848189,505,1463751274416630382,,0.0,0.0
1463751274437844718,506,1463751274436653578,,0.0,0.0
1463751274457805414,507,1463751274456642398,,0.0,0.0
1463751274477836891,508,1463751274476641167,,0.0,0.0
1463751274498135606,509,1463751274496647800,,0.0,0.0
1463751274517981355,510,1463751274516630996,,0.0,0.0
1463751274538539965,511,1463751274536650546,,0.0,0.0
1463751274557994048,512,1463751274556646398,,0.0,0.0
1463751274578332868,513,1463751274576887770,,0.0,0.0
1463751274598244501,514,1463751274596634508,,0.0,0.0
1463751274618440092,515,1463751274616617079,,0.0,0.0
1463751274638328445,516,1463751274636624025,,0.0,0.0
1463751274658680910,517,1463751274656662168,,0.0,0.0
1463751274678144056,518,1463751274676654947,,0.0,0.0
1463751274698804071,519,1463751274696636008,,0.0,0.0
1463751274718199613,520,1463751274716639099,,0.0,0.0
1463751274738130674,521,1463751274736638910,,0.0,0.0
1463751274758157307,522,1463751274756644970,,0.0,0.0
1463751274778102691,523,1463751274776629155,,0.0,0.0
1463751274798662290,524,1463751274796631778,,0.0,0.0
1463751274818426893,525,1463751274816620026,,0.0,0.0
1463751274838089153,526,1463751274836622805,,0.0,0.0
1463751274858135578,527,1463751274856651938,,0.0,0.0
1463751274878432574,528,1463751274876599249,,0.0,0.0
1463751274898223427,529,1463751274896625986,,0.0,0.0
1463751274918295581,530,1463751274916627359,,0.0,0.0
1463751274938399401,531,1463751274936632586,,0.0,0.0
1463751274958135879,532,1463751274956648646,,0.0,0.0
1463751274978101054,533,1463751274976624550,,0.0,0.0
1463751274998182219,534,1463751274996649152,,0.0,0.0
1463751275018477392,535,1463751275016655525,,0.0,0.0
1463751275037677258,536,1463751275036632992,,0.0,0.0
1463751275058041181,537,1463751275056637177,,0.0,0.0
1463751275077917659,538,1463751275076629644,,0.0,0.0
1463751275097870074,539,1463751275096628568,,0.0,0.0
1463751275118118581,540,1463751275116634629,,0.0,0.0
1463751275137941569,541,1463751275136641887,,0.0,0.0
1463751275159225020,542,1463751275156642791,,0.0,0.0
1463751275180112274,543,1463751275176643174,,0.0,0.0
1463751275200387708,544,1463751275196830848,,0.0,0.0
1463751275220389550,545,1463751275216808732,,0.0,0.0
1463751275238336452,546,1463751275236809584,,0.0,0.0
1463751275262906451,547,1463751275256717155,,0.0,0.0
1463751275278109407,548,1463751275276655663,,0.0,0.0
1463751275298150311,549,1463751275296654328,,0.0,0.0
1463751275318108142,550,1463751275316653669,,0.0,0.0
1463751275338095922,551,1463751275336641344,,0.0,0.0
1463751275358805781,552,1463751275356622509,,0.0,0.0
1463751275379092673,553,1463751275376680288,,0.0,0.0
1463751275397774312,554,1463751275396636400,,0.0,0.0
1463751275417826466,555,1463751275416638086,,0.0,0.0
1463751275438191275,556,1463751275436633573,,0.0,0.0
1463751275458129783,557,1463751275456632863,,0.0,0.0
1463751275477917147,558,1463751275476663402,,0.0,0.0
1463751275498112008,559,1463751275496626702,,0.0,0.0
1463751275518376297,560,1463751275516639794,,0.0,0.0
1463751275538076212,561,1463751275536628198,,0.0,0.0
1463751275558379876,562,1463751275556612644,,0.0,0.0
1463751275578109062,563,1463751275576629537,,0.0,0.0
1463751275598116112,564,1463751275596623462,,0.0,0.0
1463751275618110193,565,1463751275616643845,,0.0,0.0
1463751275638061931,566,1463751275636620114,,0.0,0.0
1463751275658109970,567,1463751275656632997,,0.0,0.0
1463751275678120926,568,1463751275676645932,,0.0,0.0
1463751275698598286,569,1463751275696624232,,0.0,0.0
1463751275718251432,570,1463751275716639616,,0.0,0.0
1463751275738128326,571,1463751275736613853,,0.0,0.0
1463751275759065580,572,1463751275756618559,,0.0,0.0
1463751275778037009,573,1463751275776620817,,0.0,0.0
1463751275799055826,574,1463751275796622086,,0.0,0.0
1463751275818294546,575,1463751275816625230,,0.0709034428,0.0
1463751275838736177,576,1463751275836628373,,0.0644576773047,0.0
1463751275858949632,577,1463751275856603236,,0.0585978887975,0.0
1463751275878669079,578,1463751275876635494,,0.0532708093524,0.0
1463751275898998055,579,1463751275896768637,,0.11933144927,0.0
1463751275918392399,580,1463751275916609021,,0.1084831357,0.0
1463751275938240491,581,1463751275936649821,,0.0986210331321,0.0
1463751275958140250,582,1463751275956636558,,0.0896554887295,0.0
1463751275978086362,583,1463751275976628764,,0.0815049931407,0.0
1463751275998064610,584,1463751275996650293,,0.0740954503417,0.0
1463751276018181139,585,1463751276016621666,,0.161803632975,0.0
1463751276038024439,586,1463751276036638091,,0.147094219923,0.0
1463751276058020239,587,1463751276056648006,,0.255150198936,0.0
1463751276078338434,588,1463751276076635785,,0.367954313755,0.0
1463751276098080329,589,1463751276096624762,,0.474778532982,0.0
1463751276118451179,590,1463751276116612281,,0.571891486645,0.0
1463751276138312188,591,1463751276136623757,,0.660175979137,0.0
1463751276158246113,592,1463751276156746067,,0.73934084177,0.0
1463751276178330194,593,1463751276176652909,,0.812127590179,0.0
1463751276198360004,594,1463751276196681730,,0.878297328949,0.0
1463751276218582001,595,1463751276216644092,,0.942694067955,0.0
1463751276238264365,596,1463751276236656194,,0.997545361519,0.0
1463751276258244852,597,1463751276256625640,,1.05110144615,0.0
1463751276280410278,598,1463751276276649669,,1.09978878498,0.0
1463751276298205098,599,1463751276296668229,,1.1440500021,0.0
1463751276319075113,600,1463751276316626113,,1.18370699883,0.0
1463751276339010653,601,1463751276336680142,,1.22004842758,0.0
1463751276358691923,602,1463751276356642556,,1.25279641151,0.0
1463751276378813920,603,1463751276376621221,,1.28256738186,0.0
1463751276398023629,604,1463751276396664312,,1.30963182449,0.0
1463751276419078227,605,1463751276416651727,,1.33452558517,0.0
1463751276439379078,606,1463751276436659350,,1.35265779495,0.0
1463751276458841599,607,1463751276456631452,,1.36914157867,0.0
1463751276479070523,608,1463751276476625012,,1.38412690163,0.0
1463751276498138879,609,1463751276496654406,,1.40224838257,0.0
1463751276518454521,610,1463751276516646247,,1.41559934616,0.0
1463751276538318238,611,1463751276536658453,,1.42773652077,0.0
1463751276558533881,612,1463751276556659462,,1.43739497662,0.0
1463751276578322182,613,1463751276576638855,,1.45096468925,0.0
1463751276598057566,614,1463751276596655280,,1.46330082417,0.0
1463751276618070762,615,1463751276616642851,,1.47451543808,0.0
1463751276638019583,616,1463751276636645422,,1.48074328899,0.0
1463751276658038768,617,1463751276656616482,,1.48640489578,0.0
1463751276678032120,618,1463751276676631345,,1.49971747398,0.0
1463751276698804739,619,1463751276696651728,,1.50310516357,0.0
1463751276718033095,620,1463751276716627059,,1.50618481636,0.0
1463751276738062176,621,1463751276736629630,,1.51739132404,0.0
1463751276758036309,622,1463751276756650430,,1.51889944077,0.0
1463751276778053932,623,1463751276776633469,,1.52136850357,0.0
1463751276798279106,624,1463751276796659008,,1.52333700657,0.0
1463751276818025011,625,1463751276816631527,,1.52512645721,0.0
1463751276838024092,626,1463751276836643213,,1.53072059155,0.0
1463751276858031611,627,1463751276856644065,,1.53522574902,0.0
1463751276878087723,628,1463751276876629656,,1.53932130337,0.0
1463751276898170345,629,1463751276896661133,,1.539108634,0.0
1463751276918943486,630,1463751276916629329,,1.54793918133,0.0
1463751276938926786,631,1463751276936639348,,1.54721701145,0.0
1463751276958575556,632,1463751276956638325,,1.54656052589,0.0
1463751276978027660,633,1463751276976641416,,1.55471360683,0.0
1463751276998496531,634,1463751276996664664,,1.56212556362,0.0
1463751277018008479,635,1463751277016634058,,1.56377565861,0.0
1463751277038746776,636,1463751277036780169,,1.56527578831,0.0
1463751277058797575,637,1463751277056645032,,1.5663510561,0.0
1463751277078198378,638,1463751277076645780,,1.56368112564,0.0
1463751277098496520,639,1463751277096652205,,1.56518983841,0.0
1463751277118352633,640,1463751277116613943,,1.56656134129,0.0
1463751277138271402,641,1463751277136631045,,1.56780827045,0.0
1463751277158812460,642,1463751277156675021,,1.56500589848,0.0
1463751277178165086,643,1463751277176662488,,1.5627322197,0.0
1463751277198541561,644,1463751277196660111,,1.56039130688,0.0
1463751277218362935,645,1463751277216655234,,1.55826318264,0.0
1463751277238551442,646,1463751277236634367,,1.56055414677,0.0
1463751277261461969,647,1463751277256679125,,1.55786657333,0.0
1463751277278223720,648,1463751277276698154,,1.55990386009,0.0
1463751277298165614,649,1463751277296655308,,1.56175601482,0.0
1463751277318217456,650,1463751277316647827,,1.56343972683,0.0
1463751277338261641,651,1463751277336669616,,1.56103444099,0.0
1463751277358267076,652,1463751277356675052,,1.56307339668,0.0
1463751277378320792,653,1463751277376662362,,1.56463730335,0.0
1463751277398096541,654,1463751277396629152,,1.56577062607,0.0
1463751277418176455,655,1463751277416654014,,1.56680095196,0.0
1463751277438479962,656,1463751277436621377,,1.56436407566,0.0
1463751277458694147,657,1463751277456625770,,1.56214869022,0.0
1463751277478616822,658,1463751277476667195,,1.56013476849,0.0
1463751277498565330,659,1463751277496633828,,1.55748510361,0.0
1463751277518603786,660,1463751277516627076,,1.5558950901,0.0
1463751277538611305,661,1463751277536951156,,1.55811166763,0.0
1463751277558220023,662,1463751277556628832,,1.56012666225,0.0
1463751277578224521,663,1463751277576702809,,1.55720710754,0.0
1463751277598199436,664,1463751277596633557,,1.55591750145,0.0
1463751277618775129,665,1463751277617284562,,1.5547451973,0.0
1463751277639044105,666,1463751277637284477,,1.55367946625,0.0
1463751277658651365,667,1463751277657077517,,1.55298662186,0.0
1463751277678865601,668,1463751277677184254,,1.55235683918,0.0
1463751277698256820,669,1463751277696638025,,1.55518472195,0.0
1463751277719043711,670,1463751277717279916,,1.55775547028,0.0
1463751277738902376,671,1463751277736611969,,1.56038331985,0.0
1463751277759190622,672,1463751277757320214,,1.56697058678,0.0
1463751277778615331,673,1463751277777046796,,1.56876063347,0.0
1463751277799170712,674,1463751277797296032,,1.57038795948,0.0
1463751277819024012,675,1463751277817282926,,1.57186734676,0.0
1463751277839024292,676,1463751277837294195,,1.56952106953,0.0
1463751277858789155,677,1463751277856629373,,1.57078850269,0.0
1463751277877919438,678,1463751277876641162,,1.57165110111,0.0
1463751277899776740,679,1463751277896636441,,1.56849932671,0.0
1463751277917806559,680,1463751277916645991,,1.56957006454,0.0
1463751277937861942,681,1463751277936652207,,1.56688141823,0.0
1463751277957830867,682,1463751277956643945,,1.56443715096,0.0
1463751277978262342,683,1463751277976630787,,1.5622150898,0.0
1463751277998486683,684,1463751277996673774,,1.56385707855,0.0
1463751278018937377,685,1463751278016624261,,1.56279456615,0.0
1463751278038950156,686,1463751278036639020,,1.56525635719,0.0
1463751278058266115,687,1463751278056637267,,1.5674943924,0.0
1463751278078967120,688,1463751278076643953,,1.56499445438,0.0
1463751278098342193,689,1463751278096627513,,1.56725621223,0.0
1463751278118959501,690,1463751278116644615,,1.56931245327,0.0
1463751278138922384,691,1463751278136620155,,1.57118177414,0.0
1463751278158052771,692,1463751278156716423,,1.56807267666,0.0
1463751278178776068,693,1463751278176640765,,1.56918215752,0.0
1463751278198794108,694,1463751278196650627,,1.57106328011,0.0
1463751278218793293,695,1463751278216626115,,1.57277333736,0.0
1463751278239288518,696,1463751278236633685,,1.57462108135,0.0
1463751278258272864,697,1463751278256643339,,1.57542490959,0.0
1463751278278280955,698,1463751278276637473,,1.58064472675,0.0
1463751278299041752,699,1463751278296622179,,1.58539009094,0.0
1463751278318129639,700,1463751278316636156,,1.58970403671,0.0
1463751278338816790,701,1463751278336628258,,1.59393501282,0.0
1463751278358232697,702,1463751278356650776,,1.59240484238,0.0
1463751278378238757,703,1463751278376665639,,1.59608101845,0.0
1463751278398020964,704,1463751278396629251,,1.59942305088,0.0
1463751278418034160,705,1463751278416647864,,1.59855496883,0.0
1463751278438017043,706,1463751278436632570,,1.59805893898,0.0
1463751278458114301,707,1463751278456676911,,1.59760797024,0.0
1463751278478209632,708,1463751278476630784,,1.60268616676,0.0
1463751278498036734,709,1463751278496642417,,1.60730278492,0.0
1463751278518274565,710,1463751278516643322,,1.61086940765,0.0
1463751278538380989,711,1463751278536621569,,1.60925388336,0.0
1463751278558536580,712,1463751278556689869,,1.61716926098,0.0
1463751278578294152,713,1463751278576637700,,1.61952579021,0.0
1463751278598287972,714,1463751278596664802,,1.62166810036,0.0
1463751278618307887,715,1463751278616628832,,1.62361562252,0.0
1463751278638801133,716,1463751278636637496,,1.62538611889,0.0
1463751278659229587,717,1463751278656651160,,1.63117170334,0.0
1463751278679812780,718,1463751278677400551,,1.6374284029,0.0
1463751278700153110,719,1463751278697391663,,1.64311623573,0.0
1463751278719088185,720,1463751278717428609,,1.64311397076,0.0
1463751278738973517,721,1463751278737415763,,1.6479511261,0.0
1463751278759150566,722,1463751278757610052,,1.65715694427,0.0
1463751278779363552,723,1463751278777413665,,1.66005420685,0.0
1463751278798533471,724,1463751278796791915,,1.6626881361,0.0
1463751278818385834,725,1463751278816826569,,1.66508257389,0.0
1463751278838339186,726,1463751278836806484,,1.66825640202,0.0
1463751278858226497,727,1463751278856685305,,1.67114174366,0.0
1463751278878908439,728,1463751278876633501,,1.67788589001,0.0
1463751278898392679,729,1463751278896626697,,1.68437027931,0.0
1463751278919155559,730,1463751278916629111,,1.69026517868,0.0
1463751278938265738,731,1463751278936625849,,1.69148492813,0.0
1463751278958695494,732,1463751278956627795,,1.69673323631,0.0
1463751278978939730,733,1463751278976655313,,1.7015042305,0.0
1463751278998164075,734,1463751278996678925,,1.70203900337,0.0
1463751279018895758,735,1463751279016615090,,1.70632767677,0.0
1463751279038143488,736,1463751279036639275,,1.7102265358,0.0
1463751279058362360,737,1463751279056639450,,1.71377086639,0.0
1463751279078606752,738,1463751279076645875,,1.72286903858,0.0
1463751279098510417,739,1463751279096635217,,1.72526407242,0.0
1463751279118753351,740,1463751279116655392,,1.73218286037,0.0
1463751279138590246,741,1463751279136630931,,1.73847258091,0.0
1463751279159180991,742,1463751279156678918,,1.73874402046,0.0
1463751279180416525,743,1463751279176631958,,1.7393425703,0.0
1463751279199972171,744,1463751279196661195,,1.74535787106,0.0
1463751279220299584,745,1463751279216648245,,1.75158452988,0.0
1463751279239938458,746,1463751279236654254,,1.7513692379,0.0
1463751279263036641,747,1463751279256674324,,1.75629127026,0.0
1463751279280042401,748,1463751279276651843,,1.76190567017,0.0
1463751279300249503,749,1463751279296622956,,1.76662802696,0.0
1463751279318425623,750,1463751279316640318,,1.77092111111,0.0
1463751279338167778,751,1463751279336637159,,1.77597439289,0.0
1463751279358771544,752,1463751279356623428,,1.7782831192,0.0
1463751279378303283,753,1463751279376634384,,1.78113663197,0.0
1463751279399114757,754,1463751279396660549,,1.78449237347,0.0
1463751279418491445,755,1463751279416633640,,1.78678143024,0.0
1463751279439032295,756,1463751279436634284,,1.78886246681,0.0
1463751279458493722,757,1463751279456634876,,1.79037606716,0.0
1463751279478838843,758,1463751279476630103,,1.79842746258,0.0
1463751279498770425,759,1463751279496636215,,1.80574691296,0.0
1463751279518879818,760,1463751279516641650,,1.80648374557,0.0
1463751279539039159,761,1463751279536633909,,1.80869102478,0.0
1463751279558305847,762,1463751279556637886,,1.80954182148,0.0
1463751279578686698,763,1463751279576636602,,1.81544327736,0.0
1463751279598499269,764,1463751279596637402,,1.82080817223,0.0
1463751279618931317,765,1463751279616637785,,1.82527971268,0.0
1463751279638191495,766,1463751279636656502,,1.82500600815,0.0
1463751279658831511,767,1463751279656649489,,1.82990932465,0.0
1463751279678125127,768,1463751279676628883,,1.8343667984,0.0
1463751279698236655,769,1463751279696631714,,1.83288347721,0.0
1463751279718178341,770,1463751279716638087,,1.83789181709,0.0
1463751279738083256,771,1463751279736643262,,1.83647155762,0.0
1463751279758031400,772,1463751279756636353,,1.84625172615,0.0
1463751279778283657,773,1463751279776623195,,1.8551428318,0.0
1463751279798357373,774,1463751279796616599,,1.85253953934,0.0
1463751279818256194,775,1463751279816638336,,1.85017287731,0.0
1463751279838275484,776,1463751279836647730,,1.85157108307,0.0
1463751279858237690,777,1463751279856618634,,1.8536516428,0.0
1463751279878874268,778,1463751279876630580,,1.85554301739,0.0
1463751279898436476,779,1463751279896631380,,1.85767018795,0.0
1463751279918541599,780,1463751279916629159,,1.86596179008,0.0
1463751279938271879,781,1463751279936681886,,1.86276197433,0.0
1463751279958179033,782,1463751279956657946,,1.85985302925,0.0
1463751279978119417,783,1463751279976634319,,1.85720849037,0.0
1463751279998604746,784,1463751279996630432,,1.8651034832,0.0
1463751280018140340,785,1463751280016639877,,1.86120939255,0.0
1463751280038085254,786,1463751280036640417,,1.86874067783,0.0
1463751280058119127,787,1463751280056627831,,1.87173593044,0.0
1463751280078019250,788,1463751280076633735,,1.87404131889,0.0
1463751280098071612,789,1463751280096648598,,1.87407910824,0.0
1463751280118031735,790,1463751280116615856,,1.88087892532,0.0
1463751280138051129,791,1463751280136622229,,1.88706064224,0.0
1463751280158394115,792,1463751280156661570,,1.88755738735,0.0
1463751280178156583,793,1463751280176642683,,1.88596081734,0.0
1463751280198134674,794,1463751280196645931,,1.88450932503,0.0
1463751280218051933,795,1463751280216634178,,1.88992238045,0.0
1463751280238817000,796,1463751280236637270,,1.89015889168,0.0
1463751280258031085,797,1463751280256622549,,1.89638066292,0.0
1463751280278162040,798,1463751280276638036,,1.8960300684,0.0
1463751280298039091,799,1463751280296619514,,1.90171813965,0.0
1463751280318143119,800,1463751280316642813,,1.906889081,0.0
1463751280338715948,801,1463751280336648457,,1.9120349884,0.0
1463751280358013730,802,1463751280356635663,,1.91109442711,0.0
1463751280377977551,803,1463751280376635838,,1.91409063339,0.0
1463751280398142777,804,1463751280396643461,,1.91681456566,0.0
1463751280418013838,805,1463751280416647438,,1.91419279575,0.0
1463751280438711250,806,1463751280436654748,,1.91822969913,0.0
1463751280458039292,807,1463751280456677006,,1.92279195786,0.0
1463751280478021967,808,1463751280476672390,,1.92129313946,0.0
1463751280498084590,809,1463751280496634440,,1.92424154282,0.0
1463751280518746897,810,1463751280516644614,,1.92692184448,0.0
1463751280538746708,811,1463751280536661039,,1.93024659157,0.0
1463751280558014281,812,1463751280556646839,,1.92765045166,0.0
1463751280578009821,813,1463751280576634827,,1.92570996284,0.0
1463751280598233849,814,1463751280596803699,,1.92781615257,0.0
1463751280618719595,815,1463751280616660281,,1.93017148972,0.0
1463751280639053987,816,1463751280636651133,,1.93275570869,0.0
1463751280658010468,817,1463751280656631568,,1.93599748611,0.0
1463751280678100799,818,1463751280676628983,,1.93894457817,0.0
1463751280699117376,819,1463751280696661137,,1.940731287,0.0
1463751280719048385,820,1463751280716639541,,1.94324803352,0.0
1463751280739000643,821,1463751280736632684,,1.94508862495,0.0
1463751280758894777,822,1463751280756638641,,1.94765877724,0.0
1463751280778001258,823,1463751280776656263,,1.94999527931,0.0
1463751280798191015,824,1463751280796628782,,1.95302557945,0.0
1463751280818898583,825,1463751280816636092,,1.95442461967,0.0
1463751280839459745,826,1463751280836651632,,1.95569658279,0.0
1463751280858091748,827,1463751280856649932,,1.9568529129,0.0
1463751280878044111,828,1463751280876655679,,1.95790410042,0.0
1463751280898177150,829,1463751280896658042,,1.95885968208,0.0
1463751280918809562,830,1463751280916680248,,1.95883595943,0.0
1463751280938711768,831,1463751280936650683,,1.95925951004,0.0
1463751280958046009,832,1463751280956670181,,1.9600918293,0.0
1463751280978039256,833,1463751280976646294,,1.96735572815,0.0
1463751280998062869,834,1463751280996656885,,1.96180570126,0.0
1463751281018084658,835,1463751281016655341,,1.96747982502,0.0
1463751281038683164,836,1463751281036668485,,1.97263813019,0.0
1463751281058063237,837,1463751281056665431,,1.96660780907,0.0
1463751281078040339,838,1463751281076669512,,1.96112573147,0.0
1463751281098011869,839,1463751281096639687,,1.95488929749,0.0
1463751281118111626,840,1463751281116671685,,1.95434272289,0.0
1463751281138839975,841,1463751281136668318,,1.94349718094,0.0
1463751281159020774,842,1463751281156681149,,1.93762850761,0.0
1463751281178142255,843,1463751281176660230,,1.93311464787,0.0
1463751281198097795,844,1463751281196656186,,1.92901110649,0.0
1463751281218081772,845,1463751281216654695,,1.92445933819,0.0
1463751281238112884,846,1463751281236692474,,1.91440403461,0.0
1463751281258157538,847,1463751281256686398,,1.91077256203,0.0
1463751281278070526,848,1463751281276643969,,1.90747117996,0.0
1463751281298006274,849,1463751281296633780,,1.89782571793,0.0
1463751281318109365,850,1463751281316651871,,1.89610898495,0.0
1463751281338091832,851,1463751281336719754,,1.89454829693,0.0
1463751281358053517,852,1463751281356651544,,1.88204777241,0.0
1463751281378044838,853,1463751281376646094,,1.87471342087,0.0
1463751281398025065,854,1463751281396684029,,1.86956226826,0.0
1463751281418086177,855,1463751281416665819,,1.85933315754,0.0
1463751281438041769,856,1463751281436694431,,1.85003399849,0.0
1463751281458105016,857,1463751281456693252,,1.84193825722,0.0
1463751281478085191,858,1463751281476659052,,1.83422040939,0.0
1463751281498001408,859,1463751281496631935,,1.82720422745,0.0
1463751281518095125,860,1463751281516663516,,1.82011437416,0.0
1463751281538040039,861,1463751281536672597,,1.80919444561,0.0
1463751281558053547,862,1463751281556655481,,1.79926717281,0.0
1463751281578057264,863,1463751281576648780,,1.7943636179,0.0
1463751281598069887,864,1463751281596652549,,1.78445804119,0.0
1463751281618078083,865,1463751281616654964,,1.78054893017,0.0
1463751281638011331,866,1463751281636655711,,1.77699518204,0.0
1463751281658078641,867,1463751281656657553,,1.76932907104,0.0
1463751281678115065,868,1463751281676667311,,1.75754106045,0.0
1463751281698091543,869,1463751281696653163,,1.74682462215,0.0
1463751281718077759,870,1463751281716654536,,1.742233634,0.0
1463751281738041893,871,1463751281736643096,,1.73805999756,0.0
1463751281758068057,872,1463751281756656917,,1.72911465168,0.0
1463751281778091044,873,1463751281776659227,,1.72129428387,0.0
1463751281797998720,874,1463751281796576851,,1.7096401453,0.0
1463751281818068425,875,1463751281816663275,,1.6990455389,0.0
1463751281838217975,876,1463751281836689752,,1.69333636761,0.0
1463751281858086588,877,1463751281856658260,,1.68451821804,0.0
1463751281878112544,878,1463751281876671977,,1.67620742321,0.0
1463751281898075635,879,1463751281896656787,,1.66865205765,0.0
1463751281918095081,880,1463751281916662900,,1.66178357601,0.0
1463751281938126558,881,1463751281936645418,,1.65524637699,0.0
1463751281958099181,882,1463751281956655437,,1.64504408836,0.0
1463751281978082168,883,1463751281976641966,,1.63576936722,0.0
1463751281998055937,884,1463751281996647506,,1.62651574612,0.0
1463751282018058247,885,1463751282016653253,,1.61892533302,0.0
1463751282038178839,886,1463751282036654001,,1.61174988747,0.0
1463751282058046201,887,1463751282056643187,,1.59647679329,0.0
1463751282078099241,888,1463751282076671434,,1.4513425827,0.0
1463751282098111082,889,1463751282096654839,,1.41334939003,0.0
1463751282118104955,890,1463751282116659024,,1.28486311436,0.0
1463751282138182057,891,1463751282136651230,,1.16805744171,0.0
1463751282160566701,892,1463751282156766404,,1.06187045574,0.0
1463751282178111365,893,1463751282176694757,,0.965336799622,0.0
1463751282198054040,894,1463751282196655401,,0.877578914165,0.0
1463751282218068590,895,1463751282216654898,,0.797799050808,0.0
1463751282238211577,896,1463751282236668094,,0.725271880627,0.0
1463751282258053523,897,1463751282256641811,,0.659338116646,0.0
1463751282278226198,898,1463751282276665736,,0.599398314953,0.0
1463751282298057936,899,1463751282296619661,,0.544907569885,0.0
1463751282318098475,900,1463751282316643481,,0.495370537043,0.0
1463751282338304691,901,1463751282336646104,,0.450336873531,0.0
1463751282358168304,902,1463751282356648779,,0.409397184849,0.0
1463751282378181812,903,1463751282376666662,,0.372179269791,0.0
1463751282398192456,904,1463751282396648035,,0.338344812393,0.0
1463751282418088204,905,1463751282416651960,,0.307586193085,0.0
1463751282438819209,906,1463751282437186664,,0.350527256727,0.0
1463751282458085168,907,1463751282456653716,,0.318661153316,0.0
1463751282478057010,908,1463751282476663422,,0.289691954851,0.0
1463751282498047914,909,1463751282496662816,,0.263356328011,0.0
1463751282518067099,910,1463751282516643668,,0.239414855838,0.0
1463751282538051024,911,1463751282536656968,,0.217649877071,0.0
1463751282558202344,912,1463751282556661778,,0.197863534093,0.0
1463751282578217415,913,1463751282576649870,,0.179875940084,0.0
1463751282598204153,914,1463751282596657388,,0.163523584604,0.0
1463751282618082245,915,1463751282616657147,,0.148657813668,0.0
1463751282638064034,916,1463751282636668207,,0.135143473744,0.0
1463751282658062751,917,1463751282656642705,,0.193761140108,0.0
1463751282678135582,918,1463751282676710952,,0.176146492362,0.0
1463751282698285131,919,1463751282696637482,,0.160133183002,0.0
1463751282718430618,920,1463751282716664896,,0.232861399651,0.0
1463751282738024544,921,1463751282736640227,,0.21169218421,0.0
1463751282758367322,922,1463751282756650454,,0.192447438836,0.0
1463751282778132862,923,1463751282776714483,,0.174952223897,0.0
1463751282797995277,924,1463751282796581273,,0.159047484398,0.0
1463751282818483054,925,1463751282816646239,,0.234968066216,0.0
1463751282838081304,926,1463751282836669279,,0.213607341051,0.0
1463751282858410644,927,1463751282856635808,,0.28288385272,0.0
1463751282878107487,928,1463751282876685306,,0.257167160511,0.0
1463751282898025006,929,1463751282896651679,,0.233788341284,0.0
1463751282918427836,930,1463751282916666749,,0.212534859776,0.0
1463751282938053845,931,1463751282936659268,,0.193213507533,0.0
1463751282958048708,932,1463751282956671110,,0.25678473711,0.0
1463751282978372058,933,1463751282976643628,,0.314576774836,0.0
1463751282998076349,934,1463751282996680053,,0.285978883505,0.0
1463751283018333710,935,1463751283016653770,,0.259980797768,0.0
1463751283038425343,936,1463751283036696236,,0.236346185207,0.0
1463751283057932291,937,1463751283056652192,,0.21486017108,0.0
1463751283078123299,938,1463751283076649242,,0.195327430964,0.0
1463751283098095661,939,1463751283096668323,,0.177570402622,0.0
1463751283118124638,940,1463751283116672457,,0.161427646875,0.0
1463751283138073980,941,1463751283136646955,,0.146752417088,0.0
1463751283158876651,942,1463751283156691973,,0.133411288261,0.0
1463751283178109173,943,1463751283176661523,,0.121282994747,0.0
1463751283198110077,944,1463751283196714042,,0.110257267952,0.0
1463751283218104575,945,1463751283216684946,,0.100233882666,0.0
1463751283238078656,946,1463751283236644600,,0.162025153637,0.0
1463751283258341955,947,1463751283256697014,,0.147295594215,0.0
1463751283278063798,948,1463751283276677085,,0.133905082941,0.0
1463751283297983973,949,1463751283296569760,,0.121731899679,0.0
1463751283318107481,950,1463751283316688633,,0.110665366054,0.0
1463751283338181718,951,1463751283336650995,,0.100604884326,0.0
1463751283358228455,952,1463751283356694503,,0.0914589911699,0.0
1463751283378194099,953,1463751283376654731,,0.154047980905,0.0
1463751283398290888,954,1463751283396652562,,0.140043616295,0.0
1463751283418442052,955,1463751283416862632,,0.127312377095,0.0
1463751283437978948,956,1463751283436646505,,0.115738525987,0.0
1463751283458218496,957,1463751283456718763,,0.10521684587,0.0
1463751283480060591,958,1463751283476658626,,0.095651678741,0.0
1463751283499350977,959,1463751283496686717,,0.086956076324,0.0
1463751283518161886,960,1463751283516656788,,0.0790509805083,0.0
1463751283538131071,961,1463751283536662849,,0.0718645304441,0.0
1463751283558351298,962,1463751283556646096,,0.0653313919902,0.0
1463751283578635117,963,1463751283576650021,,0.0593921765685,0.0
1463751283598833833,964,1463751283596640561,,0.0539928898215,0.0
1463751283618694373,965,1463751283616670527,,0.0490844473243,0.0
1463751283637971843,966,1463751283636656119,,0.0446222275496,0.0
1463751283658394880,967,1463751283656666294,,0.040565662086,0.0
1463751283677898078,968,1463751283676643761,,0.036877874285,0.0
1463751283697797941,969,1463751283696644977,,0.0335253402591,0.0
1463751283718926028,970,1463751283716628173,,0.0304775834084,0.0
1463751283738748495,971,1463751283736641629,,0.0277068950236,0.0
1463751283758920284,972,1463751283756647741,,0.0251880865544,0.0
1463751283778362336,973,1463751283776630208,,0.022898260504,0.0
1463751283798295792,974,1463751283796615904,,0.0208166018128,0.0
1463751283818416540,975,1463751283816652797,,0.0189241841435,0.0
1463751283838487548,976,1463751283836660628,,0.0172038041055,0.0
1463751283858790326,977,1463751283856639606,,0.0156398229301,0.0
1463751283878194618,978,1463751283876643635,,0.0142180211842,0.0
1463751283898591249,979,1463751283896660164,,0.0129254739732,0.0
1463751283918359342,980,1463751283916636328,,0.0117504308,0.0
1463751283938023893,981,1463751283936660461,,0.0106822103262,0.0
1463751283958485837,982,1463751283956665688,,0.00971110071987,0.0
1463751283978328148,983,1463751283976643415,,0.00882827397436,0.0
1463751283998285823,984,1463751283996633642,,0.00802570395172,0.0
1463751284018280737,985,1463751284016634807,,0.00729609467089,0.0
1463751284038376589,986,1463751284036635398,,0.00663281371817,0.0
1463751284058102182,987,1463751284056639896,,0.00602983077988,0.0
1463751284078390480,988,1463751284076661686,,0.00548166455701,0.0
1463751284098347530,989,1463751284096649673,,0.0758867710829,0.0
1463751284118343799,990,1463751284116664223,,0.0689879730344,0.0
1463751284138294026,991,1463751284136623044,,0.0627163425088,0.0
1463751284158019984,992,1463751284156683010,,0.0570148602128,0.0
1463751284178261303,993,1463751284176642508,,0.0518316924572,0.0
1463751284198774809,994,1463751284196649194,,0.0471197217703,0.0
1463751284219120816,995,1463751284216659368,,0.0428361110389,0.0
1463751284239067137,996,1463751284236652720,,0.0389419198036,0.0
1463751284258135024,997,1463751284256640083,,0.0354017466307,0.0
1463751284278084991,998,1463751284276637081,,0.0321834087372,0.0
1463751284298042250,999,1463751284296539704,,0.0292576458305,0.0
1463751284318308830,1000,1463751284316653472,,0.0265978612006,0.0
1463751284338354942,1001,1463751284336676303,,0.024179873988,0.0
1463751284358032201,1002,1463751284356651270,,0.0219817049801,0.0
1463751284378416802,1003,1463751284376640195,,0.0199833679944,0.0
1463751284398798225,1004,1463751284396645682,,0.0181666985154,0.0
1463751284418407360,1005,1463751284416631847,,0.0874186232686,0.0
1463751284438035870,1006,1463751284436672438,,0.0794714763761,0.0
1463751284458390783,1007,1463751284456651728,,0.0722467973828,0.0
1463751284478999809,1008,1463751284476623257,,0.065678909421,0.0
1463751284498413112,1009,1463751284496621974,,0.0597080998123,0.0
1463751284518452557,1010,1463751284516634753,,0.0542800910771,0.0
1463751284539333093,1011,1463751284536636855,,0.0493455380201,0.0
1463751284559179102,1012,1463751284556643488,,0.0448595806956,0.0
1463751284578125792,1013,1463751284576642413,,0.0407814383507,0.0
1463751284598248935,1014,1463751284596632796,,0.0370740368962,0.0
1463751284619125356,1015,1463751284616635002,,0.0337036699057,0.0
1463751284638480377,1016,1463751284636657677,,0.0306397005916,0.0
1463751284658471438,1017,1463751284656635039,,0.0278542749584,0.0
1463751284678947027,1018,1463751284676663495,,0.0253220684826,0.0
1463751284698681735,1019,1463751284696661431,,0.0230200625956,0.0
1463751284718907950,1020,1463751284716646137,,0.020927330479,0.0
1463751284738206253,1021,1463751284736657822,,0.0190248470753,0.0
1463751284758131637,1022,1463751284756637112,,0.0172953158617,0.0
1463751284778500768,1023,1463751284776658797,,0.0157230142504,0.0
1463751284798604693,1024,1463751284796588764,,0.0142936501652,0.0
1463751284818158880,1025,1463751284816643001,,0.0838976725936,0.0
1463751284838233482,1026,1463751284836658332,,0.0762706100941,0.0
1463751284858488760,1027,1463751284856635643,,0.0693369209766,0.0
1463751284878325550,1028,1463751284876652068,,0.0630335658789,0.0
1463751284898150986,1029,1463751284896658388,,0.0573032423854,0.0
1463751284918137307,1030,1463751284916661167,,0.052093859762,0.0
1463751284938227065,1031,1463751284936641238,,0.0473580546677,0.0
1463751284958336875,1032,1463751284956645996,,0.043052777648,0.0
1463751284978088248,1033,1463751284976641275,,0.0391388908029,0.0
1463751284998205037,1034,1463751284996661502,,0.0355808101594,0.0
1463751285018147452,1035,1463751285016634334,,0.0323461927474,0.0
1463751285038128773,1036,1463751285036659300,,0.029405631125,0.0
1463751285058457488,1037,1463751285056641246,,0.0267323926091,0.0
1463751285078449903,1038,1463751285076638765,,0.0243021752685,0.0
1463751285098536848,1039,1463751285096675554,,0.0220928881317,0.0
1463751285118521658,1040,1463751285116653802,,0.0200844444335,0.0
1463751285138482406,1041,1463751285136651633,,0.0182585865259,0.0
1463751285158787632,1042,1463751285156745297,,0.0165987163782,0.0
1463751285178468381,1043,1463751285176645681,,0.0150897428393,0.0
1463751285198523087,1044,1463751285196657991,,0.0137179484591,0.0
1463751285218885083,1045,1463751285216643322,,0.0124708628282,0.0
1463751285238515729,1046,1463751285236645372,,0.0113371480256,0.0
1463751285258722726,1047,1463751285256817942,,0.0103064989671,0.0
1463751285278489152,1048,1463751285276644889,,0.00936954468489,0.0
1463751285298068755,1049,1463751285296587668,,0.00851776823401,0.0
1463751285318481637,1050,1463751285316647686,,0.00774342566729,0.0
1463751285338349416,1051,1463751285336658174,,0.00703947804868,0.0
1463751285358374123,1052,1463751285356745223,,0.00639952579513,0.0
1463751285378314089,1053,1463751285376682638,,0.00581775093451,0.0
1463751285398304733,1054,1463751285396647813,,0.00528886448592,0.0
1463751285418132200,1055,1463751285416640957,,0.00480805896223,0.0
1463751285438021542,1056,1463751285436645559,,0.00437096273527,0.0
1463751285458478695,1057,1463751285456780941,,0.00397360278293,0.0
1463751285478120694,1058,1463751285476646846,,0.00361236627214,0.0
1463751285498044150,1059,1463751285496662073,,0.00328396935947,0.0
1463751285518460001,1060,1463751285516676050,,0.00298542669043,0.0
1463751285538099917,1061,1463751285536641537,,0.00271402439103,0.0
1463751285558915713,1062,1463751285556791920,,0.0024672949221,0.0
1463751285578652347,1063,1463751285576650585,,0.00224299542606,0.0
1463751285598350597,1064,1463751285596648312,,0.00203908677213,0.0
1463751285618406917,1065,1463751285616649945,,0.00185371527914,0.0
1463751285638357405,1066,1463751285636662412,,0.00168519571889,0.0
1463751285659099243,1067,1463751285656788888,,0.00153199618217,0.0
1463751285678313015,1068,1463751285676651095,,0.00139272387605,0.0
1463751285698353554,1069,1463751285696652468,,0.00126611266751,0.0
1463751285718420031,1070,1463751285716658476,,0.00115101155825,0.0
1463751285738313019,1071,1463751285736641776,,0.00104637420736,0.0
1463751285758107101,1072,1463751285756650284,,0.000951249327045,0.0
1463751285778313213,1073,1463751285776647699,,0.000864772126079,0.0
1463751285798260367,1074,1463751285796629905,,0.000786156510003,0.0
1463751285818876529,1075,1463751285816659038,,0.000714687746949,0.0
1463751285838284935,1076,1463751285836658224,,0.000649716181215,0.0
1463751285858077090,1077,1463751285856643867,,0.000590651063249,0.0
1463751285878063151,1078,1463751285876655396,,0.000536955543794,0.0
1463751285898264523,1079,1463751285896635623,,0.000488141406095,0.0
1463751285918859174,1080,1463751285916630746,,0.000443764933152,0.0
1463751285938381330,1081,1463751285936659463,,0.000403422687668,0.0
1463751285958751035,1082,1463751285956678127,,0.000366747903172,0.0
1463751285978154494,1083,1463751285976651583,,0.000333407195285,0.0
1463751285998209252,1084,1463751285996659467,,0.000303097447613,0.0
1463751286018156562,1085,1463751286016660891,,0.000275543134194,0.0
1463751286038134862,1086,1463751286036647993,,0.000250493758358,0.0
1463751286058858315,1087,1463751286056653585,,0.000227721611736,0.0
1463751286078524377,1088,1463751286076644750,,0.000207019649679,0.0
1463751286098437521,1089,1463751286096629768,,0.000188199686818,0.0
1463751286118712278,1090,1463751286116637964,,0.000171090636286,0.0
1463751286138480266,1091,1463751286136634545,,0.000155536952661,0.0
1463751286158953148,1092,1463751286156668105,,0.000141397234984,0.0
1463751286178676188,1093,1463751286176648020,,0.000128542946186,0.0
1463751286198773707,1094,1463751286196652726,,0.000116857227113,0.0
1463751286218630757,1095,1463751286216644880,,0.000106233848783,0.0
1463751286238518172,1096,1463751286236638232,,9.65762301348e-05,0.0
1463751286258633346,1097,1463751286256659240,,8.77965721884e-05,0.0
1463751286278510918,1098,1463751286276650822,,7.98150649644e-05,0.0
1463751286299765306,1099,1463751286296685163,,7.25591526134e-05,0.0
1463751286318123978,1100,1463751286316643567,,6.59628713038e-05,0.0
1463751286338202433,1101,1463751286336642440,,5.99662489549e-05,0.0
1463751286358192869,1102,1463751286356651313,,5.45147740922e-05,0.0
1463751286378248252,1103,1463751286376643936,,4.95588865306e-05,0.0
1463751286398188114,1104,1463751286396653798,,4.50535335403e-05,0.0
1463751286418623912,1105,1463751286416660535,,4.09577587561e-05,0.0
1463751286438476901,1106,1463751286436649617,,3.72343274648e-05,0.0
1463751286459138323,1107,1463751286456613490,,3.38493882737e-05,0.0
1463751286478939071,1108,1463751286476644185,,3.07721711579e-05,0.0
1463751286498646018,1109,1463751286496648527,,2.79747018794e-05,0.0
1463751286518152810,1110,1463751286516640004,,2.54315473285e-05,0.0
1463751286538734857,1111,1463751286536637002,,2.31195899687e-05,0.0
1463751286558727376,1112,1463751286556641968,,2.10178095585e-05,0.0
1463751286578710832,1113,1463751286576648445,,1.91070994333e-05,0.0
1463751286598044916,1114,1463751286596640964,,1.73700900632e-05,0.0
1463751286619292430,1115,1463751286616641868,,1.57909908012e-05,0.0
1463751286638846200,1116,1463751286636637355,,1.43554461829e-05,0.0
1463751286659531789,1117,1463751286656658572,,1.30504058689e-05,0.0
1463751286678648686,1118,1463751286676644268,,1.18640055007e-05,0.0
1463751286698147822,1119,1463751286696642463,,1.07854602902e-05,0.0
1463751286718849660,1120,1463751286716637170,,9.80496406555e-06,0.0
1463751286738844679,1121,1463751286736631251,,8.91360377864e-06,0.0
1463751286758814385,1122,1463751286756630384,,8.10327674117e-06,0.0
1463751286778827477,1123,1463751286776648892,,7.36661559131e-06,0.0
1463751286798280571,1124,1463751286796647817,,6.69692326483e-06,0.0
1463751286818107465,1125,1463751286816625128,,6.08811205893e-06,0.0
1463751286838056859,1126,1463751286836626813,,5.53464769837e-06,0.0
1463751286858681041,1127,1463751286856647977,,5.03149794895e-06,0.0
1463751286878772778,1128,1463751286876631694,,4.57408896182e-06,0.0
1463751286898282174,1129,1463751286896878274,,4.15826298195e-06,0.0
1463751286918088652,1130,1463751286916647773,,3.78023923986e-06,0.0
1463751286938078462,1131,1463751286936606802,,3.43658120983e-06,0.0
1463751286958706968,1132,1463751286956650571,,3.12416477755e-06,0.0
1463751286978063708,1133,1463751286976661422,,2.84014981844e-06,0.0
1463751286998137476,1134,1463751286996699306,,2.58195450442e-06,0.0
1463751287018116089,1135,1463751287016667658,,2.34723142967e-06,0.0
1463751287038833396,1136,1463751287036779863,,2.13384691961e-06,0.0
1463751287058066856,1137,1463751287056586393,,1.93986079466e-06,0.0
1463751287079072912,1138,1463751287077528856,,1.76350988568e-06,0.0
1463751287098296996,1139,1463751287096661118,,1.60319086717e-06,0.0
1463751287118277067,1140,1463751287116656605,,1.45744627389e-06,0.0
1463751287138002139,1141,1463751287136641728,,1.32495119942e-06,0.0
1463751287158886581,1142,1463751287156811069,,1.20450113172e-06,0.0
1463751287179715294,1143,1463751287176931608,,1.09500103918e-06,0.0
1463751287199321929,1144,1463751287196637201,,9.95455479824e-07,0.0
1463751287217913464,1145,1463751287216721646,,9.04959563286e-07,0.0
1463751287238127753,1146,1463751287237035257,,8.22690537916e-07,0.0
1463751287261909838,1147,1463751287257088557,,7.47900514853e-07,0.0
1463751287278126644,1148,1463751287276994722,,6.79909589962e-07,0.0
1463751287297953799,1149,1463751287296644221,,6.18099647909e-07,0.0
1463751287317885120,1150,1463751287316656688,,5.61908791497e-07,0.0
1463751287338688156,1151,1463751287336681237,,5.1082616892e-07,0.0
1463751287358096979,1152,1463751287356720162,,4.64387426291e-07,0.0
1463751287377884603,1153,1463751287376638931,,4.22170387537e-07,0.0
1463751287398492588,1154,1463751287396902855,,3.83791274317e-07,0.0
1463751287418192972,1155,1463751287416773551,,3.48901181724e-07,0.0
1463751287438096637,1156,1463751287436642581,,3.1718289506e-07,0.0
1463751287458070458,1157,1463751287456741037,,2.88348104505e-07,0.0
1463751287478036883,1158,1463751287476637306,,2.6213464821e-07,0.0
1463751287498085912,1159,1463751287496629304,,2.38304238565e-07,0.0
1463751287518169524,1160,1463751287516712030,,2.16640216877e-07,0.0
1463751287538071991,1161,1463751287536652101,,1.96945663333e-07,0.0
1463751287558137374,1162,1463751287556637641,,1.79041521164e-07,0.0
1463751287578069685,1163,1463751287576645316,,1.6276501924e-07,0.0
1463751287598073714,1164,1463751287596656532,,1.47968208353e-07,0.0
1463751287618155971,1165,1463751287616678009,,1.3451655434e-07,0.0
1463751287638077657,1166,1463751287636648445,,1.22287787008e-07,0.0
1463751287658079447,1167,1463751287656645390,,1.11170720629e-07,0.0
1463751287678062070,1168,1463751287676634419,,1.01064294711e-07,0.0
1463751287698084744,1169,1463751287696677459,,9.18766360769e-08,0.0
1463751287718130336,1170,1463751287716695238,,8.35242204289e-08,0.0
1463751287738133271,1171,1463751287736629944,,7.59311120646e-08,0.0
1463751287758097665,1172,1463751287756645536,,6.90282888627e-08,0.0
1463751287778037684,1173,1463751287776636700,,6.27529885833e-08,0.0
1463751287798164837,1174,1463751287796673281,,5.70481724083e-08,0.0
1463751287818132200,1175,1463751287816655592,,5.18619778234e-08,0.0
1463751287838096385,1176,1463751287836643423,,4.71472532126e-08,0.0
1463751287858100414,1177,1463751287856664327,,4.2861142191e-08,0.0
1463751287878062048,1178,1463751287876651168,,3.89646750421e-08,0.0
1463751287898193264,1179,1463751287896633948,,3.54224312105e-08,0.0
1463751287918124741,1180,1463751287916640477,,3.22022124521e-08,0.0
1463751287938064760,1181,1463751287936649037,,2.92747390773e-08,0.0
1463751287958119153,1182,1463751287956646347,,2.66133994842e-08,0.0
1463751287978059068,1183,1463751287976637772,,2.41939996926e-08,0.0
1463751287998053306,1184,1463751287996627270,,2.19945466284e-08,0.0
1463751288018177334,1185,1463751288016640153,,1.99950438429e-08,0.0
1463751288038115322,1186,1463751288036651422,,1.81773138763e-08,0.0
1463751288058099195,1187,1463751288056646336,,1.65248312811e-08,0.0
1463751288078086245,1188,1463751288076660157,,1.50225751838e-08,0.0
1463751288098057149,1189,1463751288096657259,,1.36568871767e-08,0.0
1463751288118110136,1190,1463751288116642590,,1.24153523018e-08,0.0
1463751288138072655,1191,1463751288136646671,,1.12866844759e-08,0.0
1463751288158091892,1192,1463751288156664242,,1.02606225738e-08,0.0
1463751288178203733,1193,1463751288176631969,,9.32783894569e-09,0.0
1463751288199830308,1194,1463751288196635634,,8.4798541522e-09,0.0
1463751288218071688,1195,1463751288216651017,,7.70895880464e-09,0.0
1463751288238201550,1196,1463751288236680827,,7.0081447312e-09,0.0
1463751288258067506,1197,1463751288256647877,,6.37104102807e-09,0.0
1463751288278072733,1198,1463751288276633156,,5.7918554397e-09,0.0
1463751288298032752,1199,1463751288296632029,,5.26532328848e-09,0.0
1463751288318151260,1200,1463751288316634287,,4.78665773684e-09,0.0
1463751288338090341,1201,1463751288336667795,,4.35150715461e-09,0.0
1463751288358089995,1202,1463751288356630366,,3.9559155951e-09,0.0
1463751288378144545,1203,1463751288376624760,,3.59628704594e-09,0.0
1463751288398144824,1204,1463751288396653841,,3.26935190031e-09,0.0
1463751288418061302,1205,1463751288416659745,,2.9721380912e-09,0.0
1463751288438078091,1206,1463751288436656899,,2.70194377983e-09,0.0
1463751288458026547,1207,1463751288456638949,,2.45631270879e-09,0.0
1463751288478050056,1208,1463751288476642770,,2.23301155344e-09,0.0
1463751288498062314,1209,1463751288496638049,,2.03001060406e-09,0.0
1463751288518281863,1210,1463751288516645047,,1.84546422588e-09,0.0
1463751288538476881,1211,1463751288536652826,,1.67769476089e-09,0.0
1463751288558096849,1212,1463751288556645501,,1.52517709573e-09,0.0
1463751288578718896,1213,1463751288576663748,,1.38652467285e-09,0.0
1463751288598071574,1214,1463751288596673194,,1.26047705606e-09,0.0
1463751288618058415,1215,1463751288616646546,,1.14588827316e-09,0.0
1463751288638276193,1216,1463751288636656461,,1.04171660187e-09,0.0
1463751288658181577,1217,1463751288656707260,,9.47015132979e-10,0.0
1463751288678313001,1218,1463751288676662436,,8.60922888535e-10,0.0
1463751288698098594,1219,1463751288696647350,,7.82657216813e-10,0.0
1463751288718107519,1220,1463751288716639452,,7.11506575879e-10,0.0
1463751288738175975,1221,1463751288736699054,,6.46824205308e-10,0.0
1463751288758136202,1222,1463751288756671312,,5.88022019965e-10,0.0
1463751288778050960,1223,1463751288776644716,,5.34565502974e-10,0.0
1463751288798110250,1224,1463751288796645933,,4.85968654207e-10,0.0
1463751288818039748,1225,1463751288816638243,,4.41789688166e-10,0.0
1463751288838089610,1226,1463751288836666074,,4.01627009428e-10,0.0
1463751288858113743,1227,1463751288856656926,,3.65115465639e-10,0.0
1463751288878114960,1228,1463751288876656580,,3.31923155628e-10,0.0
1463751288898046645,1229,1463751288896636703,,3.01748320775e-10,0.0
1463751288918076403,1230,1463751288916651149,,2.74316652726e-10,0.0
1463751288938178817,1231,1463751288936648199,,2.49378795392e-10,0.0
1463751288958088420,1232,1463751288956653530,,2.26707999595e-10,0.0
1463751288978090157,1233,1463751288976655111,,2.06098194067e-10,0.0
1463751288998090540,1234,1463751288996659817,,1.87362000914e-10,0.0
1463751289018044674,1235,1463751289016636190,,1.70329098048e-10,0.0
1463751289038169692,1236,1463751289036649178,,1.54844637112e-10,0.0
1463751289058088253,1237,1463751289056648467,,1.40767855705e-10,0.0
1463751289078206760,1238,1463751289076706975,,1.27970786745e-10,0.0
1463751289098108759,1239,1463751289096652775,,1.16337078859e-10,0.0
1463751289118155235,1240,1463751289116644877,,1.05760983304e-10,0.0
1463751289138276139,1241,1463751289136663802,,9.61463547666e-11,0.0
1463751289158337460,1242,1463751289156742518,,8.74057770606e-11,0.0
1463751289178218468,1243,1463751289176646340,,7.9459799851e-11,0.0
1463751289198264633,1244,1463751289196627504,,7.22361823136e-11,0.0
1463751289218064756,1245,1463751289216655231,,6.56692616952e-11,0.0
1463751289238252795,1246,1463751289236643218,,5.96993288138e-11,0.0
1463751289258410365,1247,1463751289256681466,,5.42721180496e-11,0.0
1463751289278305176,1248,1463751289276636433,,4.93382903977e-11,0.0
1463751289298064518,1249,1463751289296646504,,4.48529928476e-11,0.0
1463751289318101151,1250,1463751289316656626,,4.07754489895e-11,0.0
1463751289338209138,1251,1463751289336651124,,3.70685912521e-11,0.0
1463751289358045252,1252,1463751289356644112,,3.36987208971e-11,0.0
1463751289378047718,1253,1463751289376625276,,3.0635202708e-11,0.0
1463751289398080966,1254,1463751289396648055,,2.78501856993e-11,0.0
1463751289418218432,1255,1463751289416649845,,2.53183515819e-11,0.0
1463751289438077982,1256,1463751289436645488,,2.30166840448e-11,0.0
1463751289458045657,1257,1463751289456647122,,2.09242588534e-11,0.0
1463751289478070832,1258,1463751289476650161,,1.90220547647e-11,0.0
1463751289498035226,1259,1463751289496640128,,1.72927783204e-11,0.0
1463751289518086859,1260,1463751289516653480,,1.57207077217e-11,0.0
1463751289538138232,1261,1463751289536663082,,1.42915531839e-11,0.0
1463751289558124865,1262,1463751289556635080,,1.29923216283e-11,0.0
1463751289578081238,1263,1463751289576661244,,1.18112021899e-11,0.0
1463751289598244433,1264,1463751289596637721,,1.07374569305e-11,0.0
1463751289618082421,1265,1463751289616657896,,9.76132456115e-12,0.0
1463751289638119679,1266,1463751289636640258,,8.87393197119e-12,0.0
1463751289658073344,1267,1463751289656638298,,8.06721096175e-12,0.0
1463751289678052790,1268,1463751289676648629,,7.33382798934e-12,0.0
1463751289698095777,1269,1463751289696653856,,6.66711651165e-12,0.0
1463751289718065431,1270,1463751289716629500,,6.06101540485e-12,0.0
1463751289738120866,1271,1463751289736653268,,5.51001431981e-12,0.0
1463751289758226509,1272,1463751289756646672,,5.0091042425e-12,0.0
1463751289778202518,1273,1463751289776620910,,4.55373109012e-12,0.0
1463751289798251599,1274,1463751289796642699,,4.13975581245e-12,0.0
1463751289818192347,1275,1463751289816626416,,3.76341449324e-12,0.0
1463751289838243823,1276,1463751289836634664,,3.42128604093e-12,0.0
1463751289858244050,1277,1463751289856643953,,3.11026009635e-12,0.0
1463751289878282871,1278,1463751289876638086,,2.82750927706e-12,0.0
1463751289898095807,1279,1463751289896650709,,2.57046315656e-12,0.0
1463751289918163117,1280,1463751289916628020,,2.33678484549e-12,0.0
1463751289938085324,1281,1463751289936618559,,2.1243499581e-12,0.0
1463751289958137946,1282,1463751289956640661,,1.93122731348e-12,0.0
1463751289978134632,1283,1463751289976625576,,1.75566126307e-12,0.0
1463751289998084494,1284,1463751289996639396,,1.59605575284e-12,0.0
1463751290018170919,1285,1463751290016640405,,1.45095979502e-12,0.0
1463751290038096094,1286,1463751290036637246,,1.31905434925e-12,0.0
1463751290058255122,1287,1463751290056633202,,1.19914039635e-12,0.0
1463751290078224985,1288,1463751290076651606,,1.09012766262e-12,0.0
1463751290098210264,1289,1463751290096651833,,9.91025187261e-13,0.0
1463751290118277053,1290,1463751290116656435,,9.00931998275e-13,0.0
1463751290138237905,1291,1463751290136633485,,8.19029089341e-13,0.0
1463751290159028390,1292,1463751290156698243,,7.44571938827e-13,0.0
1463751290178119297,1293,1463751290176683887,,6.76883625105e-13,0.0
1463751290198101087,1294,1463751290196652187,,6.15348755024e-13,0.0
1463751290218155428,1295,1463751290216650435,,5.59407988682e-13,0.0
1463751290238150395,1296,1463751290236652328,,5.0855272684e-13,0.0
1463751290258131247,1297,1463751290256640420,,4.62320665692e-13,0.0
1463751290278156370,1298,1463751290276628043,,4.20291514265e-13,0.0
1463751290298108889,1299,1463751290296621916,,3.82083199715e-13,0.0
1463751290318196876,1300,1463751290316655476,,3.47348370769e-13,0.0
1463751290338334915,1301,1463751290336704922,,3.15771253546e-13,0.0
1463751290358194986,1302,1463751290356655149,,2.87064778415e-13,0.0
