%time,field.header.seq,field.header.stamp,field.header.frame_id,field.temperature,field.variance
1463751270158718013,289,1463751270096811768,,1494.0,1491.0
1463751270158754159,290,1463751270116863296,,1494.0,1491.0
1463751270158805305,291,1463751270136681233,,1494.0,1491.0
1463751270158870669,292,1463751270156666824,,1494.0,1491.0
1463751270177954389,293,1463751270176610124,,1494.0,1491.0
1463751270197956596,294,1463751270196607278,,1494.0,1491.0
1463751270219442441,295,1463751270216669328,,1494.0,1492.0
1463751270238281527,296,1463751270236614451,,1494.0,1491.0
1463751270258694513,297,1463751270256610720,,1494.0,1492.0
1463751270278309117,298,1463751270276541937,,1493.0,1492.0
1463751270298134136,299,1463751270296605653,,1494.0,1491.0
1463751270318409622,300,1463751270316604942,,1493.0,1491.0
1463751270338143861,301,1463751270336589128,,1494.0,1491.0
1463751270358796481,302,1463751270356602480,,1493.0,1491.0
1463751270378563584,303,1463751270376629425,,1494.0,1491.0
1463751270398503238,304,1463751270396641892,,1494.0,1491.0
1463751270418257685,305,1463751270416612640,,1494.0,1492.0
1463751270438138381,306,1463751270436623856,,1494.0,1492.0
1463751270458546679,307,1463751270456624396,,1494.0,1491.0
1463751270478447480,308,1463751270476609779,,1494.0,1492.0
1463751270498109219,309,1463751270496606569,,1493.0,1492.0
1463751270518239080,310,1463751270516617629,,1493.0,1492.0
1463751270538158891,311,1463751270536652075,,1494.0,1491.0
1463751270558497971,312,1463751270556623500,,1494.0,1491.0
1463751270579986368,313,1463751270577354973,,1494.0,1491.0
1463751270598913579,314,1463751270596870619,,1494.0,1491.0
1463751270618686203,315,1463751270616890377,,1494.0,1491.0
1463751270638799502,316,1463751270636602272,,1494.0,1491.0
1463751270658485512,317,1463751270656836665,,1495.0,1491.0
1463751270678949122,318,1463751270676768038,,1493.0,1492.0
1463751270698794506,319,1463751270696822171,,1494.0,1491.0
1463751270718807285,320,1463751270716823961,,1494.0,1491.0
1463751270739139282,321,1463751270737172728,,1493.0,1491.0
1463751270758394720,322,1463751270756838946,,1494.0,1491.0
1463751270778922133,323,1463751270776788444,,1494.0,1491.0
1463751270798907255,324,1463751270796865233,,1494.0,1492.0
1463751270820059977,325,1463751270816833325,,1494.0,1491.0
1463751270839008230,326,1463751270836892458,,1493.0,1492.0
1463751270858958509,327,1463751270856911903,,1494.0,1491.0
1463751270879489307,328,1463751270877181400,,1493.0,1491.0
1463751270899100629,329,1463751270896878087,,1494.0,1491.0
1463751270918562421,330,1463751270916593263,,1494.0,1491.0
1463751270939334936,331,1463751270936613437,,1493.0,1492.0
1463751270958195116,332,1463751270956653300,,1493.0,1492.0
1463751270979699139,333,1463751270976826599,,1494.0,1491.0
1463751270999125254,334,1463751270996603650,,1489.0,1496.0
1463751271019805373,335,1463751271016618408,,1498.0,1491.0
1463751271039449144,336,1463751271036615770,,1494.0,1492.0
1463751271059582287,337,1463751271056608966,,1493.0,1492.0
1463751271079866940,338,1463751271076609610,,1494.0,1492.0
1463751271099695553,339,1463751271096601191,,1494.0,1491.0
1463751271119574791,340,1463751271116614335,,1494.0,1491.0
1463751271139588768,341,1463751271136619093,,1493.0,1491.0
1463751271158453635,342,1463751271156598122,,1494.0,1491.0
1463751271178472768,343,1463751271176623401,,1494.0,1491.0
1463751271199024399,344,1463751271196850606,,1494.0,1492.0
1463751271219492436,345,1463751271217227863,,1494.0,1492.0
1463751271238771469,346,1463751271236730644,,1493.0,1492.0
1463751271266418434,347,1463751271264113235,,1494.0,1491.0
1463751271279098744,348,1463751271276571776,,1494.0,1491.0
1463751271299175064,349,1463751271296823408,,1493.0,1492.0
1463751271318668939,350,1463751271316835249,,1494.0,1491.0
1463751271338713958,351,1463751271336724800,,1494.0,1491.0
1463751271360369647,352,1463751271356623308,,1494.0,1491.0
1463751271379627273,353,1463751271376614785,,1494.0,1491.0
1463751271399108856,354,1463751271396936938,,1493.0,1492.0
1463751271418774918,355,1463751271416756437,,1494.0,1491.0
1463751271439115039,356,1463751271436831351,,1493.0,1491.0
1463751271459628389,357,1463751271456767099,,1493.0,1492.0
1463751271478641589,358,1463751271476661129,,1494.0,1491.0
1463751271498965044,359,1463751271496660887,,1494.0,1491.0
1463751271518530064,360,1463751271516630593,,1493.0,1491.0
1463751271538482218,361,1463751271536626289,,1494.0,1491.0
1463751271557885677,362,1463751271556621412,,1494.0,1491.0
1463751271578702776,363,1463751271576636378,,1495.0,1491.0
1463751271598969356,364,1463751271596632230,,1493.0,1492.0
1463751271618267242,365,1463751271616605634,,1494.0,1491.0
1463751271638663717,366,1463751271636608361,,1494.0,1491.0
1463751271659315139,367,1463751271656621609,,1494.0,1491.0
1463751271679217815,368,1463751271676634701,,1493.0,1492.0
1463751271699063355,369,1463751271696640553,,1493.0,1492.0
1463751271719011811,370,1463751271716611717,,1494.0,1491.0
1463751271738541103,371,1463751271736616892,,1494.0,1491.0
1463751271758585757,372,1463751271756608890,,1494.0,1492.0
1463751271778406609,373,1463751271776520263,,1493.0,1492.0
1463751271798487982,374,1463751271796621636,,1493.0,1492.0
1463751271818157169,375,1463751271816620561,,1494.0,1491.0
1463751271838203333,376,1463751271836634381,,1493.0,1491.0
1463751271859046681,377,1463751271856618150,,1494.0,1491.0
1463751271878684514,378,1463751271876649887,,1494.0,1491.0
1463751271899065052,379,1463751271896635531,,1493.0,1492.0
1463751271918184397,380,1463751271916616748,,1493.0,1492.0
1463751271938110614,381,1463751271936598381,,1493.0,1491.0
1463751271958594954,382,1463751271956608504,,1494.0,1491.0
1463751271978567212,383,1463751271976622897,,1494.0,1491.0
1463751271998594314,384,1463751271996649270,,1494.0,1491.0
1463751272018280375,385,1463751272016605435,,1494.0,1491.0
1463751272038179717,386,1463751272036621078,,1494.0,1492.0
1463751272058491610,387,1463751272056582295,,1494.0,1491.0
1463751272078734336,388,1463751272076625022,,1494.0,1492.0
1463751272098705032,389,1463751272096621499,,1493.0,1492.0
1463751272118319271,390,1463751272116624382,,1495.0,1491.0
1463751272138322258,391,1463751272136607890,,1493.0,1492.0
1463751272159589355,392,1463751272156682596,,1494.0,1489.0
1463751272178596982,393,1463751272176644490,,1493.0,1492.0
1463751272198700021,394,1463751272196633363,,1495.0,1491.0
1463751272218643217,395,1463751272216664371,,1494.0,1491.0
1463751272238243237,396,1463751272236618504,,1494.0,1491.0
1463751272258296120,397,1463751272256621909,,1494.0,1491.0
1463751272278282753,398,1463751272276558073,,1493.0,1492.0
1463751272299361101,399,1463751272296622258,,1497.0,1492.0
1463751272319161120,400,1463751272316615610,,1494.0,1491.0
1463751272339221972,401,1463751272336633025,,1498.0,1492.0
1463751272358891836,402,1463751272356630439,,1494.0,1491.0
1463751272379270447,403,1463751272376609156,,1493.0,1491.0
1463751272399596558,404,1463751272396626987,,1493.0,1491.0
1463751272419579076,405,1463751272416591016,,1494.0,1491.0
1463751272439109774,406,1463751272436626191,,1493.0,1492.0
1463751272458133234,407,1463751272456621626,,1494.0,1491.0
1463751272479050124,408,1463751272476629770,,1493.0,1491.0
1463751272499027330,409,1463751272496627341,,1494.0,1491.0
1463751272519045943,410,1463751272516614912,,1494.0,1491.0
1463751272538063309,411,1463751272536616441,,1494.0,1491.0
1463751272559019366,412,1463751272556621772,,1494.0,1491.0
1463751272579195477,413,1463751272576650697,,1493.0,1492.0
1463751272599130757,414,1463751272596617851,,1494.0,1491.0
1463751272619221712,415,1463751272616625161,,1494.0,1492.0
1463751272639207044,416,1463751272636603357,,1494.0,1491.0
1463751272658088265,417,1463751272656606605,,1494.0,1491.0
1463751272679226612,418,1463751272676617352,,1493.0,1491.0
1463751272699209860,419,1463751272696614246,,1494.0,1491.0
1463751272719138004,420,1463751272716610359,,1494.0,1491.0
1463751272738577140,421,1463751272736617981,,1494.0,1492.0
1463751272758129816,422,1463751272756616333,,1494.0,1491.0
1463751272778517698,423,1463751272776612862,,1495.0,1491.0
1463751272798560946,424,1463751272796619444,,1495.0,1491.0
1463751272818539089,425,1463751272816622118,,1494.0,1491.0
1463751272838577754,426,1463751272836628387,,1494.0,1492.0
1463751272858137774,427,1463751272856593093,,1494.0,1491.0
1463751272878556750,428,1463751272876621862,,1494.0,1492.0
1463751272898598747,429,1463751272896620631,,1493.0,1492.0
1463751272918475902,430,1463751272916611587,,1493.0,1492.0
1463751272938532743,431,1463751272936633897,,1494.0,1491.0
1463751272958199013,432,1463751272956628395,,1493.0,1491.0
1463751272978593197,433,1463751272976661955,,1494.0,1491.0
1463751272998511601,434,1463751272996610620,,1494.0,1491.0
1463751273018461933,435,1463751273016605586,,1494.0,1491.0
1463751273038558670,436,1463751273036626595,,1494.0,1491.0
1463751273058193221,437,1463751273056664426,,1495.0,1491.0
1463751273078600269,438,1463751273076620746,,1495.0,1491.0
1463751273098598986,439,1463751273096631442,,1494.0,1491.0
1463751273118551609,440,1463751273116624742,,1494.0,1492.0
1463751273138621419,441,1463751273136662833,,1494.0,1491.0
1463751273158457532,442,1463751273156656758,,1494.0,1492.0
1463751273179000205,443,1463751273176614434,,1493.0,1492.0
1463751273199035952,444,1463751273196628410,,1493.0,1492.0
1463751273219162377,445,1463751273216624210,,1494.0,1491.0
1463751273239109010,446,1463751273236647146,,1494.0,1492.0
1463751273258206793,447,1463751273256656487,,1493.0,1492.0
1463751273279032173,448,1463751273276647235,,1494.0,1491.0
1463751273299312971,449,1463751273296616837,,1493.0,1491.0
1463751273319551895,450,1463751273316616231,,1493.0,1491.0
1463751273339628737,451,1463751273336620468,,1493.0,1492.0
1463751273358866258,452,1463751273356632049,,1494.0,1491.0
1463751273378614351,453,1463751273376600818,,1494.0,1491.0
1463751273398566193,454,1463751273396626670,,1494.0,1491.0
1463751273418531055,455,1463751273416609345,,1494.0,1491.0
1463751273438646647,456,1463751273436643478,,1494.0,1491.0
1463751273458198230,457,1463751273456634747,,1494.0,1491.0
1463751273479032724,458,1463751273476621172,,1493.0,1492.0
1463751273499037065,459,1463751273496631451,,1493.0,1492.0
1463751273519166250,460,1463751273516646886,,1494.0,1491.0
1463751273539294081,461,1463751273536619249,,1494.0,1491.0
1463751273559108059,462,1463751273556620778,,1494.0,1492.0
1463751273578711048,463,1463751273576634077,,1494.0,1492.0
1463751273598585442,464,1463751273596639981,,1494.0,1491.0
1463751273619071552,465,1463751273616613802,,1494.0,1491.0
1463751273638442772,466,1463751273636623404,,1494.0,1491.0
1463751273658887163,467,1463751273656607433,,1494.0,1492.0
1463751273678673693,468,1463751273676626723,,1494.0,1491.0
1463751273700188393,469,1463751273696663356,,1493.0,1492.0
1463751273719500758,470,1463751273716627750,,1494.0,1491.0
1463751273738365313,471,1463751273736630893,,1494.0,1492.0
1463751273758368144,472,1463751273756611745,,1494.0,1491.0
1463751273778561027,473,1463751273776612650,,1494.0,1492.0
1463751273798355525,474,1463751273796643501,,1493.0,1492.0
1463751273818307628,475,1463751273816613260,,1494.0,1491.0
1463751273838335511,476,1463751273836610466,,1494.0,1491.0
1463751273858364696,477,1463751273856632360,,1494.0,1491.0
1463751273878415860,478,1463751273876655503,,1494.0,1491.0
1463751273898385150,479,1463751273896600366,,1494.0,1491.0
1463751273918291315,480,1463751273916591634,,1494.0,1491.0
1463751273938308833,481,1463751273936614570,,1493.0,1492.0
1463751273958297498,482,1463751273956606567,,1493.0,1492.0
1463751273978326266,483,1463751273976629086,,1494.0,1491.0
1463751273998345035,484,1463751273996618167,,1493.0,1492.0
1463751274018400991,485,1463751274016601415,,1494.0,1491.0
1463751274038451947,486,1463751274036619038,,1494.0,1491.0
1463751274058603215,487,1463751274056602182,,1494.0,1492.0
1463751274078362089,488,1463751274076636106,,1494.0,1491.0
1463751274098373045,489,1463751274096605604,,1494.0,1492.0
1463751274118399313,490,1463751274116614217,,1494.0,1492.0
1463751274138754903,491,1463751274137093817,,1493.0,1492.0
1463751274160349082,492,1463751274156839618,,1494.0,1491.0
1463751274178779368,493,1463751274176802449,,1493.0,1491.0
1463751274199209384,494,1463751274196830593,,1493.0,1492.0
1463751274218585760,495,1463751274216661549,,1493.0,1491.0
1463751274239023173,496,1463751274236718339,,1493.0,1492.0
1463751274259989125,497,1463751274256939919,,1494.0,1491.0
1463751274279184251,498,1463751274276716397,,1494.0,1492.0
1463751274299533799,499,1463751274296770582,,1493.0,1492.0
1463751274319203351,500,1463751274316691278,,1493.0,1492.0
1463751274339096963,501,1463751274336965462,,1493.0,1491.0
1463751274359332658,502,1463751274356859856,,1493.0,1491.0
1463751274378432212,503,1463751274376816750,,1494.0,1491.0
1463751274398313637,504,1463751274396683957,,1493.0,1492.0
1463751274418773289,505,1463751274416600278,,1493.0,1492.0
1463751274438481382,506,1463751274436622484,,1493.0,1491.0
1463751274458374995,507,1463751274456611617,,1493.0,1492.0
1463751274478428555,508,1463751274476609969,,1494.0,1491.0
1463751274498605969,509,1463751274496614728,,1494.0,1491.0
1463751274518092084,510,1463751274516600580,,1493.0,1492.0
1463751274538877463,511,1463751274536619556,,1493.0,1492.0
1463751274559205502,512,1463751274556614523,,1495.0,1491.0
1463751274579543592,513,1463751274576852457,,1499.0,1491.0
1463751274599303351,514,1463751274596603467,,1498.0,1492.0
1463751274618658997,515,1463751274616585673,,1498.0,1491.0
1463751274638590162,516,1463751274636593608,,1498.0,1491.0
1463751274658769451,517,1463751274656629981,,1499.0,1488.0
1463751274678257753,518,1463751274676623489,,1494.0,1491.0
1463751274699402350,519,1463751274696602310,,1493.0,1492.0
1463751274718317530,520,1463751274716608735,,1493.0,1491.0
1463751274738252601,521,1463751274736606722,,1494.0,1491.0
1463751274758275588,522,1463751274756613616,,1494.0,1491.0
1463751274778217742,523,1463751274776598791,,1498.0,1492.0
1463751274799130570,524,1463751274796601153,,1498.0,1492.0
1463751274818641476,525,1463751274816588464,,1498.0,1491.0
1463751274838209517,526,1463751274836590201,,1498.0,1491.0
1463751274858255838,527,1463751274856619595,,1498.0,1492.0
1463751274878648667,528,1463751274876567999,,1494.0,1491.0
1463751274898802539,529,1463751274896595674,,1494.0,1491.0
1463751274918409070,530,1463751274916594338,,1493.0,1492.0
1463751274938622109,531,1463751274936599461,,1494.0,1491.0
1463751274958253379,532,1463751274956615990,,1493.0,1491.0
1463751274978219231,533,1463751274976595332,,1494.0,1491.0
1463751274998769612,534,1463751274996616809,,1493.0,1492.0
1463751275019493586,535,1463751275016623911,,1494.0,1491.0
1463751275038259912,536,1463751275036602263,,1494.0,1491.0
1463751275058799095,537,1463751275056604833,,1494.0,1492.0
1463751275078647812,538,1463751275076599435,,1493.0,1492.0
1463751275099139860,539,1463751275096596798,,1494.0,1491.0
1463751275118995244,540,1463751275116602858,,1493.0,1491.0
1463751275138784326,541,1463751275136608345,,1493.0,1492.0
1463751275159337415,542,1463751275156606072,,1493.0,1492.0
1463751275181225342,543,1463751275176611872,,1493.0,1491.0
1463751275200472343,544,1463751275196798713,,1493.0,1492.0
1463751275220491893,545,1463751275216775763,,1494.0,1491.0
1463751275238454108,546,1463751275236777501,,1493.0,1491.0
1463751275263960666,547,1463751275256679395,,1494.0,1491.0
1463751275278214823,548,1463751275276622591,,1541.0,1492.0
1463751275298249165,549,1463751275296621828,,1640.0,1491.0
1463751275318215017,550,1463751275316620336,,1640.0,1491.0
1463751275338178004,551,1463751275336607907,,1640.0,1491.0
1463751275358104638,552,1463751275356590790,,1640.0,1492.0
1463751275378113407,553,1463751275376646798,,1640.0,1491.0
1463751275398426341,554,1463751275396602911,,1640.0,1491.0
1463751275418472245,555,1463751275416605742,,1640.0,1491.0
1463751275438751324,556,1463751275436600396,,1640.0,1491.0
1463751275458222283,557,1463751275456600415,,1640.0,1492.0
1463751275478892663,558,1463751275476629704,,1640.0,1491.0
1463751275498193310,559,1463751275496593733,,1640.0,1491.0
1463751275518264682,560,1463751275516603440,,1640.0,1491.0
1463751275538189910,561,1463751275536596792,,1640.0,1491.0
1463751275558292115,562,1463751275556581029,,1640.0,1491.0
1463751275578522029,563,1463751275576598808,,1640.0,1491.0
1463751275598203820,564,1463751275596592264,,1640.0,1492.0
1463751275618212588,565,1463751275616607856,,1640.0,1491.0
1463751275638172816,566,1463751275636587666,,1640.0,1492.0
1463751275658484083,567,1463751275656600341,,1640.0,1491.0
1463751275678533320,568,1463751275676614162,,1640.0,1491.0
1463751275699235836,569,1463751275696592358,,1640.0,1492.0
1463751275718730700,570,1463751275716607272,,1640.0,1492.0
1463751275738257388,571,1463751275736580468,,1640.0,1491.0
1463751275760086096,572,1463751275756586580,,1640.0,1491.0
1463751275778145186,573,1463751275776588005,,1640.0,1491.0
1463751275800007957,574,1463751275796586670,,1640.0,1491.0
1463751275818844804,575,1463751275816593824,,1640.0,1492.0
1463751275838897791,576,1463751275836597019,,1640.0,1492.0
1463751275860025982,577,1463751275856568913,,1640.0,1492.0
1463751275878932047,578,1463751275876601848,,1640.0,1491.0
1463751275899075554,579,1463751275896724523,,1640.0,1492.0
1463751275918495888,580,1463751275916577355,,1640.0,1492.0
1463751275938322782,581,1463751275936617425,,1640.0,1492.0
1463751275958237853,582,1463751275956606767,,1640.0,1496.0
1463751275978178029,583,1463751275976596160,,1640.0,1496.0
1463751275998539817,584,1463751275996618575,,1640.0,1491.0
1463751276018284993,585,1463751276016588698,,1640.0,1487.0
1463751276038452979,586,1463751276036605539,,1640.0,1491.0
1463751276058119197,587,1463751276056617120,,1640.0,1497.0
1463751276078428642,588,1463751276076603910,,1640.0,1489.0
1463751276098527045,589,1463751276096592835,,1640.0,1492.0
1463751276118847636,590,1463751276116581604,,1640.0,1492.0
1463751276138722499,591,1463751276136592560,,1640.0,1491.0
1463751276159143140,592,1463751276156714870,,1640.0,1484.0
1463751276178408579,593,1463751276176618847,,1640.0,1492.0
1463751276198446358,594,1463751276196646574,,1640.0,1491.0
1463751276219319966,595,1463751276216613103,,1640.0,1493.0
1463751276238345979,596,1463751276236624059,,1640.0,1482.0
1463751276258244852,597,1463751276256594755,,1640.0,1492.0
1463751276280782256,598,1463751276276617378,,1640.0,1491.0
1463751276299143792,599,1463751276296634688,,1640.0,1491.0
1463751276319453965,600,1463751276316595071,,1640.0,1491.0
1463751276339107996,601,1463751276336646704,,1640.0,1491.0
1463751276359106244,602,1463751276356608754,,1640.0,1492.0
1463751276378905013,603,1463751276376589554,,1640.0,1508.0
1463751276398126129,604,1463751276396631708,,1640.0,1498.0
1463751276419540152,605,1463751276416619331,,1640.0,1496.0
1463751276439472098,606,1463751276436627787,,1640.0,1492.0
1463751276458981025,607,1463751276456600046,,1640.0,1491.0
1463751276479301719,608,1463751276476594283,,1640.0,1491.0
1463751276499172676,609,1463751276496619562,,1640.0,1558.0
1463751276518899519,610,1463751276516614008,,1640.0,1491.0
1463751276538589904,611,1463751276536625901,,1640.0,1491.0
1463751276558640443,612,1463751276556627951,,1640.0,1505.0
1463751276578415514,613,1463751276576607814,,1640.0,1475.0
1463751276598162878,614,1463751276596621791,,1640.0,1492.0
1463751276618668728,615,1463751276616610195,,1640.0,1491.0
1463751276638470206,616,1463751276636613182,,1640.0,1478.0
1463751276658483766,617,1463751276656584920,,1640.0,1478.0
1463751276678463472,618,1463751276676598480,,1640.0,1491.0
1463751276698900520,619,1463751276696618030,,1640.0,1491.0
1463751276718470020,620,1463751276716594351,,1640.0,1497.0
1463751276738512018,621,1463751276736595359,,1640.0,1508.0
1463751276758482401,622,1463751276756618346,,1640.0,1491.0
1463751276778498722,623,1463751276776600709,,1640.0,1491.0
1463751276798386137,624,1463751276796627811,,1640.0,1491.0
1463751276818481780,625,1463751276816598923,,1640.0,1491.0
1463751276838464246,626,1463751276836608317,,1640.0,1485.0
1463751276858460984,627,1463751276856609794,,1640.0,1491.0
1463751276878529856,628,1463751276876596792,,1640.0,1492.0
1463751276898592739,629,1463751276896625821,,1640.0,1492.0
1463751276919576816,630,1463751276916596725,,1640.0,1495.0
1463751276939352409,631,1463751276936606848,,1640.0,1491.0
1463751276958995242,632,1463751276956606814,,1640.0,1491.0
1463751276978476096,633,1463751276976610635,,1640.0,1491.0
1463751276999023091,634,1463751276996630810,,1640.0,1495.0
1463751277018450925,635,1463751277016602391,,1640.0,1490.0
1463751277039302502,636,1463751277036746628,,1640.0,1491.0
1463751277059244448,637,1463751277056614355,,1640.0,1492.0
1463751277078756292,638,1463751277076612655,,1640.0,1491.0
1463751277099193340,639,1463751277096620382,,1640.0,1491.0
1463751277118926485,640,1463751277116582537,,1640.0,1489.0
1463751277138816087,641,1463751277136596670,,1640.0,1489.0
1463751277158920324,642,1463751277156643094,,1640.0,1480.0
1463751277178276335,643,1463751277176628686,,1640.0,1491.0
1463751277199127236,644,1463751277196627403,,1640.0,1491.0
1463751277218741891,645,1463751277216623775,,1640.0,1491.0
1463751277238756702,646,1463751277236602648,,1640.0,1491.0
1463751277263447429,647,1463751277256644646,,1640.0,1491.0
1463751277278332782,648,1463751277276663571,,1640.0,1491.0
1463751277298653998,649,1463751277296621871,,1640.0,1491.0
1463751277318531829,650,1463751277316584650,,1640.0,1498.0
1463751277338375442,651,1463751277336638054,,1640.0,1492.0
1463751277358361086,652,1463751277356644271,,1640.0,1494.0
1463751277378408240,653,1463751277376624602,,1640.0,1491.0
1463751277398519717,654,1463751277396598006,,1640.0,1491.0
1463751277418279007,655,1463751277416624066,,1640.0,1491.0
1463751277438950481,656,1463751277436591273,,1640.0,1491.0
1463751277459197165,657,1463751277456594364,,1640.0,1491.0
1463751277478815415,658,1463751277476634799,,1640.0,1491.0
1463751277499000537,659,1463751277496602266,,1640.0,1503.0
1463751277518700453,660,1463751277516593274,,1640.0,1485.0
1463751277538717503,661,1463751277536916833,,1640.0,1491.0
1463751277558772833,662,1463751277556598416,,1640.0,1491.0
1463751277578788946,663,1463751277576665309,,1640.0,1491.0
1463751277598722559,664,1463751277596601943,,1640.0,1491.0
1463751277618885337,665,1463751277617183886,,1640.0,1491.0
1463751277639147334,666,1463751277637251092,,1640.0,1491.0
1463751277659456986,667,1463751277657045903,,1640.0,1484.0
1463751277679398203,668,1463751277677148838,,1640.0,1485.0
1463751277698713173,669,1463751277696605473,,1640.0,1492.0
1463751277719319074,670,1463751277717174031,,1640.0,1492.0
1463751277738997584,671,1463751277736582073,,1640.0,1491.0
1463751277759733641,672,1463751277757287454,,1640.0,1491.0
1463751277779283401,673,1463751277777013619,,1640.0,1491.0
1463751277799603471,674,1463751277797263428,,1640.0,1491.0
1463751277819134793,675,1463751277817247197,,1640.0,1482.0
1463751277839287415,676,1463751277837261591,,1640.0,1479.0
1463751277859021133,677,1463751277856599268,,1640.0,1491.0
1463751277878615476,678,1463751277876608662,,1640.0,1491.0
1463751277900224186,679,1463751277896605035,,1640.0,1491.0
1463751277919116241,680,1463751277916612710,,1640.0,1492.0
1463751277938281471,681,1463751277936617989,,1640.0,1491.0
1463751277958570499,682,1463751277956613112,,1640.0,1498.0
1463751277977772032,683,1463751277976600787,,1640.0,1498.0
1463751277997804029,684,1463751277996640389,,1640.0,1493.0
1463751278017701340,685,1463751278016594939,,1640.0,1488.0
1463751278037872191,686,1463751278036607301,,1640.0,1491.0
1463751278058207365,687,1463751278056606018,,1640.0,1491.0
1463751278078022228,688,1463751278076613692,,1640.0,1491.0
1463751278098424380,689,1463751278096595847,,1640.0,1491.0
1463751278120253350,690,1463751278116613053,,1640.0,1491.0
1463751278139874828,691,1463751278136588071,,1640.0,1492.0
1463751278159036361,692,1463751278156678506,,1640.0,1503.0
1463751278178865026,693,1463751278176609671,,1640.0,1497.0
1463751278198793795,694,1463751278196618231,,1640.0,1491.0
1463751278218639439,695,1463751278216593511,,1640.0,1491.0
1463751278237846180,696,1463751278236600352,,1640.0,1484.0
1463751278258218124,697,1463751278256610944,,1640.0,1505.0
1463751278277854499,698,1463751278276607473,,1640.0,1481.0
1463751278298148370,699,1463751278296591710,,1640.0,1481.0
1463751278318217295,700,1463751278316602666,,1640.0,1492.0
1463751278338402834,701,1463751278336597581,,1640.0,1491.0
1463751278358703632,702,1463751278356618329,,1640.0,1491.0
1463751278378713911,703,1463751278376630378,,1640.0,1491.0
1463751278398143932,704,1463751278396598054,,1640.0,1486.0
1463751278418148170,705,1463751278416615728,,1640.0,1503.0
1463751278438130376,706,1463751278436599080,,1640.0,1491.0
1463751278458751850,707,1463751278456641026,,1640.0,1491.0
1463751278478209371,708,1463751278476597295,,1640.0,1492.0
1463751278498142515,709,1463751278496611480,,1640.0,1492.0
1463751278518816333,710,1463751278516611447,,1640.0,1497.0
1463751278538568749,711,1463751278536587143,,1640.0,1492.0
1463751278559001318,712,1463751278556652890,,1640.0,1488.0
1463751278578413474,713,1463751278576605982,,1640.0,1491.0
1463751278598493024,714,1463751278596631625,,1640.0,1491.0
1463751278618482053,715,1463751278616594457,,1640.0,1491.0
1463751278639680764,716,1463751278636604267,,1640.0,1491.0
1463751278658081102,717,1463751278656619025,,1640.0,1492.0
1463751278678836899,718,1463751278677368728,,1640.0,1491.0
1463751278698600200,719,1463751278697357341,,1640.0,1491.0
1463751278719506465,720,1463751278717292047,,1640.0,1491.0
1463751278739682576,721,1463751278737383576,,1640.0,1492.0
1463751278759286347,722,1463751278757335001,,1640.0,1489.0
1463751278779930633,723,1463751278777310384,,1640.0,1492.0
1463751278798662272,724,1463751278796757957,,1640.0,1491.0
1463751278818981612,725,1463751278816793861,,1640.0,1491.0
1463751278839149182,726,1463751278836775234,,1640.0,1491.0
1463751278858386131,727,1463751278856653014,,1640.0,1490.0
1463751278879958122,728,1463751278876602668,,1640.0,1488.0
1463751278899104395,729,1463751278896594197,,1640.0,1492.0
1463751278920091128,730,1463751278916596924,,1640.0,1491.0
1463751278938833496,731,1463751278936594078,,1640.0,1492.0
1463751278959008826,732,1463751278956595347,,1640.0,1507.0
1463751278979612071,733,1463751278976622449,,1640.0,1507.0
1463751278998298710,734,1463751278996644915,,1640.0,1501.0
1463751279019761587,735,1463751279016584882,,1640.0,1492.0
1463751279038748277,736,1463751279036608494,,1640.0,1491.0
1463751279058494182,737,1463751279056608305,,1640.0,1488.0
1463751279079142479,738,1463751279076614052,,1640.0,1494.0
1463751279099273591,739,1463751279096603446,,1640.0,1491.0
1463751279119228662,740,1463751279116623725,,1640.0,1491.0
1463751279139037119,741,1463751279136595984,,1640.0,1491.0
1463751279159411928,742,1463751279156644127,,1640.0,1492.0
1463751279180513504,743,1463751279176600917,,1640.0,1498.0
1463751279200478262,744,1463751279196628123,,1640.0,1491.0
1463751279221425985,745,1463751279216616943,,1640.0,1478.0
1463751279240195436,746,1463751279236622170,,1640.0,1499.0
1463751279265439912,747,1463751279256639116,,1640.0,1503.0
1463751279280867346,748,1463751279276619812,,1640.0,1492.0
1463751279301065332,749,1463751279296591497,,1640.0,1491.0
1463751279319415879,750,1463751279316608391,,1640.0,1491.0
1463751279338656265,751,1463751279336605285,,1640.0,1494.0
1463751279359518989,752,1463751279356591033,,1640.0,1494.0
1463751279378445679,753,1463751279376602301,,1640.0,1491.0
1463751279400347095,754,1463751279396628570,,1640.0,1491.0
1463751279419056338,755,1463751279416601453,,1640.0,1564.0
1463751279439913853,756,1463751279436602409,,1640.0,1492.0
1463751279458747679,757,1463751279456601490,,1640.0,1491.0
1463751279479189258,758,1463751279476597447,,1640.0,1502.0
1463751279499226725,759,1463751279496606788,,1640.0,1502.0
1463751279520217729,760,1463751279516608838,,1640.0,1492.0
1463751279539946863,761,1463751279536602763,,1640.0,1491.0
1463751279558429857,762,1463751279556605490,,1640.0,1492.0
1463751279579267008,763,1463751279576600248,,1640.0,1491.0
1463751279599478900,764,1463751279596602402,,1640.0,1491.0
1463751279619422461,765,1463751279616605077,,1640.0,1491.0
1463751279638652014,766,1463751279636623637,,1640.0,1495.0
1463751279658932344,767,1463751279656618969,,1640.0,1489.0
1463751279678233407,768,1463751279676595446,,1640.0,1489.0
1463751279698675560,769,1463751279696597912,,1640.0,1484.0
1463751279718741984,770,1463751279716605222,,1640.0,1491.0
1463751279738520389,771,1463751279736608470,,1640.0,1491.0
1463751279758968427,772,1463751279756602604,,1640.0,1491.0
1463751279778376313,773,1463751279776591529,,1640.0,1492.0
1463751279798445446,774,1463751279796585506,,1640.0,1490.0
1463751279818437964,775,1463751279816605420,,1640.0,1490.0
1463751279838368608,776,1463751279836615543,,1640.0,1487.0
1463751279858340242,777,1463751279856587124,,1640.0,1492.0
1463751279878961091,778,1463751279876599747,,1640.0,1491.0
1463751279899946262,779,1463751279896598411,,1640.0,1492.0
1463751279918821025,780,1463751279916595565,,1640.0,1491.0
1463751279938399795,781,1463751279936645896,,1640.0,1492.0
1463751279958300491,782,1463751279956624613,,1640.0,1491.0
1463751279978220354,783,1463751279976603590,,1640.0,1491.0
1463751279999296201,784,1463751279996598557,,1640.0,1494.0
1463751280018221381,785,1463751280016606857,,1640.0,1492.0
1463751280038183327,786,1463751280036607604,,1640.0,1482.0
1463751280058228241,787,1463751280056597258,,1640.0,1499.0
1463751280078122583,788,1463751280076602902,,1640.0,1492.0
1463751280099190410,789,1463751280096616567,,1640.0,1491.0
1463751280119044700,790,1463751280116583408,,1640.0,1492.0
1463751280138160451,791,1463751280136589208,,1640.0,1491.0
1463751280158492708,792,1463751280156627195,,1640.0,1491.0
1463751280178243145,793,1463751280176612787,,1640.0,1491.0
1463751280198962691,794,1463751280196612806,,1640.0,1502.0
1463751280218992762,795,1463751280216601470,,1640.0,1475.0
1463751280239299707,796,1463751280236603781,,1640.0,1492.0
1463751280258131970,797,1463751280256590831,,1640.0,1492.0
1463751280279200161,798,1463751280276606318,,1640.0,1481.0
1463751280298888879,799,1463751280296588732,,1640.0,1492.0
1463751280319145146,800,1463751280316609793,,1640.0,1492.0
1463751280339151936,801,1463751280336615072,,1640.0,1492.0
1463751280358118105,802,1463751280356604101,,1640.0,1491.0
1463751280378848849,803,1463751280376603286,,1640.0,1492.0
1463751280399164388,804,1463751280396610596,,1640.0,1507.0
1463751280418111859,805,1463751280416615094,,1640.0,1491.0
1463751280439189112,806,1463751280436620998,,1640.0,1491.0
1463751280458143615,807,1463751280456643725,,1640.0,1491.0
1463751280478110717,808,1463751280476638171,,1640.0,1476.0
1463751280498846201,809,1463751280496601679,,1640.0,1492.0
1463751280519202520,810,1463751280516611229,,1640.0,1492.0
1463751280539206810,811,1463751280536628696,,1640.0,1491.0
1463751280558128864,812,1463751280556615329,,1640.0,1491.0
1463751280578888723,813,1463751280576601389,,1640.0,1492.0
1463751280599065512,814,1463751280596771512,,1640.0,1492.0
1463751280619180009,815,1463751280616628614,,1640.0,1496.0
1463751280639782161,816,1463751280636616862,,1640.0,1491.0
1463751280658964944,817,1463751280656599693,,1640.0,1492.0
1463751280678186476,818,1463751280676596483,,1640.0,1492.0
1463751280699497270,819,1463751280696630876,,1640.0,1496.0
1463751280719712184,820,1463751280716605843,,1640.0,1498.0
1463751280739649963,821,1463751280736600757,,1640.0,1491.0
1463751280759266077,822,1463751280756607234,,1640.0,1492.0
1463751280778962660,823,1463751280776623034,,1640.0,1491.0
1463751280799079501,824,1463751280796598886,,1640.0,1491.0
1463751280819325820,825,1463751280816603592,,1640.0,1492.0
1463751280839919899,826,1463751280836616892,,1640.0,1492.0
1463751280859029349,827,1463751280856616234,,1640.0,1492.0
1463751280878131246,828,1463751280876621565,,1483.0,1492.0
1463751280898273868,829,1463751280896625021,,1491.0,1482.0
1463751280919272476,830,1463751280916645196,,1494.0,1507.0
1463751280939160829,831,1463751280936618027,,1499.0,1491.0
1463751280958128664,832,1463751280956636431,,1484.0,1502.0
1463751280978121496,833,1463751280976614263,,1498.0,1491.0
1463751280998330888,834,1463751280996626521,,1498.0,1492.0
1463751281018997154,835,1463751281016621227,,1499.0,1491.0
1463751281039118839,836,1463751281036638485,,1498.0,1491.0
1463751281058159122,837,1463751281056634545,,1498.0,1496.0
1463751281078129037,838,1463751281076638314,,1498.0,1496.0
1463751281098129785,839,1463751281096608177,,1500.0,1497.0
1463751281118210532,840,1463751281116637466,,1498.0,1491.0
1463751281139296588,841,1463751281136636912,,1487.0,1492.0
1463751281159793896,842,1463751281156646253,,1498.0,1512.0
1463751281179035949,843,1463751281176626428,,1498.0,1491.0
1463751281198185815,844,1463751281196623843,,1498.0,1492.0
1463751281218576770,845,1463751281216622143,,1511.0,1467.0
1463751281238204707,846,1463751281236658099,,1499.0,1488.0
1463751281259433105,847,1463751281256650357,,1498.0,1491.0
1463751281278155265,848,1463751281276611678,,1498.0,1491.0
1463751281298092628,849,1463751281296601801,,1455.0,1534.0
1463751281318806862,850,1463751281316618851,,1494.0,1492.0
1463751281338176675,851,1463751281336682515,,1493.0,1492.0
1463751281358525026,852,1463751281356620138,,1493.0,1491.0
1463751281378132077,853,1463751281376614896,,1484.0,1503.0
1463751281398120117,854,1463751281396649706,,1493.0,1492.0
1463751281418852945,855,1463751281416633267,,1493.0,1492.0
1463751281438124373,856,1463751281436657244,,1494.0,1491.0
1463751281458569702,857,1463751281456658773,,1497.0,1488.0
1463751281478553106,858,1463751281476625041,,1494.0,1490.0
1463751281498086668,859,1463751281496599539,,1494.0,1490.0
1463751281518830330,860,1463751281516629662,,1493.0,1491.0
1463751281538125247,861,1463751281536637077,,1493.0,1492.0
1463751281558516410,862,1463751281556623554,,1494.0,1497.0
1463751281578521793,863,1463751281576616124,,1493.0,1492.0
1463751281598537906,864,1463751281596619008,,1494.0,1491.0
1463751281618820423,865,1463751281616621943,,1494.0,1491.0
1463751281638094716,866,1463751281636617795,,1494.0,1492.0
1463751281658543743,867,1463751281656623439,,1494.0,1491.0
1463751281678572303,868,1463751281676634186,,1494.0,1491.0
1463751281698551384,869,1463751281696620507,,1494.0,1491.0
1463751281718925776,870,1463751281716622192,,1493.0,1492.0
1463751281738125642,871,1463751281736612576,,1482.0,1492.0
1463751281758526597,872,1463751281756622178,,1482.0,1498.0
1463751281778543386,873,1463751281776624280,,1471.0,1497.0
1463751281798468822,874,1463751281796544924,,1466.0,1492.0
1463751281818946442,875,1463751281816630359,,1450.0,1492.0
1463751281838305526,876,1463751281836655846,,1451.0,1491.0
1463751281858561377,877,1463751281856624927,,1461.0,1482.0
1463751281878598271,878,1463751281876637967,,1420.0,1491.0
1463751281899055058,879,1463751281896621944,,1373.0,1491.0
1463751281918857317,880,1463751281916627171,,1373.0,1491.0
1463751281938913273,881,1463751281936613648,,1369.0,1492.0
1463751281959084385,882,1463751281956623562,,1292.0,1492.0
1463751281979053727,883,1463751281976610352,,1292.0,1491.0
1463751281999023693,884,1463751281996615839,,1164.0,1494.0
1463751282019079285,885,1463751282016622420,,1148.0,1492.0
1463751282038933783,886,1463751282036621918,,1147.0,1491.0
1463751282058996197,887,1463751282056611520,,1114.0,1491.0
1463751282078578301,888,1463751282076639716,,1114.0,1492.0
1463751282098582434,889,1463751282096624318,,1114.0,1502.0
1463751282119055003,890,1463751282116626732,,1113.0,1492.0
1463751282138895283,891,1463751282136617949,,1114.0,1491.0
1463751282160665138,892,1463751282156727811,,1114.0,1491.0
1463751282178572353,893,1463751282176657778,,1114.0,1491.0
1463751282198547215,894,1463751282196623682,,1114.0,1491.0
1463751282218730983,895,1463751282216623857,,1113.0,1492.0
1463751282239148188,896,1463751282236636063,,1098.0,1491.0
1463751282258986644,897,1463751282256611498,,1066.0,1491.0
1463751282278766924,898,1463751282276634173,,1066.0,1491.0
1463751282298469340,899,1463751282296589452,,1078.0,1491.0
1463751282318506650,900,1463751282316613169,,1095.0,1491.0
1463751282338761251,901,1463751282336613917,,1098.0,1491.0
1463751282358560646,902,1463751282356615290,,1098.0,1492.0
1463751282378591341,903,1463751282376634371,,1131.0,1491.0
1463751282398638599,904,1463751282396617098,,1130.0,1492.0
1463751282418583254,905,1463751282416621231,,1159.0,1492.0
1463751282439273374,906,1463751282437155622,,1194.0,1492.0
1463751282458510062,907,1463751282456621581,,1223.0,1491.0
1463751282478519143,908,1463751282476631547,,1223.0,1491.0
1463751282498697495,909,1463751282496630576,,1227.0,1491.0
1463751282518594180,910,1463751282516612574,,1258.0,1492.0
1463751282538730188,911,1463751282536625301,,1321.0,1492.0
1463751282559190986,912,1463751282556628653,,1351.0,1491.0
1463751282578692830,913,1463751282576619401,,1353.0,1492.0
1463751282598688109,914,1463751282596625461,,1466.0,1494.0
1463751282618582086,915,1463751282616625220,,1449.0,1491.0
1463751282638737417,916,1463751282636636228,,1450.0,1491.0
1463751282659030195,917,1463751282656609997,,1450.0,1491.0
1463751282679253858,918,1463751282676676890,,1450.0,1492.0
1463751282698779816,919,1463751282696604878,,1477.0,1491.0
1463751282719189104,920,1463751282716630000,,1487.0,1492.0
1463751282738665479,921,1463751282736606894,,1487.0,1492.0
1463751282759135183,922,1463751282756616965,,1494.0,1491.0
1463751282778619058,923,1463751282776678806,,1488.0,1495.0
1463751282798496421,924,1463751282796548721,,1494.0,1491.0
1463751282819227426,925,1463751282816613844,,1493.0,1492.0
1463751282838600364,926,1463751282836635216,,1494.0,1491.0
1463751282859052412,927,1463751282856602371,,1493.0,1492.0
1463751282878588579,928,1463751282876648483,,1494.0,1492.0
1463751282898511619,929,1463751282896619283,,1493.0,1492.0
1463751282919173041,930,1463751282916631593,,1494.0,1491.0
1463751282938691655,931,1463751282936625726,,1494.0,1491.0
1463751282958519539,932,1463751282956636787,,1494.0,1488.0
1463751282979197107,933,1463751282976611649,,1494.0,1488.0
1463751282998554889,934,1463751282996644480,,1494.0,1491.0
1463751283019179644,935,1463751283016622364,,1494.0,1491.0
1463751283039348308,936,1463751283036660143,,1494.0,1491.0
1463751283059057963,937,1463751283056620943,,1494.0,1491.0
1463751283078424912,938,1463751283076618097,,1494.0,1491.0
1463751283098378577,939,1463751283096633897,,1493.0,1492.0
1463751283118611459,940,1463751283116639436,,1493.0,1492.0
1463751283139049809,941,1463751283136615913,,1494.0,1491.0
1463751283158971078,942,1463751283156660515,,1493.0,1492.0
1463751283178302506,943,1463751283176631055,,1494.0,1491.0
1463751283198247160,944,1463751283196675344,,1494.0,1492.0
1463751283218634885,945,1463751283216651456,,1494.0,1492.0
1463751283238656831,946,1463751283236612361,,1493.0,1492.0
1463751283258437111,947,1463751283256661806,,1495.0,1491.0
1463751283278493900,948,1463751283276643231,,1494.0,1491.0
1463751283298096369,949,1463751283296540177,,1494.0,1491.0
1463751283318628052,950,1463751283316655664,,1483.0,1495.0
1463751283338682341,951,1463751283336620579,,1494.0,1491.0
1463751283358920483,952,1463751283356659035,,1493.0,1491.0
1463751283378864461,953,1463751283376623793,,1483.0,1501.0
1463751283398398544,954,1463751283396619906,,1494.0,1491.0
1463751283418956685,955,1463751283416827475,,1493.0,1492.0
1463751283438705455,956,1463751283436614995,,1494.0,1491.0
1463751283458657297,957,1463751283456631212,,1505.0,1492.0
1463751283480457672,958,1463751283476628001,,1505.0,1492.0
1463751283499577903,959,1463751283496650884,,1494.0,1491.0
1463751283518296781,960,1463751283516623924,,1494.0,1491.0
1463751283538241696,961,1463751283536627536,,1494.0,1492.0
1463751283558439266,962,1463751283556613753,,1494.0,1491.0
1463751283578746887,963,1463751283576616324,,1493.0,1492.0
1463751283598291648,964,1463751283596608426,,1494.0,1491.0
1463751283618812602,965,1463751283616636986,,1494.0,1491.0
1463751283638994338,966,1463751283636623671,,1495.0,1491.0
1463751283658394984,967,1463751283656633429,,1494.0,1491.0
1463751283678971303,968,1463751283676610948,,1494.0,1491.0
1463751283698933561,969,1463751283696612529,,1494.0,1491.0
1463751283719093214,970,1463751283716596975,,1493.0,1491.0
1463751283738987036,971,1463751283736609910,,1493.0,1491.0
1463751283758920805,972,1463751283756614877,,1494.0,1491.0
1463751283778829938,973,1463751283776599375,,1493.0,1492.0
1463751283798417146,974,1463751283796584602,,1494.0,1491.0
1463751283818512946,975,1463751283816622693,,1493.0,1492.0
1463751283838605308,976,1463751283836628077,,1494.0,1491.0
1463751283858796263,977,1463751283856610283,,1494.0,1491.0
1463751283878762115,978,1463751283876611291,,1493.0,1492.0
1463751283898673384,979,1463751283896628601,,1501.0,1485.0
1463751283918525903,980,1463751283916604245,,1494.0,1491.0
1463751283938102434,981,1463751283936630305,,1494.0,1491.0
1463751283958879168,982,1463751283956632355,,1494.0,1491.0
1463751283978432783,983,1463751283976613155,,1494.0,1491.0
1463751283998383062,984,1463751283996603174,,1511.0,1474.0
1463751284018431101,985,1463751284016601838,,1511.0,1474.0
1463751284038979607,986,1463751284036602690,,1494.0,1491.0
1463751284058186244,987,1463751284056606459,,1494.0,1492.0
1463751284078945791,988,1463751284076626842,,1494.0,1491.0
1463751284098570238,989,1463751284096617382,,1494.0,1491.0
1463751284118604579,990,1463751284116632713,,1494.0,1491.0
1463751284138375068,991,1463751284136592054,,1493.0,1492.0
1463751284158127744,992,1463751284156649156,,1494.0,1491.0
1463751284178352397,993,1463751284176610842,,1494.0,1491.0
1463751284198929600,994,1463751284196615965,,1494.0,1504.0
1463751284219222378,995,1463751284216627858,,1494.0,1492.0
1463751284239206199,996,1463751284236619023,,1493.0,1492.0
1463751284258223462,997,1463751284256606021,,1494.0,1491.0
1463751284278164470,998,1463751284276603695,,1494.0,1491.0
1463751284298131676,999,1463751284296510798,,1494.0,1491.0
1463751284318410183,1000,1463751284316621910,,1495.0,1491.0
1463751284338572285,1001,1463751284336644637,,1493.0,1491.0
1463751284358117305,1002,1463751284356618405,,1494.0,1491.0
1463751284378787373,1003,1463751284376608424,,1494.0,1491.0
1463751284399228015,1004,1463751284396614380,,1493.0,1492.0
1463751284418525172,1005,1463751284416601118,,1494.0,1491.0
1463751284438148526,1006,1463751284436605772,,1502.0,1484.0
1463751284458489532,1007,1463751284456621051,,1493.0,1491.0
1463751284479271006,1008,1463751284476592372,,1494.0,1491.0
1463751284499249410,1009,1463751284496591765,,1494.0,1491.0
1463751284519439480,1010,1463751284516601992,,1493.0,1492.0
1463751284539577050,1011,1463751284536606855,,1501.0,1483.0
1463751284559612694,1012,1463751284556611144,,1501.0,1483.0
1463751284578211364,1013,1463751284576611163,,1494.0,1491.0
1463751284598335653,1014,1463751284596602015,,1493.0,1491.0
1463751284619141502,1015,1463751284616603127,,1494.0,1491.0
1463751284638607096,1016,1463751284636626062,,1494.0,1491.0
1463751284659033467,1017,1463751284656604258,,1494.0,1491.0
1463751284679171401,1018,1463751284676631621,,1451.0,1540.0
1463751284698906473,1019,1463751284696630546,,1494.0,1492.0
1463751284718907950,1020,1463751284716615356,,1494.0,1491.0
1463751284738339273,1021,1463751284736626625,,1494.0,1491.0
1463751284758228511,1022,1463751284756606487,,1494.0,1491.0
1463751284778594310,1023,1463751284776628016,,1494.0,1491.0
1463751284798725317,1024,1463751284796554181,,1494.0,1491.0
1463751284818264661,1025,1463751284816609095,,1494.0,1491.0
1463751284838647438,1026,1463751284836627968,,1494.0,1491.0
1463751284858739488,1027,1463751284856602987,,1494.0,1491.0
1463751284878426122,1028,1463751284876620036,,1493.0,1492.0
1463751284898269267,1029,1463751284896625784,,1494.0,1491.0
1463751284918234963,1030,1463751284916629084,,1493.0,1492.0
1463751284938348002,1031,1463751284936608009,,1494.0,1491.0
1463751284958707550,1032,1463751284956614226,,1494.0,1492.0
1463751284978177415,1033,1463751284976610859,,1494.0,1491.0
1463751284999085450,1034,1463751284996627909,,1493.0,1492.0
1463751285018528805,1035,1463751285016603709,,1493.0,1491.0
1463751285038231481,1036,1463751285036626592,,1494.0,1491.0
1463751285058853997,1037,1463751285056610517,,1493.0,1492.0
1463751285078533756,1038,1463751285076607046,,1493.0,1492.0
1463751285098966065,1039,1463751285096643419,,1493.0,1491.0
1463751285118897907,1040,1463751285116621667,,1490.0,1492.0
1463751285138585427,1041,1463751285136620748,,1494.0,1491.0
1463751285158886955,1042,1463751285156712589,,1493.0,1492.0
1463751285178555412,1043,1463751285176613650,,1493.0,1491.0
1463751285199298032,1044,1463751285196625804,,1489.0,1495.0
1463751285218971802,1045,1463751285216610562,,1494.0,1491.0
1463751285238911300,1046,1463751285236614279,,1493.0,1492.0
1463751285259158453,1047,1463751285256785130,,1494.0,1492.0
1463751285278608995,1048,1463751285276612649,,1494.0,1491.0
1463751285298192922,1049,1463751285296553501,,1494.0,1491.0
1463751285319220592,1050,1463751285316616384,,1494.0,1491.0
1463751285338462906,1051,1463751285336625205,,1494.0,1491.0
1463751285358499903,1052,1463751285356711786,,1494.0,1491.0
1463751285378438412,1053,1463751285376650711,,1494.0,1491.0
1463751285398422493,1054,1463751285396615469,,1494.0,1491.0
1463751285418589230,1055,1463751285416610176,,1494.0,1491.0
1463751285438127115,1056,1463751285436611705,,1494.0,1492.0
1463751285458590673,1057,1463751285456746150,,1494.0,1491.0
1463751285478223037,1058,1463751285476614242,,1493.0,1491.0
1463751285498160608,1059,1463751285496629990,,1494.0,1491.0
1463751285519244945,1060,1463751285516642508,,1494.0,1491.0
1463751285538201270,1061,1463751285536609975,,1494.0,1491.0
1463751285559196389,1062,1463751285556758951,,1494.0,1491.0
1463751285578755524,1063,1463751285576618919,,1494.0,1492.0
1463751285598596637,1064,1463751285596614719,,1494.0,1491.0
1463751285619041185,1065,1463751285616618539,,1494.0,1492.0
1463751285638473706,1066,1463751285636626058,,1494.0,1491.0
1463751285659205493,1067,1463751285656755034,,1494.0,1491.0
1463751285678534108,1068,1463751285676617189,,1493.0,1491.0
1463751285698601210,1069,1463751285696620020,,1493.0,1491.0
1463751285719187476,1070,1463751285716623893,,1494.0,1491.0
1463751285738597289,1071,1463751285736610683,,1493.0,1492.0
1463751285758208403,1072,1463751285756617889,,1494.0,1492.0
1463751285778549982,1073,1463751285776615980,,1494.0,1491.0
1463751285798483283,1074,1463751285796598864,,1494.0,1491.0
1463751285819284339,1075,1463751285816626070,,1494.0,1491.0
1463751285838401237,1076,1463751285836626922,,1493.0,1492.0
1463751285858172142,1077,1463751285856613190,,1493.0,1491.0
1463751285878177942,1078,1463751285876623573,,1494.0,1491.0
1463751285898385772,1079,1463751285896604165,,1494.0,1491.0
1463751285919278027,1080,1463751285916599705,,1493.0,1492.0
1463751285938504715,1081,1463751285936625400,,1495.0,1491.0
1463751285958575827,1082,1463751285956645679,,1495.0,1491.0
1463751285978257149,1083,1463751285976618667,,1494.0,1491.0
1463751285999115446,1084,1463751285996628269,,1493.0,1492.0
1463751286018255833,1085,1463751286016629433,,1493.0,1491.0
1463751286038233039,1086,1463751286036615285,,1493.0,1491.0
1463751286058311026,1087,1463751286056620929,,1494.0,1491.0
1463751286077734693,1088,1463751286076613552,,1494.0,1491.0
1463751286098549968,1089,1463751286096596696,,1494.0,1492.0
1463751286118821340,1090,1463751286116605464,,1494.0,1491.0
1463751286138941306,1091,1463751286136603347,,1493.0,1492.0
1463751286158355234,1092,1463751286156636647,,1493.0,1491.0
1463751286178774625,1093,1463751286176618176,,1493.0,1491.0
1463751286199240059,1094,1463751286196619653,,1494.0,1491.0
1463751286219603253,1095,1463751286216614203,,1494.0,1491.0
1463751286239374783,1096,1463751286236604326,,1493.0,1492.0
1463751286258722929,1097,1463751286256626845,,1494.0,1492.0
1463751286278947166,1098,1463751286276618582,,1494.0,1491.0
1463751286297954376,1099,1463751286296650424,,1493.0,1491.0
1463751286318211842,1100,1463751286316610078,,1494.0,1491.0
1463751286338313631,1101,1463751286336610774,,1494.0,1491.0
1463751286358277348,1102,1463751286356618709,,1494.0,1491.0
1463751286378767312,1103,1463751286376612269,,1494.0,1491.0
1463751286398295145,1104,1463751286396623746,,1493.0,1492.0
1463751286418707714,1105,1463751286416628452,,1494.0,1492.0
1463751286438585285,1106,1463751286436616648,,1494.0,1491.0
1463751286459952277,1107,1463751286456582761,,1494.0,1491.0
1463751286478707562,1108,1463751286476611112,,1494.0,1491.0
1463751286498656331,1109,1463751286496617850,,1494.0,1491.0
1463751286519055671,1110,1463751286516609119,,1493.0,1492.0
1463751286539183553,1111,1463751286536605075,,1493.0,1491.0
1463751286559387321,1112,1463751286556610979,,1493.0,1491.0
1463751286579263799,1113,1463751286576615216,,1494.0,1492.0
1463751286599002933,1114,1463751286596610339,,1494.0,1491.0
1463751286620054822,1115,1463751286616610618,,1493.0,1492.0
1463751286639116824,1116,1463751286636606991,,1494.0,1491.0
1463751286660056109,1117,1463751286656626228,,1493.0,1492.0
1463751286679209673,1118,1463751286676611976,,1494.0,1491.0
1463751286699154953,1119,1463751286696610536,,1494.0,1492.0
1463751286719335804,1120,1463751286716606805,,1494.0,1492.0
1463751286739583217,1121,1463751286736600574,,1494.0,1492.0
1463751286759319331,1122,1463751286756598822,,1494.0,1491.0
1463751286779082996,1123,1463751286776618528,,1494.0,1492.0
1463751286798406143,1124,1463751286796614692,,1494.0,1491.0
1463751286819287824,1125,1463751286816593721,,1493.0,1492.0
1463751286838145244,1126,1463751286836595563,,1493.0,1491.0
1463751286859174008,1127,1463751286856616519,,1494.0,1491.0
1463751286878873143,1128,1463751286876598882,,1493.0,1492.0
1463751286899160868,1129,1463751286896844055,,1494.0,1492.0
1463751286919265366,1130,1463751286916616679,,1493.0,1492.0
1463751286939294082,1131,1463751286936576750,,1494.0,1491.0
1463751286959193008,1132,1463751286956621091,,1494.0,1491.0
1463751286978166781,1133,1463751286976630277,,1493.0,1492.0
1463751286998263309,1134,1463751286996661858,,1494.0,1491.0
1463751287018652233,1135,1463751287016634845,,1494.0,1491.0
1463751287038948292,1136,1463751287036736739,,1493.0,1492.0
1463751287059130914,1137,1463751287056554987,,1494.0,1491.0
1463751287079528639,1138,1463751287077496356,,1493.0,1492.0
1463751287098425433,1139,1463751287096625857,,1493.0,1492.0
1463751287118384358,1140,1463751287116625928,,1494.0,1492.0
1463751287138195524,1141,1463751287136609124,,1494.0,1491.0
1463751287158650280,1142,1463751287156779611,,1493.0,1492.0
1463751287178331133,1143,1463751287176894108,,1493.0,1491.0
1463751287198006622,1144,1463751287196604388,,1494.0,1491.0
1463751287218623461,1145,1463751287216688261,,1493.0,1492.0
1463751287238744104,1146,1463751287236982914,,1494.0,1491.0
1463751287258728810,1147,1463751287257058088,,1494.0,1491.0
1463751287279113254,1148,1463751287276963576,,1494.0,1491.0
1463751287298634160,1149,1463751287296615159,,1494.0,1491.0
1463751287318627825,1150,1463751287316625125,,1495.0,1491.0
1463751287338785343,1151,1463751287336649415,,1494.0,1491.0
1463751287358997548,1152,1463751287356690110,,1493.0,1492.0
1463751287379123816,1153,1463751287376610702,,1494.0,1491.0
1463751287398595400,1154,1463751287396846293,,1494.0,1491.0
1463751287418293493,1155,1463751287416742718,,1493.0,1492.0
1463751287438199918,1156,1463751287436611331,,1493.0,1492.0
1463751287458232645,1157,1463751287456705308,,1494.0,1492.0
1463751287478149278,1158,1463751287476605952,,1494.0,1491.0
1463751287498221068,1159,1463751287496599200,,1494.0,1491.0
1463751287518271294,1160,1463751287516677135,,1493.0,1491.0
1463751287538178136,1161,1463751287536621476,,1494.0,1491.0
1463751287558615966,1162,1463751287556605870,,1494.0,1491.0
1463751287578183278,1163,1463751287576614430,,1494.0,1491.0
1463751287598185640,1164,1463751287596624761,,1494.0,1491.0
1463751287618652480,1165,1463751287616642801,,1493.0,1492.0
1463751287638179792,1166,1463751287636617507,,1494.0,1492.0
1463751287658183769,1167,1463751287656613463,,1494.0,1491.0
1463751287678174882,1168,1463751287676603013,,1489.0,1496.0
1463751287698195577,1169,1463751287696646886,,1493.0,1492.0
1463751287718234971,1170,1463751287716660082,,1494.0,1491.0
1463751287738230250,1171,1463751287736599215,,1494.0,1492.0
1463751287758585475,1172,1463751287756616213,,1494.0,1491.0
1463751287778159715,1173,1463751287776605815,,1494.0,1491.0
1463751287798275201,1174,1463751287796639792,,1494.0,1491.0
1463751287818609177,1175,1463751287816620383,,1494.0,1492.0
1463751287838211906,1176,1463751287836612538,,1494.0,1491.0
1463751287858208695,1177,1463751287856632973,,1494.0,1491.0
1463751287878175381,1178,1463751287876620960,,1494.0,1491.0
1463751287898304565,1179,1463751287896603531,,1494.0,1491.0
1463751287918225834,1180,1463751287916609070,,1494.0,1491.0
1463751287938180280,1181,1463751287936617214,,1493.0,1492.0
1463751287958585714,1182,1463751287956613743,,1494.0,1492.0
1463751287978164953,1183,1463751287976607199,,1494.0,1491.0
1463751287998219294,1184,1463751287996598729,,1494.0,1492.0
1463751288019330298,1185,1463751288016609580,,1494.0,1491.0
1463751288038227405,1186,1463751288036618037,,1494.0,1491.0
1463751288059038409,1187,1463751288056615034,,1494.0,1491.0
1463751288078173848,1188,1463751288076628959,,1493.0,1492.0
1463751288098169023,1189,1463751288096624134,,1494.0,1491.0
1463751288119197267,1190,1463751288116611288,,1494.0,1491.0
1463751288138183540,1191,1463751288136613651,,1494.0,1491.0
1463751288159103555,1192,1463751288156630909,,1494.0,1491.0
1463751288178246910,1193,1463751288176600824,,1494.0,1491.0
1463751288199920099,1194,1463751288196605321,,1494.0,1491.0
1463751288218964444,1195,1463751288216617163,,1494.0,1491.0
1463751288239003578,1196,1463751288236644681,,1494.0,1491.0
1463751288258148392,1197,1463751288256617304,,1493.0,1492.0
1463751288278166327,1198,1463751288276602323,,1494.0,1491.0
1463751288298941446,1199,1463751288296600831,,1493.0,1492.0
1463751288319067766,1200,1463751288316602204,,1494.0,1492.0
1463751288338983879,1201,1463751288336634827,,1494.0,1491.0
1463751288359812905,1202,1463751288356599273,,1493.0,1492.0
1463751288379005583,1203,1463751288376593146,,1493.0,1491.0
1463751288398239824,1204,1463751288396621914,,1493.0,1491.0
1463751288418918381,1205,1463751288416628756,,1493.0,1491.0
1463751288438189184,1206,1463751288436624243,,1494.0,1491.0
1463751288458127745,1207,1463751288456606710,,1494.0,1491.0
1463751288478155993,1208,1463751288476611312,,1493.0,1492.0
1463751288498171584,1209,1463751288496607789,,1494.0,1491.0
1463751288518267696,1210,1463751288516613745,,1494.0,1492.0
1463751288538602661,1211,1463751288536619388,,1494.0,1491.0
1463751288558202265,1212,1463751288556613990,,1494.0,1491.0
1463751288578425043,1213,1463751288576631457,,1493.0,1492.0
1463751288598180375,1214,1463751288596640017,,1494.0,1491.0
1463751288618159352,1215,1463751288616615296,,1493.0,1492.0
1463751288638365620,1216,1463751288636623232,,1494.0,1491.0
1463751288658731783,1217,1463751288656673875,,1493.0,1492.0
1463751288678402793,1218,1463751288676629779,,1493.0,1492.0
1463751288698210729,1219,1463751288696616413,,1494.0,1491.0
1463751288718199185,1220,1463751288716608306,,1494.0,1491.0
1463751288738266703,1221,1463751288736661137,,1493.0,1492.0
1463751288758672606,1222,1463751288756640739,,1494.0,1491.0
1463751288778160647,1223,1463751288776614352,,1493.0,1492.0
1463751288798222280,1224,1463751288796614527,,1494.0,1491.0
1463751288818133133,1225,1463751288816607046,,1494.0,1491.0
1463751288838197943,1226,1463751288836633418,,1494.0,1491.0
1463751288858630199,1227,1463751288856624062,,1494.0,1489.0
1463751288878230845,1228,1463751288876624237,,1494.0,1491.0
1463751288898156176,1229,1463751288896606287,,1493.0,1491.0
1463751288918189632,1230,1463751288916619795,,1494.0,1491.0
1463751288938270432,1231,1463751288936615074,,1493.0,1492.0
1463751288958603886,1232,1463751288956621916,,1493.0,1491.0
1463751288978203855,1233,1463751288976622507,,1493.0,1491.0
1463751288998208561,1234,1463751288996628151,,1498.0,1491.0
1463751289018136913,1235,1463751289016605149,,1493.0,1492.0
1463751289038290837,1236,1463751289036618553,,1494.0,1491.0
1463751289058610803,1237,1463751289056616176,,1494.0,1491.0
1463751289078302593,1238,1463751289076675882,,1494.0,1492.0
1463751289098224956,1239,1463751289096621005,,1493.0,1491.0
1463751289118276850,1240,1463751289116613002,,1494.0,1491.0
1463751289138396347,1241,1463751289136631927,,1493.0,1492.0
1463751289158870114,1242,1463751289156705123,,1494.0,1491.0
1463751289178598519,1243,1463751289176615090,,1494.0,1491.0
1463751289198351663,1244,1463751289196596723,,1493.0,1492.0
1463751289218153766,1245,1463751289216623877,,1493.0,1492.0
1463751289238497169,1246,1463751289236611760,,1494.0,1492.0
1463751289259228591,1247,1463751289256645945,,1494.0,1491.0
1463751289278433092,1248,1463751289276606433,,1494.0,1491.0
1463751289298154049,1249,1463751289296615306,,1494.0,1491.0
1463751289318194589,1250,1463751289316624439,,1494.0,1491.0
1463751289338301534,1251,1463751289336618833,,1493.0,1491.0
1463751289358134105,1252,1463751289356613174,,1493.0,1491.0
1463751289378160634,1253,1463751289376594912,,1494.0,1491.0
1463751289398168257,1254,1463751289396615920,,1494.0,1491.0
1463751289419042282,1255,1463751289416617293,,1494.0,1491.0
1463751289438410950,1256,1463751289436613041,,1494.0,1491.0
1463751289458130449,1257,1463751289456614466,,1493.0,1492.0
1463751289478182186,1258,1463751289476619588,,1494.0,1491.0
1463751289498121632,1259,1463751289496610336,,1494.0,1491.0
1463751289518172900,1260,1463751289516620719,,1494.0,1491.0
1463751289539324268,1261,1463751289536630373,,1494.0,1491.0
1463751289558209604,1262,1463751289556603934,,1493.0,1492.0
1463751289578213373,1263,1463751289576628692,,1493.0,1492.0
1463751289599189325,1264,1463751289596608971,,1494.0,1492.0
1463751289618163827,1265,1463751289616623209,,1494.0,1491.0
1463751289639071706,1266,1463751289636608852,,1494.0,1491.0
1463751289658164854,1267,1463751289656608194,,1494.0,1491.0
1463751289678169925,1268,1463751289676617275,,1493.0,1492.0
1463751289699097231,1269,1463751289696620471,,1494.0,1491.0
1463751289718150066,1270,1463751289716598771,,1494.0,1491.0
1463751289739115966,1271,1463751289736624050,,1494.0,1491.0
1463751289758347186,1272,1463751289756615839,,1493.0,1492.0
1463751289778318298,1273,1463751289776591379,,1494.0,1491.0
1463751289799208313,1274,1463751289796612074,,1493.0,1492.0
1463751289818309898,1275,1463751289816596572,,1493.0,1492.0
1463751289838763717,1276,1463751289836603674,,1493.0,1491.0
1463751289858361394,1277,1463751289856612547,,1494.0,1491.0
1463751289878748182,1278,1463751289876609024,,1494.0,1491.0
1463751289898209765,1279,1463751289896621491,,1493.0,1492.0
1463751289918267075,1280,1463751289916597082,,1495.0,1491.0
1463751289938619280,1281,1463751289936586528,,1494.0,1491.0
1463751289958224665,1282,1463751289956611807,,1493.0,1492.0
1463751289978617755,1283,1463751289976595680,,1494.0,1491.0
1463751289998169338,1284,1463751289996609136,,1494.0,1491.0
1463751290018273210,1285,1463751290016611082,,1494.0,1491.0
1463751290038636196,1286,1463751290036606205,,1493.0,1492.0
1463751290058287049,1287,1463751290056601640,,1493.0,1492.0
1463751290078785608,1288,1463751290076621450,,1494.0,1491.0
1463751290098307295,1289,1463751290096622198,,1494.0,1491.0
1463751290118366168,1290,1463751290116625915,,1494.0,1491.0
1463751290139211547,1291,1463751290136602600,,1494.0,1491.0
1463751290158696568,1292,1463751290156660275,,1494.0,1491.0
1463751290178255911,1293,1463751290176598991,,1494.0,1491.0
1463751290198221712,1294,1463751290196621145,,1493.0,1492.0
1463751290218281001,1295,1463751290216619654,,1493.0,1492.0
1463751290239113255,1296,1463751290236622641,,1494.0,1492.0
1463751290258185518,1297,1463751290256611670,,1494.0,1491.0
1463751290278244390,1298,1463751290276597158,,1494.0,1491.0
1463751290298200190,1299,1463751290296591551,,1493.0,1492.0
1463751290318300209,1300,1463751290316623653,,1493.0,1491.0
1463751290338361321,1301,1463751290336670755,,1493.0,1491.0
1463751290358331444,1302,1463751290356623951,,1493.0,1491.0
