%time,field.header.seq,field.header.stamp,field.header.frame_id,field.status.status,field.status.service,field.latitude,field.longitude,field.altitude,field.position_covariance0,field.position_covariance1,field.position_covariance2,field.position_covariance3,field.position_covariance4,field.position_covariance5,field.position_covariance6,field.position_covariance7,field.position_covariance8,field.position_covariance_type
1481552904841121289,93,1481552904836396769,,0,0,46.5188369751,6.56652259827,2.77602830977e-40,1.0,0.0,0.0,0.0,1.0,0.0,0.0,0.0,1.0,0
1481552904937736829,94,1481552904934633087,,0,0,46.5188407898,6.56652164459,2.77602830977e-40,1.0,0.0,0.0,0.0,1.0,0.0,0.0,0.0,1.0,0
1481552905044523229,95,1481552905038771785,,0,0,46.5188484192,6.56652069092,2.77602830977e-40,1.0,0.0,0.0,0.0,1.0,0.0,0.0,0.0,1.0,0
1481552905138559557,96,1481552905135763002,,0,0,46.5188484192,6.56652069092,2.77602830977e-40,1.0,0.0,0.0,0.0,1.0,0.0,0.0,0.0,1.0,0
1481552905238567850,97,1481552905236036346,,0,0,46.5188369751,6.56652259827,2.77602830977e-40,1.0,0.0,0.0,0.0,1.0,0.0,0.0,0.0,1.0,0
1481552905338722079,98,1481552905335751045,,0,0,46.5188369751,6.56652259827,2.77602830977e-40,1.0,0.0,0.0,0.0,1.0,0.0,0.0,0.0,1.0,0
1481552905439160735,99,1481552905435898712,,0,0,46.5188331604,6.5665230751,2.77602830977e-40,1.0,0.0,0.0,0.0,1.0,0.0,0.0,0.0,1.0,0
1481552905541541730,100,1481552905536881481,,0,0,46.5188407898,6.56652164459,2.77602830977e-40,1.0,0.0,0.0,0.0,1.0,0.0,0.0,0.0,1.0,0
1481552905631223537,101,1481552905626598080,,0,0,46.5188407898,6.56652212143,2.77602830977e-40,1.0,0.0,0.0,0.0,1.0,0.0,0.0,0.0,1.0,0
1481552905728010744,102,1481552905725613667,,0,0,46.5188446045,6.56652116776,2.77602830977e-40,1.0,0.0,0.0,0.0,1.0,0.0,0.0,0.0,1.0,0
1481552905838278386,103,1481552905835454330,,0,0,46.5188484192,6.56652069092,2.77602830977e-40,1.0,0.0,0.0,0.0,1.0,0.0,0.0,0.0,1.0,0
1481552905937996054,104,1481552905935578664,,0,0,46.5188560486,6.56651878357,2.77602830977e-40,1.0,0.0,0.0,0.0,1.0,0.0,0.0,0.0,1.0,0
1481552906038206533,105,1481552906034829979,,0,0,46.5188522339,6.56651973724,2.77602830977e-40,1.0,0.0,0.0,0.0,1.0,0.0,0.0,0.0,1.0,0
1481552906143172053,106,1481552906134516657,,0,0,46.5188522339,6.56651973724,2.77602830977e-40,1.0,0.0,0.0,0.0,1.0,0.0,0.0,0.0,1.0,0
1481552906236938121,107,1481552906233950160,,0,0,46.5188598633,6.56651878357,2.77602830977e-40,1.0,0.0,0.0,0.0,1.0,0.0,0.0,0.0,1.0,0
1481552906345861026,108,1481552906342834003,,0,0,46.5188522339,6.56651973724,2.77602830977e-40,1.0,0.0,0.0,0.0,1.0,0.0,0.0,0.0,1.0,0
1481552906434761742,109,1481552906432617685,,0,0,46.5188522339,6.56651973724,2.77602830977e-40,1.0,0.0,0.0,0.0,1.0,0.0,0.0,0.0,1.0,0
1481552906537370341,110,1481552906534583993,,0,0,46.5188522339,6.56651973724,2.77602830977e-40,1.0,0.0,0.0,0.0,1.0,0.0,0.0,0.0,1.0,0
1481552906640516594,111,1481552906634231609,,0,0,46.5188522339,6.56652021408,2.77602830977e-40,1.0,0.0,0.0,0.0,1.0,0.0,0.0,0.0,1.0,0
1481552906739997648,112,1481552906733006571,,0,0,46.5188522339,6.56652021408,2.77602830977e-40,1.0,0.0,0.0,0.0,1.0,0.0,0.0,0.0,1.0,0
1481552906836789386,113,1481552906833240072,,0,0,46.5188484192,6.56652069092,2.77602830977e-40,1.0,0.0,0.0,0.0,1.0,0.0,0.0,0.0,1.0,0
1481552906957654709,114,1481552906954112531,,0,0,46.5188522339,6.56652021408,2.77602830977e-40,1.0,0.0,0.0,0.0,1.0,0.0,0.0,0.0,1.0,0
1481552907126712725,115,1481552907123357421,,0,0,46.5188484192,6.56652069092,2.77602830977e-40,1.0,0.0,0.0,0.0,1.0,0.0,0.0,0.0,1.0,0
1481552907239339007,116,1481552907234630425,,0,0,46.5188369751,6.56652259827,2.77602830977e-40,1.0,0.0,0.0,0.0,1.0,0.0,0.0,0.0,1.0,0
1481552907348877692,117,1481552907345598429,,0,0,46.5188331604,6.56652355194,2.77602830977e-40,1.0,0.0,0.0,0.0,1.0,0.0,0.0,0.0,1.0,0
1481552907539833049,118,1481552907536268527,,0,0,46.5188369751,6.5665230751,2.77602830977e-40,1.0,0.0,0.0,0.0,1.0,0.0,0.0,0.0,1.0,0
1481552907638369262,119,1481552907635106458,,0,0,46.5188369751,6.5665230751,2.77602830977e-40,1.0,0.0,0.0,0.0,1.0,0.0,0.0,0.0,1.0,0
1481552907740867652,120,1481552907737435213,,0,0,46.5188369751,6.5665230751,2.77602830977e-40,1.0,0.0,0.0,0.0,1.0,0.0,0.0,0.0,1.0,0
1481552907830488366,121,1481552907827505822,,0,0,46.5188369751,6.56652259827,2.77602830977e-40,1.0,0.0,0.0,0.0,1.0,0.0,0.0,0.0,1.0,0
1481552907941698141,122,1481552907938230077,,0,0,46.5188331604,6.56652355194,2.77602830977e-40,1.0,0.0,0.0,0.0,1.0,0.0,0.0,0.0,1.0,0
1481552908063792837,123,1481552908060575866,,0,0,46.5188369751,6.5665230751,2.77602830977e-40,1.0,0.0,0.0,0.0,1.0,0.0,0.0,0.0,1.0,0
1481552908131174492,124,1481552908127832000,,0,0,46.5188293457,6.56652450562,2.77602830977e-40,1.0,0.0,0.0,0.0,1.0,0.0,0.0,0.0,1.0,0
1481552908239899064,125,1481552908236756312,,0,0,46.5188217163,6.56652641296,2.77602830977e-40,1.0,0.0,0.0,0.0,1.0,0.0,0.0,0.0,1.0,0
1481552908339429181,126,1481552908335626638,,0,0,46.5188217163,6.56652641296,2.77602830977e-40,1.0,0.0,0.0,0.0,1.0,0.0,0.0,0.0,1.0,0
1481552908429178332,127,1481552908424926467,,0,0,46.5188217163,6.56652593613,2.77602830977e-40,1.0,0.0,0.0,0.0,1.0,0.0,0.0,0.0,1.0,0
1481552908526994807,128,1481552908524292782,,0,0,46.5188217163,6.56652593613,2.77602830977e-40,1.0,0.0,0.0,0.0,1.0,0.0,0.0,0.0,1.0,0
1481552908637462292,129,1481552908634783288,,0,0,46.518825531,6.56652545929,2.77602830977e-40,1.0,0.0,0.0,0.0,1.0,0.0,0.0,0.0,1.0,0
1481552908740322660,130,1481552908737443397,,0,0,46.5188179016,6.5665268898,2.77602830977e-40,1.0,0.0,0.0,0.0,1.0,0.0,0.0,0.0,1.0,0
1481552908843171518,131,1481552908839480850,,0,0,46.5188140869,6.56652736664,2.77602830977e-40,1.0,0.0,0.0,0.0,1.0,0.0,0.0,0.0,1.0,0
1481552908949583493,132,1481552908939460810,,0,0,46.5188179016,6.5665268898,2.77602830977e-40,1.0,0.0,0.0,0.0,1.0,0.0,0.0,0.0,1.0,0
1481552909035485101,133,1481552909029607512,,0,0,46.5188179016,6.5665268898,2.77602830977e-40,1.0,0.0,0.0,0.0,1.0,0.0,0.0,0.0,1.0,0
1481552909134117512,134,1481552909129704658,,0,0,46.5188179016,6.5665268898,2.77602830977e-40,1.0,0.0,0.0,0.0,1.0,0.0,0.0,0.0,1.0,0
1481552909235051895,135,1481552909231345030,,0,0,46.5188179016,6.5665268898,2.77602830977e-40,1.0,0.0,0.0,0.0,1.0,0.0,0.0,0.0,1.0,0
1481552909332488267,136,1481552909328976661,,0,0,46.5188140869,6.56652736664,2.77602830977e-40,1.0,0.0,0.0,0.0,1.0,0.0,0.0,0.0,1.0,0
1481552909442950231,137,1481552909437453630,,0,0,46.5188140869,6.56652784348,2.77602830977e-40,1.0,0.0,0.0,0.0,1.0,0.0,0.0,0.0,1.0,0
1481552909539790667,138,1481552909536496560,,0,0,46.5188102722,6.56652832031,2.77602830977e-40,1.0,0.0,0.0,0.0,1.0,0.0,0.0,0.0,1.0,0
1481552909640107292,139,1481552909634414650,,0,0,46.5188102722,6.56652832031,2.77602830977e-40,1.0,0.0,0.0,0.0,1.0,0.0,0.0,0.0,1.0,0
1481552909728227124,140,1481552909724591404,,0,0,46.5188064575,6.56652879715,2.77602830977e-40,1.0,0.0,0.0,0.0,1.0,0.0,0.0,0.0,1.0,0
1481552909827102867,141,1481552909823037617,,0,0,46.5188102722,6.56652832031,2.77602830977e-40,1.0,0.0,0.0,0.0,1.0,0.0,0.0,0.0,1.0,0
1481552909936460199,142,1481552909933163957,,0,0,46.5187988281,6.56653022766,2.77602830977e-40,1.0,0.0,0.0,0.0,1.0,0.0,0.0,0.0,1.0,0
1481552910036445835,143,1481552910033161728,,0,0,46.5188064575,6.56652879715,2.77602830977e-40,1.0,0.0,0.0,0.0,1.0,0.0,0.0,0.0,1.0,0
1481552910135537306,144,1481552910132625022,,0,0,46.5188064575,6.56652879715,2.77602830977e-40,1.0,0.0,0.0,0.0,1.0,0.0,0.0,0.0,1.0,0
1481552910238070228,145,1481552910233342896,,0,0,46.5188064575,6.56652879715,2.77602830977e-40,1.0,0.0,0.0,0.0,1.0,0.0,0.0,0.0,1.0,0
1481552910334452592,146,1481552910330940569,,0,0,46.5187988281,6.56653022766,2.77602830977e-40,1.0,0.0,0.0,0.0,1.0,0.0,0.0,0.0,1.0,0
1481552910434620311,147,1481552910430741727,,0,0,46.5187950134,6.56653118134,2.77602830977e-40,1.0,0.0,0.0,0.0,1.0,0.0,0.0,0.0,1.0,0
1481552910545096494,148,1481552910540913171,,0,0,46.5187950134,6.56653118134,2.77602830977e-40,1.0,0.0,0.0,0.0,1.0,0.0,0.0,0.0,1.0,0
1481552910635625643,149,1481552910631398518,,0,0,46.518787384,6.56653261185,2.77602830977e-40,1.0,0.0,0.0,0.0,1.0,0.0,0.0,0.0,1.0,0
1481552910735343728,150,1481552910731496550,,0,0,46.5187835693,6.56653308868,2.77602830977e-40,1.0,0.0,0.0,0.0,1.0,0.0,0.0,0.0,1.0,0
1481552910835341082,151,1481552910832098486,,0,0,46.5187835693,6.56653356552,2.77602830977e-40,1.0,0.0,0.0,0.0,1.0,0.0,0.0,0.0,1.0,0
1481552910936593642,152,1481552910932385163,,0,0,46.518787384,6.56653308868,2.77602830977e-40,1.0,0.0,0.0,0.0,1.0,0.0,0.0,0.0,1.0,0
1481552911038435107,153,1481552911034533971,,0,0,46.5187835693,6.56653356552,2.77602830977e-40,1.0,0.0,0.0,0.0,1.0,0.0,0.0,0.0,1.0,0
1481552911129315297,154,1481552911123643332,,0,0,46.5187797546,6.56653404236,2.77602830977e-40,1.0,0.0,0.0,0.0,1.0,0.0,0.0,0.0,1.0,0
1481552911228856612,155,1481552911224452925,,0,0,46.5187759399,6.56653499603,2.77602830977e-40,1.0,0.0,0.0,0.0,1.0,0.0,0.0,0.0,1.0,0
1481552911338272068,156,1481552911333830256,,0,0,46.5187759399,6.5665345192,2.77602830977e-40,1.0,0.0,0.0,0.0,1.0,0.0,0.0,0.0,1.0,0
1481552911435946981,157,1481552911433617716,,0,0,46.5187759399,6.56653499603,2.77602830977e-40,1.0,0.0,0.0,0.0,1.0,0.0,0.0,0.0,1.0,0
1481552911537539227,158,1481552911533880278,,0,0,46.5187759399,6.56653499603,2.77602830977e-40,1.0,0.0,0.0,0.0,1.0,0.0,0.0,0.0,1.0,0
1481552911640917199,159,1481552911632871802,,0,0,46.5187759399,6.56653499603,2.77602830977e-40,1.0,0.0,0.0,0.0,1.0,0.0,0.0,0.0,1.0,0
1481552911737241698,160,1481552911732658845,,0,0,46.5187759399,6.56653499603,2.77602830977e-40,1.0,0.0,0.0,0.0,1.0,0.0,0.0,0.0,1.0,0
1481552911837843999,161,1481552911833426615,,0,0,46.5187683105,6.56653642654,2.77602830977e-40,1.0,0.0,0.0,0.0,1.0,0.0,0.0,0.0,1.0,0
1481552911949402159,162,1481552911943567694,,0,0,46.5187606812,6.56653738022,2.77602830977e-40,1.0,0.0,0.0,0.0,1.0,0.0,0.0,0.0,1.0,0
1481552912136643984,163,1481552912134199667,,0,0,46.5187606812,6.56653738022,2.77602830977e-40,1.0,0.0,0.0,0.0,1.0,0.0,0.0,0.0,1.0,0
1481552912236753474,164,1481552912234275407,,0,0,46.5187568665,6.56653833389,2.77602830977e-40,1.0,0.0,0.0,0.0,1.0,0.0,0.0,0.0,1.0,0
1481552912336869109,165,1481552912334332709,,0,0,46.5187568665,6.56653833389,2.77602830977e-40,1.0,0.0,0.0,0.0,1.0,0.0,0.0,0.0,1.0,0
1481552912439633905,166,1481552912432731683,,0,0,46.5187568665,6.56653833389,2.77602830977e-40,1.0,0.0,0.0,0.0,1.0,0.0,0.0,0.0,1.0,0
1481552912535707624,167,1481552912533192526,,0,0,46.5187454224,6.56654024124,2.77602830977e-40,1.0,0.0,0.0,0.0,1.0,0.0,0.0,0.0,1.0,0
1481552912633916754,168,1481552912631269990,,0,0,46.5187454224,6.56654071808,2.77602830977e-40,1.0,0.0,0.0,0.0,1.0,0.0,0.0,0.0,1.0,0
1481552912743133044,169,1481552912738571024,,0,0,46.5187454224,6.56654071808,2.77602830977e-40,1.0,0.0,0.0,0.0,1.0,0.0,0.0,0.0,1.0,0
1481552912851816419,170,1481552912848855124,,0,0,46.518737793,6.56654214859,2.77602830977e-40,1.0,0.0,0.0,0.0,1.0,0.0,0.0,0.0,1.0,0
1481552913037525748,171,1481552913030567275,,0,0,46.5187721252,6.56653547287,2.77602830977e-40,1.0,0.0,0.0,0.0,1.0,0.0,0.0,0.0,1.0,0
1481552913137477269,172,1481552913131281191,,0,0,46.5187835693,6.56653308868,2.77602830977e-40,1.0,0.0,0.0,0.0,1.0,0.0,0.0,0.0,1.0,0
1481552913231212921,173,1481552913227754440,,0,0,46.518787384,6.56653213501,2.77602830977e-40,1.0,0.0,0.0,0.0,1.0,0.0,0.0,0.0,1.0,0
1481552913329554863,174,1481552913326182476,,0,0,46.5187911987,6.56653118134,2.77602830977e-40,1.0,0.0,0.0,0.0,1.0,0.0,0.0,0.0,1.0,0
1481552913428519044,175,1481552913424841761,,0,0,46.5187950134,6.5665307045,2.77602830977e-40,1.0,0.0,0.0,0.0,1.0,0.0,0.0,0.0,1.0,0
1481552913529691760,176,1481552913525289896,,0,0,46.518737793,6.56654119492,2.77602830977e-40,1.0,0.0,0.0,0.0,1.0,0.0,0.0,0.0,1.0,0
1481552913640702108,177,1481552913635858891,,0,0,46.5187339783,6.56654262543,2.77602830977e-40,1.0,0.0,0.0,0.0,1.0,0.0,0.0,0.0,1.0,0
1481552913831000748,178,1481552913826687009,,0,0,46.5187225342,6.56654453278,2.77602830977e-40,1.0,0.0,0.0,0.0,1.0,0.0,0.0,0.0,1.0,0
1481552913940591048,179,1481552913938244908,,0,0,46.5187263489,6.5665435791,2.77602830977e-40,1.0,0.0,0.0,0.0,1.0,0.0,0.0,0.0,1.0,0
1481552914030814781,180,1481552914027892758,,0,0,46.5187683105,6.56653594971,2.77602830977e-40,1.0,0.0,0.0,0.0,1.0,0.0,0.0,0.0,1.0,0
1481552914129507348,181,1481552914127282249,,0,0,46.5187797546,6.56653308868,2.77602830977e-40,1.0,0.0,0.0,0.0,1.0,0.0,0.0,0.0,1.0,0
1481552914241493475,182,1481552914238995773,,0,0,46.5187911987,6.56653118134,2.77602830977e-40,1.0,0.0,0.0,0.0,1.0,0.0,0.0,0.0,1.0,0
1481552914331643458,183,1481552914328717841,,0,0,46.5187950134,6.56653022766,2.77602830977e-40,1.0,0.0,0.0,0.0,1.0,0.0,0.0,0.0,1.0,0
1481552914433455444,184,1481552914428884154,,0,0,46.5187988281,6.56652975082,2.77602830977e-40,1.0,0.0,0.0,0.0,1.0,0.0,0.0,0.0,1.0,0
1481552914531545877,185,1481552914528409895,,0,0,46.5187530518,6.56653881073,2.77602830977e-40,1.0,0.0,0.0,0.0,1.0,0.0,0.0,0.0,1.0,0
1481552914642880182,186,1481552914636835198,,0,0,46.5187492371,6.5665397644,2.77602830977e-40,1.0,0.0,0.0,0.0,1.0,0.0,0.0,0.0,1.0,0
1481552914729861111,187,1481552914725681122,,0,0,46.5187530518,6.56653881073,2.77602830977e-40,1.0,0.0,0.0,0.0,1.0,0.0,0.0,0.0,1.0,0
1481552914829010604,188,1481552914825874414,,0,0,46.5187454224,6.5665397644,2.77602830977e-40,1.0,0.0,0.0,0.0,1.0,0.0,0.0,0.0,1.0,0
1481552914938801997,189,1481552914934937735,,0,0,46.5187454224,6.56654024124,2.77602830977e-40,1.0,0.0,0.0,0.0,1.0,0.0,0.0,0.0,1.0,0
1481552915037333939,190,1481552915034809622,,0,0,46.5187492371,6.56653928757,2.77602830977e-40,1.0,0.0,0.0,0.0,1.0,0.0,0.0,0.0,1.0,0
1481552915140123630,191,1481552915134070520,,0,0,46.5187492371,6.56653928757,2.77602830977e-40,1.0,0.0,0.0,0.0,1.0,0.0,0.0,0.0,1.0,0
1481552915237733231,192,1481552915235001519,,0,0,46.5187530518,6.56653833389,2.77602830977e-40,1.0,0.0,0.0,0.0,1.0,0.0,0.0,0.0,1.0,0
1481552915327673579,193,1481552915324247598,,0,0,46.5187492371,6.56653928757,2.77602830977e-40,1.0,0.0,0.0,0.0,1.0,0.0,0.0,0.0,1.0,0
1481552915427472653,194,1481552915424140734,,0,0,46.5187530518,6.56653881073,2.77602830977e-40,1.0,0.0,0.0,0.0,1.0,0.0,0.0,0.0,1.0,0
1481552915539696280,195,1481552915536137174,,0,0,46.5187492371,6.56653928757,2.77602830977e-40,1.0,0.0,0.0,0.0,1.0,0.0,0.0,0.0,1.0,0
1481552915641222849,196,1481552915635900415,,0,0,46.5187416077,6.56654024124,2.77602830977e-40,1.0,0.0,0.0,0.0,1.0,0.0,0.0,0.0,1.0,0
1481552915729056589,197,1481552915725817326,,0,0,46.5187454224,6.5665397644,2.77602830977e-40,1.0,0.0,0.0,0.0,1.0,0.0,0.0,0.0,1.0,0
1481552915829576026,198,1481552915826606450,,0,0,46.5187454224,6.56654024124,2.77602830977e-40,1.0,0.0,0.0,0.0,1.0,0.0,0.0,0.0,1.0,0
1481552915949681924,199,1481552915946410943,,0,0,46.518737793,6.56654119492,2.77602830977e-40,1.0,0.0,0.0,0.0,1.0,0.0,0.0,0.0,1.0,0
1481552916039438159,200,1481552916036582801,,0,0,46.5187416077,6.56654071808,2.77602830977e-40,1.0,0.0,0.0,0.0,1.0,0.0,0.0,0.0,1.0,0
1481552916131101055,201,1481552916127234190,,0,0,46.5187416077,6.56654024124,2.77602830977e-40,1.0,0.0,0.0,0.0,1.0,0.0,0.0,0.0,1.0,0
1481552916228795916,202,1481552916226528890,,0,0,46.518737793,6.56654119492,2.77602830977e-40,1.0,0.0,0.0,0.0,1.0,0.0,0.0,0.0,1.0,0
1481552916329470092,203,1481552916326662286,,0,0,46.518737793,6.56654071808,2.77602830977e-40,1.0,0.0,0.0,0.0,1.0,0.0,0.0,0.0,1.0,0
1481552916428509480,204,1481552916425272040,,0,0,46.5187339783,6.56654119492,2.77602830977e-40,1.0,0.0,0.0,0.0,1.0,0.0,0.0,0.0,1.0,0
1481552916530204695,205,1481552916526431892,,0,0,46.5187339783,6.56654071808,2.77602830977e-40,1.0,0.0,0.0,0.0,1.0,0.0,0.0,0.0,1.0,0
1481552916629751583,206,1481552916625922530,,0,0,46.5186843872,6.56654119492,2.77602830977e-40,1.0,0.0,0.0,0.0,1.0,0.0,0.0,0.0,1.0,0
1481552916728172066,207,1481552916725532958,,0,0,46.5187110901,6.56653928757,2.77602830977e-40,1.0,0.0,0.0,0.0,1.0,0.0,0.0,0.0,1.0,0
1481552916829518897,208,1481552916825995260,,0,0,46.5187683105,6.56653213501,2.77602830977e-40,1.0,0.0,0.0,0.0,1.0,0.0,0.0,0.0,1.0,0
1481552916944958974,209,1481552916935085665,,0,0,46.5187988281,6.56652832031,2.77602830977e-40,1.0,0.0,0.0,0.0,1.0,0.0,0.0,0.0,1.0,0
1481552917049042464,210,1481552917043647946,,0,0,46.5188369751,6.56652021408,2.77602830977e-40,1.0,0.0,0.0,0.0,1.0,0.0,0.0,0.0,1.0,0
1481552917241408130,211,1481552917236610278,,0,0,46.5186729431,6.56653022766,2.77602830977e-40,1.0,0.0,0.0,0.0,1.0,0.0,0.0,0.0,1.0,0
1481552917441316642,212,1481552917436634467,,0,0,46.5189247131,6.56650781631,2.77602830977e-40,1.0,0.0,0.0,0.0,1.0,0.0,0.0,0.0,1.0,0
1481552917550111319,213,1481552917545934246,,0,0,46.5186882019,6.5665230751,2.77602830977e-40,1.0,0.0,0.0,0.0,1.0,0.0,0.0,0.0,1.0,0
1481552917750855193,214,1481552917747965930,,0,0,46.5186882019,6.56652259827,2.77602830977e-40,1.0,0.0,0.0,0.0,1.0,0.0,0.0,0.0,1.0,0
1481552918003582011,215,1481552917998066400,,0,0,46.5186691284,6.56651973724,2.77602830977e-40,1.0,0.0,0.0,0.0,1.0,0.0,0.0,0.0,1.0,0
1481552918215787524,216,1481552918212409147,,0,0,46.5187606812,6.56651306152,2.77602830977e-40,1.0,0.0,0.0,0.0,1.0,0.0,0.0,0.0,1.0,0
1481552918383933563,217,1481552918381027060,,0,0,46.5187416077,6.56650924683,2.77602830977e-40,1.0,0.0,0.0,0.0,1.0,0.0,0.0,0.0,1.0,0
1481552918588730604,218,1481552918583368014,,0,0,46.5187797546,6.5664973259,2.77602830977e-40,1.0,0.0,0.0,0.0,1.0,0.0,0.0,0.0,1.0,0
1481552918832114477,219,1481552918827938341,,0,0,46.5187835693,6.56649208069,2.77602830977e-40,1.0,0.0,0.0,0.0,1.0,0.0,0.0,0.0,1.0,0
1481552919053097467,220,1481552919048961123,,0,0,46.5187416077,6.56649398804,2.77602830977e-40,1.0,0.0,0.0,0.0,1.0,0.0,0.0,0.0,1.0,0
1481552919378002803,221,1481552919373837918,,0,0,46.5187606812,6.56648159027,2.77602830977e-40,1.0,0.0,0.0,0.0,1.0,0.0,0.0,0.0,1.0,0
1481552919639134027,222,1481552919636163826,,0,0,46.5187606812,6.5664730072,2.77602830977e-40,1.0,0.0,0.0,0.0,1.0,0.0,0.0,0.0,1.0,0
1481552919896595833,223,1481552919888756165,,0,0,46.518737793,6.56647062302,2.77602830977e-40,1.0,0.0,0.0,0.0,1.0,0.0,0.0,0.0,1.0,0
1481552920197513989,224,1481552920193371135,,0,0,46.518737793,6.56646203995,2.77602830977e-40,1.0,0.0,0.0,0.0,1.0,0.0,0.0,0.0,1.0,0
1481552920480583127,225,1481552920478060321,,0,0,46.5186882019,6.56646156311,2.77602830977e-40,1.0,0.0,0.0,0.0,1.0,0.0,0.0,0.0,1.0,0
1481552920783443049,226,1481552920780726389,,0,0,46.5186920166,6.56645202637,2.77602830977e-40,1.0,0.0,0.0,0.0,1.0,0.0,0.0,0.0,1.0,0
1481552921117867736,227,1481552921114966233,,0,0,46.5186958313,6.56644201279,2.77602830977e-40,1.0,0.0,0.0,0.0,1.0,0.0,0.0,0.0,1.0,0
1481552921398497609,228,1481552921395537512,,0,0,46.5186882019,6.56643438339,2.77602830977e-40,1.0,0.0,0.0,0.0,1.0,0.0,0.0,0.0,1.0,0
1481552921726419656,229,1481552921722733780,,0,0,46.5186500549,6.5664305687,2.77602830977e-40,1.0,0.0,0.0,0.0,1.0,0.0,0.0,0.0,1.0,0
1481552921958614546,230,1481552921956318926,,0,0,46.5186653137,6.56641530991,2.77602830977e-40,1.0,0.0,0.0,0.0,1.0,0.0,0.0,0.0,1.0,0
1481552922319475521,231,1481552922316078967,,0,0,46.5186462402,6.56640338898,2.77602830977e-40,1.0,0.0,0.0,0.0,1.0,0.0,0.0,0.0,1.0,0
1481552922624379084,232,1481552922619420294,,0,0,46.5186462402,6.566385746,2.77602830977e-40,1.0,0.0,0.0,0.0,1.0,0.0,0.0,0.0,1.0,0
1481552922923945003,233,1481552922920878657,,0,0,46.5186157227,6.56637239456,2.77602830977e-40,1.0,0.0,0.0,0.0,1.0,0.0,0.0,0.0,1.0,0
1481552923326214052,234,1481552923323215883,,0,0,46.5186042786,6.56635284424,2.77602830977e-40,1.0,0.0,0.0,0.0,1.0,0.0,0.0,0.0,1.0,0
1481552923747104201,235,1481552923744205198,,0,0,46.5186004639,6.56632328033,2.77602830977e-40,1.0,0.0,0.0,0.0,1.0,0.0,0.0,0.0,1.0,0
1481552924127266690,236,1481552924122367432,,0,0,46.5186080933,6.56629085541,2.77602830977e-40,1.0,0.0,0.0,0.0,1.0,0.0,0.0,0.0,1.0,0
1481552924556402756,237,1481552924553566617,,0,0,46.5186195374,6.56625843048,2.77602830977e-40,1.0,0.0,0.0,0.0,1.0,0.0,0.0,0.0,1.0,0
1481552925062106443,238,1481552925059617543,,0,0,46.518611908,6.56622362137,2.77602830977e-40,1.0,0.0,0.0,0.0,1.0,0.0,0.0,0.0,1.0,0
1481552925399782580,239,1481552925396683005,,0,0,46.5186309814,6.56618881226,2.77602830977e-40,1.0,0.0,0.0,0.0,1.0,0.0,0.0,0.0,1.0,0
1481552925682454688,240,1481552925679091727,,0,0,46.5186309814,6.56617355347,2.77602830977e-40,1.0,0.0,0.0,0.0,1.0,0.0,0.0,0.0,1.0,0
1481552925978899574,241,1481552925975579374,,0,0,46.5186462402,6.56615877151,2.77602830977e-40,1.0,0.0,0.0,0.0,1.0,0.0,0.0,0.0,1.0,0
1481552926250017283,242,1481552926247338852,,0,0,46.518661499,6.56614732742,2.77602830977e-40,1.0,0.0,0.0,0.0,1.0,0.0,0.0,0.0,1.0,0
1481552926605293272,243,1481552926602567810,,0,0,46.5187721252,6.56611967087,2.77602830977e-40,1.0,0.0,0.0,0.0,1.0,0.0,0.0,0.0,1.0,0
1481552926920738527,244,1481552926917464577,,0,0,46.518825531,6.56610918045,2.77602830977e-40,1.0,0.0,0.0,0.0,1.0,0.0,0.0,0.0,1.0,0
1481552927225949277,245,1481552927223294283,,0,0,46.5188179016,6.5661149025,2.77602830977e-40,1.0,0.0,0.0,0.0,1.0,0.0,0.0,0.0,1.0,0
1481552927563433539,246,1481552927560240110,,0,0,46.5188179016,6.56612348557,2.77602830977e-40,1.0,0.0,0.0,0.0,1.0,0.0,0.0,0.0,1.0,0
1481552927835995464,247,1481552927832979013,,0,0,46.5187683105,6.56615114212,2.77602830977e-40,1.0,0.0,0.0,0.0,1.0,0.0,0.0,0.0,1.0,0
1481552928078145954,248,1481552928075797939,,0,0,46.5188179016,6.56615257263,2.77602830977e-40,1.0,0.0,0.0,0.0,1.0,0.0,0.0,0.0,1.0,0
1481552928388384295,249,1481552928386007582,,0,0,46.518787384,6.566177845,2.77602830977e-40,1.0,0.0,0.0,0.0,1.0,0.0,0.0,0.0,1.0,0
1481552928724866998,250,1481552928721957005,,0,0,46.5187721252,6.56620311737,2.77602830977e-40,1.0,0.0,0.0,0.0,1.0,0.0,0.0,0.0,1.0,0
1481552929088676976,251,1481552929084648184,,0,0,46.5188331604,6.56621408463,2.77602830977e-40,1.0,0.0,0.0,0.0,1.0,0.0,0.0,0.0,1.0,0
1481552929496975489,252,1481552929494351902,,0,0,46.5188598633,6.56624031067,2.77602830977e-40,1.0,0.0,0.0,0.0,1.0,0.0,0.0,0.0,1.0,0
1481552929965337655,253,1481552929960497615,,0,0,46.5189056396,6.56626272202,2.77602830977e-40,1.0,0.0,0.0,0.0,1.0,0.0,0.0,0.0,1.0,0
1481552930295571831,254,1481552930292809703,,0,0,46.5188140869,6.56631851196,2.77602830977e-40,1.0,0.0,0.0,0.0,1.0,0.0,0.0,0.0,1.0,0
1481552930601108153,255,1481552930598309514,,0,0,46.5188751221,6.56632518768,2.77602830977e-40,1.0,0.0,0.0,0.0,1.0,0.0,0.0,0.0,1.0,0
1481552931039406695,256,1481552931036833056,,0,0,46.5188751221,6.5663394928,2.77602830977e-40,1.0,0.0,0.0,0.0,1.0,0.0,0.0,0.0,1.0,0
1481552931423769643,257,1481552931421397878,,0,0,46.5188865662,6.56634950638,2.77602830977e-40,1.0,0.0,0.0,0.0,1.0,0.0,0.0,0.0,1.0,0
1481552931795744393,258,1481552931792017423,,0,0,46.5189399719,6.5663394928,2.77602830977e-40,1.0,0.0,0.0,0.0,1.0,0.0,0.0,0.0,1.0,0
1481552932108377363,259,1481552932105656589,,0,0,46.518913269,6.56633281708,2.77602830977e-40,1.0,0.0,0.0,0.0,1.0,0.0,0.0,0.0,1.0,0
1481552932390770149,260,1481552932387856042,,0,0,46.5188941956,6.56632089615,2.77602830977e-40,1.0,0.0,0.0,0.0,1.0,0.0,0.0,0.0,1.0,0
1481552932759450636,261,1481552932755233042,,0,0,46.5189056396,6.56630039215,2.77602830977e-40,1.0,0.0,0.0,0.0,1.0,0.0,0.0,0.0,1.0,0
1481552933092860846,262,1481552933089416636,,0,0,46.5189094543,6.56627225876,2.77602830977e-40,1.0,0.0,0.0,0.0,1.0,0.0,0.0,0.0,1.0,0
1481552933376666649,263,1481552933370892861,,0,0,46.5188903809,6.56625652313,2.77602830977e-40,1.0,0.0,0.0,0.0,1.0,0.0,0.0,0.0,1.0,0
1481552933677638086,264,1481552933673896533,,0,0,46.5191116333,6.56619405746,2.77602830977e-40,1.0,0.0,0.0,0.0,1.0,0.0,0.0,0.0,1.0,0
1481552933964971068,265,1481552933957654523,,0,0,46.5189819336,6.56620550156,2.77602830977e-40,1.0,0.0,0.0,0.0,1.0,0.0,0.0,0.0,1.0,0
1481552934287021983,266,1481552934284369490,,0,0,46.5187263489,6.56624555588,2.77602830977e-40,1.0,0.0,0.0,0.0,1.0,0.0,0.0,0.0,1.0,0
1481552934635949030,267,1481552934630758157,,0,0,46.5188713074,6.56620740891,2.77602830977e-40,1.0,0.0,0.0,0.0,1.0,0.0,0.0,0.0,1.0,0
1481552934956756876,268,1481552934949373561,,0,0,46.5188674927,6.56620168686,2.77602830977e-40,1.0,0.0,0.0,0.0,1.0,0.0,0.0,0.0,1.0,0
1481552935363407685,269,1481552935360878004,,0,0,46.5188560486,6.56619644165,2.77602830977e-40,1.0,0.0,0.0,0.0,1.0,0.0,0.0,0.0,1.0,0
1481552935763142105,270,1481552935759989613,,0,0,46.518825531,6.56619310379,2.77602830977e-40,1.0,0.0,0.0,0.0,1.0,0.0,0.0,0.0,1.0,0
1481552936148257186,271,1481552936145770682,,0,0,46.5188064575,6.56618642807,2.77602830977e-40,1.0,0.0,0.0,0.0,1.0,0.0,0.0,0.0,1.0,0
1481552936567985931,272,1481552936564617711,,0,0,46.5187835693,6.56618213654,2.77602830977e-40,1.0,0.0,0.0,0.0,1.0,0.0,0.0,0.0,1.0,0
1481552936940632450,273,1481552936936779439,,0,0,46.5186691284,6.56620168686,2.77602830977e-40,1.0,0.0,0.0,0.0,1.0,0.0,0.0,0.0,1.0,0
1481552937192566562,274,1481552937187426939,,0,0,46.5186958313,6.56619977951,2.77602830977e-40,1.0,0.0,0.0,0.0,1.0,0.0,0.0,0.0,1.0,0
1481552937547411927,275,1481552937544546465,,0,0,46.5187149048,6.56620550156,2.77602830977e-40,1.0,0.0,0.0,0.0,1.0,0.0,0.0,0.0,1.0,0
1481552938039310857,276,1481552938035241804,,0,0,46.5187568665,6.56621456146,2.77602830977e-40,1.0,0.0,0.0,0.0,1.0,0.0,0.0,0.0,1.0,0
1481552938364459733,277,1481552938360117817,,0,0,46.518699646,6.56624937057,2.77602830977e-40,1.0,0.0,0.0,0.0,1.0,0.0,0.0,0.0,1.0,0
1481552938758160366,278,1481552938755207197,,0,0,46.5187225342,6.56627178192,2.77602830977e-40,1.0,0.0,0.0,0.0,1.0,0.0,0.0,0.0,1.0,0
1481552939137058067,279,1481552939129575846,,0,0,46.5187034607,6.56630373001,2.77602830977e-40,1.0,0.0,0.0,0.0,1.0,0.0,0.0,0.0,1.0,0
1481552939491794162,280,1481552939487829328,,0,0,46.5187454224,6.56631612778,2.77602830977e-40,1.0,0.0,0.0,0.0,1.0,0.0,0.0,0.0,1.0,0
1481552939842833964,281,1481552939839921888,,0,0,46.5186347961,6.56638050079,2.77602830977e-40,1.0,0.0,0.0,0.0,1.0,0.0,0.0,0.0,1.0,0
1481552940154461468,282,1481552940150984185,,0,0,46.5186462402,6.56639146805,2.77602830977e-40,1.0,0.0,0.0,0.0,1.0,0.0,0.0,0.0,1.0,0
1481552940598369320,283,1481552940595577764,,0,0,46.5186653137,6.56640100479,2.77602830977e-40,1.0,0.0,0.0,0.0,1.0,0.0,0.0,0.0,1.0,0
1481552940966601891,284,1481552940963519399,,0,0,46.5186843872,6.56640195847,2.77602830977e-40,1.0,0.0,0.0,0.0,1.0,0.0,0.0,0.0,1.0,0
1481552941434895776,285,1481552941432456615,,0,0,46.5187034607,6.56639432907,2.77602830977e-40,1.0,0.0,0.0,0.0,1.0,0.0,0.0,0.0,1.0,0
1481552941797502423,286,1481552941794625868,,0,0,46.5187225342,6.56637954712,2.77602830977e-40,1.0,0.0,0.0,0.0,1.0,0.0,0.0,0.0,1.0,0
1481552942257794349,287,1481552942253774307,,0,0,46.5187339783,6.56635904312,2.77602830977e-40,1.0,0.0,0.0,0.0,1.0,0.0,0.0,0.0,1.0,0
1481552942736982268,288,1481552942732577748,,0,0,46.5187454224,6.56632757187,2.77602830977e-40,1.0,0.0,0.0,0.0,1.0,0.0,0.0,0.0,1.0,0
1481552943095231636,289,1481552943091144510,,0,0,46.5187492371,6.56629943848,2.77602830977e-40,1.0,0.0,0.0,0.0,1.0,0.0,0.0,0.0,1.0,0
1481552943494597775,290,1481552943489690496,,0,0,46.5187454224,6.56627082825,2.77602830977e-40,1.0,0.0,0.0,0.0,1.0,0.0,0.0,0.0,1.0,0
1481552943837199056,291,1481552943832870057,,0,0,46.518737793,6.56624507904,2.77602830977e-40,1.0,0.0,0.0,0.0,1.0,0.0,0.0,0.0,1.0,0
1481552944101743970,292,1481552944094745289,,0,0,46.5187301636,6.5662279129,2.77602830977e-40,1.0,0.0,0.0,0.0,1.0,0.0,0.0,0.0,1.0,0
1481552944374652560,293,1481552944369752104,,0,0,46.5187187195,6.56621313095,2.77602830977e-40,1.0,0.0,0.0,0.0,1.0,0.0,0.0,0.0,1.0,0
1481552944760529983,294,1481552944757769990,,0,0,46.5187072754,6.566198349,2.77602830977e-40,1.0,0.0,0.0,0.0,1.0,0.0,0.0,0.0,1.0,0
1481552945165794858,295,1481552945162196378,,0,0,46.5186958313,6.56617498398,2.77602830977e-40,1.0,0.0,0.0,0.0,1.0,0.0,0.0,0.0,1.0,0
1481552945344123528,296,1481552945341710409,,0,0,46.5186920166,6.56614780426,2.77602830977e-40,1.0,0.0,0.0,0.0,1.0,0.0,0.0,0.0,1.0,0
1481552945435475228,297,1481552945430923312,,0,0,46.5186920166,6.5661406517,2.77602830977e-40,1.0,0.0,0.0,0.0,1.0,0.0,0.0,0.0,1.0,0
1481552945535288208,298,1481552945530041398,,0,0,46.5186920166,6.56613302231,2.77602830977e-40,1.0,0.0,0.0,0.0,1.0,0.0,0.0,0.0,1.0,0
1481552945634873897,299,1481552945629672764,,0,0,46.5186920166,6.56612539291,2.77602830977e-40,1.0,0.0,0.0,0.0,1.0,0.0,0.0,0.0,1.0,0
1481552945730264076,300,1481552945727726530,,0,0,46.5186805725,6.56611967087,2.77602830977e-40,1.0,0.0,0.0,0.0,1.0,0.0,0.0,0.0,1.0,0
1481552945838740108,301,1481552945835392512,,0,0,46.5186805725,6.56611251831,2.77602830977e-40,1.0,0.0,0.0,0.0,1.0,0.0,0.0,0.0,1.0,0
1481552945948403011,302,1481552945944151928,,0,0,46.5186843872,6.56610441208,2.77602830977e-40,1.0,0.0,0.0,0.0,1.0,0.0,0.0,0.0,1.0,0
1481552946036117584,303,1481552946031698637,,0,0,46.5186805725,6.5660982132,2.77602830977e-40,1.0,0.0,0.0,0.0,1.0,0.0,0.0,0.0,1.0,0
1481552946136553480,304,1481552946130773494,,0,0,46.5186843872,6.56609010696,2.77602830977e-40,1.0,0.0,0.0,0.0,1.0,0.0,0.0,0.0,1.0,0
1481552946234123132,305,1481552946229472519,,0,0,46.5186882019,6.56608247757,2.77602830977e-40,1.0,0.0,0.0,0.0,1.0,0.0,0.0,0.0,1.0,0
1481552946331671326,306,1481552946328232845,,0,0,46.5186920166,6.56607484818,2.77602830977e-40,1.0,0.0,0.0,0.0,1.0,0.0,0.0,0.0,1.0,0
1481552946440656992,307,1481552946436810023,,0,0,46.5186882019,6.56606817245,2.77602830977e-40,1.0,0.0,0.0,0.0,1.0,0.0,0.0,0.0,1.0,0
1481552946540944190,308,1481552946534669414,,0,0,46.518699646,6.56605958939,2.77602830977e-40,1.0,0.0,0.0,0.0,1.0,0.0,0.0,0.0,1.0,0
1481552946648650640,309,1481552946644855650,,0,0,46.5186958313,6.56605434418,2.77602830977e-40,1.0,0.0,0.0,0.0,1.0,0.0,0.0,0.0,1.0,0
1481552946735770892,310,1481552946732374390,,0,0,46.5186958313,6.56604766846,2.77602830977e-40,1.0,0.0,0.0,0.0,1.0,0.0,0.0,0.0,1.0,0
1481552946835044967,311,1481552946831466226,,0,0,46.5186958313,6.56604146957,2.77602830977e-40,1.0,0.0,0.0,0.0,1.0,0.0,0.0,0.0,1.0,0
1481552946942907563,312,1481552946940174184,,0,0,46.518699646,6.56603431702,2.77602830977e-40,1.0,0.0,0.0,0.0,1.0,0.0,0.0,0.0,1.0,0
1481552947032346871,313,1481552947029430160,,0,0,46.518699646,6.56602859497,2.77602830977e-40,1.0,0.0,0.0,0.0,1.0,0.0,0.0,0.0,1.0,0
1481552947164307219,314,1481552947158981607,,0,0,46.5187034607,6.56602191925,2.77602830977e-40,1.0,0.0,0.0,0.0,1.0,0.0,0.0,0.0,1.0,0
1481552947375601119,315,1481552947368456814,,0,0,46.5187110901,6.56600999832,2.77602830977e-40,1.0,0.0,0.0,0.0,1.0,0.0,0.0,0.0,1.0,0
1481552947613985577,316,1481552947611058970,,0,0,46.5187263489,6.56599807739,2.77602830977e-40,1.0,0.0,0.0,0.0,1.0,0.0,0.0,0.0,1.0,0
1481552947805419110,317,1481552947802797502,,0,0,46.518737793,6.56598711014,2.77602830977e-40,1.0,0.0,0.0,0.0,1.0,0.0,0.0,0.0,1.0,0
1481552948060166756,318,1481552948055465362,,0,0,46.5187454224,6.56597852707,2.77602830977e-40,1.0,0.0,0.0,0.0,1.0,0.0,0.0,0.0,1.0,0
1481552948357608827,319,1481552948352054622,,0,0,46.5187568665,6.56596803665,2.77602830977e-40,1.0,0.0,0.0,0.0,1.0,0.0,0.0,0.0,1.0,0
1481552948712155599,320,1481552948707938579,,0,0,46.5187721252,6.56596088409,2.77602830977e-40,1.0,0.0,0.0,0.0,1.0,0.0,0.0,0.0,1.0,0
1481552949033932245,321,1481552949031755479,,0,0,46.518787384,6.5659570694,2.77602830977e-40,1.0,0.0,0.0,0.0,1.0,0.0,0.0,0.0,1.0,0
1481552949296518361,322,1481552949292624517,,0,0,46.5187911987,6.56596326828,2.77602830977e-40,1.0,0.0,0.0,0.0,1.0,0.0,0.0,0.0,1.0,0
1481552949610672838,323,1481552949607995813,,0,0,46.5188064575,6.56596803665,2.77602830977e-40,1.0,0.0,0.0,0.0,1.0,0.0,0.0,0.0,1.0,0
1481552949894401454,324,1481552949892258386,,0,0,46.5188179016,6.56597709656,2.77602830977e-40,1.0,0.0,0.0,0.0,1.0,0.0,0.0,0.0,1.0,0
1481552950237037058,325,1481552950234279460,,0,0,46.5188331604,6.56598997116,2.77602830977e-40,1.0,0.0,0.0,0.0,1.0,0.0,0.0,0.0,1.0,0
1481552950496990211,326,1481552950492572931,,0,0,46.5188407898,6.56600856781,2.77602830977e-40,1.0,0.0,0.0,0.0,1.0,0.0,0.0,0.0,1.0,0
1481552950807771989,327,1481552950803916269,,0,0,46.5188446045,6.5660276413,2.77602830977e-40,1.0,0.0,0.0,0.0,1.0,0.0,0.0,0.0,1.0,0
1481552951054313197,328,1481552951050722737,,0,0,46.5188903809,6.56603622437,2.77602830977e-40,1.0,0.0,0.0,0.0,1.0,0.0,0.0,0.0,1.0,0
1481552951303202524,329,1481552951299517638,,0,0,46.5188903809,6.56605100632,2.77602830977e-40,1.0,0.0,0.0,0.0,1.0,0.0,0.0,0.0,1.0,0
1481552951539007770,330,1481552951535406008,,0,0,46.5188865662,6.56605863571,2.77602830977e-40,1.0,0.0,0.0,0.0,1.0,0.0,0.0,0.0,1.0,0
1481552951884735658,331,1481552951879308796,,0,0,46.5189933777,6.56604528427,2.77602830977e-40,1.0,0.0,0.0,0.0,1.0,0.0,0.0,0.0,1.0,0
1481552952147724533,332,1481552952143908605,,0,0,46.5189323425,6.56605958939,2.77602830977e-40,1.0,0.0,0.0,0.0,1.0,0.0,0.0,0.0,1.0,0
1481552952440205470,333,1481552952436314074,,0,0,46.5187149048,6.56609773636,2.77602830977e-40,1.0,0.0,0.0,0.0,1.0,0.0,0.0,0.0,1.0,0
1481552952689475839,334,1481552952685398401,,0,0,46.5188217163,6.56607055664,2.77602830977e-40,1.0,0.0,0.0,0.0,1.0,0.0,0.0,0.0,1.0,0
1481552953015909973,335,1481552953010979047,,0,0,46.5186271667,6.56610679626,2.77602830977e-40,1.0,0.0,0.0,0.0,1.0,0.0,0.0,0.0,1.0,0
1481552953370998358,336,1481552953367878314,,0,0,46.518901825,6.56604909897,2.77602830977e-40,1.0,0.0,0.0,0.0,1.0,0.0,0.0,0.0,1.0,0
1481552953760250044,337,1481552953757526300,,0,0,46.5189056396,6.56604719162,2.77602830977e-40,1.0,0.0,0.0,0.0,1.0,0.0,0.0,0.0,1.0,0
1481552954153090314,338,1481552954149150376,,0,0,46.5185585022,6.56617116928,2.77602830977e-40,1.0,0.0,0.0,0.0,1.0,0.0,0.0,0.0,1.0,0
1481552954592673072,339,1481552954588955634,,0,0,46.5185508728,6.56618070602,2.77602830977e-40,1.0,0.0,0.0,0.0,1.0,0.0,0.0,0.0,1.0,0
1481552954995837380,340,1481552954991844785,,0,0,46.5185661316,6.5661816597,2.77602830977e-40,1.0,0.0,0.0,0.0,1.0,0.0,0.0,0.0,1.0,0
1481552955409921607,341,1481552955404714485,,0,0,46.5185546875,6.56617259979,2.77602830977e-40,1.0,0.0,0.0,0.0,1.0,0.0,0.0,0.0,1.0,0
1481552955721899632,342,1481552955719026931,,0,0,46.5185508728,6.56617259979,2.77602830977e-40,1.0,0.0,0.0,0.0,1.0,0.0,0.0,0.0,1.0,0
1481552955945721469,343,1481552955943039289,,0,0,46.5185508728,6.56616783142,2.77602830977e-40,1.0,0.0,0.0,0.0,1.0,0.0,0.0,0.0,1.0,0
1481552956270578472,344,1481552956267331553,,0,0,46.5185699463,6.5661687851,2.77602830977e-40,1.0,0.0,0.0,0.0,1.0,0.0,0.0,0.0,1.0,0
1481552956539700457,345,1481552956536293434,,0,0,46.518573761,6.56616163254,2.77602830977e-40,1.0,0.0,0.0,0.0,1.0,0.0,0.0,0.0,1.0,0
1481552956817042578,346,1481552956813912378,,0,0,46.5185813904,6.56616163254,2.77602830977e-40,1.0,0.0,0.0,0.0,1.0,0.0,0.0,0.0,1.0,0
1481552957046110236,347,1481552957042145246,,0,0,46.5185890198,6.56616830826,2.77602830977e-40,1.0,0.0,0.0,0.0,1.0,0.0,0.0,0.0,1.0,0
1481552957345431261,348,1481552957342716528,,0,0,46.5185928345,6.56616640091,2.77602830977e-40,1.0,0.0,0.0,0.0,1.0,0.0,0.0,0.0,1.0,0
1481552957641722605,349,1481552957637011836,,0,0,46.5185890198,6.566177845,2.77602830977e-40,1.0,0.0,0.0,0.0,1.0,0.0,0.0,0.0,1.0,0
1481552957946483095,350,1481552957944419194,,0,0,46.5185890198,6.56617307663,2.77602830977e-40,1.0,0.0,0.0,0.0,1.0,0.0,0.0,0.0,1.0,0
1481552958225795211,351,1481552958223139697,,0,0,46.5185890198,6.5661740303,2.77602830977e-40,1.0,0.0,0.0,0.0,1.0,0.0,0.0,0.0,1.0,0
1481552958455076150,352,1481552958451570586,,0,0,46.5185928345,6.56617593765,2.77602830977e-40,1.0,0.0,0.0,0.0,1.0,0.0,0.0,0.0,1.0,0
1481552958736226699,353,1481552958732614156,,0,0,46.5185852051,6.566177845,2.77602830977e-40,1.0,0.0,0.0,0.0,1.0,0.0,0.0,0.0,1.0,0
1481552958932245742,354,1481552958928253147,,0,0,46.5185813904,6.5661740303,2.77602830977e-40,1.0,0.0,0.0,0.0,1.0,0.0,0.0,0.0,1.0,0
1481552959126041508,355,1481552959123318442,,0,0,46.5185852051,6.56617164612,2.77602830977e-40,1.0,0.0,0.0,0.0,1.0,0.0,0.0,0.0,1.0,0
1481552959226473862,356,1481552959224013191,,0,0,46.5185852051,6.56617021561,2.77602830977e-40,1.0,0.0,0.0,0.0,1.0,0.0,0.0,0.0,1.0,0
1481552959329659594,357,1481552959327129965,,0,0,46.5185852051,6.56617069244,2.77602830977e-40,1.0,0.0,0.0,0.0,1.0,0.0,0.0,0.0,1.0,0
1481552959435094540,358,1481552959429694762,,0,0,46.5185852051,6.56617116928,2.77602830977e-40,1.0,0.0,0.0,0.0,1.0,0.0,0.0,0.0,1.0,0
1481552959517710896,359,1481552959510727216,,0,0,46.5185852051,6.56617069244,2.77602830977e-40,1.0,0.0,0.0,0.0,1.0,0.0,0.0,0.0,1.0,0
1481552959626333959,360,1481552959622100532,,0,0,46.5185852051,6.56617069244,2.77602830977e-40,1.0,0.0,0.0,0.0,1.0,0.0,0.0,0.0,1.0,0
1481552959726144543,361,1481552959722609708,,0,0,46.5185813904,6.56617021561,2.77602830977e-40,1.0,0.0,0.0,0.0,1.0,0.0,0.0,0.0,1.0,0
1481552959827771009,362,1481552959824964870,,0,0,46.5185813904,6.56616973877,2.77602830977e-40,1.0,0.0,0.0,0.0,1.0,0.0,0.0,0.0,1.0,0
1481552959928082582,363,1481552959925695973,,0,0,46.5185852051,6.56617021561,2.77602830977e-40,1.0,0.0,0.0,0.0,1.0,0.0,0.0,0.0,1.0,0
1481552960041763965,364,1481552960039452564,,0,0,46.5185852051,6.56616973877,2.77602830977e-40,1.0,0.0,0.0,0.0,1.0,0.0,0.0,0.0,1.0,0
1481552960227017357,365,1481552960224276166,,0,0,46.5185813904,6.56617021561,2.77602830977e-40,1.0,0.0,0.0,0.0,1.0,0.0,0.0,0.0,1.0,0
1481552960331359076,366,1481552960327259555,,0,0,46.5185813904,6.56617069244,2.77602830977e-40,1.0,0.0,0.0,0.0,1.0,0.0,0.0,0.0,1.0,0
1481552960444427909,367,1481552960440524116,,0,0,46.5185813904,6.56617069244,2.77602830977e-40,1.0,0.0,0.0,0.0,1.0,0.0,0.0,0.0,1.0,0
1481552960627216203,368,1481552960624884594,,0,0,46.5185852051,6.56617069244,2.77602830977e-40,1.0,0.0,0.0,0.0,1.0,0.0,0.0,0.0,1.0,0
1481552960720227586,369,1481552960716683949,,0,0,46.5185813904,6.56617069244,2.77602830977e-40,1.0,0.0,0.0,0.0,1.0,0.0,0.0,0.0,1.0,0
1481552960821215771,370,1481552960816938803,,0,0,46.5185813904,6.56617069244,2.77602830977e-40,1.0,0.0,0.0,0.0,1.0,0.0,0.0,0.0,1.0,0
1481552960921360678,371,1481552960917703343,,0,0,46.5185852051,6.56617116928,2.77602830977e-40,1.0,0.0,0.0,0.0,1.0,0.0,0.0,0.0,1.0,0
1481552961022330009,372,1481552961020046786,,0,0,46.5185852051,6.56617164612,2.77602830977e-40,1.0,0.0,0.0,0.0,1.0,0.0,0.0,0.0,1.0,0
1481552961126936415,373,1481552961122641270,,0,0,46.5185852051,6.56617212296,2.77602830977e-40,1.0,0.0,0.0,0.0,1.0,0.0,0.0,0.0,1.0,0
1481552961220056704,374,1481552961214289218,,0,0,46.5185852051,6.56617307663,2.77602830977e-40,1.0,0.0,0.0,0.0,1.0,0.0,0.0,0.0,1.0,0
1481552961319891247,375,1481552961317730940,,0,0,46.5185852051,6.56617307663,2.77602830977e-40,1.0,0.0,0.0,0.0,1.0,0.0,0.0,0.0,1.0,0
1481552961421643389,376,1481552961417745065,,0,0,46.5185852051,6.56617212296,2.77602830977e-40,1.0,0.0,0.0,0.0,1.0,0.0,0.0,0.0,1.0,0
1481552961522679387,377,1481552961520047987,,0,0,46.5185890198,6.56617164612,2.77602830977e-40,1.0,0.0,0.0,0.0,1.0,0.0,0.0,0.0,1.0,0
1481552961627363761,378,1481552961623415334,,0,0,46.5185928345,6.56617069244,2.77602830977e-40,1.0,0.0,0.0,0.0,1.0,0.0,0.0,0.0,1.0,0
1481552961718780148,379,1481552961716347185,,0,0,46.5185928345,6.56617021561,2.77602830977e-40,1.0,0.0,0.0,0.0,1.0,0.0,0.0,0.0,1.0,0
1481552961816528029,380,1481552961811496583,,0,0,46.5185966492,6.56617069244,2.77602830977e-40,1.0,0.0,0.0,0.0,1.0,0.0,0.0,0.0,1.0,0
1481552961930467589,381,1481552961926529734,,0,0,46.5186004639,6.56617069244,2.77602830977e-40,1.0,0.0,0.0,0.0,1.0,0.0,0.0,0.0,1.0,0
1481552962022950431,382,1481552962018762004,,0,0,46.5186042786,6.56617069244,2.77602830977e-40,1.0,0.0,0.0,0.0,1.0,0.0,0.0,0.0,1.0,0
1481552962125622571,383,1481552962122980390,,0,0,46.5186042786,6.56617116928,2.77602830977e-40,1.0,0.0,0.0,0.0,1.0,0.0,0.0,0.0,1.0,0
1481552962217840570,384,1481552962215047817,,0,0,46.5186004639,6.56617116928,2.77602830977e-40,1.0,0.0,0.0,0.0,1.0,0.0,0.0,0.0,1.0,0
1481552962310467423,385,1481552962307353889,,0,0,46.5185966492,6.56617164612,2.77602830977e-40,1.0,0.0,0.0,0.0,1.0,0.0,0.0,0.0,1.0,0
1481552962424617659,386,1481552962420995637,,0,0,46.5186004639,6.56617307663,2.77602830977e-40,1.0,0.0,0.0,0.0,1.0,0.0,0.0,0.0,1.0,0
1481552962527410059,387,1481552962524787357,,0,0,46.5186042786,6.56617164612,2.77602830977e-40,1.0,0.0,0.0,0.0,1.0,0.0,0.0,0.0,1.0,0
1481552962616854315,388,1481552962614669945,,0,0,46.5186042786,6.56617832184,2.77602830977e-40,1.0,0.0,0.0,0.0,1.0,0.0,0.0,0.0,1.0,0
1481552962719102237,389,1481552962716310057,,0,0,46.5185699463,6.566177845,2.77602830977e-40,1.0,0.0,0.0,0.0,1.0,0.0,0.0,0.0,1.0,0
1481552962821446617,390,1481552962818587145,,0,0,46.5185775757,6.56617689133,2.77602830977e-40,1.0,0.0,0.0,0.0,1.0,0.0,0.0,0.0,1.0,0
1481552962922392772,391,1481552962919225540,,0,0,46.5185813904,6.56617832184,2.77602830977e-40,1.0,0.0,0.0,0.0,1.0,0.0,0.0,0.0,1.0,0
1481552963016444673,392,1481552963012186975,,0,0,46.5185928345,6.56617641449,2.77602830977e-40,1.0,0.0,0.0,0.0,1.0,0.0,0.0,0.0,1.0,0
1481552963117579004,393,1481552963114860938,,0,0,46.518573761,6.56618452072,2.77602830977e-40,1.0,0.0,0.0,0.0,1.0,0.0,0.0,0.0,1.0,0
1481552963219943749,394,1481552963217291880,,0,0,46.5185775757,6.56618452072,2.77602830977e-40,1.0,0.0,0.0,0.0,1.0,0.0,0.0,0.0,1.0,0
1481552963322523389,395,1481552963319910062,,0,0,46.5185852051,6.56618213654,2.77602830977e-40,1.0,0.0,0.0,0.0,1.0,0.0,0.0,0.0,1.0,0
1481552963415473834,396,1481552963412585195,,0,0,46.5185966492,6.5661816597,2.77602830977e-40,1.0,0.0,0.0,0.0,1.0,0.0,0.0,0.0,1.0,0
1481552963508322717,397,1481552963505638557,,0,0,46.5185890198,6.56618642807,2.77602830977e-40,1.0,0.0,0.0,0.0,1.0,0.0,0.0,0.0,1.0,0
1481552963602021338,398,1481552963599194366,,0,0,46.5185775757,6.56619167328,2.77602830977e-40,1.0,0.0,0.0,0.0,1.0,0.0,0.0,0.0,1.0,0
1481552963717101624,399,1481552963714175641,,0,0,46.5185585022,6.56620931625,2.77602830977e-40,1.0,0.0,0.0,0.0,1.0,0.0,0.0,0.0,1.0,0
1481552963828545929,400,1481552963826253122,,0,0,46.5185661316,6.56619596481,2.77602830977e-40,1.0,0.0,0.0,0.0,1.0,0.0,0.0,0.0,1.0,0
1481552963934682852,401,1481552963930701039,,0,0,46.5185661316,6.56620168686,2.77602830977e-40,1.0,0.0,0.0,0.0,1.0,0.0,0.0,0.0,1.0,0
1481552964130330072,402,1481552964127702058,,0,0,46.5185928345,6.56619882584,2.77602830977e-40,1.0,0.0,0.0,0.0,1.0,0.0,0.0,0.0,1.0,0
1481552964304490836,403,1481552964302194436,,0,0,46.5186004639,6.56621599197,2.77602830977e-40,1.0,0.0,0.0,0.0,1.0,0.0,0.0,0.0,1.0,0
1481552964416081756,404,1481552964413372231,,0,0,46.5186004639,6.5662112236,2.77602830977e-40,1.0,0.0,0.0,0.0,1.0,0.0,0.0,0.0,1.0,0
1481552964518060616,405,1481552964514128022,,0,0,46.5185966492,6.56619262695,2.77602830977e-40,1.0,0.0,0.0,0.0,1.0,0.0,0.0,0.0,1.0,0
1481552964627124459,406,1481552964625019204,,0,0,46.518611908,6.56620597839,2.77602830977e-40,1.0,0.0,0.0,0.0,1.0,0.0,0.0,0.0,1.0,0
1481552964719378395,407,1481552964717416629,,0,0,46.5186195374,6.56620788574,2.77602830977e-40,1.0,0.0,0.0,0.0,1.0,0.0,0.0,0.0,1.0,0
1481552964821538349,408,1481552964819339084,,0,0,46.5186080933,6.56621646881,2.77602830977e-40,1.0,0.0,0.0,0.0,1.0,0.0,0.0,0.0,1.0,0
1481552964915055199,409,1481552964912271144,,0,0,46.5185966492,6.56620645523,2.77602830977e-40,1.0,0.0,0.0,0.0,1.0,0.0,0.0,0.0,1.0,0
1481552965006107628,410,1481552965003484875,,0,0,46.518611908,6.56621742249,2.77602830977e-40,1.0,0.0,0.0,0.0,1.0,0.0,0.0,0.0,1.0,0
1481552965121619476,411,1481552965118507973,,0,0,46.5185966492,6.56621313095,2.77602830977e-40,1.0,0.0,0.0,0.0,1.0,0.0,0.0,0.0,1.0,0
1481552965224868177,412,1481552965222168183,,0,0,46.5185890198,6.56620407104,2.77602830977e-40,1.0,0.0,0.0,0.0,1.0,0.0,0.0,0.0,1.0,0
1481552965318549037,413,1481552965315933210,,0,0,46.5185813904,6.56619167328,2.77602830977e-40,1.0,0.0,0.0,0.0,1.0,0.0,0.0,0.0,1.0,0
1481552965422157112,414,1481552965419675868,,0,0,46.5185813904,6.56622266769,2.77602830977e-40,1.0,0.0,0.0,0.0,1.0,0.0,0.0,0.0,1.0,0
1481552965525440500,415,1481552965522803059,,0,0,46.5185852051,6.56622266769,2.77602830977e-40,1.0,0.0,0.0,0.0,1.0,0.0,0.0,0.0,1.0,0
1481552965628371754,416,1481552965625918323,,0,0,46.5185966492,6.56623601913,2.77602830977e-40,1.0,0.0,0.0,0.0,1.0,0.0,0.0,0.0,1.0,0
1481552965729354940,417,1481552965726193073,,0,0,46.518611908,6.56626081467,2.77602830977e-40,1.0,0.0,0.0,0.0,1.0,0.0,0.0,0.0,1.0,0
1481552965835095874,418,1481552965829643700,,0,0,46.518611908,6.56626176834,2.77602830977e-40,1.0,0.0,0.0,0.0,1.0,0.0,0.0,0.0,1.0,0
1481552966029123098,419,1481552966025819825,,0,0,46.5186195374,6.56626367569,2.77602830977e-40,1.0,0.0,0.0,0.0,1.0,0.0,0.0,0.0,1.0,0
1481552966239133669,420,1481552966228597549,,0,0,46.5185966492,6.56623840332,2.77602830977e-40,1.0,0.0,0.0,0.0,1.0,0.0,0.0,0.0,1.0,0
1481552966324363821,421,1481552966321914764,,0,0,46.5186080933,6.56627321243,2.77602830977e-40,1.0,0.0,0.0,0.0,1.0,0.0,0.0,0.0,1.0,0
1481552966417385255,422,1481552966413360318,,0,0,46.5186157227,6.56627941132,2.77602830977e-40,1.0,0.0,0.0,0.0,1.0,0.0,0.0,0.0,1.0,0
1481552966519004794,423,1481552966516467040,,0,0,46.5186080933,6.56626987457,2.77602830977e-40,1.0,0.0,0.0,0.0,1.0,0.0,0.0,0.0,1.0,0
1481552966630417693,424,1481552966627662596,,0,0,46.5186080933,6.56627655029,2.77602830977e-40,1.0,0.0,0.0,0.0,1.0,0.0,0.0,0.0,1.0,0
1481552966729711195,425,1481552966725253811,,0,0,46.5185966492,6.56627368927,2.77602830977e-40,1.0,0.0,0.0,0.0,1.0,0.0,0.0,0.0,1.0,0
1481552966826048299,426,1481552966823907940,,0,0,46.5186042786,6.56628799438,2.77602830977e-40,1.0,0.0,0.0,0.0,1.0,0.0,0.0,0.0,1.0,0
1481552966939132757,427,1481552966936830419,,0,0,46.5186157227,6.56627464294,2.77602830977e-40,1.0,0.0,0.0,0.0,1.0,0.0,0.0,0.0,1.0,0
1481552967125349949,428,1481552967122949798,,0,0,46.5185966492,6.56626224518,2.77602830977e-40,1.0,0.0,0.0,0.0,1.0,0.0,0.0,0.0,1.0,0
1481552967217245344,429,1481552967215026652,,0,0,46.5186042786,6.56626605988,2.77602830977e-40,1.0,0.0,0.0,0.0,1.0,0.0,0.0,0.0,1.0,0
1481552967320504983,430,1481552967317668948,,0,0,46.5186042786,6.56625413895,2.77602830977e-40,1.0,0.0,0.0,0.0,1.0,0.0,0.0,0.0,1.0,0
1481552967423533632,431,1481552967419490934,,0,0,46.5186042786,6.56624889374,2.77602830977e-40,1.0,0.0,0.0,0.0,1.0,0.0,0.0,0.0,1.0,0
1481552967525421295,432,1481552967523076457,,0,0,46.5185852051,6.56622600555,2.77602830977e-40,1.0,0.0,0.0,0.0,1.0,0.0,0.0,0.0,1.0,0
1481552967618666896,433,1481552967616262527,,0,0,46.5185966492,6.5662279129,2.77602830977e-40,1.0,0.0,0.0,0.0,1.0,0.0,0.0,0.0,1.0,0
1481552967714616292,434,1481552967709207816,,0,0,46.5186500549,6.56629085541,2.77602830977e-40,1.0,0.0,0.0,0.0,1.0,0.0,0.0,0.0,1.0,0
1481552967805135701,435,1481552967802774301,,0,0,46.5186347961,6.56628751755,2.77602830977e-40,1.0,0.0,0.0,0.0,1.0,0.0,0.0,0.0,1.0,0
1481552967930476118,436,1481552967927914718,,0,0,46.5186691284,6.56632137299,2.77602830977e-40,1.0,0.0,0.0,0.0,1.0,0.0,0.0,0.0,1.0,0
1481552968023052762,437,1481552968020250790,,0,0,46.5186767578,6.56633090973,2.77602830977e-40,1.0,0.0,0.0,0.0,1.0,0.0,0.0,0.0,1.0,0
1481552968125466934,438,1481552968123088711,,0,0,46.5186729431,6.56635046005,2.77602830977e-40,1.0,0.0,0.0,0.0,1.0,0.0,0.0,0.0,1.0,0
1481552968227917199,439,1481552968225482935,,0,0,46.5186691284,6.56632423401,2.77602830977e-40,1.0,0.0,0.0,0.0,1.0,0.0,0.0,0.0,1.0,0
1481552968318938587,440,1481552968317438799,,0,0,46.5186462402,6.56627702713,2.77602830977e-40,1.0,0.0,0.0,0.0,1.0,0.0,0.0,0.0,1.0,0
1481552968422458225,441,1481552968419943127,,0,0,46.5186653137,6.56631565094,2.77602830977e-40,1.0,0.0,0.0,0.0,1.0,0.0,0.0,0.0,1.0,0
1481552968524965677,442,1481552968523203755,,0,0,46.518661499,6.56632375717,2.77602830977e-40,1.0,0.0,0.0,0.0,1.0,0.0,0.0,0.0,1.0,0
1481552968627980369,443,1481552968625461781,,0,0,46.5186462402,6.56633234024,2.77602830977e-40,1.0,0.0,0.0,0.0,1.0,0.0,0.0,0.0,1.0,0
1481552968720561909,444,1481552968717920978,,0,0,46.5186538696,6.56634950638,2.77602830977e-40,1.0,0.0,0.0,0.0,1.0,0.0,0.0,0.0,1.0,0
1481552968928610817,445,1481552968925236398,,0,0,46.5186462402,6.56636333466,2.77602830977e-40,1.0,0.0,0.0,0.0,1.0,0.0,0.0,0.0,1.0,0
1481552969114360562,446,1481552969112267755,,0,0,46.5186157227,6.56631565094,2.77602830977e-40,1.0,0.0,0.0,0.0,1.0,0.0,0.0,0.0,1.0,0
1481552969218594990,447,1481552969216227860,,0,0,46.5185623169,6.56627607346,2.77602830977e-40,1.0,0.0,0.0,0.0,1.0,0.0,0.0,0.0,1.0,0
1481552969342346660,448,1481552969339353074,,0,0,46.5185775757,6.56627988815,2.77602830977e-40,1.0,0.0,0.0,0.0,1.0,0.0,0.0,0.0,1.0,0
1481552969528441717,449,1481552969524944955,,0,0,46.5185966492,6.56629943848,2.77602830977e-40,1.0,0.0,0.0,0.0,1.0,0.0,0.0,0.0,1.0,0
1481552969629760579,450,1481552969627074544,,0,0,46.5185775757,6.56627702713,2.77602830977e-40,1.0,0.0,0.0,0.0,1.0,0.0,0.0,0.0,1.0,0
1481552969823246920,451,1481552969820900155,,0,0,46.5185966492,6.5662817955,2.77602830977e-40,1.0,0.0,0.0,0.0,1.0,0.0,0.0,0.0,1.0,0
1481552969936066326,452,1481552969933856748,,0,0,46.5185813904,6.5662689209,2.77602830977e-40,1.0,0.0,0.0,0.0,1.0,0.0,0.0,0.0,1.0,0
1481552970128983970,453,1481552970126240331,,0,0,46.5185890198,6.56627321243,2.77602830977e-40,1.0,0.0,0.0,0.0,1.0,0.0,0.0,0.0,1.0,0
1481552970325243949,454,1481552970320809481,,0,0,46.5185585022,6.56627416611,2.77602830977e-40,1.0,0.0,0.0,0.0,1.0,0.0,0.0,0.0,1.0,0
1481552970427739266,455,1481552970424938857,,0,0,46.5185813904,6.5662856102,2.77602830977e-40,1.0,0.0,0.0,0.0,1.0,0.0,0.0,0.0,1.0,0
1481552970614220156,456,1481552970610791623,,0,0,46.5185928345,6.56631755829,2.77602830977e-40,1.0,0.0,0.0,0.0,1.0,0.0,0.0,0.0,1.0,0
1481552970718276146,457,1481552970715745267,,0,0,46.5185813904,6.56631326675,2.77602830977e-40,1.0,0.0,0.0,0.0,1.0,0.0,0.0,0.0,1.0,0
1481552970857358456,458,1481552970855114972,,0,0,46.5185966492,6.56634902954,2.77602830977e-40,1.0,0.0,0.0,0.0,1.0,0.0,0.0,0.0,1.0,0
1481552970915315551,459,1481552970913318212,,0,0,46.5185966492,6.5663433075,2.77602830977e-40,1.0,0.0,0.0,0.0,1.0,0.0,0.0,0.0,1.0,0
1481552971022015128,460,1481552971017278109,,0,0,46.5185890198,6.56631660461,2.77602830977e-40,1.0,0.0,0.0,0.0,1.0,0.0,0.0,0.0,1.0,0
1481552971124757008,461,1481552971120521550,,0,0,46.5185775757,6.56631469727,2.77602830977e-40,1.0,0.0,0.0,0.0,1.0,0.0,0.0,0.0,1.0,0
1481552971229353986,462,1481552971225215976,,0,0,46.5185775757,6.56630706787,2.77602830977e-40,1.0,0.0,0.0,0.0,1.0,0.0,0.0,0.0,1.0,0
1481552971330865869,463,1481552971328171761,,0,0,46.5185546875,6.56629323959,2.77602830977e-40,1.0,0.0,0.0,0.0,1.0,0.0,0.0,0.0,1.0,0
1481552971423077618,464,1481552971420222156,,0,0,46.5185661316,6.56631374359,2.77602830977e-40,1.0,0.0,0.0,0.0,1.0,0.0,0.0,0.0,1.0,0
1481552971526974859,465,1481552971523408410,,0,0,46.5185699463,6.56632089615,2.77602830977e-40,1.0,0.0,0.0,0.0,1.0,0.0,0.0,0.0,1.0,0
1481552971618115048,466,1481552971614786411,,0,0,46.5185546875,6.56631374359,2.77602830977e-40,1.0,0.0,0.0,0.0,1.0,0.0,0.0,0.0,1.0,0
1481552971717855112,467,1481552971715013609,,0,0,46.5185279846,6.56630516052,2.77602830977e-40,1.0,0.0,0.0,0.0,1.0,0.0,0.0,0.0,1.0,0
1481552971819212359,468,1481552971816870855,,0,0,46.5185623169,6.56634092331,2.77602830977e-40,1.0,0.0,0.0,0.0,1.0,0.0,0.0,0.0,1.0,0
1481552971909831352,469,1481552971907229223,,0,0,46.5185661316,6.56634759903,2.77602830977e-40,1.0,0.0,0.0,0.0,1.0,0.0,0.0,0.0,1.0,0
1481552972011570317,470,1481552972008778501,,0,0,46.5185432434,6.56633663177,2.77602830977e-40,1.0,0.0,0.0,0.0,1.0,0.0,0.0,0.0,1.0,0
1481552972115313757,471,1481552972111137517,,0,0,46.5185279846,6.5663061142,2.77602830977e-40,1.0,0.0,0.0,0.0,1.0,0.0,0.0,0.0,1.0,0
1481552972217376627,472,1481552972214785696,,0,0,46.5185050964,6.5662689209,2.77602830977e-40,1.0,0.0,0.0,0.0,1.0,0.0,0.0,0.0,1.0,0
1481552972308862441,473,1481552972306622238,,0,0,46.5185394287,6.5663228035,2.77602830977e-40,1.0,0.0,0.0,0.0,1.0,0.0,0.0,0.0,1.0,0
1481552972422970021,474,1481552972419571331,,0,0,46.5185165405,6.56628274918,2.77602830977e-40,1.0,0.0,0.0,0.0,1.0,0.0,0.0,0.0,1.0,0
1481552972517032703,475,1481552972514787448,,0,0,46.5185165405,6.56628704071,2.77602830977e-40,1.0,0.0,0.0,0.0,1.0,0.0,0.0,0.0,1.0,0
1481552972621711244,476,1481552972616463861,,0,0,46.5185050964,6.56627702713,2.77602830977e-40,1.0,0.0,0.0,0.0,1.0,0.0,0.0,0.0,1.0,0
1481552972714840178,477,1481552972710697949,,0,0,46.5185165405,6.5662984848,2.77602830977e-40,1.0,0.0,0.0,0.0,1.0,0.0,0.0,0.0,1.0,0
1481552972818163150,478,1481552972815738885,,0,0,46.5185203552,6.56630134583,2.77602830977e-40,1.0,0.0,0.0,0.0,1.0,0.0,0.0,0.0,1.0,0
1481552972921318674,479,1481552972918844774,,0,0,46.5185127258,6.56629419327,2.77602830977e-40,1.0,0.0,0.0,0.0,1.0,0.0,0.0,0.0,1.0,0
1481552973015572554,480,1481552973011787823,,0,0,46.5185127258,6.56630563736,2.77602830977e-40,1.0,0.0,0.0,0.0,1.0,0.0,0.0,0.0,1.0,0
1481552973114854910,481,1481552973112582833,,0,0,46.5185127258,6.56630945206,2.77602830977e-40,1.0,0.0,0.0,0.0,1.0,0.0,0.0,0.0,1.0,0
1481552973205952496,482,1481552973203341773,,0,0,46.5185165405,6.56631612778,2.77602830977e-40,1.0,0.0,0.0,0.0,1.0,0.0,0.0,0.0,1.0,0
1481552973307414222,483,1481552973304825895,,0,0,46.5185394287,6.56635475159,2.77602830977e-40,1.0,0.0,0.0,0.0,1.0,0.0,0.0,0.0,1.0,0
1481552973419115193,484,1481552973406448246,,0,0,46.5185432434,6.56636047363,2.77602830977e-40,1.0,0.0,0.0,0.0,1.0,0.0,0.0,0.0,1.0,0
1481552973515681411,485,1481552973509886790,,0,0,46.5185775757,6.56639480591,2.77602830977e-40,1.0,0.0,0.0,0.0,1.0,0.0,0.0,0.0,1.0,0
1481552973617130064,486,1481552973612569607,,0,0,46.5185813904,6.56640291214,2.77602830977e-40,1.0,0.0,0.0,0.0,1.0,0.0,0.0,0.0,1.0,0
1481552973717217210,487,1481552973713459824,,0,0,46.5185775757,6.56638479233,2.77602830977e-40,1.0,0.0,0.0,0.0,1.0,0.0,0.0,0.0,1.0,0
1481552973819400862,488,1481552973816914097,,0,0,46.518573761,6.56637144089,2.77602830977e-40,1.0,0.0,0.0,0.0,1.0,0.0,0.0,0.0,1.0,0
1481552973923011437,489,1481552973920198631,,0,0,46.5185852051,6.56637430191,2.77602830977e-40,1.0,0.0,0.0,0.0,1.0,0.0,0.0,0.0,1.0,0
1481552974026869147,490,1481552974024110456,,0,0,46.5185890198,6.5663690567,2.77602830977e-40,1.0,0.0,0.0,0.0,1.0,0.0,0.0,0.0,1.0,0
1481552974120102300,491,1481552974117579233,,0,0,46.5185852051,6.56637191772,2.77602830977e-40,1.0,0.0,0.0,0.0,1.0,0.0,0.0,0.0,1.0,0
1481552974225755005,492,1481552974222590325,,0,0,46.5185775757,6.56637191772,2.77602830977e-40,1.0,0.0,0.0,0.0,1.0,0.0,0.0,0.0,1.0,0
1481552974328444749,493,1481552974325976890,,0,0,46.518573761,6.56636714935,2.77602830977e-40,1.0,0.0,0.0,0.0,1.0,0.0,0.0,0.0,1.0,0
1481552974432316052,494,1481552974429715642,,0,0,46.5185813904,6.56638050079,2.77602830977e-40,1.0,0.0,0.0,0.0,1.0,0.0,0.0,0.0,1.0,0
1481552974536647876,495,1481552974533829601,,0,0,46.5185852051,6.56637620926,2.77602830977e-40,1.0,0.0,0.0,0.0,1.0,0.0,0.0,0.0,1.0,0
1481552974720893041,496,1481552974718747057,,0,0,46.5186042786,6.56638908386,2.77602830977e-40,1.0,0.0,0.0,0.0,1.0,0.0,0.0,0.0,1.0,0
1481552974837413480,497,1481552974832897554,,0,0,46.5185813904,6.56639242172,2.77602830977e-40,1.0,0.0,0.0,0.0,1.0,0.0,0.0,0.0,1.0,0
1481552975029931333,498,1481552975026531810,,0,0,46.5185546875,6.56638622284,2.77602830977e-40,1.0,0.0,0.0,0.0,1.0,0.0,0.0,0.0,1.0,0
1481552975224931472,499,1481552975221671845,,0,0,46.5185813904,6.56639099121,2.77602830977e-40,1.0,0.0,0.0,0.0,1.0,0.0,0.0,0.0,1.0,0
1481552975431079135,500,1481552975425914825,,0,0,46.5185699463,6.56640529633,2.77602830977e-40,1.0,0.0,0.0,0.0,1.0,0.0,0.0,0.0,1.0,0
1481552975531110969,501,1481552975527114208,,0,0,46.5185775757,6.56641149521,2.77602830977e-40,1.0,0.0,0.0,0.0,1.0,0.0,0.0,0.0,1.0,0
1481552975727250011,502,1481552975725246527,,0,0,46.518573761,6.56640577316,2.77602830977e-40,1.0,0.0,0.0,0.0,1.0,0.0,0.0,0.0,1.0,0
1481552975841448789,503,1481552975837857287,,0,0,46.5185852051,6.56640100479,2.77602830977e-40,1.0,0.0,0.0,0.0,1.0,0.0,0.0,0.0,1.0,0
1481552976018256681,504,1481552976014375493,,0,0,46.5185813904,6.56639957428,2.77602830977e-40,1.0,0.0,0.0,0.0,1.0,0.0,0.0,0.0,1.0,0
1481552976121880173,505,1481552976118276067,,0,0,46.5185775757,6.56641054153,2.77602830977e-40,1.0,0.0,0.0,0.0,1.0,0.0,0.0,0.0,1.0,0
1481552976226021788,506,1481552976222610599,,0,0,46.5185813904,6.56640911102,2.77602830977e-40,1.0,0.0,0.0,0.0,1.0,0.0,0.0,0.0,1.0,0
1481552976328754084,507,1481552976325393207,,0,0,46.5185928345,6.56643390656,2.77602830977e-40,1.0,0.0,0.0,0.0,1.0,0.0,0.0,0.0,1.0,0
1481552976430647216,508,1481552976428356961,,0,0,46.5185813904,6.56642723083,2.77602830977e-40,1.0,0.0,0.0,0.0,1.0,0.0,0.0,0.0,1.0,0
1481552976526051353,509,1481552976522208029,,0,0,46.5185661316,6.56643009186,2.77602830977e-40,1.0,0.0,0.0,0.0,1.0,0.0,0.0,0.0,1.0,0
1481552976628039171,510,1481552976624431628,,0,0,46.5185623169,6.56644582748,2.77602830977e-40,1.0,0.0,0.0,0.0,1.0,0.0,0.0,0.0,1.0,0
1481552976729974803,511,1481552976726198093,,0,0,46.5185546875,6.56642627716,2.77602830977e-40,1.0,0.0,0.0,0.0,1.0,0.0,0.0,0.0,1.0,0
1481552976832746369,512,1481552976828964556,,0,0,46.5185661316,6.566447258,2.77602830977e-40,1.0,0.0,0.0,0.0,1.0,0.0,0.0,0.0,1.0,0
1481552976936201059,513,1481552976932219767,,0,0,46.5185813904,6.56645536423,2.77602830977e-40,1.0,0.0,0.0,0.0,1.0,0.0,0.0,0.0,1.0,0
1481552977036668152,514,1481552977032868422,,0,0,46.5185585022,6.56644105911,2.77602830977e-40,1.0,0.0,0.0,0.0,1.0,0.0,0.0,0.0,1.0,0
1481552977219180770,515,1481552977215484009,,0,0,46.5185661316,6.56644582748,2.77602830977e-40,1.0,0.0,0.0,0.0,1.0,0.0,0.0,0.0,1.0,0
1481552977321551973,516,1481552977317934326,,0,0,46.5185585022,6.56645154953,2.77602830977e-40,1.0,0.0,0.0,0.0,1.0,0.0,0.0,0.0,1.0,0
1481552977418485169,517,1481552977411191750,,0,0,46.5185508728,6.56645917892,2.77602830977e-40,1.0,0.0,0.0,0.0,1.0,0.0,0.0,0.0,1.0,0
1481552977521920640,518,1481552977515606802,,0,0,46.5185623169,6.5664639473,2.77602830977e-40,1.0,0.0,0.0,0.0,1.0,0.0,0.0,0.0,1.0,0
1481552977620713623,519,1481552977618439046,,0,0,46.5185508728,6.56646585464,2.77602830977e-40,1.0,0.0,0.0,0.0,1.0,0.0,0.0,0.0,1.0,0
1481552977724782895,520,1481552977722551390,,0,0,46.5185394287,6.56646776199,2.77602830977e-40,1.0,0.0,0.0,0.0,1.0,0.0,0.0,0.0,1.0,0
1481552977826737589,521,1481552977824780458,,0,0,46.518535614,6.56646680832,2.77602830977e-40,1.0,0.0,0.0,0.0,1.0,0.0,0.0,0.0,1.0,0
1481552977932937741,522,1481552977928763741,,0,0,46.5185394287,6.56646490097,2.77602830977e-40,1.0,0.0,0.0,0.0,1.0,0.0,0.0,0.0,1.0,0
1481552978027846098,523,1481552978023510536,,0,0,46.5185432434,6.56647348404,2.77602830977e-40,1.0,0.0,0.0,0.0,1.0,0.0,0.0,0.0,1.0,0
1481552978130494800,524,1481552978127342048,,0,0,46.5185394287,6.56647586823,2.77602830977e-40,1.0,0.0,0.0,0.0,1.0,0.0,0.0,0.0,1.0,0
1481552978223990817,525,1481552978220190514,,0,0,46.5185470581,6.56648492813,2.77602830977e-40,1.0,0.0,0.0,0.0,1.0,0.0,0.0,0.0,1.0,0
1481552978325566605,526,1481552978322638279,,0,0,46.5185394287,6.56649208069,2.77602830977e-40,1.0,0.0,0.0,0.0,1.0,0.0,0.0,0.0,1.0,0
1481552978429692283,527,1481552978426194427,,0,0,46.518535614,6.56648731232,2.77602830977e-40,1.0,0.0,0.0,0.0,1.0,0.0,0.0,0.0,1.0,0
1481552978521204191,528,1481552978516774045,,0,0,46.5185470581,6.56648445129,2.77602830977e-40,1.0,0.0,0.0,0.0,1.0,0.0,0.0,0.0,1.0,0
1481552978623145551,529,1481552978619231082,,0,0,46.518535614,6.56647825241,2.77602830977e-40,1.0,0.0,0.0,0.0,1.0,0.0,0.0,0.0,1.0,0
1481552978725372327,530,1481552978722007232,,0,0,46.5185432434,6.56647014618,2.77602830977e-40,1.0,0.0,0.0,0.0,1.0,0.0,0.0,0.0,1.0,0
1481552978807371081,531,1481552978803425258,,0,0,46.518535614,6.56646966934,2.77602830977e-40,1.0,0.0,0.0,0.0,1.0,0.0,0.0,0.0,1.0,0
1481552978939500960,532,1481552978935914771,,0,0,46.5185432434,6.56647825241,2.77602830977e-40,1.0,0.0,0.0,0.0,1.0,0.0,0.0,0.0,1.0,0
1481552979124732373,533,1481552979120911289,,0,0,46.5185470581,6.56647491455,2.77602830977e-40,1.0,0.0,0.0,0.0,1.0,0.0,0.0,0.0,1.0,0
1481552979228366073,534,1481552979224601812,,0,0,46.5185508728,6.5664896965,2.77602830977e-40,1.0,0.0,0.0,0.0,1.0,0.0,0.0,0.0,1.0,0
1481552979322113131,535,1481552979318322672,,0,0,46.5185508728,6.56649446487,2.77602830977e-40,1.0,0.0,0.0,0.0,1.0,0.0,0.0,0.0,1.0,0
1481552979438228258,536,1481552979422147205,,0,0,46.5185508728,6.56649827957,2.77602830977e-40,1.0,0.0,0.0,0.0,1.0,0.0,0.0,0.0,1.0,0
1481552979521324301,537,1481552979514530985,,0,0,46.5185508728,6.56649971008,2.77602830977e-40,1.0,0.0,0.0,0.0,1.0,0.0,0.0,0.0,1.0,0
1481552979620876969,538,1481552979617798540,,0,0,46.5185546875,6.56652593613,2.77602830977e-40,1.0,0.0,0.0,0.0,1.0,0.0,0.0,0.0,1.0,0
1481552979724425513,539,1481552979721462656,,0,0,46.5185546875,6.56654310226,2.77602830977e-40,1.0,0.0,0.0,0.0,1.0,0.0,0.0,0.0,1.0,0
1481552979818824757,540,1481552979815488151,,0,0,46.5185585022,6.56654262543,2.77602830977e-40,1.0,0.0,0.0,0.0,1.0,0.0,0.0,0.0,1.0,0
1481552979941588722,541,1481552979939035082,,0,0,46.5185432434,6.56652784348,2.77602830977e-40,1.0,0.0,0.0,0.0,1.0,0.0,0.0,0.0,1.0,0
1481552980116989743,542,1481552980113478970,,0,0,46.5185470581,6.56654500961,2.77602830977e-40,1.0,0.0,0.0,0.0,1.0,0.0,0.0,0.0,1.0,0
1481552980207527955,543,1481552980205190408,,0,0,46.5185470581,6.56654644012,2.77602830977e-40,1.0,0.0,0.0,0.0,1.0,0.0,0.0,0.0,1.0,0
1481552980320748089,544,1481552980318165752,,0,0,46.5185508728,6.5665435791,2.77602830977e-40,1.0,0.0,0.0,0.0,1.0,0.0,0.0,0.0,1.0,0
1481552980425582828,545,1481552980422336482,,0,0,46.5185470581,6.5665435791,2.77602830977e-40,1.0,0.0,0.0,0.0,1.0,0.0,0.0,0.0,1.0,0
1481552980525324037,546,1481552980522714096,,0,0,46.5185508728,6.56653690338,2.77602830977e-40,1.0,0.0,0.0,0.0,1.0,0.0,0.0,0.0,1.0,0
1481552980615807718,547,1481552980613439859,,0,0,46.5185470581,6.56653308868,2.77602830977e-40,1.0,0.0,0.0,0.0,1.0,0.0,0.0,0.0,1.0,0
1481552980716931216,548,1481552980714880440,,0,0,46.5185508728,6.56651687622,2.77602830977e-40,1.0,0.0,0.0,0.0,1.0,0.0,0.0,0.0,1.0,0
1481552980819405700,549,1481552980817124612,,0,0,46.5185508728,6.5665178299,2.77602830977e-40,1.0,0.0,0.0,0.0,1.0,0.0,0.0,0.0,1.0,0
1481552980955781297,550,1481552980950864487,,0,0,46.5185470581,6.56652021408,2.77602830977e-40,1.0,0.0,0.0,0.0,1.0,0.0,0.0,0.0,1.0,0
1481552981034483289,551,1481552981029948248,,0,0,46.5185470581,6.56652879715,2.77602830977e-40,1.0,0.0,0.0,0.0,1.0,0.0,0.0,0.0,1.0,0
1481552981136527045,552,1481552981134279446,,0,0,46.5185470581,6.56652259827,2.77602830977e-40,1.0,0.0,0.0,0.0,1.0,0.0,0.0,0.0,1.0,0
1481552981322208925,553,1481552981319731484,,0,0,46.5185546875,6.56651258469,2.77602830977e-40,1.0,0.0,0.0,0.0,1.0,0.0,0.0,0.0,1.0,0
1481552981425083200,554,1481552981422976330,,0,0,46.5185585022,6.56651687622,2.77602830977e-40,1.0,0.0,0.0,0.0,1.0,0.0,0.0,0.0,1.0,0
1481552981520222234,555,1481552981515781516,,0,0,46.5185585022,6.56651735306,2.77602830977e-40,1.0,0.0,0.0,0.0,1.0,0.0,0.0,0.0,1.0,0
1481552981611225236,556,1481552981608260816,,0,0,46.5185585022,6.56653594971,2.77602830977e-40,1.0,0.0,0.0,0.0,1.0,0.0,0.0,0.0,1.0,0
1481552981727368071,557,1481552981721931002,,0,0,46.5185546875,6.5665602684,2.77602830977e-40,1.0,0.0,0.0,0.0,1.0,0.0,0.0,0.0,1.0,0
1481552981818553834,558,1481552981814119678,,0,0,46.5185508728,6.56655788422,2.77602830977e-40,1.0,0.0,0.0,0.0,1.0,0.0,0.0,0.0,1.0,0
1481552981933605734,559,1481552981926991063,,0,0,46.5185470581,6.56657075882,2.77602830977e-40,1.0,0.0,0.0,0.0,1.0,0.0,0.0,0.0,1.0,0
1481552982043112336,560,1481552982038997451,,0,0,46.5185432434,6.56656932831,2.77602830977e-40,1.0,0.0,0.0,0.0,1.0,0.0,0.0,0.0,1.0,0
1481552982232144938,561,1481552982222861159,,0,0,46.5185394287,6.56657075882,2.77602830977e-40,1.0,0.0,0.0,0.0,1.0,0.0,0.0,0.0,1.0,0
1481552982318304098,562,1481552982314398847,,0,0,46.5185432434,6.56656360626,2.77602830977e-40,1.0,0.0,0.0,0.0,1.0,0.0,0.0,0.0,1.0,0
1481552982421422747,563,1481552982417058175,,0,0,46.5185432434,6.56657266617,2.77602830977e-40,1.0,0.0,0.0,0.0,1.0,0.0,0.0,0.0,1.0,0
1481552982525522383,564,1481552982520027397,,0,0,46.5185508728,6.56657648087,2.77602830977e-40,1.0,0.0,0.0,0.0,1.0,0.0,0.0,0.0,1.0,0
1481552982619139650,565,1481552982613586226,,0,0,46.5185508728,6.56657648087,2.77602830977e-40,1.0,0.0,0.0,0.0,1.0,0.0,0.0,0.0,1.0,0
1481552982720481793,566,1481552982716330345,,0,0,46.5185470581,6.56658840179,2.77602830977e-40,1.0,0.0,0.0,0.0,1.0,0.0,0.0,0.0,1.0,0
1481552982822579924,567,1481552982819955660,,0,0,46.5185470581,6.56658983231,2.77602830977e-40,1.0,0.0,0.0,0.0,1.0,0.0,0.0,0.0,1.0,0
1481552982919104110,568,1481552982913063500,,0,0,46.5185470581,6.56660318375,2.77602830977e-40,1.0,0.0,0.0,0.0,1.0,0.0,0.0,0.0,1.0,0
1481552983019969380,569,1481552983015853661,,0,0,46.5185432434,6.56658124924,2.77602830977e-40,1.0,0.0,0.0,0.0,1.0,0.0,0.0,0.0,1.0,0
1481552983134311959,570,1481552983128986712,,0,0,46.5185432434,6.56657981873,2.77602830977e-40,1.0,0.0,0.0,0.0,1.0,0.0,0.0,0.0,1.0,0
1481552983218285552,571,1481552983212333483,,0,0,46.5185394287,6.56657123566,2.77602830977e-40,1.0,0.0,0.0,0.0,1.0,0.0,0.0,0.0,1.0,0
1481552983321381961,572,1481552983316587130,,0,0,46.5185394287,6.56657457352,2.77602830977e-40,1.0,0.0,0.0,0.0,1.0,0.0,0.0,0.0,1.0,0
1481552983422736032,573,1481552983419844060,,0,0,46.5185432434,6.56658983231,2.77602830977e-40,1.0,0.0,0.0,0.0,1.0,0.0,0.0,0.0,1.0,0
1481552983523153385,574,1481552983512407579,,0,0,46.5185394287,6.56657791138,2.77602830977e-40,1.0,0.0,0.0,0.0,1.0,0.0,0.0,0.0,1.0,0
1481552983627400521,575,1481552983624713601,,0,0,46.5185394287,6.56659555435,2.77602830977e-40,1.0,0.0,0.0,0.0,1.0,0.0,0.0,0.0,1.0,0
1481552983719973155,576,1481552983717294985,,0,0,46.518535614,6.56659984589,2.77602830977e-40,1.0,0.0,0.0,0.0,1.0,0.0,0.0,0.0,1.0,0
1481552983821641235,577,1481552983818959523,,0,0,46.518535614,6.56660079956,2.77602830977e-40,1.0,0.0,0.0,0.0,1.0,0.0,0.0,0.0,1.0,0
1481552983923661397,578,1481552983921019268,,0,0,46.5185432434,6.56662273407,2.77602830977e-40,1.0,0.0,0.0,0.0,1.0,0.0,0.0,0.0,1.0,0
1481552984019743762,579,1481552984014165338,,0,0,46.5185394287,6.56661939621,2.77602830977e-40,1.0,0.0,0.0,0.0,1.0,0.0,0.0,0.0,1.0,0
1481552984130507704,580,1481552984124312564,,0,0,46.5185432434,6.56662940979,2.77602830977e-40,1.0,0.0,0.0,0.0,1.0,0.0,0.0,0.0,1.0,0
1481552984224644397,581,1481552984217977434,,0,0,46.518535614,6.5666308403,2.77602830977e-40,1.0,0.0,0.0,0.0,1.0,0.0,0.0,0.0,1.0,0
1481552984307158722,582,1481552984301279622,,0,0,46.5185432434,6.56663656235,2.77602830977e-40,1.0,0.0,0.0,0.0,1.0,0.0,0.0,0.0,1.0,0
1481552984409279145,583,1481552984405289259,,0,0,46.5185432434,6.56662273407,2.77602830977e-40,1.0,0.0,0.0,0.0,1.0,0.0,0.0,0.0,1.0,0
1481552984528941763,584,1481552984519063402,,0,0,46.5185508728,6.5666308403,2.77602830977e-40,1.0,0.0,0.0,0.0,1.0,0.0,0.0,0.0,1.0,0
1481552984616781596,585,1481552984613104991,,0,0,46.5185508728,6.56664466858,2.77602830977e-40,1.0,0.0,0.0,0.0,1.0,0.0,0.0,0.0,1.0,0
1481552984719955558,586,1481552984715762547,,0,0,46.5185546875,6.56666088104,2.77602830977e-40,1.0,0.0,0.0,0.0,1.0,0.0,0.0,0.0,1.0,0
1481552984821327961,587,1481552984818843905,,0,0,46.5185508728,6.56666231155,2.77602830977e-40,1.0,0.0,0.0,0.0,1.0,0.0,0.0,0.0,1.0,0
1481552984926510876,588,1481552984923503123,,0,0,46.5185432434,6.56665277481,2.77602830977e-40,1.0,0.0,0.0,0.0,1.0,0.0,0.0,0.0,1.0,0
1481552985022532564,589,1481552985016202058,,0,0,46.5185432434,6.56665277481,2.77602830977e-40,1.0,0.0,0.0,0.0,1.0,0.0,0.0,0.0,1.0,0
1481552985123930957,590,1481552985119864300,,0,0,46.5185394287,6.56664228439,2.77602830977e-40,1.0,0.0,0.0,0.0,1.0,0.0,0.0,0.0,1.0,0
1481552985226716846,591,1481552985222957741,,0,0,46.518535614,6.56663513184,2.77602830977e-40,1.0,0.0,0.0,0.0,1.0,0.0,0.0,0.0,1.0,0
1481552985338365266,592,1481552985333325487,,0,0,46.5185394287,6.56664419174,2.77602830977e-40,1.0,0.0,0.0,0.0,1.0,0.0,0.0,0.0,1.0,0
1481552985524229386,593,1481552985516915081,,0,0,46.5185317993,6.56663990021,2.77602830977e-40,1.0,0.0,0.0,0.0,1.0,0.0,0.0,0.0,1.0,0
1481552985621853048,594,1481552985618126079,,0,0,46.518535614,6.56664848328,2.77602830977e-40,1.0,0.0,0.0,0.0,1.0,0.0,0.0,0.0,1.0,0
1481552985720022647,595,1481552985710673452,,0,0,46.518535614,6.56664037704,2.77602830977e-40,1.0,0.0,0.0,0.0,1.0,0.0,0.0,0.0,1.0,0
1481552985816874229,596,1481552985812448250,,0,0,46.518535614,6.56667327881,2.77602830977e-40,1.0,0.0,0.0,0.0,1.0,0.0,0.0,0.0,1.0,0
1481552985927862077,597,1481552985924677762,,0,0,46.518535614,6.56667995453,2.77602830977e-40,1.0,0.0,0.0,0.0,1.0,0.0,0.0,0.0,1.0,0
1481552986023324756,598,1481552986018739871,,0,0,46.518535614,6.56667566299,2.77602830977e-40,1.0,0.0,0.0,0.0,1.0,0.0,0.0,0.0,1.0,0
1481552986124253567,599,1481552986120786804,,0,0,46.5185317993,6.56666898727,2.77602830977e-40,1.0,0.0,0.0,0.0,1.0,0.0,0.0,0.0,1.0,0
1481552986227110289,600,1481552986224328577,,0,0,46.518535614,6.56668424606,2.77602830977e-40,1.0,0.0,0.0,0.0,1.0,0.0,0.0,0.0,1.0,0
1481552986320481098,601,1481552986317611730,,0,0,46.5185279846,6.56667327881,2.77602830977e-40,1.0,0.0,0.0,0.0,1.0,0.0,0.0,0.0,1.0,0
1481552986423408446,602,1481552986420676317,,0,0,46.5185241699,6.56667613983,2.77602830977e-40,1.0,0.0,0.0,0.0,1.0,0.0,0.0,0.0,1.0,0
1481552986527157770,603,1481552986524623350,,0,0,46.5185279846,6.56665849686,2.77602830977e-40,1.0,0.0,0.0,0.0,1.0,0.0,0.0,0.0,1.0,0
1481552986621679462,604,1481552986617585618,,0,0,46.5185279846,6.56665468216,2.77602830977e-40,1.0,0.0,0.0,0.0,1.0,0.0,0.0,0.0,1.0,0
1481552986728458518,605,1481552986725830608,,0,0,46.5185317993,6.56666135788,2.77602830977e-40,1.0,0.0,0.0,0.0,1.0,0.0,0.0,0.0,1.0,0
1481552986821535995,606,1481552986818468763,,0,0,46.5185279846,6.56668329239,2.77602830977e-40,1.0,0.0,0.0,0.0,1.0,0.0,0.0,0.0,1.0,0
1481552986924475946,607,1481552986921465433,,0,0,46.5185165405,6.5666809082,2.77602830977e-40,1.0,0.0,0.0,0.0,1.0,0.0,0.0,0.0,1.0,0
1481552987015124939,608,1481552987012505310,,0,0,46.5185050964,6.56668996811,2.77602830977e-40,1.0,0.0,0.0,0.0,1.0,0.0,0.0,0.0,1.0,0
1481552987109427829,609,1481552987105630703,,0,0,46.5185050964,6.56668043137,2.77602830977e-40,1.0,0.0,0.0,0.0,1.0,0.0,0.0,0.0,1.0,0
1481552987230840912,610,1481552987228668938,,0,0,46.5185089111,6.56669807434,2.77602830977e-40,1.0,0.0,0.0,0.0,1.0,0.0,0.0,0.0,1.0,0
1481552987323468129,611,1481552987320578032,,0,0,46.5185050964,6.56670379639,2.77602830977e-40,1.0,0.0,0.0,0.0,1.0,0.0,0.0,0.0,1.0,0
1481552987429894790,612,1481552987422388455,,0,0,46.518497467,6.56670761108,2.77602830977e-40,1.0,0.0,0.0,0.0,1.0,0.0,0.0,0.0,1.0,0
1481552987526933715,613,1481552987524500492,,0,0,46.5185012817,6.5667090416,2.77602830977e-40,1.0,0.0,0.0,0.0,1.0,0.0,0.0,0.0,1.0,0
1481552987617676510,614,1481552987615441776,,0,0,46.5185012817,6.56670331955,2.77602830977e-40,1.0,0.0,0.0,0.0,1.0,0.0,0.0,0.0,1.0,0
1481552987719861307,615,1481552987717782510,,0,0,46.518497467,6.56669378281,2.77602830977e-40,1.0,0.0,0.0,0.0,1.0,0.0,0.0,0.0,1.0,0
1481552987825931563,616,1481552987821105273,,0,0,46.5185012817,6.56668186188,2.77602830977e-40,1.0,0.0,0.0,0.0,1.0,0.0,0.0,0.0,1.0,0
1481552987929460263,617,1481552987925168607,,0,0,46.5185050964,6.56668043137,2.77602830977e-40,1.0,0.0,0.0,0.0,1.0,0.0,0.0,0.0,1.0,0
1481552988020023110,618,1481552988017603012,,0,0,46.5185089111,6.56668043137,2.77602830977e-40,1.0,0.0,0.0,0.0,1.0,0.0,0.0,0.0,1.0,0
1481552988123141708,619,1481552988120101351,,0,0,46.5185089111,6.56668949127,2.77602830977e-40,1.0,0.0,0.0,0.0,1.0,0.0,0.0,0.0,1.0,0
1481552988229376755,620,1481552988224679371,,0,0,46.5185203552,6.56668043137,2.77602830977e-40,1.0,0.0,0.0,0.0,1.0,0.0,0.0,0.0,1.0,0
1481552988333956234,621,1481552988328092238,,0,0,46.5185279846,6.56666946411,2.77602830977e-40,1.0,0.0,0.0,0.0,1.0,0.0,0.0,0.0,1.0,0
1481552988413097391,622,1481552988410341564,,0,0,46.5185279846,6.56666278839,2.77602830977e-40,1.0,0.0,0.0,0.0,1.0,0.0,0.0,0.0,1.0,0
1481552988520755924,623,1481552988514695419,,0,0,46.5185279846,6.56665563583,2.77602830977e-40,1.0,0.0,0.0,0.0,1.0,0.0,0.0,0.0,1.0,0
1481552988629605757,624,1481552988627396284,,0,0,46.5185279846,6.56665897369,2.77602830977e-40,1.0,0.0,0.0,0.0,1.0,0.0,0.0,0.0,1.0,0
1481552988740221054,625,1481552988729616497,,0,0,46.5185317993,6.56665611267,2.77602830977e-40,1.0,0.0,0.0,0.0,1.0,0.0,0.0,0.0,1.0,0
1481552988823203608,626,1481552988820552312,,0,0,46.5185241699,6.5666642189,2.77602830977e-40,1.0,0.0,0.0,0.0,1.0,0.0,0.0,0.0,1.0,0
1481552988926801735,627,1481552988923152057,,0,0,46.5185279846,6.56666469574,2.77602830977e-40,1.0,0.0,0.0,0.0,1.0,0.0,0.0,0.0,1.0,0
1481552989028041639,628,1481552989024502012,,0,0,46.5185203552,6.56667089462,2.77602830977e-40,1.0,0.0,0.0,0.0,1.0,0.0,0.0,0.0,1.0,0
1481552989129812166,629,1481552989126951600,,0,0,46.5185203552,6.56667232513,2.77602830977e-40,1.0,0.0,0.0,0.0,1.0,0.0,0.0,0.0,1.0,0
1481552989224660940,630,1481552989219222985,,0,0,46.5185165405,6.56667518616,2.77602830977e-40,1.0,0.0,0.0,0.0,1.0,0.0,0.0,0.0,1.0,0
1481552989335858059,631,1481552989330672447,,0,0,46.5185127258,6.56667280197,2.77602830977e-40,1.0,0.0,0.0,0.0,1.0,0.0,0.0,0.0,1.0,0
1481552989424845493,632,1481552989422600030,,0,0,46.5185203552,6.56666564941,2.77602830977e-40,1.0,0.0,0.0,0.0,1.0,0.0,0.0,0.0,1.0,0
1481552989528183985,633,1481552989525996178,,0,0,46.5185203552,6.56666326523,2.77602830977e-40,1.0,0.0,0.0,0.0,1.0,0.0,0.0,0.0,1.0,0
1481552989620654849,634,1481552989618148240,,0,0,46.5185241699,6.56665897369,2.77602830977e-40,1.0,0.0,0.0,0.0,1.0,0.0,0.0,0.0,1.0,0
1481552989724176257,635,1481552989721297566,,0,0,46.5185317993,6.56665420532,2.77602830977e-40,1.0,0.0,0.0,0.0,1.0,0.0,0.0,0.0,1.0,0
1481552989818301804,636,1481552989815078478,,0,0,46.5185317993,6.56665372849,2.77602830977e-40,1.0,0.0,0.0,0.0,1.0,0.0,0.0,0.0,1.0,0
1481552989931604855,637,1481552989928028249,,0,0,46.5185279846,6.566655159,2.77602830977e-40,1.0,0.0,0.0,0.0,1.0,0.0,0.0,0.0,1.0,0
1481552990035011159,638,1481552990031296533,,0,0,46.5185317993,6.56665563583,2.77602830977e-40,1.0,0.0,0.0,0.0,1.0,0.0,0.0,0.0,1.0,0
1481552990127064055,639,1481552990124624165,,0,0,46.5185279846,6.56666183472,2.77602830977e-40,1.0,0.0,0.0,0.0,1.0,0.0,0.0,0.0,1.0,0
1481552990230449891,640,1481552990228134896,,0,0,46.5185279846,6.56666088104,2.77602830977e-40,1.0,0.0,0.0,0.0,1.0,0.0,0.0,0.0,1.0,0
1481552990334275257,641,1481552990331951200,,0,0,46.518535614,6.56665849686,2.77602830977e-40,1.0,0.0,0.0,0.0,1.0,0.0,0.0,0.0,1.0,0
1481552990426588672,642,1481552990423819565,,0,0,46.5185279846,6.56665945053,2.77602830977e-40,1.0,0.0,0.0,0.0,1.0,0.0,0.0,0.0,1.0,0
1481552990539390006,643,1481552990534766580,,0,0,46.5185317993,6.56666517258,2.77602830977e-40,1.0,0.0,0.0,0.0,1.0,0.0,0.0,0.0,1.0,0
1481552990721486323,644,1481552990718685340,,0,0,46.5185394287,6.56666660309,2.77602830977e-40,1.0,0.0,0.0,0.0,1.0,0.0,0.0,0.0,1.0,0
1481552990834744061,645,1481552990821502896,,0,0,46.5185279846,6.56665849686,2.77602830977e-40,1.0,0.0,0.0,0.0,1.0,0.0,0.0,0.0,1.0,0
1481552990936417558,646,1481552990931018821,,0,0,46.518535614,6.56666660309,2.77602830977e-40,1.0,0.0,0.0,0.0,1.0,0.0,0.0,0.0,1.0,0
1481552991128617599,647,1481552991124696619,,0,0,46.5185203552,6.56665706635,2.77602830977e-40,1.0,0.0,0.0,0.0,1.0,0.0,0.0,0.0,1.0,0
1481552991218952478,648,1481552991215274675,,0,0,46.5185165405,6.56665802002,2.77602830977e-40,1.0,0.0,0.0,0.0,1.0,0.0,0.0,0.0,1.0,0
1481552991320873370,649,1481552991318083064,,0,0,46.5185203552,6.56666088104,2.77602830977e-40,1.0,0.0,0.0,0.0,1.0,0.0,0.0,0.0,1.0,0
1481552991427380813,650,1481552991421402182,,0,0,46.5185203552,6.56666564941,2.77602830977e-40,1.0,0.0,0.0,0.0,1.0,0.0,0.0,0.0,1.0,0
1481552991526588638,651,1481552991524355883,,0,0,46.5185165405,6.56666088104,2.77602830977e-40,1.0,0.0,0.0,0.0,1.0,0.0,0.0,0.0,1.0,0
1481552991619922051,652,1481552991617740598,,0,0,46.5185165405,6.56666326523,2.77602830977e-40,1.0,0.0,0.0,0.0,1.0,0.0,0.0,0.0,1.0,0
1481552991725348976,653,1481552991721930703,,0,0,46.5185089111,6.56665182114,2.77602830977e-40,1.0,0.0,0.0,0.0,1.0,0.0,0.0,0.0,1.0,0
1481552991826666327,654,1481552991823847376,,0,0,46.5185203552,6.56665897369,2.77602830977e-40,1.0,0.0,0.0,0.0,1.0,0.0,0.0,0.0,1.0,0
1481552991929311436,655,1481552991926811078,,0,0,46.5185279846,6.56666231155,2.77602830977e-40,1.0,0.0,0.0,0.0,1.0,0.0,0.0,0.0,1.0,0
1481552992033710342,656,1481552992030886391,,0,0,46.5194587708,6.56629610062,2.77602830977e-40,1.0,0.0,0.0,0.0,1.0,0.0,0.0,0.0,1.0,0
1481552992133001762,657,1481552992129581770,,0,0,46.5194282532,6.56631088257,2.77602830977e-40,1.0,0.0,0.0,0.0,1.0,0.0,0.0,0.0,1.0,0
1481552992240238005,658,1481552992235905515,,0,0,46.5193901062,6.56632709503,2.77602830977e-40,1.0,0.0,0.0,0.0,1.0,0.0,0.0,0.0,1.0,0
1481552992337160523,659,1481552992334652873,,0,0,46.5192909241,6.56635379791,2.77602830977e-40,1.0,0.0,0.0,0.0,1.0,0.0,0.0,0.0,1.0,0
1481552992446032856,660,1481552992442541250,,0,0,46.5192832947,6.56636095047,2.77602830977e-40,1.0,0.0,0.0,0.0,1.0,0.0,0.0,0.0,1.0,0
1481552992623141216,661,1481552992620705233,,0,0,46.5192489624,6.56637334824,2.77602830977e-40,1.0,0.0,0.0,0.0,1.0,0.0,0.0,0.0,1.0,0
1481552992732340111,662,1481552992728615693,,0,0,46.5192184448,6.56638526917,2.77602830977e-40,1.0,0.0,0.0,0.0,1.0,0.0,0.0,0.0,1.0,0
1481552992838109170,663,1481552992835304854,,0,0,46.5192070007,6.56639194489,2.77602830977e-40,1.0,0.0,0.0,0.0,1.0,0.0,0.0,0.0,1.0,0
1481552992937643505,664,1481552992932662163,,0,0,46.5191612244,6.56640481949,2.77602830977e-40,1.0,0.0,0.0,0.0,1.0,0.0,0.0,0.0,1.0,0
1481552993033361600,665,1481552993030093483,,0,0,46.5191345215,6.56641292572,2.77602830977e-40,1.0,0.0,0.0,0.0,1.0,0.0,0.0,0.0,1.0,0
1481552993138705973,666,1481552993135147440,,0,0,46.5191459656,6.56641387939,2.77602830977e-40,1.0,0.0,0.0,0.0,1.0,0.0,0.0,0.0,1.0,0
1481552993235855262,667,1481552993231658553,,0,0,46.5191001892,6.56642627716,2.77602830977e-40,1.0,0.0,0.0,0.0,1.0,0.0,0.0,0.0,1.0,0
1481552993341315676,668,1481552993338159954,,0,0,46.519077301,6.56643295288,2.77602830977e-40,1.0,0.0,0.0,0.0,1.0,0.0,0.0,0.0,1.0,0
1481552993439385327,669,1481552993435881846,,0,0,46.5190582275,6.56643819809,2.77602830977e-40,1.0,0.0,0.0,0.0,1.0,0.0,0.0,0.0,1.0,0
1481552993535326025,670,1481552993531638274,,0,0,46.519077301,6.56643629074,2.77602830977e-40,1.0,0.0,0.0,0.0,1.0,0.0,0.0,0.0,1.0,0
1481552993641900708,671,1481552993638083321,,0,0,46.5190658569,6.56644058228,2.77602830977e-40,1.0,0.0,0.0,0.0,1.0,0.0,0.0,0.0,1.0,0
1481552993728618043,672,1481552993725865863,,0,0,46.5190467834,6.56644630432,2.77602830977e-40,1.0,0.0,0.0,0.0,1.0,0.0,0.0,0.0,1.0,0
1481552993835221580,673,1481552993832291170,,0,0,46.5190391541,6.56644916534,2.77602830977e-40,1.0,0.0,0.0,0.0,1.0,0.0,0.0,0.0,1.0,0
1481552993942786364,674,1481552993939282154,,0,0,46.5190467834,6.56644964218,2.77602830977e-40,1.0,0.0,0.0,0.0,1.0,0.0,0.0,0.0,1.0,0
1481552994030846300,675,1481552994026636988,,0,0,46.5190124512,6.56645727158,2.77602830977e-40,1.0,0.0,0.0,0.0,1.0,0.0,0.0,0.0,1.0,0
1481552994139332592,676,1481552994135498435,,0,0,46.5189971924,6.56646156311,2.77602830977e-40,1.0,0.0,0.0,0.0,1.0,0.0,0.0,0.0,1.0,0
1481552994238972761,677,1481552994233456628,,0,0,46.5189743042,6.56646728516,2.77602830977e-40,1.0,0.0,0.0,0.0,1.0,0.0,0.0,0.0,1.0,0
1481552994334093773,678,1481552994331231124,,0,0,46.5189704895,6.5664691925,2.77602830977e-40,1.0,0.0,0.0,0.0,1.0,0.0,0.0,0.0,1.0,0
1481552994434522273,679,1481552994432069206,,0,0,46.5189666748,6.56647014618,2.77602830977e-40,1.0,0.0,0.0,0.0,1.0,0.0,0.0,0.0,1.0,0
1481552994545185435,680,1481552994540282270,,0,0,46.518951416,6.56647396088,2.77602830977e-40,1.0,0.0,0.0,0.0,1.0,0.0,0.0,0.0,1.0,0
1481552994732260072,681,1481552994728643467,,0,0,46.518951416,6.56647491455,2.77602830977e-40,1.0,0.0,0.0,0.0,1.0,0.0,0.0,0.0,1.0,0
1481552994838714338,682,1481552994835960334,,0,0,46.5189552307,6.56647443771,2.77602830977e-40,1.0,0.0,0.0,0.0,1.0,0.0,0.0,0.0,1.0,0
1481552994936720292,683,1481552994933548268,,0,0,46.5189476013,6.56647729874,2.77602830977e-40,1.0,0.0,0.0,0.0,1.0,0.0,0.0,0.0,1.0,0
1481552995035512493,684,1481552995030986515,,0,0,46.5189476013,6.56647777557,2.77602830977e-40,1.0,0.0,0.0,0.0,1.0,0.0,0.0,0.0,1.0,0
1481552995130033768,685,1481552995127264869,,0,0,46.5189399719,6.56648015976,2.77602830977e-40,1.0,0.0,0.0,0.0,1.0,0.0,0.0,0.0,1.0,0
1481552995233963978,686,1481552995231716119,,0,0,46.5189628601,6.56647586823,2.77602830977e-40,1.0,0.0,0.0,0.0,1.0,0.0,0.0,0.0,1.0,0
1481552995330117748,687,1481552995327745671,,0,0,46.5189208984,6.56648540497,2.77602830977e-40,1.0,0.0,0.0,0.0,1.0,0.0,0.0,0.0,1.0,0
1481552995427491516,688,1481552995425165167,,0,0,46.5189437866,6.56648111343,2.77602830977e-40,1.0,0.0,0.0,0.0,1.0,0.0,0.0,0.0,1.0,0
1481552995545871221,689,1481552995543001540,,0,0,46.5189361572,6.56648349762,2.77602830977e-40,1.0,0.0,0.0,0.0,1.0,0.0,0.0,0.0,1.0,0
1481552995737707565,690,1481552995734791583,,0,0,46.5189208984,6.56648731232,2.77602830977e-40,1.0,0.0,0.0,0.0,1.0,0.0,0.0,0.0,1.0,0
1481552995835282843,691,1481552995832913213,,0,0,46.5188941956,6.56649398804,2.77602830977e-40,1.0,0.0,0.0,0.0,1.0,0.0,0.0,0.0,1.0,0
1481552995944566737,692,1481552995941564974,,0,0,46.518913269,6.56649017334,2.77602830977e-40,1.0,0.0,0.0,0.0,1.0,0.0,0.0,0.0,1.0,0
1481552996137405267,693,1481552996133055902,,0,0,46.5189170837,6.56648921967,2.77602830977e-40,1.0,0.0,0.0,0.0,1.0,0.0,0.0,0.0,1.0,0
1481552996237280590,694,1481552996235153773,,0,0,46.5189170837,6.56648921967,2.77602830977e-40,1.0,0.0,0.0,0.0,1.0,0.0,0.0,0.0,1.0,0
1481552996327859271,695,1481552996325212559,,0,0,46.5189056396,6.56649208069,2.77602830977e-40,1.0,0.0,0.0,0.0,1.0,0.0,0.0,0.0,1.0,0
1481552996435191347,696,1481552996432332917,,0,0,46.5189094543,6.56649208069,2.77602830977e-40,1.0,0.0,0.0,0.0,1.0,0.0,0.0,0.0,1.0,0
1481552996543157328,697,1481552996540185148,,0,0,46.5188865662,6.5664973259,2.77602830977e-40,1.0,0.0,0.0,0.0,1.0,0.0,0.0,0.0,1.0,0
1481552996639021933,698,1481552996636616001,,0,0,46.5188865662,6.5664973259,2.77602830977e-40,1.0,0.0,0.0,0.0,1.0,0.0,0.0,0.0,1.0,0
1481552996727262598,699,1481552996723884013,,0,0,46.5188941956,6.56649637222,2.77602830977e-40,1.0,0.0,0.0,0.0,1.0,0.0,0.0,0.0,1.0,0
1481552996824425897,700,1481552996820546844,,0,0,46.518901825,6.56649446487,2.77602830977e-40,1.0,0.0,0.0,0.0,1.0,0.0,0.0,0.0,1.0,0
1481552996941550449,701,1481552996938663581,,0,0,46.5189056396,6.56649398804,2.77602830977e-40,1.0,0.0,0.0,0.0,1.0,0.0,0.0,0.0,1.0,0
1481552997133487627,702,1481552997130949404,,0,0,46.5188941956,6.56649637222,2.77602830977e-40,1.0,0.0,0.0,0.0,1.0,0.0,0.0,0.0,1.0,0
1481552997232015975,703,1481552997228087755,,0,0,46.5188865662,6.56649827957,2.77602830977e-40,1.0,0.0,0.0,0.0,1.0,0.0,0.0,0.0,1.0,0
1481552997340100184,704,1481552997336496339,,0,0,46.518901825,6.56649637222,2.77602830977e-40,1.0,0.0,0.0,0.0,1.0,0.0,0.0,0.0,1.0,0
1481552997436643069,705,1481552997434050731,,0,0,46.518901825,6.56649684906,2.77602830977e-40,1.0,0.0,0.0,0.0,1.0,0.0,0.0,0.0,1.0,0
1481552997537197506,706,1481552997533220380,,0,0,46.5189094543,6.56649589539,2.77602830977e-40,1.0,0.0,0.0,0.0,1.0,0.0,0.0,0.0,1.0,0
1481552997644609373,707,1481552997641640683,,0,0,46.518901825,6.56649827957,2.77602830977e-40,1.0,0.0,0.0,0.0,1.0,0.0,0.0,0.0,1.0,0
1481552997834519056,708,1481552997829858026,,0,0,46.518913269,6.56649684906,2.77602830977e-40,1.0,0.0,0.0,0.0,1.0,0.0,0.0,0.0,1.0,0
1481552997951654441,709,1481552997947876690,,0,0,46.518913269,6.56649684906,2.77602830977e-40,1.0,0.0,0.0,0.0,1.0,0.0,0.0,0.0,1.0,0
1481552998039244535,710,1481552998036414750,,0,0,46.518913269,6.56649780273,2.77602830977e-40,1.0,0.0,0.0,0.0,1.0,0.0,0.0,0.0,1.0,0
1481552998127136295,711,1481552998124613228,,0,0,46.5189170837,6.56649780273,2.77602830977e-40,1.0,0.0,0.0,0.0,1.0,0.0,0.0,0.0,1.0,0
1481552998224963707,712,1481552998222023246,,0,0,46.5189285278,6.56649541855,2.77602830977e-40,1.0,0.0,0.0,0.0,1.0,0.0,0.0,0.0,1.0,0
1481552998333374739,713,1481552998329776779,,0,0,46.5189323425,6.56649541855,2.77602830977e-40,1.0,0.0,0.0,0.0,1.0,0.0,0.0,0.0,1.0,0
1481552998431086162,714,1481552998427786066,,0,0,46.5189285278,6.56649637222,2.77602830977e-40,1.0,0.0,0.0,0.0,1.0,0.0,0.0,0.0,1.0,0
1481552998539333028,715,1481552998534253040,,0,0,46.5189247131,6.5664973259,2.77602830977e-40,1.0,0.0,0.0,0.0,1.0,0.0,0.0,0.0,1.0,0
1481552998637838876,716,1481552998633251908,,0,0,46.5189208984,6.56649923325,2.77602830977e-40,1.0,0.0,0.0,0.0,1.0,0.0,0.0,0.0,1.0,0
1481552998744538349,717,1481552998741442107,,0,0,46.5189208984,6.56649971008,2.77602830977e-40,1.0,0.0,0.0,0.0,1.0,0.0,0.0,0.0,1.0,0
1481552998935033499,718,1481552998931337675,,0,0,46.5189247131,6.56649875641,2.77602830977e-40,1.0,0.0,0.0,0.0,1.0,0.0,0.0,0.0,1.0,0
1481552999031884872,719,1481552999028129257,,0,0,46.5189247131,6.56649923325,2.77602830977e-40,1.0,0.0,0.0,0.0,1.0,0.0,0.0,0.0,1.0,0
1481552999139533875,720,1481552999136399143,,0,0,46.5189208984,6.56650066376,2.77602830977e-40,1.0,0.0,0.0,0.0,1.0,0.0,0.0,0.0,1.0,0
1481552999237733526,721,1481552999234946397,,0,0,46.5189285278,6.56649923325,2.77602830977e-40,1.0,0.0,0.0,0.0,1.0,0.0,0.0,0.0,1.0,0
1481552999335575417,722,1481552999333301256,,0,0,46.5189285278,6.56650018692,2.77602830977e-40,1.0,0.0,0.0,0.0,1.0,0.0,0.0,0.0,1.0,0
1481552999445452956,723,1481552999431870594,,0,0,46.5189285278,6.56650018692,2.77602830977e-40,1.0,0.0,0.0,0.0,1.0,0.0,0.0,0.0,1.0,0
1481552999531497168,724,1481552999519644802,,0,0,46.5189247131,6.56650114059,2.77602830977e-40,1.0,0.0,0.0,0.0,1.0,0.0,0.0,0.0,1.0,0
1481552999633497331,725,1481552999629720257,,0,0,46.5189208984,6.56650257111,2.77602830977e-40,1.0,0.0,0.0,0.0,1.0,0.0,0.0,0.0,1.0,0
1481552999742699715,726,1481552999739188526,,0,0,46.5189247131,6.56650161743,2.77602830977e-40,1.0,0.0,0.0,0.0,1.0,0.0,0.0,0.0,1.0,0
1481552999839991347,727,1481552999837629322,,0,0,46.5189208984,6.56650304794,2.77602830977e-40,1.0,0.0,0.0,0.0,1.0,0.0,0.0,0.0,1.0,0
1481552999948262848,728,1481552999946040770,,0,0,46.5189247131,6.56650209427,2.77602830977e-40,1.0,0.0,0.0,0.0,1.0,0.0,0.0,0.0,1.0,0
1481553000037305543,729,1481553000033919614,,0,0,46.5189247131,6.56650209427,2.77602830977e-40,1.0,0.0,0.0,0.0,1.0,0.0,0.0,0.0,1.0,0
1481553000136562743,730,1481553000133380563,,0,0,46.5189247131,6.56650257111,2.77602830977e-40,1.0,0.0,0.0,0.0,1.0,0.0,0.0,0.0,1.0,0
1481553000234638436,731,1481553000232002661,,0,0,46.5189208984,6.56650352478,2.77602830977e-40,1.0,0.0,0.0,0.0,1.0,0.0,0.0,0.0,1.0,0
1481553000341854419,732,1481553000339441039,,0,0,46.5189170837,6.56650495529,2.77602830977e-40,1.0,0.0,0.0,0.0,1.0,0.0,0.0,0.0,1.0,0
1481553000439774643,733,1481553000437293035,,0,0,46.5189094543,6.5665063858,2.77602830977e-40,1.0,0.0,0.0,0.0,1.0,0.0,0.0,0.0,1.0,0
1481553000539599446,734,1481553000535613831,,0,0,46.5189056396,6.56650781631,2.77602830977e-40,1.0,0.0,0.0,0.0,1.0,0.0,0.0,0.0,1.0,0
1481553000636348945,735,1481553000633756399,,0,0,46.5189094543,6.56650686264,2.77602830977e-40,1.0,0.0,0.0,0.0,1.0,0.0,0.0,0.0,1.0,0
1481553000734987188,736,1481553000732213237,,0,0,46.5189056396,6.56650829315,2.77602830977e-40,1.0,0.0,0.0,0.0,1.0,0.0,0.0,0.0,1.0,0
1481553000843845563,737,1481553000840267499,,0,0,46.518901825,6.56650972366,2.77602830977e-40,1.0,0.0,0.0,0.0,1.0,0.0,0.0,0.0,1.0,0
1481553000941208966,738,1481553000938084442,,0,0,46.518901825,6.56650972366,2.77602830977e-40,1.0,0.0,0.0,0.0,1.0,0.0,0.0,0.0,1.0,0
1481553001040339500,739,1481553001037962683,,0,0,46.518901825,6.56650924683,2.77602830977e-40,1.0,0.0,0.0,0.0,1.0,0.0,0.0,0.0,1.0,0
1481553001139902012,740,1481553001137689986,,0,0,46.518901825,6.56650972366,2.77602830977e-40,1.0,0.0,0.0,0.0,1.0,0.0,0.0,0.0,1.0,0
1481553001241406394,741,1481553001238252600,,0,0,46.518901825,6.5665102005,2.77602830977e-40,1.0,0.0,0.0,0.0,1.0,0.0,0.0,0.0,1.0,0
1481553001344177545,742,1481553001341165573,,0,0,46.518901825,6.5665102005,2.77602830977e-40,1.0,0.0,0.0,0.0,1.0,0.0,0.0,0.0,1.0,0
1481553001444186514,743,1481553001441731468,,0,0,46.5188980103,6.56651115417,2.77602830977e-40,1.0,0.0,0.0,0.0,1.0,0.0,0.0,0.0,1.0,0
1481553001531453432,744,1481553001528911823,,0,0,46.5188865662,6.56651353836,2.77602830977e-40,1.0,0.0,0.0,0.0,1.0,0.0,0.0,0.0,1.0,0
1481553001640052119,745,1481553001637496032,,0,0,46.5188941956,6.56651258469,2.77602830977e-40,1.0,0.0,0.0,0.0,1.0,0.0,0.0,0.0,1.0,0
1481553001738829842,746,1481553001736018078,,0,0,46.5188941956,6.56651258469,2.77602830977e-40,1.0,0.0,0.0,0.0,1.0,0.0,0.0,0.0,1.0,0
1481553001838097198,747,1481553001835888766,,0,0,46.5188941956,6.56651258469,2.77602830977e-40,1.0,0.0,0.0,0.0,1.0,0.0,0.0,0.0,1.0,0
1481553001947486769,748,1481553001945432347,,0,0,46.5188903809,6.56651306152,2.77602830977e-40,1.0,0.0,0.0,0.0,1.0,0.0,0.0,0.0,1.0,0
1481553002038627480,749,1481553002034688167,,0,0,46.5188941956,6.56651306152,2.77602830977e-40,1.0,0.0,0.0,0.0,1.0,0.0,0.0,0.0,1.0,0
1481553002136803849,750,1481553002132315631,,0,0,46.5188903809,6.56651353836,2.77602830977e-40,1.0,0.0,0.0,0.0,1.0,0.0,0.0,0.0,1.0,0
1481553002235985217,751,1481553002231848352,,0,0,46.5188903809,6.56651353836,2.77602830977e-40,1.0,0.0,0.0,0.0,1.0,0.0,0.0,0.0,1.0,0
1481553002322053388,752,1481553002319351884,,0,0,46.5188827515,6.56651544571,2.77602830977e-40,1.0,0.0,0.0,0.0,1.0,0.0,0.0,0.0,1.0,0
1481553002432320352,753,1481553002427831249,,0,0,46.5188865662,6.56651449203,2.77602830977e-40,1.0,0.0,0.0,0.0,1.0,0.0,0.0,0.0,1.0,0
1481553002539645293,754,1481553002536882904,,0,0,46.5188865662,6.56651449203,2.77602830977e-40,1.0,0.0,0.0,0.0,1.0,0.0,0.0,0.0,1.0,0
1481553002637955464,755,1481553002635031513,,0,0,46.5188903809,6.56651353836,2.77602830977e-40,1.0,0.0,0.0,0.0,1.0,0.0,0.0,0.0,1.0,0
1481553002738786723,756,1481553002734760848,,0,0,46.5188903809,6.56651353836,2.77602830977e-40,1.0,0.0,0.0,0.0,1.0,0.0,0.0,0.0,1.0,0
1481553002857667833,757,1481553002845683228,,0,0,46.5188941956,6.56651353836,2.77602830977e-40,1.0,0.0,0.0,0.0,1.0,0.0,0.0,0.0,1.0,0
1481553003039769567,758,1481553003035421661,,0,0,46.518901825,6.56651210785,2.77602830977e-40,1.0,0.0,0.0,0.0,1.0,0.0,0.0,0.0,1.0,0
1481553003141569886,759,1481553003135731359,,0,0,46.5189056396,6.56651115417,2.77602830977e-40,1.0,0.0,0.0,0.0,1.0,0.0,0.0,0.0,1.0,0
1481553003241424845,760,1481553003236196994,,0,0,46.5188980103,6.56651258469,2.77602830977e-40,1.0,0.0,0.0,0.0,1.0,0.0,0.0,0.0,1.0,0
1481553003343082977,761,1481553003336767993,,0,0,46.5189056396,6.56651163101,2.77602830977e-40,1.0,0.0,0.0,0.0,1.0,0.0,0.0,0.0,1.0,0
1481553003436571650,762,1481553003432529994,,0,0,46.5189094543,6.56651067734,2.77602830977e-40,1.0,0.0,0.0,0.0,1.0,0.0,0.0,0.0,1.0,0
1481553003537522909,763,1481553003532182974,,0,0,46.5189094543,6.56651067734,2.77602830977e-40,1.0,0.0,0.0,0.0,1.0,0.0,0.0,0.0,1.0,0
1481553003624364151,764,1481553003620605931,,0,0,46.5189056396,6.56651163101,2.77602830977e-40,1.0,0.0,0.0,0.0,1.0,0.0,0.0,0.0,1.0,0
1481553003720119329,765,1481553003718143240,,0,0,46.5189094543,6.56651115417,2.77602830977e-40,1.0,0.0,0.0,0.0,1.0,0.0,0.0,0.0,1.0,0
1481553003831679519,766,1481553003827913279,,0,0,46.5188980103,6.56651353836,2.77602830977e-40,1.0,0.0,0.0,0.0,1.0,0.0,0.0,0.0,1.0,0
